303936869 0 0
303931307 0 0
303869522 0 0
303867682 0 0
303859615 0 0
303858225 0 0
303855800 2 1
303855754 0 0
303855750 1 2
303855668 0 0
303855175 0 0
303811991 3 0
303804785 3 0
303789673 1 0
303744945 0 1
303742549 5 1
303738948 2 0
303738731 4 0
303734417 2 0
303734385 1 0
303730912 1 9
303727193 7 0
303670221 3 0
303669922 21 0
303663132 7 1
303656117 1 0
303656109 2 0
303655560 4 0
303655556 2 0
303585556 0 0
303580391 5 0
303570800 3 0
303537372 1 0
303521850 5 1
303507477 0 0
303502212 21 0
303500937 0 0
303494713 1 0
303488552 5 0
303471628 1 47
303471250 7 0
303471244 11 0
303434332 7 0
303434320 6 0
303434303 5 0
303434288 2 1
303434283 0 0
303399610 12 0
303386097 7 0
303325615 11 1
303325203 9 3
303324929 11 0
303319452 2 0
303309001 8 1
303307001 17 1
303299933 30 1
303268058 17 1
303267635 22 1
303248253 10 0
303246154 6 0
303243191 1 1
303239121 2 0
303231023 13 27
303226349 14 1
303218906 1 1
303163498 33 3
303163482 14 2
303161888 3 1
303161863 14 1
303158187 10 1
303156365 7 0
303154357 14 1
303154351 3 1
303153244 2 22
303150684 9 1
303149162 3 1
303149150 17 1
303149120 18 5
303149071 9 1
303148994 2 1
303148950 7 1
303148936 9 0
303148918 23 2
303148823 10 1
303148818 18 1
303148767 6 1
303148726 10 2
303148721 1 4
303146870 4 1
303138205 2 1
303136850 3 1
303136843 2 1
303136841 9 1
303136550 7 1
303136524 2 1
303136518 1 1
303136512 4 1
303136505 3 1
303136492 2 1
303136482 2 1
303134833 2 1
303134818 19 1
303134804 13 1
303103164 9 0
303103151 2 0
303078033 10 1
303072484 4 2
303068268 2 2
303067807 16 1
303067238 3 1
303053382 5 1
303053374 23 2
303045819 2 1
303005589 7 1
302987686 0 0
302987651 0 0
302987413 5 0
302987196 2 32
302986842 1 11
302986396 17 1
302979391 1 1
302979196 11 2
302975805 1 0
302975158 0 0
302974861 0 0
302950291 6 0
302893949 7 0
302893766 7 0
302893764 12 30
302884000 0 1
302883663 0 0
302883661 0 0
302883342 34 2
302882972 11 0
302880546 29 5
302878319 19 4
302872683 1 0
302871802 13 0
302850722 1 0
302818657 15 0
302818621 26 1
302817651 2 0
302817280 1 0
302816675 35 0
302815323 2 1
302811683 26 0
302811423 5 24
302810615 20 2
302808806 8 1
302808729 14 0
302808598 27 2
302804899 23 1
302798993 50 9
302796850 2 1
302775595 14 1
302765074 49 1
302764383 2 1
302757779 5 2
302757676 3 2
302756788 26 1
302745687 7 1
302742504 23 2
302742483 22 1
302742443 27 1
302742262 19 1
302741866 15 1
302730867 17 2
302730771 18 2
302730673 15 1
302730564 1 1
302730563 9 1
302730560 3 1
302730470 1 1
302730088 10 1
302729901 2 13
302729302 2 19
302729299 3 3
302729262 4 3
302728568 1 3
302728554 36 1
302727864 7 1
302727840 0 1
302727549 6 1
302726535 10 2
302726263 5 17
302725342 8 1
302725338 3 1
302725332 21 1
302725328 6 1
302724792 17 2
302724635 1 24
302724614 3 24
302724606 21 1
302724604 1 17
302724596 52 6
302724588 4 14
302724587 9 4
302724570 10 1
302724564 25 4
302723651 1 4
302723503 19 5
302722907 0 1
302721533 10 5
302721503 15 1
302721487 5 1
302721475 7 1
302720340 37 4
302719655 5 26
302719230 0 1
302719192 5 3
302718637 6 1
302716589 6 2
302716337 5 1
302716223 2 2
302712373 17 5
302703054 27 24
302689012 18 1
302687881 17 1
302687849 14 2
302686029 6 1
302677781 16 1
302677767 14 1
302676572 41 8
302674456 18 1
302662987 15 3
302662850 7 1
302662838 2 1
302662333 0 1
302662323 0 1
302661747 9 1
302661534 4 14
302661124 9 1
302661098 0 0
302661080 0 0
302661051 24 9
302660993 1 4
302660264 14 1
302660255 10 1
302660251 1 1
302660249 5 1
302660241 4 1
302660236 6 1
302654889 0 1
302645533 6 1
302645495 2 2
302645209 5 1
302645175 12 1
302644778 1 1
302644769 0 1
302644574 5 1
302644365 13 3
302644320 0 1
302644283 0 2
302644114 0 1
302643812 11 1
302643766 7 1
302643735 0 1
302643677 6 1
302643371 7 1
302643368 23 1
302643360 4 1
302643355 10 1
302643353 13 1
302643338 10 2
302643182 12 2
302643163 4 57
302642735 31 7
302642666 1 3
302642626 1 9
302642509 7 1
302642282 7 1
302642231 10 7
302642178 0 1
302641998 9 19
302641751 10 2
302641530 3 1
302640813 3 1
302640135 5 1
302640027 10 3
302639823 0 1
302639495 6 30
302639428 1 3
302639347 1 27
302639095 6 1
302638632 21 5
302638599 67 1
302638455 12 28
302638454 1 1
302638437 5 1
302638427 15 2
302638424 17 2
302638413 9 1
302637994 13 7
302637398 31 1
302637282 23 1
302637143 10 1
302637131 0 1
302637008 7 1
302636990 12 2
302636960 5 1
302636847 1 1
302636831 6 1
302636756 13 3
302636571 19 1
302635965 14 2
302635953 5 2
302635938 14 1
302635929 13 2
302635614 8 2
302635604 5 1
302635601 1 1
302635598 8 1
302635595 8 1
302635587 4 1
302635583 8 2
302635242 5 1
302635011 4 20
302634962 0 1
302634954 9 1
302634952 7 8
302634711 17 1
302634682 1 1
302634143 11 9
302633947 6 2
302633763 14 1
302633761 10 2
302633732 26 1
302633712 16 1
302633635 3 1
302633359 0 1
302633307 8 2
302633105 6 1
302633064 7 1
302633043 31 6
302632975 9 1
302632947 1 1
302632476 25 2
302631520 11 1
302628341 8 77
302628032 13 2
302626886 9 3
302626774 6 1
302625937 7 7
302625936 20 4
302625550 11 1
302623730 13 1
302610443 8 3
302610440 3 2
302610422 12 19
302610111 6 1
302610108 8 1
302610107 5 1
302610047 28 1
302609907 33 1
302609523 16 2
302608888 28 1
302608744 13 21
302607155 34 1
302607074 10 1
302607044 4 7
302607012 8 1
302607005 13 1
302606994 11 1
302606962 10 1
302606947 18 2
302606928 28 1
302606915 19 2
302606908 5 1
302606744 16 1
302606505 4 1
302599776 13 4
302599774 18 15
302598012 31 1
302597875 14 1
302597707 8 1
302597220 21 1
302597149 12 2
302597148 0 2
302596610 22 1
302595375 23 2
302594911 4 1
302594893 8 1
302594891 12 1
302594869 16 1
302594832 7 1
302594829 12 1
302594810 22 1
302594771 23 2
302594740 40 1
302594686 17 1
302594604 12 1
302594019 0 1
302593900 4 1
302593696 14 1
302593663 14 1
302593619 22 1
302593557 20 1
302593095 22 12
302592960 23 1
302592031 8 75
302591862 7 0
302586081 17 1
302586031 9 2
302586013 29 1
302586008 40 2
302585944 4 1
302585770 1 2
302585623 2 1
302585287 6 1
302585228 13 1
302585207 14 1
302585201 22 2
302585184 26 2
302585136 18 1
302585044 21 2
302584856 2 1
302584768 2 1
302584715 12 1
302584642 2 1
302584592 14 1
302584587 18 1
302584348 2 1
302584232 17 1
302584172 5 1
302584088 13 2
302583887 24 1
302583816 11 1
302583520 12 1
302583501 12 1
302583117 2 1
302582895 2 1
302582893 14 1
302582532 9 1
302582030 23 1
302581564 10 2
302581487 23 1
302581466 15 2
302581462 4 1
302581457 17 1
302581361 10 7
302581308 18 2
302581146 13 2
302581057 16 2
302580764 16 0
302580761 19 1
302578907 25 5
302578135 20 3
302577806 2 1
302577501 9 1
302573737 1 4
302571464 13 1
302571456 2 1
302571454 11 1
302571449 9 1
302571446 10 1
302571394 4 7
302571375 18 2
302571338 7 1
302571337 9 1
302571336 11 1
302571334 4 1
302571331 2 2
302571330 10 1
302571291 19 1
302571220 17 1
302571165 21 58
302571153 23 1
302571127 11 1
302571114 15 1
302571103 16 1
302571099 23 1
302571047 1 1
302571042 3 7
302571037 2 1
302570949 19 2
302570941 15 1
302570929 15 1
302570907 25 2
302570879 2 1
302570863 1 1
302570855 0 9
302570853 6 1
302570850 10 1
302570819 36 1
302570660 15 2
302570629 10 1
302570628 9 2
302570530 5 22
302570443 2 1
302570344 15 1
302570309 35 9
302570256 1 24
302570254 0 16
302570253 0 12
302570219 9 1
302570130 21 0
302570024 21 1
302569971 16 3
302569964 2 1
302569963 7 4
302569904 18 3
302569861 5 1
302569760 1 1
302569748 1 20
302569746 1 1
302569608 18 14
302569594 19 1
302569538 16 1
302569536 22 2
302569515 12 1
302569514 10 1
302569512 10 5
302569506 1 1
302569477 1 1
302569468 4 1
302569467 10 1
302569419 2 1
302569399 2 1
302569386 13 1
302569383 13 1
302569348 28 2
302569304 12 1
302569296 8 1
302569286 21 2
302569243 19 0
302569237 23 3
302569229 38 2
302569220 15 1
302569209 19 1
302569204 16 1
302569161 2 1
302569156 9 1
302569092 10 2
302569070 13 1
302569058 4 17
302569009 22 1
302568783 9 1
302568775 25 1
302568762 7 1
302568746 11 1
302568742 0 11
302568738 7 0
302568733 22 1
302568731 12 2
302568727 7 1
302568681 7 1
302568653 11 1
302568644 1 22
302568643 1 23
302568642 2 24
302568637 5 1
302568617 11 1
302568609 16 2
302568599 1 1
302568554 33 2
302568508 14 1
302568494 0 10
302568477 1 5
302567999 1 1
302567968 20 1
302567924 13 2
302567829 3 47
302567532 1 2
302567522 1 3
302567520 9 77
302567510 31 17
302567501 6 11
302567492 6 4
302567491 7 1
302567490 43 4
302567486 22 1
302567479 4 9
302567469 24 8
302567463 23 38
302567459 6 11
302567447 2 1
302567435 26 2
302567422 3 2
302567359 3 1
302567353 18 2
302567337 3 1
302567324 18 2
302567322 8 6
302567319 19 50
302567311 32 6
302567308 35 8
302567290 1 1
302567282 6 1
302567281 9 1
302567280 10 1
302567265 16 9
302567264 15 7
302567260 12 4
302567225 5 73
302567190 30 1
302567167 1 1
302567145 20 3
302567122 1 2
302567115 16 6
302567055 5 8
302567053 0 16
302567009 4 2
302566998 12 6
302566989 66 4
302566981 18 2
302566975 0 1
302566951 7 1
302566950 5 4
302566948 4 4
302566943 17 1
302566939 50 44
302566938 6 1
302566934 16 3
302566931 3 5
302566907 7 5
302566900 3 6
302566897 61 8
302566890 6 5
302566888 13 1
302566883 26 1
302566882 2 32
302566880 0 2
302566878 6 1
302566864 0 2
302566862 2 1
302566859 8 25
302566853 3 1
302566852 3 4
302566822 7 2
302566817 2 0
302566814 9 1
302566813 11 1
302566809 14 2
302566805 2 1
302566804 12 0
302566802 9 1
302566801 37 7
302566770 4 1
302566757 2 7
302566756 2 7
302566755 4 79
302566738 5 1
302566736 16 1
302566722 3 1
302566698 13 5
302566696 5 1
302566695 3 7
302566691 25 47
302566686 21 80
302566685 5 4
302566679 15 1
302566677 5 1
302566676 5 1
302566668 12 120
302566663 16 3
302566652 5 1
302566650 14 1
302566647 20 2
302566646 5 1
302566644 3 1
302566641 23 1
302566633 0 5
302566632 11 3
302566625 69 25
302566622 6 12
302566619 94 7
302566616 9 1
302566612 7 1
302566611 12 5
302566610 4 32
302566591 18 1
302566585 27 3
302566581 11 1
302566578 16 1
302566574 11 6
302566572 4 4
302566570 13 3
302566557 3 4
302566547 2 3
302566541 9 15
302566535 1 0
302566531 9 12
302566522 7 2
302566521 30 3
302566520 8 1
302566518 11 2
302566511 1 1
302566505 3 1
302566499 1 6
302566475 30 7
302566474 12 30
302566472 5 4
302566466 25 2
302566461 48 6
302566460 7 4
302566455 5 3
302566453 61 2
302566443 1 1
302566441 7 3
302566440 6 77
302566427 4 5
302566422 7 1
302566399 2 1
302566373 2 1
302566370 6 3
302566368 10 4
302566358 18 68
302566329 1 1
302566324 14 1
302566314 8 0
302566306 4 2
302566303 2 18
302566300 9 1
302566296 30 10
302566289 1 0
302566275 18 37
302566274 1 1
302566273 21 2
302566272 4 5
302566267 4 22
302566266 31 7
302566260 0 1
302566257 51 3
302566253 39 8
302566246 1 1
302566240 1 1
302566230 6 5
302566226 4 5
302566224 20 1
302566215 33 6
302566199 5 70
302566196 3 5
302566174 23 1
302566173 50 9
302566164 40 5
302566160 6 4
302566149 12 29
302566137 21 1
302566134 18 1
302566130 57 2
302566127 8 2
302566126 6 2
302566105 1 0
302566103 0 1
302566095 1 1
302566084 36 4
302566078 1 3
302566070 41 0
302566064 6 2
302566063 20 1
302566060 6 4
302566057 17 1
302566053 22 3
302566052 14 1
302566048 15 1
302566045 5 1
302566039 6 4
302566038 4 10
302566028 11 1
302566025 0 2
302566017 6 1
302566014 3 1
302565998 7 1
302565997 13 1
302565989 1 6
302565984 0 6
302565969 5 60
302565968 31 2
302565964 3 2
302565955 1 2
302565954 25 3
302565952 11 3
302565951 15 2
302565947 29 1
302565944 4 66
302565939 10 2
302565935 25 7
302565928 16 1
302565906 3 59
302565900 2 7
302565897 2 55
302565895 2 1
302565874 13 3
302565868 3 5
302565856 8 5
302565851 26 5
302565848 23 5
302565839 2 1
302565833 2 3
302565824 11 3
302565821 6 1
302565820 10 1
302565819 10 2
302565818 19 1
302565814 4 2
302565811 16 3
302565810 15 1
302565805 15 1
302565803 17 3
302565799 17 1
302565793 14 1
302565789 18 2
302565788 22 1
302565786 18 1
302565785 5 4
302565782 41 2
302565777 19 2
302565775 27 2
302565770 20 1
302565768 6 3
302565767 17 1
302565765 0 1
302565762 30 1
302565761 1 0
302565760 14 1
302565759 0 0
302565758 14 1
302565756 4 63
302565751 18 1
302565749 10 1
302565746 6 2
302565745 25 1
302565740 1 1
302565731 4 2
302565727 9 0
302565720 14 1
302565716 20 1
302565710 12 2
302565707 3 62
302565704 35 5
302565695 5 11
302565694 4 2
302565691 1 4
302565686 21 1
302565682 1 0
302565675 13 3
302565672 4 64
302565669 2 68
302565657 0 4
302565654 13 3
302565640 3 4
302565633 70 1
302565631 25 0
302565628 6 3
302565616 14 5
302565615 1 1
302565609 29 12
302565595 6 2
302565590 3 2
302565571 2 0
302565567 40 11
302565565 9 2
302565562 5 3
302565553 0 0
302565546 1 1
302565545 6 1
302565544 27 11
302565543 8 15
302565523 1 1
302565514 1 2
302565513 8 21
302565484 12 5
302565483 11 2
302565472 5 3
302565440 24 22
302565429 9 2
302565422 17 1
302565418 1 1
302565412 9 2
302565401 1 1
302565398 1 5
302565397 9 3
302565394 1 1
302565386 2 2
302565382 2 1
302565374 4 18
302565371 1 4
302565369 10 72
302565366 7 4
302565364 9 44
302565360 5 28
302565356 25 4
302565351 8 1
302565347 37 2
302565345 1 0
302565326 1 39
302565321 21 1
302565311 46 1
302565306 6 49
302565301 1 8
302565292 17 4
302565288 23 7
302565283 3 1
302565282 42 6
302565280 24 1
302565278 14 1
302565277 17 1
302565271 16 5
302565269 11 32
302565263 2 7
302565261 6 16
302565258 1 13
302565254 40 1
302565244 2 40
302565243 6 1
302565231 3 39
302565223 29 13
302565219 2 2
302565218 2 49
302565209 24 6
302565200 13 28
302565197 11 2
302565196 3 2
302565186 1 3
302565181 2 26
302565180 8 3
302565178 4 13
302565177 5 10
302565174 24 1
302565170 2 8
302565164 2 1
302565157 8 36
302565149 32 2
302565146 6 3
302565145 1 5
302565143 14 0
302565141 3 1
302565139 14 1
302565138 4 11
302565137 0 0
302565133 3 7
302565124 1 6
302565108 24 2
302565105 2 2
302565102 4 5
302565099 13 1
302565096 19 5
302565095 4 5
302565091 5 3
302565080 23 1
302565079 3 1
302565078 26 55
302565075 2 1
302565074 21 2
302565071 3 1
302565069 16 1
302565066 3 3
302565064 2 3
302565054 1 1
302565036 11 7
302565033 34 14
302565022 31 1
302565019 18 1
302565018 6 34
302565017 6 8
302565016 3 5
302565011 11 29
302565008 18 2
302565001 8 2
302564995 5 1
302564986 34 1
302564977 63 3
302564973 1 0
302564971 18 2
302564964 12 14
302564959 9 4
302564957 24 2
302564938 4 62
302564918 7 3
302564911 20 2
302564908 0 1
302564900 2 1
302564899 27 0
302564897 24 5
302564894 27 2
302564885 3 46
302564875 17 2
302564870 7 54
302564869 0 0
302564853 7 1
302564843 12 1
302564838 9 5
302564835 4 52
302564832 4 1
302564824 4 1
302564816 17 1
302564815 5 1
302564812 5 1
302564804 0 1
302564803 0 1
302564797 1 1
302564792 2 2
302564780 40 39
302564764 0 2
302564752 9 1
302564751 23 1
302564749 1 1
302564742 1 1
302564741 69 3
302564740 28 2
302564738 6 1
302564734 1 3
302564728 0 1
302564713 6 43
302564705 0 1
302564698 16 2
302564695 1 1
302564689 6 14
302564688 1 1
302564687 2 1
302564685 18 1
302564683 7 1
302564680 21 4
302564676 22 1
302564658 4 3
302564656 6 1
302564653 0 1
302564646 12 1
302564643 17 2
302564642 2 1
302564640 3 1
302564639 6 3
302564637 26 6
302564630 0 6
302564626 18 3
302564622 33 7
302564619 11 1
302564607 15 1
302564600 35 2
302564595 1 0
302564591 10 1
302564588 16 1
302564586 1 1
302564584 24 2
302564579 39 3
302564578 8 2
302564576 2 0
302564572 18 6
302564571 11 2
302564570 2 2
302564564 6 2
302564562 18 5
302564554 1 1
302564550 15 3
302564549 11 3
302564545 16 3
302564544 15 1
302564543 0 1
302564541 6 96
302564538 5 1
302564530 33 11
302564526 0 37
302564522 1 1
302564519 1 4
302564516 6 3
302564514 5 41
302564513 2 2
302564511 4 25
302564509 12 2
302564508 7 2
302564507 27 11
302564505 1 1
302564501 16 4
302564500 50 5
302564499 4 38
302564497 0 1
302564495 1 36
302564493 6 4
302564489 10 52
302564488 10 1
302564486 23 1
302564483 60 2
302564476 10 1
302564475 5 47
302564469 5 41
302564468 26 1
302564466 9 1
302564462 12 1
302564457 161 2
302564453 7 67
302564450 20 2
302564444 4 2
302564434 9 16
302564429 4 6
302564426 31 1
302564423 10 2
302564421 1 4
302564418 6 36
302564415 11 2
302564413 55 4
302564392 0 1
302564389 9 4
302564388 14 2
302564386 13 2
302564382 7 2
302564380 20 12
302564378 8 3
302564366 12 3
302564362 0 11
302564357 7 2
302564350 0 5
302564347 13 2
302564342 11 2
302564339 6 1
302564338 14 2
302564336 15 2
302564332 7 1
302564327 15 3
302564325 9 9
302564321 15 3
302564320 50 3
302564317 80 7
302564316 12 1
302564304 12 2
302564300 9 2
302564299 20 2
302564298 12 2
302564297 0 2
302564294 0 1
302564293 26 6
302564291 7 43
302564289 8 2
302564288 37 8
302564287 7 41
302564286 8 6
302564281 9 1
302564280 1 0
302564277 1 0
302564275 6 1
302564266 2 0
302564265 2 1
302564239 3 31
302564235 3 5
302564233 12 57
302564231 16 35
302564223 16 3
302564219 35 1
302564217 13 1
302564213 28 1
302564210 2 1
302564204 3 1
302564200 1 1
302564196 1 1
302564188 17 2
302564186 5 23
302564176 8 1
302564175 0 4
302564174 11 2
302564169 24 1
302564163 8 1
302564162 19 8
302564161 28 12
302564157 13 2
302564156 6 1
302564155 10 1
302564153 8 4
302564151 1 1
302564150 12 2
302564145 30 1
302564141 4 20
302564137 10 1
302564132 9 36
302564131 5 1
302564128 9 1
302564121 6 1
302564113 0 1
302564112 2 5
302564106 14 4
302564105 34 1
302564103 13 36
302564101 39 1
302564098 2 3
302564094 14 3
302564082 17 1
302564080 8 1
302564072 1 0
302564070 3 4
302564069 1 1
302564068 1 0
302564066 4 1
302564063 8 61
302564059 10 2
302564057 6 1
302564053 44 1
302564048 6 1
302564045 8 31
302564035 13 3
302564031 11 2
302564028 0 1
302564024 5 2
302564019 8 2
302564016 14 1
302564012 1 1
302564010 6 2
302564006 0 2
302564003 0 35
302563999 97 2
302563994 13 2
302563993 36 1
302563988 2 0
302563985 7 26
302563984 16 1
302563981 6 3
302563980 3 37
302563979 19 1
302563976 11 2
302563975 23 4
302563971 23 6
302563968 1 1
302563966 36 1
302563963 2 2
302563962 5 31
302563958 2 1
302563957 17 6
302563956 1 1
302563954 0 2
302563941 4 1
302563939 4 6
302563937 6 20
302563933 46 2
302563929 6 26
302563927 11 1
302563925 17 5
302563923 1 1
302563921 70 2
302563918 0 1
302563916 8 3
302563913 10 3
302563911 19 2
302563910 11 1
302563909 14 1
302563908 8 1
302563906 1 1
302563905 5 1
302563903 9 1
302563901 7 17
302563898 20 1
302563895 5 65
302563892 46 3
302563891 13 2
302563889 4 2
302563886 7 1
302563885 1 0
302563883 7 2
302563882 22 2
302563881 5 47
302563879 1 12
302563878 32 3
302563877 1 2
302563876 14 6
302563873 7 4
302563870 10 34
302563869 2 1
302563868 14 3
302563867 9 28
302563862 13 6
302563860 19 1
302563858 1 11
302563857 3 8
302563854 27 1
302563853 20 1
302563852 19 2
302563851 30 2
302563850 9 2
302563848 10 1
302563847 9 1
302563844 7 1
302563843 2 0
302563842 1 0
302563839 12 6
302563837 32 1
302563836 1 2
302563833 4 1
302563830 3 4
302563828 13 2
302563825 7 1
302563824 9 1
302563823 7 1
302563822 11 31
302563821 16 1
302563820 8 2
302563819 4 4
302563817 0 1
302563815 10 1
302563813 14 4
302563809 12 1
302563808 5 5
302563806 0 1
302563805 10 4
302563804 30 2
302563803 5 9
302563800 4 1
302563798 23 1
302563795 23 4
302563794 7 6
302563789 25 1
302563787 12 6
302563783 1 0
302563781 2 6
302563780 9 5
302563775 18 3
302563770 7 28
302563769 5 5
302563756 1 0
302563751 15 6
302563746 6 3
302563740 5 23
302563736 6 1
302563733 10 3
302563732 1 11
302563727 1 1
302563704 13 2
302563697 4 1
302563696 7 2
302563692 10 15
302563688 10 0
302563686 1 0
302563684 9 1
302563680 1 27
302563674 1 1
302563673 7 8
302563672 11 1
302563670 0 1
302563668 13 1
302563665 10 1
302563659 7 5
302563658 14 2
302563656 2 8
302563654 19 6
302563653 12 3
302563648 1 0
302563644 1 0
302563643 0 1
302563642 1 7
302563639 4 1
302563629 3 1
302563625 12 0
302563620 15 3
302563615 8 2
302563612 13 1
302563610 1 1
302563607 4 0
302563602 2 0
302563600 1 0
302563597 3 0
302563595 5 0
302563589 7 1
302563585 18 1
302563584 10 3
302563582 32 2
302563581 1 0
302563579 7 77
302563578 10 2
302563577 17 1
302563576 4 1
302563575 12 7
302563573 6 2
302563572 3 3
302563571 6 1
302563570 18 4
302563569 19 2
302563566 9 1
302563565 0 7
302563564 1 4
302563560 13 1
302563558 12 1
302563553 4 18
302563551 29 1
302563547 1 16
302563541 14 1
302563540 75 13
302563539 4 4
302563536 59 2
302563535 12 1
302563533 0 1
302563531 0 2
302563526 21 2
302563522 23 1
302563521 28 1
302563520 0 1
302563518 9 38
302563517 1 6
302563515 47 1
302563514 13 1
302563508 6 61
302563506 10 3
302563504 10 1
302563503 19 6
302563502 4 2
302563501 6 1
302563499 0 1
302563496 31 9
302563493 2 5
302563492 12 1
302563486 9 2
302563483 1 0
302563481 6 1
302563478 7 2
302563473 14 1
302563472 25 1
302563468 27 2
302563460 1 6
302563458 1 1
302563456 33 0
302563455 3 6
302563451 1 1
302563444 45 1
302563441 4 4
302563438 64 3
302563437 13 0
302563434 31 5
302563432 10 0
302563431 12 1
302563430 28 1
302563429 9 1
302563428 12 0
302563425 10 1
302563422 3 65
302563421 21 6
302563419 12 0
302563417 36 0
302563414 6 5
302563413 22 6
302563412 31 2
302563409 44 12
302563402 18 0
302563400 24 1
302563398 0 0
302563391 2 56
302563388 9 0
302563387 55 8
302563384 0 0
302563381 6 0
302563380 16 3
302563379 39 1
302563375 13 3
302563374 0 2
302563372 41 1
302563371 14 1
302563370 0 2
302563368 17 1
302563367 5 4
302563366 8 1
302563364 25 11
302563363 7 2
302563362 34 0
302563359 17 1
302563357 2 28
302563354 1 16
302563353 26 3
302563350 0 1
302563349 15 1
302563348 19 0
302563347 7 0
302563345 9 0
302563344 0 0
302563340 23 3
302563336 8 1
302563334 5 0
302563332 5 0
302563330 7 0
302563329 11 1
302563328 9 1
302563327 8 1
302563326 2 13
302563321 13 1
302563319 0 0
302563317 33 2
302563316 5 2
302563313 13 1
302563311 6 7
302563309 5 0
302563308 17 1
302563307 8 0
302563304 40 0
302563303 9 0
302563302 2 0
302563298 8 0
302563297 4 4
302563294 9 0
302563290 8 0
302563286 6 1
302563284 11 2
302563281 17 0
302563273 5 70
302563272 7 1
302563264 8 5
302563261 1 1
302563260 1 1
302563259 36 7
302563257 6 2
302563256 1 26
302563255 0 0
302563254 30 2
302563252 9 74
302563251 20 0
302563249 9 0
302563248 0 0
302563245 10 1
302563240 2 0
302563238 2 0
302563233 19 40
302563232 2 2
302563231 12 1
302563227 7 0
302563215 4 5
302563212 10 0
302563207 9 0
302563205 3 0
302563201 2 6
302563199 14 1
302563198 5 2
302563196 0 1
302563195 43 1
302563192 14 2
302563191 9 0
302563190 28 5
302563187 6 1
302563186 5 0
302563182 68 5
302563180 6 0
302563179 6 0
302563177 5 0
302563176 13 0
302563174 12 0
302563172 5 0
302563171 0 0
302563170 12 33
302563169 15 14
302563165 1 3
302563163 4 53
302563162 24 2
302563155 7 1
302563154 1 1
302563153 22 1
302563151 7 0
302563150 15 8
302563145 8 12
302563144 1 11
302563132 25 11
302563129 7 0
302563128 24 2
302563127 18 35
302563126 12 4
302563122 4 0
302563118 5 4
302563115 3 1
302563114 2 11
302563113 23 1
302563105 0 1
302563102 36 1
302563097 14 2
302563096 13 1
302563094 2 7
302563093 12 0
302563092 8 3
302563089 7 4
302563087 13 1
302563086 0 0
302563084 7 0
302563083 39 2
302563079 4 3
302563077 7 3
302563076 9 2
302563075 12 1
302563073 22 8
302563066 31 5
302563065 7 0
302563063 1 1
302563060 57 2
302563058 36 2
302563057 9 1
302563056 8 25
302563055 6 1
302563054 2 1
302563053 7 1
302563049 2 0
302563046 2 0
302563043 2 1
302563035 21 0
302563027 9 1
302563021 2 124
302563020 11 0
302563016 33 0
302563015 23 3
302563012 4 1
302563011 36 0
302563010 3 1
302563003 0 1
302563000 4 39
302562997 9 85
302562995 4 2
302562994 8 0
302562992 13 0
302562988 5 30
302562986 2 1
302562983 15 83
302562981 12 20
302562977 24 60
302562974 6 0
302562971 0 0
302562962 0 0
302562957 4 1
302562952 3 1
302562943 33 0
302562937 6 2
302562936 4 1
302562931 3 0
302562930 3 1
302562927 10 38
302562926 4 1
302562925 15 0
302562920 4 44
302562916 0 0
302562915 0 0
302562914 0 2
302562912 4 24
302562911 4 2
302562910 10 36
302562909 15 0
302562907 3 77
302562905 14 67
302562904 5 2
302562903 22 6
302562902 15 1
302562900 57 9
302562899 1 2
302562898 10 0
302562897 1 0
302562896 7 3
302562895 9 2
302562893 12 0
302562892 10 1
302562891 25 0
302562890 6 0
302562885 4 0
302562884 8 0
302562883 10 9
302562882 3 1
302562879 44 7
302562876 8 0
302562875 7 0
302562872 2 0
302562870 9 0
302562867 0 1
302562864 2 0
302562863 1 1
302562861 0 0
302562854 36 0
302562851 23 6
302562850 1 3
302562849 12 0
302562845 4 16
302562843 1 19
302562841 28 2
302562838 23 6
302562834 5 25
302562832 0 0
302562830 2 2
302562828 8 96
302562825 13 2
302562823 4 28
302562818 20 2
302562814 3 1
302562811 17 1
302562809 14 1
302562808 3 0
302562803 13 1
302562798 7 39
302562797 18 5
302562793 19 1
302562787 2 42
302562783 3 0
302562780 12 63
302562771 11 0
302562766 8 0
302562763 13 6
302562762 6 56
302562755 11 1
302562748 3 53
302562740 31 1
302562731 0 2
302562729 8 3
302562724 6 4
302562718 2 68
302562713 1 0
302562709 2 5
302562707 6 3
302562706 6 0
302562698 27 2
302562686 9 0
302562685 30 0
302562684 22 3
302562682 7 0
302562674 12 0
302562661 3 67
302562655 3 0
302562651 2 5
302562650 25 48
302562639 6 0
302562637 0 0
302562633 4 3
302562625 2 1
302562613 10 1
302562607 0 0
302562606 3 0
302562604 0 0
302562596 30 6
302562595 1 0
302562593 9 0
302562591 6 1
302562590 1 0
302562589 7 2
302562588 8 3
302562584 5 4
302562582 3 1
302562580 6 1
302562579 5 1
302562577 2 19
302562573 0 0
302562572 9 0
302562571 2 2
302562569 3 11
302562568 14 0
302562567 7 2
302562564 10 1
302562559 14 0
302562557 0 0
302562551 34 8
302562550 5 1
302562539 10 0
302562534 2 2
302562526 18 1
302562522 29 1
302562521 0 0
302562517 8 0
302562516 43 0
302562513 2 2
302562494 56 0
302562487 0 2
302562482 6 0
302562480 10 0
302562473 2 1
302562471 2 1
302562467 11 0
302562465 7 1
302562461 2 0
302562460 0 0
302562448 0 0
302562446 0 0
302562444 1 0
302562438 10 0
302562437 0 0
302562429 0 2
302562426 10 2
302562419 2 0
302562416 4 0
302562415 1 1
302562394 11 0
302562392 6 0
302562389 1 0
302562388 7 0
302562378 4 0
302562374 1 0
302562368 9 0
302562364 4 0
302562357 13 0
302562331 2 0
302562330 52 6
302562325 0 0
302562324 0 0
302562311 9 1
302562307 1 0
302562302 11 0
302562301 5 0
302562296 14 0
302562295 8 1
302562294 5 0
302562291 11 1
302562290 10 0
302562284 8 1
302562282 1 35
302562272 34 1
302562271 19 1
302562260 5 9
302562257 25 17
302562256 93 57
302562252 3 2
302562250 44 16
302562246 1 0
302562235 9 0
302562230 8 1
302562227 10 1
302562226 12 0
302562223 0 0
302562222 9 1
302562221 0 0
302562217 0 0
302562214 2 0
302562209 1 1
302562201 8 0
302562197 11 0
302562194 13 0
302562190 1 0
302562182 29 2
302562176 3 0
302562172 22 1
302562166 0 0
302562165 12 1
302562164 8 0
302562163 4 0
302562162 5 1
302562161 33 1
302562160 0 12
302562156 1 21
302562155 1 13
302562153 1 4
302562152 2 22
302562151 18 0
302562149 9 0
302562147 3 0
302562146 6 0
302562145 9 3
302562144 3 0
302562140 4 71
302562139 10 0
302562137 45 0
302562135 11 1
302562123 11 0
302562122 1 0
302562118 1 0
302562117 6 0
302562115 3 4
302562112 3 0
302562100 0 0
302562095 5 0
302562091 4 59
302562084 4 1
302562080 12 2
302562078 6 0
302562076 8 0
302562075 22 2
302562071 9 1
302562069 5 0
302562064 3 68
302562062 0 0
302562060 5 0
302562059 0 1
302562055 2 0
302562054 1 1
302562050 6 0
302562049 10 3
302562047 1 0
302562046 22 2
302562045 33 11
302562042 35 2
302562041 9 1
302562039 5 80
302562028 8 0
302562020 0 0
302562019 45 12
302562016 6 1
302562013 11 2
302562006 11 0
302562000 6 0
302561994 10 1
302561976 16 0
302561974 8 0
302561967 1 6
302561952 1 27
302561950 3 0
302561948 21 3
302561946 35 1
302561945 0 0
302561943 22 2
302561940 0 4
302561934 5 0
302561933 8 2
302561926 12 0
302561920 25 0
302561919 32 6
302561917 10 1
302561916 5 2
302561910 1 0
302561906 8 0
302561905 20 2
302561904 19 6
302561903 0 15
302561902 5 1
302561901 40 10
302561900 4 0
302561896 21 16
302561894 9 0
302561892 8 1
302561890 37 0
302561889 1 0
302561888 2 0
302561886 1 0
302561885 14 0
302561884 70 0
302561881 10 0
302561879 11 0
302561878 12 75
302561874 0 0
302561872 6 9
302561871 28 1
302561870 9 1
302561868 5 0
302561867 5 0
302561864 11 0
302561862 0 1
302561861 10 0
302561860 30 3
302561855 24 1
302561851 0 0
302561848 17 4
302561847 9 1
302561845 0 0
302561843 15 0
302561841 4 0
302561839 4 0
302561838 8 0
302561836 0 0
302561834 2 0
302561833 27 11
302561829 8 0
302561827 23 9
302561825 0 0
302561824 5 0
302561820 0 0
302561819 3 12
302561818 6 0
302561812 13 1
302561807 55 0
302561806 7 0
302561804 0 0
302561803 3 0
302561802 15 0
302561796 12 0
302561785 40 0
302561784 6 0
302561783 2 1
302561780 20 2
302561779 33 1
302561778 16 0
302561776 17 3
302561774 1 0
302561768 15 2
302561764 20 4
302561763 11 0
302561761 2 1
302561759 4 1
302561754 7 0
302561745 13 0
302561739 4 1
302561738 0 0
302561737 1 0
302561729 11 0
302561726 4 0
302561725 6 1
302561724 11 0
302561720 3 1
302561715 16 15
302561714 17 5
302561713 17 0
302561712 5 0
302561710 1 0
302561692 11 4
302561691 12 0
302561689 7 0
302561688 8 2
302561680 25 6
302561679 7 0
302561678 11 0
302561677 8 1
302561676 5 0
302561674 11 2
302561671 8 0
302561670 0 0
302561667 9 1
302561665 8 1
302561662 24 6
302561661 9 0
302561660 3 57
302561659 26 1
302561654 10 1
302561651 2 1
302561635 1 0
302561633 6 1
302561625 0 0
302561620 0 1
302561617 18 1
302561612 7 0
302561608 12 0
302561607 0 0
302561605 6 0
302561598 12 0
302561596 15 50
302561595 12 0
302561594 0 0
302561593 6 2
302561584 1 0
302561583 0 0
302561579 10 0
302561578 39 8
302561575 4 2
302561574 1 0
302561566 37 2
302561560 7 0
302561559 9 1
302561558 13 1
302561556 9 0
302561555 10 1
302561553 1 0
302561551 10 3
302561549 3 3
302561548 7 0
302561545 18 0
302561541 7 0
302561526 0 0
302561512 6 1
302561511 16 2
302561510 6 0
302561504 24 0
302561503 0 0
302561500 11 0
302561498 7 1
302561496 23 2
302561495 3 1
302561489 4 1
302561479 3 2
302561468 3 2
302561466 12 0
302561465 22 1
302561464 11 1
302561460 7 1
302561456 3 0
302561455 0 0
302561450 2 0
302561449 1 0
302561447 3 1
302561446 5 1
302561444 7 1
302561443 31 36
302561442 6 0
302561437 4 3
302561435 16 1
302561433 9 13
302561431 9 0
302561429 80 0
302561426 3 1
302561424 16 0
302561420 8 3
302561419 14 0
302561418 7 0
302561415 14 0
302561411 7 3
302561409 25 1
302561405 13 0
302561402 7 1
302561400 29 5
302561398 5 0
302561397 13 1
302561395 0 32
302561394 22 0
302561393 14 0
302561391 20 4
302561387 19 2
302561386 19 0
302561382 13 0
302561381 10 1
302561380 19 4
302561379 20 0
302561375 19 3
302561370 17 1
302561369 13 0
302561365 20 4
302561362 11 0
302561358 12 3
302561357 21 3
302561356 7 39
302561354 3 4
302561352 9 0
302561351 40 0
302561349 1 0
302561345 8 1
302561343 26 3
302561342 2 3
302561341 14 0
302561339 3 1
302561337 4 0
302561335 5 0
302561329 7 0
302561327 17 2
302561326 15 1
302561323 4 1
302561322 5 20
302561321 19 3
302561318 0 0
302561315 11 1
302561314 12 1
302561305 19 3
302561299 5 1
302561294 14 3
302561293 15 0
302561291 0 1
302561289 19 4
302561283 0 0
302561282 23 5
302561279 12 4
302561278 10 1
302561277 1 0
302561275 17 4
302561274 9 1
302561272 0 1
302561270 1 2
302561266 0 1
302561265 0 2
302561258 18 3
302561255 18 3
302561248 17 2
302561247 30 8
302561246 3 63
302561244 8 0
302561243 8 1
302561240 7 10
302561238 3 2
302561236 22 0
302561233 6 2
302561231 8 2
302561230 8 1
302561222 11 2
302561219 8 1
302561218 1 0
302561217 1 0
302561216 10 2
302561207 7 2
302561206 4 2
302561204 19 0
302561203 2 2
302561202 6 15
302561197 2 0
302561196 2 2
302561195 4 0
302561193 4 1
302561186 0 0
302561184 3 4
302561183 15 1
302561182 13 2
302561181 17 0
302561180 9 0
302561176 1 4
302561175 1 0
302561173 1 5
302561172 0 4
302561171 14 60
302561168 18 2
302561161 1 0
302561160 12 2
302561157 29 2
302561154 0 0
302561148 12 1
302561147 2 2
302561143 0 20
302561140 13 0
302561137 7 0
302561136 31 17
302561133 9 1
302561118 11 2
302561117 1 0
302561105 20 1
302561100 0 1
302561098 9 3
302561097 13 1
302561094 6 20
302561092 3 2
302561091 4 3
302561088 12 1
302561084 8 3
302561082 11 3
302561079 7 2
302561075 1 0
302561074 1 0
302561070 10 3
302561068 1 0
302561063 36 3
302561062 0 1
302561061 11 0
302561059 20 2
302561057 15 1
302561043 10 4
302561036 1 1
302561034 2 28
302561031 6 1
302561028 0 0
302561015 11 1
302561001 36 0
302561000 2 33
302560995 4 0
302560987 63 2
302560982 8 2
302560980 50 0
302560977 9 1
302560976 9 0
302560973 0 1
302560970 9 0
302560969 0 1
302560968 0 1
302560966 15 1
302560962 0 0
302560961 3 24
302560958 10 2
302560956 2 0
302560952 3 22
302560951 10 2
302560948 2 1
302560947 65 1
302560944 9 4
302560935 8 30
302560933 16 2
302560926 14 3
302560922 11 0
302560921 10 6
302560916 13 0
302560913 7 8
302560910 1 2
302560908 0 1
302560905 2 36
302560901 9 2
302560900 9 3
302560898 14 2
302560890 6 4
302560884 19 2
302560874 8 2
302560872 1 0
302560870 1 4
302560866 9 1
302560858 7 1
302560855 9 1
302560851 7 2
302560849 18 1
302560847 9 1
302560846 6 15
302560843 5 1
302560842 6 1
302560840 3 1
302560834 20 0
302560832 14 3
302560827 6 4
302560825 9 3
302560824 24 5
302560823 21 2
302560822 5 4
302560815 7 43
302560810 52 2
302560808 4 4
302560789 29 3
302560788 2 2
302560787 19 1
302560786 4 3
302560785 51 0
302560782 5 2
302560774 7 1
302560770 5 1
302560767 5 3
302560766 5 0
302560763 27 3
302560760 5 19
302560758 5 1
302560750 1 1
302560747 19 1
302560743 5 2
302560741 3 5
302560738 12 4
302560737 39 8
302560732 8 6
302560728 0 0
302560725 7 1
302560722 4 1
302560721 8 4
302560720 0 1
302560717 1 0
302560714 5 1
302560713 0 1
302560699 0 1
302560698 2 31
302560693 9 1
302560689 1 0
302560687 17 25
302560686 12 1
302560685 9 0
302560678 12 5
302560670 13 7
302560662 2 11
302560648 4 5
302560642 15 2
302560638 13 3
302560635 1 1
302560632 0 1
302560626 10 3
302560624 3 1
302560621 7 7
302560617 20 2
302560614 18 3
302560610 53 1
302560608 3 16
302560607 4 1
302560606 11 3
302560605 25 1
302560604 1 3
302560600 0 4
302560597 1 2
302560593 5 0
302560592 0 0
302560591 1 4
302560582 1 0
302560580 10 1
302560573 18 4
302560570 8 1
302560567 14 1
302560563 7 3
302560557 5 1
302560555 20 1
302560554 2 2
302560549 14 2
302560542 5 0
302560538 34 0
302560534 11 0
302560533 2 1
302560530 2 2
302560528 15 1
302560527 4 7
302560521 22 1
302560520 17 1
302560519 23 1
302560517 21 2
302560516 28 1
302560512 285 3
302560504 14 1
302560500 27 4
302560494 20 1
302560493 13 1
302560492 12 0
302560491 20 1
302560490 1 2
302560488 11 2
302560481 25 0
302560477 4 1
302560476 2 3
302560466 11 10
302560463 22 1
302560460 7 1
302560454 14 1
302560446 12 0
302560445 18 2
302560443 28 2
302560442 17 1
302560436 18 42
302560431 22 2
302560429 17 4
302560426 2 0
302560425 4 2
302560423 2 2
302560420 9 3
302560413 14 2
302560410 24 3
302560409 17 4
302560407 5 5
302560401 2 2
302560400 31 8
302560399 11 1
302560395 4 5
302560393 2 4
302560389 20 1
302560386 17 2
302560385 2 2
302560380 16 2
302560379 8 0
302560378 21 3
302560374 13 1
302560373 4 1
302560367 2 1
302560363 5 1
302560353 54 1
302560351 22 1
302560349 4 1
302560348 2 1
302560346 1 1
302560344 13 3
302560343 9 1
302560341 1 0
302560339 15 2
302560337 1 1
302560332 2 1
302560329 18 11
302560326 1 1
302560324 11 1
302560323 13 1
302560320 10 0
302560318 19 1
302560317 10 0
302560314 9 1
302560313 7 0
302560311 1 0
302560302 17 0
302560300 5 6
302560299 11 5
302560295 13 0
302560291 2 32
302560289 0 0
302560288 14 0
302560284 13 1
302560283 11 0
302560277 22 3
302560275 12 0
302560273 12 1
302560264 14 0
302560260 7 1
302560259 10 1
302560257 21 0
302560256 10 1
302560250 12 8
302560246 13 0
302560244 13 0
302560243 10 0
302560242 13 0
302560240 19 0
302560239 6 1
302560237 1 0
302560234 8 5
302560233 10 0
302560229 10 1
302560226 2 0
302560224 1 0
302560219 1 1
302560214 7 0
302560212 0 0
302560210 5 2
302560207 6 2
302560205 14 0
302560203 10 26
302560200 14 0
302560196 21 0
302560195 27 0
302560192 24 1
302560191 4 4
302560187 1 1
302560186 16 1
302560184 9 1
302560182 2 0
302560180 376 8
302560178 10 1
302560175 1 0
302560174 19 1
302560172 7 1
302560170 10 1
302560168 2 3
302560167 29 1
302560155 9 3
302560153 14 1
302560151 12 26
302560146 1 0
302560144 11 0
302560141 8 30
302560136 2 1
302560126 26 0
302560124 18 1
302560120 22 1
302560113 0 0
302560103 12 1
302560101 10 2
302560097 3 0
302560096 25 1
302560095 6 4
302560090 55 1
302560089 12 2
302560082 12 3
302560075 20 10
302560072 2 1
302560069 7 1
302560068 7 1
302560060 2 0
302560057 2 0
302560056 5 0
302560055 4 1
302560053 1 1
302560052 3 0
302560050 4 0
302560049 5 1
302560043 66 0
302560041 6 1
302560037 0 0
302560033 11 0
302560029 5 0
302560027 7 0
302560024 4 0
302560015 0 0
302560009 6 1
302560008 22 0
302560005 46 0
302560003 8 0
302560002 3 0
302560000 17 0
302559995 0 0
302559987 7 0
302559986 0 0
302559985 21 1
302559978 13 1
302559977 8 0
302559974 3 0
302559973 2 34
302559971 5 0
302559970 1 1
302559969 12 0
302559952 7 0
302559951 5 0
302559950 10 3
302559948 4 0
302559947 23 7
302559946 19 1
302559940 3 0
302559936 14 2
302559935 10 1
302559933 10 0
302559932 4 2
302559931 12 0
302559927 0 0
302559923 6 0
302559920 5 1
302559919 0 0
302559915 0 0
302559914 2 0
302559912 0 26
302559911 4 0
302559908 0 0
302559902 10 2
302559895 15 0
302559894 11 0
302559893 2 1
302559889 7 1
302559878 15 2
302559871 12 0
302559869 2 0
302559861 7 1
302559859 2 0
302559851 11 2
302559843 12 4
302559842 2 0
302559839 2 0
302559835 0 0
302559834 4 0
302559832 2 0
302559831 20 0
302559830 18 0
302559825 4 1
302559820 5 8
302559817 55 0
302559815 9 0
302559809 2 0
302559803 1 1
302559797 10 0
302559789 6 1
302559786 2 1
302559784 14 0
302559783 7 0
302559780 2 0
302559776 0 0
302559775 1 0
302559770 11 1
302559767 4 0
302559759 5 0
302559752 13 1
302559749 18 2
302559748 0 0
302559742 3 0
302559741 0 0
302559740 9 0
302559731 7 2
302559728 5 1
302559726 3 0
302559724 8 1
302559715 7 0
302559714 4 2
302559712 0 0
302559711 43 1
302559710 8 0
302559709 0 0
302559705 4 1
302559693 11 1
302559691 3 1
302559689 9 0
302559688 9 1
302559680 478 14
302559678 8 0
302559673 18 1
302559665 2 2
302559661 1 0
302559659 4 1
302559655 4 0
302559654 12 4
302559650 0 0
302559631 13 0
302559630 9 1
302559623 319 3
302559617 0 0
302559614 9 1
302559613 0 4
302559608 1 26
302559603 8 0
302559602 1 4
302559600 7 5
302559598 15 0
302559593 5 34
302559591 9 2
302559589 20 1
302559577 6 6
302559572 31 1
302559569 6 32
302559567 23 1
302559565 4 31
302559558 18 3
302559554 1 0
302559548 5 38
302559544 12 1
302559535 9 1
302559533 9 3
302559524 7 1
302559523 2 44
302559513 20 1
302559511 3 3
302559510 6 0
302559507 5 1
302559506 38 1
302559497 2 1
302559494 11 1
302559492 2 0
302559491 1 0
302559490 40 0
302559480 0 0
302559477 8 0
302559475 6 44
302559474 46 1
302559471 8 0
302559469 0 0
302559455 8 1
302559451 1 0
302559449 0 1
302559445 8 1
302559443 4 2
302559442 22 1
302559437 10 0
302559435 27 0
302559431 2 0
302559424 20 1
302559423 27 0
302559419 11 0
302559418 4 0
302559414 7 0
302559413 11 0
302559403 4 2
302559401 2 0
302559400 10 1
302559399 6 0
302559397 8 0
302559394 19 1
302559393 0 0
302559392 12 1
302559389 17 0
302559387 4 0
302559385 28 1
302559382 9 2
302559379 4 1
302559370 0 0
302559368 0 0
302559367 14 0
302559364 25 7
302559362 0 0
302559360 0 0
302559355 25 0
302559354 5 0
302559351 0 0
302559350 18 0
302559349 3 1
302559347 19 1
302559340 11 0
302559339 1 3
302559337 3 3
302559333 13 3
302559329 24 1
302559326 17 2
302559321 1 0
302559320 35 0
302559318 31 2
302559312 16 1
302559311 5 0
302559310 9 0
302559306 0 0
302559301 2 1
302559298 0 0
302559297 18 1
302559293 1 2
302559292 46 0
302559287 8 1
302559286 0 1
302559282 7 0
302559281 3 2
302559280 36 0
302559278 1 0
302559276 7 0
302559275 4 0
302559274 0 0
302559272 6 1
302559271 9 0
302559270 15 0
302559269 0 10
302559267 6 0
302559265 4 0
302559263 24 0
302559259 1 0
302559256 0 0
302559255 9 2
302559249 5 1
302559246 10 1
302559245 9 1
302559244 0 0
302559239 5 0
302559229 17 0
302559227 16 1
302559223 1 2
302559218 11 2
302559202 3 3
302559200 7 1
302559197 0 0
302559196 15 0
302559192 11 0
302559183 13 0
302559178 9 1
302559174 511 4
302559165 16 1
302559164 1 0
302559162 12 0
302559157 4 0
302559156 1 0
302559154 22 1
302559153 0 0
302559149 0 1
302559145 13 0
302559143 3 2
302559142 1 0
302559136 10 0
302559130 8 1
302559127 8 1
302559126 25 1
302559122 3 0
302559116 0 1
302559114 12 0
302559111 526 14
302559110 0 1
302559104 28 1
302559100 10 1
302559097 12 0
302559089 9 0
302559086 8 0
302559085 9 1
302559081 9 1
302559078 24 0
302559072 1 0
302559068 13 2
302559066 5 0
302559064 4 0
302559063 0 0
302559061 11 0
302559056 649 25
302559055 2 0
302559053 4 0
302559046 8 0
302559044 37 0
302559042 8 0
302559039 11 1
302559038 2 0
302559034 38 1
302559032 0 0
302559030 3 0
302559029 5 0
302559020 23 0
302559013 4 0
302559011 19 0
302559010 3 0
302559008 1 0
302559003 1 0
302559001 19 0
302558998 9 0
302558995 9 0
302558990 3 9
302558989 1 0
302558987 3 1
302558985 17 0
302558984 1 0
302558983 34 3
302558982 18 0
302558976 6 20
302558975 0 1
302558974 10 2
302558972 0 1
302558969 18 0
302558962 7 2
302558960 11 0
302558956 15 0
302558953 19 0
302558950 7 1
302558946 4 0
302558945 12 1
302558944 4 1
302558935 13 1
302558928 7 1
302558922 0 23
302558915 7 1
302558908 3 0
302558907 13 0
302558905 8 1
302558904 6 1
302558903 0 0
302558898 6 1
302558897 13 0
302558895 3 1
302558893 5 6
302558890 5 1
302558889 0 2
302558887 5 0
302558882 10 1
302558874 5 0
302558873 1 0
302558871 2 0
302558870 6 0
302558868 3 1
302558859 16 0
302558852 19 0
302558851 3 2
302558850 15 0
302558846 670 109
302558843 19 0
302558842 2 0
302558839 10 0
302558836 9 0
302558834 16 0
302558831 26 1
302558826 16 0
302558823 6 0
302558816 5 0
302558815 5 0
302558810 4 0
302558809 0 2
302558806 10 1
302558802 14 0
302558792 4 0
302558787 2 1
302558779 6 1
302558777 6 1
302558772 4 1
302558770 0 0
302558769 9 0
302558758 14 0
302558757 26 0
302558754 14 0
302558752 9 1
302558748 6 2
302558747 18 0
302558742 0 0
302558738 24 0
302558737 3 0
302558734 7 1
302558733 2 1
302558729 0 2
302558725 2 0
302558723 7 1
302558722 28 0
302558720 1 1
302558712 14 0
302558709 0 2
302558708 0 2
302558706 29 1
302558703 12 1
302558702 9 1
302558700 10 1
302558699 1 1
302558698 21 0
302558695 0 0
302558693 7 4
302558687 28 0
302558686 10 2
302558683 9 0
302558681 0 0
302558675 8 0
302558672 13 1
302558668 17 0
302558666 1 0
302558664 7 0
302558661 8 0
302558658 0 0
302558657 8 0
302558654 16 1
302558653 7 0
302558651 2 0
302558649 3 58
302558648 6 0
302558647 4 1
302558646 10 1
302558644 0 0
302558643 23 8
302558642 3 1
302558641 11 1
302558639 19 0
302558635 6 1
302558627 2 0
302558621 13 3
302558618 8 0
302558617 8 2
302558616 30 4
302558611 47 0
302558609 2 0
302558605 1 0
302558604 0 0
302558602 0 0
302558601 2 3
302558598 13 0
302558597 1 10
302558595 5 0
302558592 4 1
302558591 10 0
302558590 6 1
302558585 11 0
302558584 33 0
302558583 12 2
302558580 0 0
302558577 1 2
302558571 14 0
302558570 22 0
302558566 11 1
302558564 0 0
302558562 6 2
302558557 9 0
302558556 7 0
302558553 1 0
302558546 24 1
302558542 17 0
302558541 22 1
302558540 6 1
302558536 1 1
302558535 11 0
302558534 4 0
302558533 0 0
302558532 9 0
302558531 12 4
302558528 38 0
302558527 5 2
302558524 0 1
302558522 0 0
302558516 4 0
302558514 18 0
302558512 3 1
302558506 11 0
302558505 0 2
302558504 14 1
302558502 0 0
302558498 7 1
302558494 16 0
302558493 0 0
302558489 12 11
302558486 20 2
302558483 6 0
302558477 7 0
302558471 9 0
302558464 8 0
302558462 1 1
302558454 4 0
302558453 12 0
302558451 8 1
302558448 0 0
302558445 14 5
302558433 6 1
302558422 4 1
302558420 10 2
302558413 0 6
302558412 0 6
302558410 3 1
302558402 6 0
302558400 4 32
302558395 19 0
302558387 0 0
302558386 9 0
302558383 9 2
302558379 8 1
302558377 3 22
302558375 16 2
302558369 7 2
302558355 6 1
302558341 4 0
302558337 0 0
302558334 4 1
302558330 40 0
302558327 16 1
302558325 3 0
302558320 2 0
302558319 35 0
302558318 20 0
302558314 11 0
302558313 15 0
302558307 246 2
302558305 0 14
302558303 1 0
302558300 8 1
302558299 15 15
302558298 613 10
302558297 1 0
302558291 4 1
302558290 10 0
302558278 8 0
302558276 4 1
302558275 1 0
302558271 6 1
302558269 7 0
302558268 2 0
302558263 9 14
302558262 492 4
302558261 19 0
302558260 9 0
302558255 0 0
302558254 6 27
302558251 2 0
302558250 3 50
302558245 2 0
302558240 4 2
302558239 13 0
302558238 466 43
302558236 4 0
302558227 4 0
302558222 10 0
302558220 400 14
302558214 8 2
302558213 1 0
302558210 11 0
302558204 10 0
302558202 1 0
302558201 1 41
302558195 1 0
302558193 0 0
302558190 18 3
302558188 26 0
302558185 9 0
302558180 4 0
302558179 13 1
302558178 11 0
302558177 1 3
302558173 10 0
302558167 6 191
302558157 1 16
302558154 10 0
302558153 4 0
302558142 10 0
302558138 1 32
302558137 11 2
302558136 0 0
302558133 1 0
302558132 10 1
302558128 3 90
302558124 0 0
302558118 24 0
302558114 15 2
302558106 7 0
302558103 1459 25
302558098 6 1
302558095 8 1
302558089 0 0
302558087 3 0
302558082 10 1
302558081 9 0
302558080 7 1
302558079 3 87
302558077 5 0
302558074 1 0
302558072 10 0
302558070 8 0
302558067 691 5
302558065 0 0
302558062 6 1
302558061 10 0
302558056 1035 10
302558055 1 0
302558052 17 0
302558051 4 1
302558049 2 0
302558048 5 3
302558043 3 0
302558042 0 0
302558037 12 0
302558032 1 0
302558031 29 0
302558027 5 0
302558024 0 2
302558021 4 1
302558020 3 47
302558014 11 1
302558013 6 64
302558010 15 0
302558009 3 1
302558006 2 0
302558005 3 0
302558000 2 0
302557999 1 0
302557997 3 0
302557995 1 0
302557991 1 0
302557981 1 1
302557979 16 0
302557974 17 1
302557971 3 0
302557968 7 1
302557965 15 1
302557964 3 0
302557960 1 0
302557957 6 2
302557952 22 1
302557947 10 0
302557943 20 0
302557941 9 0
302557940 0 0
302557931 0 0
302557930 1 4
302557922 2 0
302557920 8 0
302557915 0 0
302557914 12 2
302557910 0 0
302557908 0 0
302557904 2 0
302557898 10 0
302557897 0 0
302557896 1 0
302557893 1 74
302557890 22 1
302557888 7 0
302557886 2 1
302557883 4 0
302557880 16 1
302557873 785 11
302557868 9 1
302557863 36 1
302557862 20 1
302557859 631 50
302557858 11 0
302557856 1 0
302557841 9 1
302557840 7 0
302557837 0 0
302557832 854 10
302557825 16 0
302557824 8 0
302557823 1 0
302557817 27 2
302557815 13 0
302557814 4 0
302557811 37 1
302557808 0 0
302557801 9 0
302557800 16 0
302557794 17 1
302557790 5 1
302557789 6 2
302557788 0 0
302557785 7 0
302557783 0 0
302557781 263 5
302557774 14 1
302557773 0 0
302557767 9 0
302557757 4 19
302557756 1 0
302557755 3 0
302557751 0 0
302557750 3 0
302557741 6 1
302557735 1 0
302557734 4 57
302557730 17 0
302557729 0 0
302557727 1 12
302557722 19 0
302557720 19 0
302557718 0 0
302557717 10 0
302557716 9 1
302557709 0 7
302557708 16 0
302557704 4 74
302557702 15 0
302557700 0 3
302557698 24 1
302557694 1 2
302557690 9 0
302557687 11 0
302557686 0 0
302557680 10 0
302557679 803 10
302557677 19 0
302557661 13 1
302557657 1 0
302557655 0 7
302557651 5 1
302557650 518 8
302557646 0 0
302557632 7 0
302557631 10 0
302557627 7 1
302557626 20 1
302557624 7 1
302557622 14 0
302557620 2 0
302557613 4 0
302557612 8 0
302557610 3 87
302557605 31 0
302557600 2 0
302557594 6 3
302557593 0 0
302557584 0 0
302557572 10 3
302557570 2 0
302557569 6 0
302557564 14 0
302557558 8 1
302557556 1 0
302557555 7 29
302557554 15 0
302557548 0 0
302557544 1 0
302557541 760 3
302557539 2 32
302557535 2 0
302557533 26 0
302557532 2 0
302557528 1 0
302557527 3 1
302557522 7 3
302557511 18 1
302557509 15 3
302557508 14 1
302557502 654 4
302557500 2 0
302557497 1 61
302557494 21 3
302557490 9 0
302557483 12 2
302557481 4 0
302557478 10 1
302557473 9 4
302557471 3 0
302557468 5 0
302557466 0 0
302557465 24 0
302557459 0 0
302557458 5 0
302557457 2 8
302557448 2 1
302557447 17 1
302557441 3 90
302557436 2 1
302557435 9 1
302557432 5 0
302557426 5 35
302557425 6 1
302557424 6 1
302557423 1 48
302557418 0 0
302557407 1 0
302557405 25 3
302557395 26 4
302557394 410 2
302557393 1 0
302557391 14 0
302557383 0 1
302557382 5 0
302557379 0 0
302557376 1 0
302557375 668 6
302557367 9 4
302557360 11 1
302557351 0 2
302557350 2 0
302557347 12 0
302557346 1 84
302557343 7 0
302557337 7 0
302557336 0 0
302557334 13 0
302557330 11 0
302557329 3 59
302557324 9 1
302557322 8 0
302557314 0 12
302557311 2 0
302557304 22 1
302557302 0 0
302557298 1 1
302557293 8 0
302557291 4 0
302557286 9 1
302557285 0 1
302557280 15 0
302557276 11 0
302557274 10 0
302557273 3 90
302557268 14 0
302557267 3 1
302557265 15 0
302557256 0 1
302557251 3 46
302557243 1 0
302557242 0 0
302557239 16 0
302557231 9 1
302557228 9 1
302557226 3 0
302557224 12 0
302557218 1 0
302557216 7 1
302557215 10 2
302557210 2 0
302557209 471 40
302557208 13 1
302557206 13 0
302557196 13 0
302557193 12 0
302557191 2 0
302557184 2 0
302557183 9 1
302557177 0 0
302557175 685 8
302557172 1 0
302557170 7 1
302557165 9 5
302557164 13 2
302557162 1 0
302557158 0 1
302557153 8 0
302557152 7 1
302557146 13 0
302557136 9 0
302557133 561 6
302557130 8 1
302557127 11 1
302557122 5 0
302557117 582 12
302557114 14 0
302557113 1 0
302557107 14 0
302557092 3 54
302557091 8 1
302557089 6 0
302557085 4 0
302557075 2 0
302557069 9 1
302557058 8 5
302557057 1 49
302557056 10 0
302557055 14 1
302557054 12 1
302557053 8 1
302557040 10 0
302557035 18 1
302557034 8 0
302557033 3 4
302557031 5 0
302557025 5 0
302557022 16 1
302557018 5 0
302557016 6 1
302557012 0 0
302557010 4 1
302556999 0 0
302556997 4 0
302556990 2 0
302556987 0 0
302556973 2 30
302556971 2 3
302556956 462 11
302556953 6 2
302556950 5 1
302556945 0 0
302556939 7 1
302556938 532 8
302556937 1 15
302556932 4 0
302556931 3 1
302556930 0 0
302556926 9 1
302556921 4 0
302556918 8 0
302556916 0 0
302556913 26 0
302556909 15 34
302556903 9 0
302556900 7 0
302556895 5 0
302556891 0 0
302556890 0 0
302556888 5 18
302556883 11 0
302556880 10 0
302556875 522 2
302556870 395 5
302556867 626 6
302556863 8 1
302556856 3 0
302556842 0 0
302556837 1098 29
302556834 5 0
302556833 5 0
302556830 3 1
302556826 12 1
302556822 15 0
302556819 1 38
302556808 34 3
302556798 6 0
302556796 5 0
302556794 10 0
302556792 21 0
302556789 12 0
302556786 9 0
302556781 0 0
302556776 0 0
302556775 0 0
302556767 2 5
302556763 5 0
302556759 7 0
302556758 6 0
302556734 0 6
302556729 9 1
302556725 6 0
302556718 6 0
302556715 0 0
302556712 6 37
302556703 7 0
302556700 6 0
302556698 0 0
302556694 482 10
302556690 0 0
302556686 0 0
302556674 7 1
302556670 8 1
302556662 4 0
302556651 5 0
302556649 8 0
302556642 5 0
302556633 2288 35
302556630 2 17
302556628 424 24
302556622 10 1
302556621 2 55
302556607 1935 50
302556605 13 0
302556604 7 0
302556599 13 1
302556597 5 0
302556595 4 0
302556576 754 7
302556575 5 1
302556570 7 0
302556567 1 0
302556563 13 1
302556560 3 89
302556554 0 0
302556553 5 1
302556550 8 0
302556549 5 1
302556536 12 0
302556535 17 2
302556530 552 7
302556526 8 0
302556518 10 0
302556515 1 1
302556510 0 0
302556507 12 1
302556505 0 0
302556497 10 5
302556495 3 40
302556491 0 1
302556489 4 5
302556482 28 0
302556476 586 4
302556470 0 0
302556469 1233 217
302556467 10 0
302556466 42 1
302556462 5 0
302556446 18 1
302556443 2 1
302556440 9 1
302556416 5 0
302556414 7 0
302556412 2 0
302556410 4 1
302556404 0 0
302556402 4 9
302556397 1 0
302556392 9 1
302556391 1 0
302556388 18 1
302556386 1938 8
302556378 3 0
302556371 0 0
302556363 15 0
302556357 4 0
302556354 1 42
302556339 706 8
302556338 49 0
302556337 9 0
302556336 5 0
302556331 35 4
302556318 14 3
302556317 1502 8
302556315 5 0
302556307 6 1
302556293 16 0
302556278 13 1
302556276 2 0
302556269 12 0
302556261 0 0
302556247 0 0
302556241 4 2
302556236 10 0
302556235 6 0
302556233 12 4
302556227 9 0
302556219 0 0
302556218 12 1
302556213 17 0
302556200 14 0
302556194 3 0
302556188 1 2
302556185 0 0
302556184 2 0
302556183 3 0
302556180 1332 5
302556173 0 0
302556170 0 0
302556162 3 0
302556157 13 0
302556151 9 1
302556147 10 0
302556137 1 0
302556131 4 0
302556130 8 0
302556117 7 0
302556115 0 0
302556112 0 2
302556111 0 2
302556108 11 2
302556102 13 0
302556098 1 0
302556089 26 1
302556085 0 0
302556077 9 1
302556067 15 0
302556066 1 3
302556059 2 58
302556058 13 0
302556054 3 1
302556049 12 1
302556047 8 0
302556046 10 0
302556042 9 0
302556037 614 18
302556032 419 15
302556026 343 21
302556024 16 1
302556022 11 1
302556020 6 0
302556016 7 1
302556015 9 1
302556011 1092 4
302556001 6 49
302555997 1 0
302555994 13 0
302555987 2 0
302555974 6 85
302555973 7 0
302555970 0 0
302555966 2 0
302555951 8 1
302555950 11 1
302555949 10 0
302555946 1871 68
302555938 17 1
302555937 0 0
302555926 5 0
302555923 0 0
302555918 1 0
302555914 9 0
302555898 8 0
302555892 1087 15
302555888 17 0
302555886 8 1
302555885 1 24
302555884 1 0
302555869 10 0
302555867 7 1
302555858 17 0
302555854 1 0
302555843 5 1
302555837 30 0
302555830 12 24
302555827 0 0
302555826 8 0
302555825 417 8
302555815 661 7
302555808 4 0
302555803 0 0
302555800 0 0
302555774 5 0
302555753 10 0
302555751 1 0
302555746 0 2
302555740 6 4
302555739 0 0
302555722 7 0
302555717 13 0
302555716 4 3
302555709 4 0
302555705 1 0
302555704 719 13
302555699 0 0
302555697 1 3
302555695 29 0
302555691 0 6
302555660 6 6
302555658 0 0
302555652 6 0
302555648 11 1
302555645 1 1
302555632 0 0
302555631 2 3
302555620 1 0
302555600 2 0
302555599 5 60
302555588 0 2
302555568 0 3
302555562 0 0
302555548 8 1
302555535 6 76
302555530 9 0
302555529 8 0
302555520 4 1
302555519 2 0
302555514 2 2
302555508 4 2
302555493 22 2
302555492 14 0
302555488 6 2
302555487 0 0
302555486 0 0
302555482 9 79
302555475 2 0
302555472 39 3
302555470 0 0
302555456 16 0
302555451 0 1
302555450 3 1
302555442 2 1
302555439 3 0
302555436 865 18
302555433 2 1
302555432 9 0
302555431 3 20
302555430 1 0
302555427 2 0
302555425 5 1
302555419 0 0
302555415 0 0
302555413 11 0
302555408 6 1
302555407 14 1
302555405 0 21
302555404 1 1
302555398 13 3
302555395 9 0
302555389 2111 21
302555386 2 1
302555384 0 0
302555378 0 0
302555376 5 0
302555375 3 0
302555372 0 0
302555370 7 0
302555367 6 0
302555366 22 3
302555365 0 19
302555355 10 0
302555354 1301 14
302555351 0 0
302555350 6 0
302555345 1 1
302555344 0 0
302555339 6 7
302555328 7 1
302555326 2 0
302555322 0 0
302555319 3 0
302555311 1 0
302555308 628 10
302555306 7 0
302555305 2 0
302555300 5 0
302555297 2 0
302555291 770 15
302555283 2 0
302555275 11 1
302555271 4 0
302555269 6 90
302555268 15 1
302555263 0 0
302555259 2 1
302555258 6 1
302555257 1 0
302555256 6 3
302555255 1052 25
302555254 1 0
302555253 2 0
302555250 4 1
302555244 12 2
302555243 3 2
302555241 7 0
302555240 2 1
302555237 5 1
302555234 2 0
302555233 1 0
302555229 0 0
302555228 1 0
302555227 0 0
302555226 2 0
302555225 4 0
302555220 5 2
302555216 1 3
302555215 1 0
302555209 1 0
302555203 27 0
302555202 1 13
302555201 1 0
302555200 5 1
302555198 2 0
302555197 9 0
302555195 3 1
302555193 10 4
302555190 18 1
302555188 0 0
302555187 1059 5
302555186 4 1
302555182 6 1
302555180 0 0
302555178 0 0
302555177 4 0
302555173 3 0
302555171 16 2
302555170 9 0
302555169 5 0
302555166 9 47
302555165 2 0
302555163 8 1
302555161 9 0
302555160 2 0
302555157 0 0
302555156 0 0
302555155 2 0
302555153 5 2
302555152 0 0
302555150 1611 114
302555148 1 0
302555147 8 0
302555146 7 0
302555145 331 5
302555140 1 0
302555138 4 0
302555137 0 0
302555136 8 0
302555135 6 0
302555134 3 95
302555131 1 0
302555130 1 0
302555129 13 0
302555125 3 0
302555124 6 0
302555123 0 0
302555122 1024 10
302555121 4 0
302555119 0 1
302555117 7 0
302555115 12 0
302555112 0 0
302555111 4 72
302555110 14 0
302555108 12 1
302555107 20 1
302555105 0 0
302555101 8 1
302555100 7 0
302555099 1 0
302555098 16 1
302555096 5 52
302555094 6 1
302555093 1 0
302555092 0 0
302555091 5 1
302555089 0 0
302555088 4 0
302555087 17 1
302555086 0 2
302555084 0 0
302555083 0 0
302555081 12 1
302555080 6 0
302555079 3 0
302555076 5 0
302555073 840 4
302555071 13 0
302555069 21 4
302555068 8 2
302555067 3 0
302555066 0 0
302555065 13 0
302555064 2 0
302555063 10 0
302555062 10 2
302555059 4994 97
302555057 12 0
302555056 7 0
302555055 1520 34
302555054 1474 32
302555053 4 22
302555047 7 0
302555036 0 0
302555035 0 0
302555034 28 1
302555033 28 0
302555032 22 0
302555031 22 1
302555027 19 1
302555026 0 2
302555024 946 12
302555023 14 1
302555020 18 1
302555019 0 0
302555017 8 0
302555009 8 0
302555008 3 0
302555007 13 9
302555006 0 0
302555004 4 0
302555003 7 2
302555002 17 0
302555001 0 0
302555000 0 0
302554999 12 4
302554996 961 7
302554995 0 5
302554992 0 2
302554991 6 0
302554988 22 0
302554987 1 0
302554985 11 2
302554978 7 0
302554975 1 0
302554974 537 10
302554972 4 0
302554971 2 11
302554970 0 7
302554968 2676 33
302554964 1542 9
302554961 1 0
302554960 6 0
302554958 1 0
302554953 1 0
302554952 13 1
302554949 12 1
302554948 6 0
302554947 7 0
302554945 2 0
302554943 9 0
302554941 3332 75
302554940 9 1
302554939 2 0
302554937 2392 71
302554934 12 1
302554933 5 0
302554932 7 2
302554929 6 1
302554928 0 0
302554927 8 0
302554926 0 0
302554925 1 1
302554924 3 0
302554923 5 1
302554915 8 0
302554914 5 2
302554913 9 0
302554910 750 12
302554908 0 0
302554907 0 0
302554906 0 0
302554903 4 0
302554901 2 2
302554899 8 1
302554898 14 0
302554897 6 1
302554896 11 0
302554895 6 0
302554892 6 1
302554889 493 7
302554888 847 6
302554885 362 4
302554881 2 0
302554878 8 1
302554874 3 0
302554873 3333 45
302554871 8 0
302554869 0 0
302554868 0 0
302554865 20 0
302554864 4 0
302554862 0 0
302554859 1372 10
302554856 3 0
302554854 1 27
302554851 14 0
302554849 10 0
302554848 1397 60
302554847 2 0
302554843 5 0
302554840 5 1
302554839 7 0
302554837 6 0
302554835 5 0
302554834 0 0
302554833 1307 22
302554830 1256 15
302554829 2 0
302554828 7 0
302554826 4 0
302554823 3 0
302554822 1 13
302554819 0 0
302554817 6 0
302554814 675 5
302554813 9 0
302554812 1143 9
302554811 1526 11
302554810 17 0
302554806 0 0
302554805 3 7
302554804 0 0
302554803 5 1
302554802 2 5
302554799 1 32
302554798 10 0
302554793 15 0
302554791 4 1
302554789 1 0
302554788 960 57
302554787 0 0
302554784 1 0
302554782 6 2
302554781 0 0
302554776 3182 40
302554772 13 0
302554771 3 0
302554768 7 1
302554766 8 0
302554765 5 0
302554764 11 1
302554763 4 2
302554761 12 4
302554760 1 2
302554758 8 0
302554757 1335 10
302554755 0 0
302554753 0 0
302554752 2 0
302554751 11 58
302554750 1 0
302554749 6 0
302554748 0 0
302554743 7 0
302554742 2 0
302554741 756 17
302554740 2 0
302554739 6 0
302554738 1177 10
302554735 1070 7
302554734 1178 146
302554731 1 2
302554726 4 12
302554723 13 0
302554721 5 0
302554720 2929 31
302554719 786 15
302554718 5 0
302554717 1 0
302554716 1 0
302554715 944 7
302554712 10 2
302554711 5 1
302554709 3 1
302554708 6 1
302554706 1 0
302554705 8 1
302554703 4 0
302554702 27 1
302554700 3 24
302554699 9 1
302554698 867 6
302554696 576 7
302554694 1194 146
302554692 14 5
302554691 7 1
302554688 7 20
302554686 4 1
302554684 4 0
302554683 5 0
302554681 6 0
302554680 6 0
302554679 3 0
302554676 1 0
302554675 0 0
302554673 10 1
302554671 0 0
302554669 6 2
302554667 0 0
302554666 8 0
302554665 8 1
302554663 0 0
302554661 557 31
302554660 0 0
302554659 8 0
302554658 6 0
302554653 3 0
302554652 5810 40
302554651 2580 21
302554650 2 3
302554649 11 1
302554646 3 18
302554645 9 0
302554644 5 0
302554642 422 5
302554641 4 0
302554640 1184 5
302554639 0 4
302554638 0 0
302554637 4 0
302554635 342 3
302554634 12 3
302554633 7 1
302554632 0 0
302554630 0 0
302554629 3 0
302554628 1 3
302554627 1 0
302554626 6 0
302554625 0 0
302554624 7 0
302554622 2968 31
302554621 0 0
302554619 0 0
302554618 7 0
302554615 13 4
302554614 3 35
302554611 0 0
302554609 0 0
302554607 1462 5
302554606 6 0
302554604 2 1
302554602 7 0
302554600 4 0
302554597 1 3
302554596 15 0
302554594 11 1
302554593 15 4
302554592 964 17
302554590 8 0
302554589 3 0
302554586 5 0
302554585 0 0
302554584 2 36
302554583 11 0
302554582 384 3
302554581 0 0
302554580 1 14
302554578 0 0
302554577 1 5
302554576 0 0
302554575 5 0
302554574 2 0
302554572 852 12
302554570 0 0
302554569 0 0
302554568 13 2
302554567 1 1
302554565 0 3
302554564 5 1
302554563 1 0
302554560 0 5
302554559 6 9
302554558 6 0
302554557 13 3
302554556 3521 104
302554553 3 0
302554552 10 0
302554550 3931 68
302554549 4 0
302554546 5 2
302554545 3 51
302554544 2 8
302554541 854 9
302554540 1 0
302554539 1117 5
302554538 5 0
302554537 1 0
302554535 9 1
302554534 7 6
302554533 9 2
302554532 2 2
302554531 4158 57
302554529 3 0
302554528 2 0
302554527 4 0
302554525 4 54
302554524 5 1
302554521 6 0
302554518 5772 101
302554515 7 0
302554514 5 1
302554510 5 0
302554508 1 0
302554506 11 0
302554505 2 1
302554503 3 1
302554502 8 0
302554500 738 4
302554499 1 1
302554498 7 0
302554497 10 0
302554496 1006 9
302554492 10 1
302554490 1 4
302554489 1040 4
302554488 4 0
302554484 4 1
302554483 7 0
302554482 1 3
302554481 11 0
302554480 5 0
302554478 0 1
302554477 8 2
302554476 0 0
302554475 3 1
302554473 1 1
302554471 6 0
302554470 1 0
302554469 8 5
302554468 4 0
302554466 0 0
302554463 5 0
302554462 2 1
302554461 3 1
302554460 14 2
302554459 6 0
302554458 0 0
302554457 4 1
302554456 16 1
302554455 2 3
302554454 9 0
302554452 2 1
302554451 593 7
302554450 14 1
302554448 3 0
302554446 5 1
302554445 9 1
302554444 2 1
302554442 8 0
302554441 11 1
302554440 9 0
302554439 9 0
302554437 4 0
302554436 1 5
302554435 4 1
302554433 11 0
302554432 3 2
302554431 5 0
302554430 6 2
302554429 0 0
302554428 3 0
302554427 5 0
302554426 1 0
302554425 8 0
302554424 1473 15
302554423 8 1
302554420 28 7
302554419 9 0
302554417 10 0
302554416 14 11
302554415 0 0
302554414 1 0
302554413 2 1
302554412 12 3
302554409 1 5
302554408 6654 283
302554407 8 3
302554406 17 29
302554405 9 0
302554404 799 16
302554401 0 0
302554400 6 0
302554399 15 2
302554398 2 1
302554397 0 0
302554396 2 4
302554395 8 0
302554394 3 2
302554393 7 1
302554392 8 0
302554390 4 1
302554389 10 5
302554388 1 1
302554387 17 0
302554386 7 1
302554385 0 0
302554384 4 0
302554383 9 0
302554382 1 0
302554381 2 1
302554380 4 0
302554379 7 1
302554378 0 1
302554377 7 0
302554376 2 1
302554375 7 0
302554374 0 0
302554373 22 0
302554372 0 0
302554371 1 1
302554370 10 1
302554369 4 1
302554368 7 0
302554366 4 0
302554365 2 2
302554364 2 1
302554363 0 0
302554362 4 0
302554361 1 2
302554360 4 0
302554359 0 0
302554357 2 1
302554356 0 0
302554355 2 1
302554354 2 0
302554353 6 0
302554352 0 0
302554351 10 0
302554347 5 0
302554345 10 0
302554343 2 1
302554342 9 0
302554341 1 0
302554340 10 0
302554339 3 0
302554338 0 0
302554337 0 0
302554336 0 0
302554335 15 2
302554334 5 1
302554333 820 4
302554332 1 8
302554330 11 0
302554329 0 7
302554328 9 2
302554326 2 2
302554325 2 1
302554324 5 0
302554323 8 2
302554322 10 2
302554321 7 3
302554320 4 2
302554319 5 0
302554318 1 0
302554317 0 0
302554316 1 0
302554314 0 0
302554313 10 7
302554312 2997 158
302554310 1 1
302554309 16 3
302554308 0 0
302554307 6 1
302554306 1 41
302554304 0 14
302554303 4 1
302554302 2 1
302554301 1 1
302554300 3 0
302554298 4 2
302554295 3 0
302554294 1 15
302554293 0 1
302554292 7 1
302554291 7 0
302554289 1 2
302554287 7 0
302554286 2 1
302554285 8 1
302554284 0 0
302554283 0 2
302554282 5 2
302554281 7 1
302554279 8 1
302554278 1 8
302554277 4 0
302554275 6 1
302554274 0 0
302554273 3 6
302554272 2 0
302554270 3 0
302554269 0 0
302554268 4 0
302554267 0 0
302554266 11 1
302554265 0 0
302554264 8 1
302554263 6 1
302554262 4 0
302554261 2 0
302554259 718 11
302554258 3 1
302554257 1 4
302554256 0 0
302554255 5 2
302554254 0 0
302554253 10 1
302554251 2 1
302554250 1 1
302554249 1 1
302554247 3 1
302554246 1 5
302554243 0 0
302554242 8 1
302554241 4 1
302554240 3 4
302554239 7 1
302554238 4 1
302554237 1 2
302554236 0 0
302554235 0 1
302554233 6 1
302554232 1 1
302554231 1 4
302554230 0 5
302554228 5 0
302554226 1 0
302554225 0 0
302554224 2 4
302554222 2 0
302554221 3 1
302554220 5 0
