303957760 0 0
303957717 0 0
303957716 1 0
303955923 0 0
303955695 0 0
303955675 0 0
303955662 1 0
303953595 1 2
303951160 3 1
303951027 0 0
303950476 6 1
303950461 1 1
303948190 0 1
303942361 4 2
303941916 1 3
303940619 1 0
303939396 4 5
303939363 9 4
303938405 2 4
303938158 0 0
303937677 1 2
303915005 21 5
303914998 13 8
303914997 13 8
303914991 0 5
303914990 0 4
303914968 0 6
303901821 13 7
303898374 12 5
303886775 4 9
303886635 0 1
303883541 8 3
303881486 6 4
303880920 24 6
303873008 10 3
303872985 20 3
303872981 12 6
303872966 2 8
303872907 18 5
303865075 21 6
303864675 2 3
303864668 7 0
303860822 23 4
303860492 13 6
303859405 1 1
303859205 34 11
303858882 21 9
303858829 0 1
303858530 9 5
303858087 18 3
303858080 2 3
303857018 7 13
303856792 18 9
303855027 0 6
303854010 3 0
303853878 22 8
303849902 0 1
303849718 2 0
303849712 0 0
303849235 23 2
303836400 10 3
303835938 1 1
303835482 24 2
303824898 9 3
303824880 21 10
303824878 21 5
303824866 13 4
303824865 14 5
303824863 32 5
303824853 5 3
303824779 16 4
303824757 37 6
303824620 25 6
303824616 39 18
303824553 17 9
303824440 3 1
303824424 11 2
303824371 2 1
303824298 0 0
303824158 33 9
303823957 21 15
303823935 19 8
303823584 25 2
303823582 9 4
303823576 31 5
303823574 53 4
303823570 54 8
303823327 0 0
303815521 6 29
303815479 8 19
303808654 27 15
303805128 25 4
303805126 27 4
303804476 0 0
303804463 40 3
303803841 40 6
303799792 23 12
303799605 2 0
303799207 14 10
303798998 0 1
303798626 0 1
303797761 1 1
303796235 25 6
303796227 37 9
303795493 25 9
303795452 3 3
303791182 2 2
303789156 14 10
303788897 4 2
303786694 6 1
303763491 55 9
303754010 18 12
303753144 1 2
303744987 8 0
303744091 3 1
303742388 10 3
303741417 34 14
303740909 57 8
303737977 0 0
303737614 42 12
303736629 9 35
303735582 68 6
303734970 4 8
303733284 5 3
303732788 59 6
303730904 14 31
303730267 49 19
303726697 5 5
303724789 37 5
303708987 31 29
303707302 14 4
303696473 16 4
303672684 5 6
303670683 6 32
303665245 5 7
303665204 5 0
303664867 19 20
303663814 8 8
303663813 5 7
303663726 2 0
303663399 11 22
303662734 26 7
303661682 0 0
303655858 3 9
303652566 13 13
303642557 1 0
303622667 4 9
303610684 5 8
303608493 6 8
303606213 35 6
303587110 7 0
303586721 2 2
303586340 1 5
303586339 3 0
303583130 0 0
303582939 7 0
303581846 4 3
303579345 0 0
303577665 3 1
303577642 5 0
303539149 1 4
303525907 2 1
303507046 3 0
303507042 1 1
303507035 0 0
303503972 0 0
303499043 2 1
303498098 2 1
303496655 7 4
303495937 22 0
303494097 1 1
303485987 4 5
303469659 8 19
303469652 11 18
303441573 5 13
303412787 5 4
303407149 2 1
303404404 4 0
303383522 2 0
303361644 1 1
303361005 1 0
303324553 1 0
303324552 0 0
303265707 1 2
303265701 2 5
303265699 5 7
303265691 7 9
303265686 9 11
303265685 4 11
303265683 4 1
303265678 1 4
303251302 3 4
303249822 11 7
303246077 1 0
303246025 4 1
303246024 3 6
303246022 3 0
303246021 10 10
303246020 8 58
303243000 13 13
303242771 6 1
303242200 1 1
303234028 2 3
303229280 1 1
303219360 3 5
303217350 13 4
303162748 16 58
303162530 11 2
303158716 1 1
303155388 1 6
303155374 16 12
303122697 3 1
303115937 3 0
303079974 14 5
303079782 0 0
303078496 0 9
303078228 2 2
303076469 22 19
303072629 0 0
303072127 1 0
303070267 7 4
303068713 6 0
303068710 6 0
303064069 1 0
303062574 1 3
303049885 12 5
303021720 5 2
303005436 11 11
302987621 28 3
302987200 0 0
302986817 16 0
302986689 4 1
302986529 0 0
302982524 0 4
302978351 0 6
302964313 4 4
302950315 4 7
302950309 5 4
302950305 4 1
302950301 9 29
302950300 3 0
302934911 0 0
302913600 6 1
302911803 9 35
302893384 2 0
302893380 19 1
302893375 30 2
302892494 24 11
302892484 6 4
302892378 19 7
302883960 9 0
302880907 5 3
302879993 16 4
302879990 3 0
302879830 9 3
302878584 14 11
302877847 4 0
302877775 18 1
302871320 0 0
302851419 5 2
302844352 15 0
302843426 2 1
302841242 7 1
302832057 9 4
302828401 6 0
302828379 6 6
302819013 0 0
302819012 3 3
302818249 7 5
302818183 6 1
302818174 1 2
302817608 12 13
302817501 0 0
302817457 2 0
302817438 0 4
302816452 10 0
302816447 6 3
302816439 4 3
302812535 5 10
302812134 7 9
302811996 13 3
302811748 4 0
302811671 0 1
302810871 13 3
302809935 17 7
302808154 6 5
302807230 10 3
302806446 0 0
302804804 1 0
302804294 10 4
302802244 8 4
302797177 11 16
302796796 0 0
302775336 16 7
302763530 12 9
302762960 6 0
302745026 1 0
302731575 8 1
302731442 6 0
302731386 7 0
302730885 2 0
302730715 3 6
302730639 7 11
302730336 6 4
302729612 0 1
302729511 3 0
302729348 11 9
302729177 9 5
302729167 7 1
302729158 0 2
302728886 14 1
302727892 3 4
302727329 1 15
302727201 5 4
302726512 8 7
302726157 3 3
302726154 2 0
302725044 4 22
302724928 3 0
302724775 3 0
302724773 6 5
302723951 2 0
302723641 7 1
302722295 0 0
302720889 22 4
302720721 0 0
302720471 2 0
302720464 18 1
302719841 0 0
302719444 5 5
302719096 4 4
302705991 3 6
302688302 4 5
302686911 7 3
302686894 20 4
302680879 13 1
302662875 0 0
302645261 4 0
302645246 4 1
302645244 9 8
302643721 22 0
302643695 1 0
302641778 2 0
302641093 6 0
302640715 11 4
302639129 2 2
302639075 5 6
302639074 4 4
302638459 9 1
302637505 5 12
302637352 13 17
302637333 19 34
302636894 12 52
302636879 4 25
302636089 1 4
302635986 0 0
302635781 2 5
302610255 0 0
302597185 14 5
302584863 6 3
302584706 3 5
302583527 11 5
302583512 1 2
302580517 10 2
302571377 1 44
302570557 2 0
302570554 3 1
302570440 2 5
302570201 17 1
302569703 36 7
302569534 11 5
302569409 2 1
302569407 1 0
302569404 1 0
302567196 0 0
302567195 16 2
302567193 14 2
302567189 6 1
302567027 5 10
302567023 15 8
302566416 6 6
302566235 18 0
302566214 2 0
302566041 0 0
302565979 4 5
302565890 26 3
302565414 11 16
302565315 23 2
302565313 2 4
302565250 11 6
302564763 8 7
302564736 6 3
302564724 12 4
302564644 1 7
302564502 21 9
302563737 15 5
302563701 2 3
302561477 2 6
302561473 9 2
302561462 5 11
302561452 10 5
302561399 7 2
302561286 7 7
302560925 14 13
302559051 2 0
302557567 17 15
302557180 6 9
302555777 8 1
302555281 0 1
302553108 2 7
302552311 7 16
302551393 5 2
302550520 0 0
302547911 1 1
302546127 2 9
302533952 0 1
302533467 6 3
302523824 13 1
302523162 8 0
302522234 26 7
302508032 0 0
302505474 13 9
302504596 10 2
302497929 11 1
302497832 2 0
302497655 0 0
302497451 0 0
302497427 7 0
302496741 9 1
302496710 0 0
302496546 3 8
302496382 0 0
302496348 7 5
302496347 15 4
302496345 9 2
302496121 3 1
302495532 0 0
302495286 2 2
302495263 6 1
302495248 1 3
302494396 3 5
302494173 7 5
302494154 11 3
302492165 0 0
302491501 6 4
302491397 5 0
302491383 4 0
302491269 11 0
302491078 6 1
302491064 2 0
302490646 11 1
302490642 7 11
302490606 2 0
302490576 10 5
302490555 8 4
302490368 6 9
302490315 2 2
302490188 7 6
302490184 5 9
302490177 3 3
302490166 14 1
302490153 13 4
302490057 3 2
302489687 38 42
302489650 14 27
302489073 3 1
302488936 2 30
302488623 5 2
302488390 9 0
302488033 6 6
302487530 7 3
302487517 24 7
302486912 3 2
302485686 0 0
302485683 0 0
302483691 5 3
302477208 1 0
302477206 1 0
302474860 7 23
302453231 24 8
302443119 6 1
302436226 21 8
302430542 3 7
302426570 5 1
302426069 0 0
302412773 9 3
302412523 2 7
302412520 12 5
302412518 7 8
302412517 5 7
302412377 5 6
302412367 12 3
302412075 15 2
302411794 1 0
302411740 0 1
302411101 2 1
302410235 0 1
302410155 13 7
302409919 4 1
302409918 1 1
302409916 4 1
302409910 3 0
302409331 6 9
302409323 21 10
302409307 3 1
302408995 10 4
302408786 0 0
302408037 36 14
302407503 7 5
302406650 10 5
302406626 0 0
302406118 8 6
302404251 7 12
302404218 5 7
302404027 10 3
302404023 6 2
302404021 1 0
302403683 9 13
302403611 2 0
302403472 0 0
302403354 3 4
302403127 1 9
302402982 7 2
302402968 13 10
302402964 13 2
302402900 0 0
302402713 0 0
302402563 25 0
302402186 10 4
302401931 10 1
302401927 18 5
302401917 8 4
302401911 6 0
302401904 30 26
302401856 2 0
302401786 44 53
302401766 4 35
302401762 3 8
302401628 20 5
302401584 0 0
302401411 9 1
302401087 0 0
302401056 0 0
302400813 0 0
302400810 14 0
302400808 1 1
302400218 10 4
302400212 10 3
302400198 1 0
302400152 3 2
302400133 9 2
302400068 0 0
302400041 14 7
302400026 0 0
302399982 6 2
302399935 18 22
302399771 0 0
302399394 5 2
302399379 3 0
302399377 9 1
302399024 14 3
302398931 4 1
302398596 4 2
302397975 41 5
302397654 21 20
302397125 4 2
302395439 6 5
302395205 3 2
302394647 3 1
302393330 0 0
302391503 10 0
302390774 22 6
302389449 3 3
302389440 18 3
302389436 17 14
302389427 15 7
302389085 14 7
302389001 25 5
302388684 3 56
302385561 16 5
302385553 2 1
302385544 20 1
302384209 5 4
302382592 17 4
302362372 11 5
302348100 1 0
302346304 15 2
302344154 3 2
302343601 4 1
302343587 31 9
302343581 8 1
302343093 5 4
302341630 19 2
302334388 7 4
302331216 16 1
302331157 13 8
302331138 13 3
302330459 3 1
302330160 21 0
302329971 4 0
302328550 0 0
302328546 0 0
302328205 4 2
302319817 3 0
302316861 8 0
302316852 0 5
302316279 0 0
302316229 0 0
302316224 1 2
302316219 9 4
302316210 5 5
302316159 8 3
302316129 4 2
302316125 17 21
302316059 11 0
302316008 25 4
302315965 13 2
302315500 7 5
302315496 7 1
302315297 0 0
302315285 9 5
302314752 2 1
302314676 9 0
302314669 31 51
302314171 7 6
302314155 14 2
302314147 8 0
302314086 11 3
302314019 6 2
302313991 9 1
302313946 27 4
302313733 20 78
302313697 17 0
302313542 33 7
302313477 0 0
302313300 7 6
302313207 29 15
302313158 0 0
302313099 0 0
302312986 11 0
302312738 13 4
302311592 7 0
302311398 13 4
302311277 14 2
302310973 6 17
302310773 18 8
302310759 0 4
302310749 11 4
302310634 1 0
302310575 0 0
302310354 0 0
302310227 14 1
302310020 8 1
302309999 0 0
302309935 7 0
302309934 14 24
302309932 7 3
302309663 0 0
302309083 21 1
302308961 12 3
302308540 11 8
302308376 0 1
302308359 12 4
302308350 8 0
302308315 1 1
302308309 1 0
302308278 0 0
302308275 1 0
302308015 1 0
302307971 4 1
302307967 0 1
302307938 1 0
302307898 1 0
302307704 53 9
302307698 10 2
302307693 3 3
302307584 18 3
302307518 16 14
302307512 12 2
302307365 1 0
302307215 53 3
302307065 24 9
302306858 18 1
302306742 10 13
302306721 0 1
302306719 6 1
302306630 21 16
302306626 10 2
302306606 9 2
302306433 19 3
302306409 7 1
302306280 10 23
302306262 5 0
302306247 39 3
302306180 1 1
302306175 32 5
302305966 14 31
302305933 37 9
302305778 4 8
302305764 1 1
302305754 2 1
302305753 18 4
302305723 20 20
302305701 12 0
302305253 1 0
302304797 0 1
302304773 0 0
302304616 10 3
302304497 0 0
302304491 5 1
302304362 5 0
302304313 19 35
302303942 33 4
302303774 3 0
302303357 8 0
302303333 0 0
302303117 0 1
302303113 8 0
302302841 15 3
302300688 19 2
302300373 11 33
302300324 9 5
302298150 22 10
302294575 11 25
302292729 23 18
302292085 18 20
302289409 1 0
302278565 15 37
302278259 15 36
302278251 7 27
302278149 0 0
302277650 0 0
302277632 6 1
302277575 1 1
302277300 0 2
302277240 16 0
302276972 8 0
302276678 17 38
302276307 1 0
302276303 1 0
302275878 4 1
302275871 7 1
302275724 20 62
302275711 25 7
302275398 23 7
302274256 14 0
302273311 3 23
302273007 38 4
302272744 5 8
302272173 8 0
302272099 0 0
302270151 3 1
302266446 11 0
302266351 1 0
302266256 9 0
302265910 7 6
302265640 11 4
302265507 7 1
302265127 16 1
302264974 27 3
302264689 3 9
302264565 20 3
302264557 10 29
302264431 6 1
302264011 26 2
302259483 14 1
302259451 6 1
302257315 10 2
302257307 10 3
302257208 32 6
302251558 5 3
302251549 6 1
302251543 15 2
302251497 11 42
302251314 5 1
302251311 7 0
302251308 7 1
302251304 20 2
302251300 17 7
302251299 26 8
302251296 2 15
302251294 14 0
302251293 7 4
302251241 12 14
302251187 3 2
302251160 2 5
302251159 2 0
302251038 8 2
302251025 31 19
302250876 12 4
302250690 16 5
302250687 15 3
302250581 14 0
302250433 7 3
302250384 9 3
302250243 5 3
302249969 5 1
302249918 7 0
302249844 7 0
302249799 30 5
302249796 3 0
302249786 18 2
302249745 34 21
302249579 6 5
302249310 2 1
302249269 5 1
302249163 9 2
302249027 6 6
302248913 2 0
302248782 2 0
302248719 16 0
302248637 0 1
302248230 4 27
302248131 0 2
302248128 7 19
302248066 13 0
302247853 13 38
302247820 0 0
302247757 41 5
302247688 11 5
302247681 7 5
302247672 16 5
302247664 4 10
302247625 11 7
302247554 7 1
302247418 12 2
302247403 1 8
302247154 6 3
302247093 17 2
302247029 3 0
302247020 27 8
302246949 23 0
302246948 3 4
302246895 3 1
302246249 15 7
302245130 0 0
302244331 8 3
302241032 1 1
302238826 4 0
302238807 3 30
302238805 1 1
302238789 5 9
302238761 0 0
302238693 2 2
302238689 1 2
302238687 0 0
302238685 2 0
302238677 5 2
302238671 5 0
302238655 5 3
302238652 7 5
302238646 16 2
302238634 2 8
302238624 17 1
302238619 9 46
302238605 13 4
302238604 1 4
302238599 1 3
302238598 6 39
302238588 8 8
302238564 0 0
302238525 6 2
302238518 8 40
302238514 0 0
302238506 1 0
302238503 6 6
302238493 2 2
302238489 6 13
302238469 4 3
302238461 2 2
302238426 3 4
302238393 12 3
302238370 1 0
302238367 8 0
302238366 6 1
302238365 5 1
302238364 5 2
302238360 2 0
302238329 20 6
302238306 6 1
302238297 2 3
302238289 17 2
302238287 0 0
302238283 7 52
302238254 0 0
302238237 0 0
302238230 12 1
302238226 8 1
302238223 18 1
302238215 2 1
302238213 8 9
302238211 10 9
302238210 12 0
302238189 3 3
302238164 1 0
302238159 10 34
302238157 1 0
302238126 3 0
302238118 5 2
302238101 3 3
302238090 6 7
302238085 5 9
302238065 0 0
302238035 7 0
302238012 2 0
302237970 4 1
302237959 5 0
302237954 3 0
302237944 3 2
302237943 9 4
302237938 4 1
302237930 11 3
302237929 2 0
302237928 9 7
302237926 5 8
302237910 1 16
302237872 8 1
302237871 11 0
302237867 1 4
302237863 1 2
302237828 1 1
302237726 8 2
302237724 25 7
302237707 3 2
302237670 0 3
302237535 5 3
302237528 4 1
302237523 15 7
302237439 54 13
302237427 18 7
302237425 4 0
302237411 5 4
302237366 16 1
302237343 11 34
302237321 0 0
302237302 7 0
302237281 23 3
302237268 1 0
302237188 12 39
302237176 17 6
302237173 13 9
302237119 12 9
302237105 3 4
302237102 6 1
302237100 2 0
302237092 8 2
302237086 12 5
302237083 7 28
302237071 18 32
302237012 35 0
302236979 16 1
302236973 5 0
302236961 18 3
302236960 1 0
302236947 2 2
302236915 6 0
302236899 3 0
302236863 7 2
302236860 11 6
302236854 5 0
302236846 2 0
302236840 9 2
302236836 13 8
302236835 8 5
302236831 35 14
302236825 34 0
302236820 11 0
302236800 7 0
302236781 3 1
302236777 1 2
302236776 1 2
302236775 12 0
302236710 33 31
302236665 6 3
302236660 6 8
302236658 12 18
302236656 18 16
302236637 8 12
302236607 5 2
302236604 0 0
302236598 12 5
302236595 33 4
302236565 3 1
302236549 0 0
302236515 7 3
302236512 7 2
302236503 7 5
302236496 2 6
302236489 2 0
302236430 21 9
302236413 16 13
302236411 6 2
302236406 18 10
302236392 7 5
302236386 18 0
302236341 0 3
302236338 0 0
302236327 4 0
302236326 5 6
302236307 4 2
302236285 7 12
302236217 1 6
302236216 27 29
302236184 1 0
302236126 10 8
302236112 3 0
302236110 3 0
302236104 13 15
302236103 2 17
302236098 20 16
302236092 16 4
302236075 13 4
302236055 6 0
302236050 45 18
302236033 0 0
302236031 3 1
302236025 22 36
302235999 2 27
302235989 11 44
302235987 1 29
302235983 15 25
302235960 14 45
302235943 0 0
302235940 17 33
302235930 32 11
302235923 60 25
302235915 9 24
302235914 44 0
302235904 33 24
302235900 3 1
302235896 1 0
302235886 28 17
302235882 37 8
302235877 11 16
302235847 1 0
302235833 2 2
302235783 4 1
302235782 0 1
302235761 14 3
302235759 26 14
302235741 40 21
302235736 14 5
302235731 21 10
302235531 6 2
302235492 26 34
302235454 2 2
302235451 0 0
302235417 4 2
302235412 16 52
302235359 5 1
302235215 0 6
302235139 17 0
302235120 2 7
302235112 18 2
302235092 4 0
302235057 8 4
302235030 11 3
302235024 16 13
302234948 7 6
302234947 5 2
302234944 4 10
302234907 33 7
302234892 11 9
302234813 4 1
302234780 7 2
302234753 16 14
302234729 4 2
302234726 50 8
302234722 15 0
302234582 15 9
302234575 40 44
302234563 9 8
302234546 9 3
302234480 15 12
302234459 11 53
302234456 7 11
302234449 11 37
302234410 7 4
302234313 1 1
302234138 3 0
302234131 11 8
302233989 2 1
302233916 14 3
302233896 4 29
302233884 16 13
302233809 13 0
302233768 22 2
302233757 7 3
302233551 13 5
302233514 37 9
302233397 7 5
302233066 11 30
302233044 6 7
302233041 0 2
302233034 3 14
302233032 1 6
302233030 10 8
302233029 1 2
302233023 4 38
302233012 0 0
302233007 4 48
302233002 21 12
302232998 1 2
302232997 6 33
302232982 40 1
302232980 8 35
302232960 4 2
302232951 7 6
302232948 21 9
302232943 19 8
302232933 10 9
302232913 3 1
302232910 14 19
302232909 9 41
302232903 1 2
302232901 23 9
302232890 10 3
302232844 0 0
302232829 13 10
302232811 3 1
302232793 0 0
302232784 13 15
302232781 1 0
302232779 2 1
302232776 8 0
302232772 0 5
302232765 9 19
302232762 3 7
302232758 1 0
302232755 3 39
302232717 3 16
302232705 8 29
302232699 2 0
302232694 0 0
302232689 3 19
302232670 17 7
302232669 10 7
302232668 5 7
302232658 6 16
302232654 5 15
302232649 2 1
302232633 1 1
302232617 6 0
302232614 0 0
302232600 5 0
302232591 12 29
302232590 4 9
302232585 0 0
302232580 12 0
302232579 1 2
302232576 1 2
302232550 15 15
302232538 1 0
302232527 0 0
302232514 0 0
302232479 5 2
302232461 5 14
302232457 4 2
302232453 4 7
302232426 41 6
302232425 2 0
302232419 8 1
302232416 26 10
302232413 11 7
302232412 0 0
302232407 1 0
302232406 7 2
302232387 7 6
302232386 3 7
302232383 0 0
302232374 0 1
302232364 6 7
302232363 0 0
302232329 5 2
302232320 16 2
302232317 1 0
302232311 16 14
302232309 0 0
302232298 10 8
302232291 0 3
302232289 20 2
302232287 2 11
302232284 6 11
302232281 4 19
302232262 2 16
302232249 5 1
302232246 9 8
302232239 8 7
302232217 20 8
302232215 3 12
302232213 7 7
302232211 14 3
302232210 6 0
302232206 0 2
302232201 12 3
302232194 21 8
302232188 9 11
302232184 15 15
302232183 1 3
302232181 3 13
302232178 21 1
302232176 0 0
302232172 13 17
302232168 13 11
302232167 6 16
302232149 1 1
302232146 27 25
302232133 6 25
302232130 1 0
302232124 16 2
302232115 3 3
302232110 4 4
302232109 0 0
302232107 13 6
302232099 1 1
302232098 0 23
302232097 1 2
302232092 1 5
302232088 3 5
302232082 3 2
302232078 2 0
302232075 16 7
302232071 13 4
302232059 2 6
302232057 2 17
302232038 17 3
302232018 7 1
302232016 4 2
302232011 9 0
302232004 2 1
302232001 6 1
302231991 6 2
302231978 4 2
302231968 11 0
302231953 0 0
302231947 0 0
302231940 1 5
302231937 2 0
302231909 18 22
302231905 3 16
302231904 26 3
302231880 7 1
302231878 4 0
302231874 13 12
302231872 0 1
302231866 5 1
302231863 6 0
302231861 7 31
302231859 28 11
302231857 19 6
302231856 22 9
302231855 25 22
302231853 0 0
302231851 9 7
302231844 4 14
302231839 3 0
302231838 15 30
302231829 1 0
302231828 12 3
302231826 6 28
302231825 11 10
302231823 10 0
302231802 21 11
302231801 4 20
302231800 4 24
302231797 12 7
302231796 26 7
302231794 22 13
302231793 10 34
302231792 12 34
302231790 0 0
302231786 21 25
302231783 30 0
302231782 27 6
302231781 30 9
302231779 51 16
302231777 17 7
302231769 13 0
302231765 12 17
302231756 24 7
302231739 18 35
302231738 0 0
302231736 22 8
302231732 5 8
302231729 11 3
302231728 0 0
302231724 7 11
302231723 19 1
302231718 0 0
302231716 0 0
302231714 30 15
302231712 2 0
302231704 18 0
302231688 4 3
302231679 1 0
302231670 5 6
302231667 0 0
302231666 10 38
302231662 0 0
302231654 30 8
302231644 9 2
302231641 11 3
302231624 0 0
302231620 10 38
302231619 3 0
302231617 0 0
302231615 4 0
302231613 13 4
302231611 9 1
302231610 5 21
302231609 15 1
302231608 14 2
302231606 4 4
302231605 12 37
302231604 23 23
302231602 0 0
302231598 7 21
302231597 0 0
302231592 18 6
302231588 23 5
302231581 6 12
302231578 25 5
302231567 16 1
302231565 30 1
302231546 9 3
302231544 3 2
302231542 6 29
302231540 0 0
302231539 2 14
302231537 0 0
302231533 0 0
302231531 6 14
302231527 16 6
302231525 0 0
302231524 0 0
302231519 9 0
302231518 6 1
302231515 11 9
302231513 7 14
302231511 0 0
302231510 4 22
302231505 5 8
302231504 9 10
302231503 0 0
302231502 0 1
302231498 3 2
302231495 0 2
302231494 22 5
302231493 6 17
302231492 34 1
302231489 19 4
302231488 7 2
302231485 2 9
302231484 20 6
302231483 0 0
302231480 15 4
302231477 0 1
302231476 1 0
302231461 9 3
302231457 19 13
302231456 10 0
302231450 31 4
302231440 18 15
302231438 8 11
302231432 57 13
302231428 1 0
302231425 0 1
302231423 33 38
302231418 5 0
302231417 0 2
302231413 20 1
302231403 11 12
302231399 9 0
302231396 6 5
302231394 4 3
302231393 3 1
302231392 7 0
302231391 10 0
302231387 1 1
302231381 0 0
302231365 1 0
302231362 0 0
302231338 4 8
302231335 20 37
302231330 24 45
302231322 25 23
302231320 943 149
302231313 1 0
302231301 5 1
302231288 19 5
302231282 28 12
302231276 9 5
302231265 5 0
302231254 0 0
302231253 0 0
302231247 9 1
302231240 0 0
302231237 11 21
302231236 5 12
302231228 15 0
302231215 28 2
302231210 8 8
302231203 11 2
302231202 25 4
302231194 2 2
302231192 2 2
302231189 30 13
302231188 9 3
302231184 25 2
302231181 35 12
302231180 5 22
302231174 9 2
302231173 0 0
302231168 0 0
302231167 4 4
302231152 2 1
302231148 22 18
302231143 17 6
302231137 20 5
302231131 17 11
302231129 0 0
302231126 4 0
302231122 7 2
302231119 20 21
302231116 18 18
302231105 8 2
302231103 11 5
302231102 17 10
302231099 4 0
302231095 18 18
302231094 16 16
302231093 7 3
302231087 9 0
302231085 1 0
302231084 5 1
302231080 3 1
302231078 8 7
302231075 6 10
302231074 20 2
302231071 2 0
302231070 7 6
302231067 0 0
302231066 7 6
302231065 7 0
302231062 23 7
302231059 10 4
302231057 6 18
302231054 14 18
302231053 13 19
302231052 0 0
302231051 26 6
302231050 0 0
302231049 18 4
302231046 0 0
302231045 4 1
302231041 16 17
302231039 22 29
302231035 31 4
302231030 2 0
302231028 36 37
302231026 4 13
302231019 15 13
302231018 16 32
302231003 3 9
302231001 11 1
302230997 0 0
302230994 2 8
302230991 13 1
302230982 22 12
302230981 9 17
302230969 5 2
302230962 0 0
302230960 0 1
302230959 12 3
302230958 0 0
302230953 0 10
302230948 0 0
302230935 0 0
302230926 9 0
302230920 18 2
302230916 6 2
302230915 1 1
302230913 21 48
302230912 5 13
302230911 7 0
302230910 0 0
302230908 0 0
302230906 1 24
302230902 8 1
302230897 13 25
302230896 4 1
302230893 9 6
302230888 3 4
302230884 0 0
302230883 2 0
302230879 21 25
302230878 12 0
302230874 4 0
302230870 3 2
302230867 27 10
302230861 1 7
302230857 0 1
302230854 15 3
302230853 2 0
302230852 5 0
302230846 17 15
302230845 0 0
302230842 12 3
302230834 4 9
302230828 29 8
302230825 23 12
302230824 8 1
302230822 0 0
302230814 13 9
302230811 1 1
302230803 17 1
302230792 0 0
302230783 17 4
302230781 6 29
302230771 8 4
302230770 9 34
302230738 2 0
302230737 9 2
302230732 7 1
302230726 14 5
302230721 0 1
302230717 14 7
302230715 6 3
302230713 47 18
302230712 10 1
302230711 0 0
302230709 5 0
302230707 0 1
302230705 0 0
302230695 0 0
302230690 16 11
302230685 18 12
302230684 1 5
302230683 10 0
302230680 7 14
302230679 8 3
302230676 22 8
302230671 0 0
302230668 4 13
302230663 9 24
302230661 16 3
302230660 3 1
302230659 7 20
302230656 6 4
302230653 12 6
302230650 9 5
302230647 3 1
302230646 17 5
302230645 6 4
302230642 2 2
302230639 5 20
302230637 26 1
302230636 66 54
302230633 12 21
302230630 8 3
302230629 13 0
302230628 17 8
302230627 1 0
302230625 13 11
302230623 6 6
302230617 1 0
302230616 16 17
302230613 1 2
302230610 33 22
302230609 2 2
302230596 3 2
302230595 3 1
302230594 9 1
302230592 12 10
302230590 1 0
302230589 19 3
302230581 2 6
302230576 5 1
302230575 1 0
302230574 0 0
302230565 17 4
302230563 7 2
302230556 0 1
302230555 34 31
302230553 20 4
302230550 19 57
302230549 7 0
302230546 2 1
302230544 25 13
302230542 0 0
302230541 13 4
302230537 5 2
302230535 2 7
302230531 3 29
302230530 23 32
302230526 4 2
302230525 6 4
302230519 0 0
302230517 1 0
302230515 1 5
302230512 2 4
302230504 15 5
302230502 0 0
302230501 4 3
302230499 0 0
302230495 2 5
302230489 8 8
302230485 0 0
302230484 3 0
302230483 2 1
302230482 7 2
302230476 7 8
302230474 10 8
302230473 18 10
302230468 4 7
302230465 3 2
302230462 7 0
302230457 3 2
302230455 19 6
302230444 16 1
302230437 18 3
302230431 11 16
302230428 12 46
302230427 10 1
302230425 10 9
302230421 9 6
302230414 1 1
302230413 8 3
302230405 5 1
302230398 3 11
302230396 2 0
302230394 1 0
302230390 21 3
302230383 7 3
302230380 25 19
302230377 30 11
302230376 3 0
302230375 9 20
302230373 7 0
302230370 25 3
302230366 0 2
302230364 19 18
302230359 7 4
302230354 8 3
302230352 4 0
302230350 24 6
302230343 0 1
302230340 4 6
302230338 2 13
302230336 11 21
302230330 21 30
302230327 0 0
302230326 12 7
302230325 2 1
302230324 2 13
302230323 5 7
302230320 1 10
302230318 13 14
302230317 7 1
302230313 3 0
302230312 3 3
302230311 8 8
302230307 21 51
302230306 0 1
302230304 3 1
302230294 17 36
302230291 6 4
302230285 14 3
302230282 2 4
302230281 5 10
302230278 6 0
302230277 18 1
302230275 1 0
302230274 6 1
302230271 18 16
302230270 9 1
302230268 15 5
302230260 1 0
302230258 0 0
302230246 6 0
302230244 10 0
302230239 2 8
302230225 4 1
302230223 6 3
302230221 0 0
302230220 0 0
302230213 6 0
302230212 12 1
302230207 3 1
302230203 52 5
302230202 2 0
302230196 18 4
302230195 4 1
302230192 2 0
302230189 24 2
302230188 17 3
302230187 17 5
302230185 10 15
302230184 8 9
302230178 7 5
302230177 20 3
302230171 50 38
302230166 8 2
302230164 0 0
302230162 8 8
302230159 5 0
302230157 32 0
302230156 15 3
302230155 11 9
302230152 17 19
302230150 9 5
302230146 0 1
302230145 0 0
302230144 16 8
302230138 0 0
302230136 8 2
302230134 10 7
302230133 15 34
302230130 1 3
302230129 1 2
302230128 3 0
302230122 11 1
302230121 18 2
302230120 10 11
302230118 16 7
302230113 13 16
302230112 11 15
302230101 15 7
302230100 11 4
302230099 10 0
302230098 0 2
302230097 15 20
302230096 0 1
302230092 0 0
302230090 16 12
302230089 6 7
302230088 1 2
302230077 2 0
302230075 2 3
302230070 12 5
302230066 0 4
302230065 1 1
302230064 7 8
302230062 5 0
302230060 7 6
302230059 1 2
302230057 4 4
302230056 0 2
302230055 0 2
302230052 15 4
302230050 0 3
302230049 5 27
302230046 0 3
302230044 25 3
302230038 17 22
302230035 3 0
302230034 20 20
302230033 1 17
302230030 47 12
302230029 6 18
302230028 12 46
302230027 0 0
302230026 23 14
302230021 13 30
302230020 12 6
302230018 13 10
302230015 9 12
302230013 6 1
302230009 0 0
302230007 9 8
302230006 1 2
302230001 2 15
302230000 15 0
302229999 367 60
302229995 6 4
302229994 1 1
302229993 26 33
302229990 1 0
302229989 0 0
302229986 8 30
302229981 4 1
302229978 9 2
302229974 25 31
302229971 11 3
302229966 6 12
302229964 0 0
302229963 8 1
302229962 0 2
302229960 1 0
302229955 12 2
302229954 0 5
302229948 0 0
302229940 2 15
302229932 24 7
302229930 36 4
302229925 43 10
302229922 0 0
302229917 0 0
302229914 11 21
302229912 0 1
302229910 8 4
302229908 10 9
302229906 0 0
302229904 6 0
302229903 5 5
302229901 1 4
302229900 22 21
302229899 0 0
302229897 5 10
302229896 13 5
302229895 8 3
302229894 0 6
302229893 18 22
302229892 11 24
302229890 7 23
302229886 19 7
302229885 0 0
302229881 5 11
302229871 9 25
302229870 4 0
302229868 4 2
302229865 12 18
302229860 0 3
302229856 20 6
302229855 2 6
302229854 9 26
302229846 11 18
302229845 8 6
302229844 22 1
302229843 0 0
302229841 0 0
302229837 0 2
302229835 0 1
302229831 3 31
302229830 19 14
302229829 17 6
302229827 4 1
302229822 12 26
302229821 1 2
302229819 12 21
302229815 19 14
302229813 11 0
302229811 9 0
302229809 1 0
302229808 6 0
302229805 1 0
302229801 0 2
302229797 12 9
302229796 2 1
302229793 7 164
302229785 22 10
302229778 1 1
302229776 1 1
302229773 14 10
302229771 16 16
302229767 36 9
302229766 4 19
302229765 7 20
302229764 6 0
302229761 11 16
302229760 7 12
302229751 25 8
302229750 2 3
302229749 2 2
302229748 6 10
302229747 1 4
302229743 11 18
302229742 1 2
302229740 4 1
302229739 9 19
302229735 9 20
302229734 8 20
302229732 1 22
302229726 16 27
302229723 8 5
302229722 3 9
302229719 1 0
302229718 17 13
302229712 32 17
302229708 0 15
302229707 2 1
302229703 18 9
302229702 22 10
302229686 1 13
302229683 5 2
302229681 12 11
302229677 659 71
302229676 15 4
302229673 0 1
302229671 4 7
302229670 7 1
302229668 9 6
302229662 24 6
302229655 3 0
302229646 20 8
302229637 10 0
302229633 4 1
302229632 15 5
302229630 8 4
302229629 11 23
302229628 21 13
302229624 14 62
302229617 15 1
302229614 8 25
302229611 0 0
302229610 21 3
302229605 0 0
302229603 6 2
302229602 16 4
302229591 7 1
302229587 30 14
302229577 11 5
302229572 30 16
302229570 6 16
302229568 13 7
302229566 0 1
302229558 0 0
302229557 13 5
302229550 36 5
302229546 13 16
302229541 24 3
302229540 28 29
302229539 12 11
302229537 9 8
302229532 13 5
302229531 0 0
302229530 5 10
302229525 5 0
302229520 1 0
302229512 13 21
302229509 3 1
302229507 6 1
302229497 8 2
302229496 12 12
302229495 0 2
302229494 3 0
302229491 0 0
302229488 18 1
302229480 1 1
302229479 53 4
302229474 9 8
302229473 2 2
302229472 9 4
302229470 10 14
302229468 5 5
302229466 5 6
302229462 8 34
302229460 18 35
302229459 4 29
302229458 9 91
302229456 0 1
302229455 0 1
302229454 14 47
302229452 10 39
302229450 26 31
302229449 15 4
302229448 7 20
302229446 33 8
302229445 0 21
302229444 8 12
302229443 16 4
302229438 12 13
302229437 0 0
302229436 13 8
302229434 45 11
302229433 3 5
302229432 14 56
302229430 46 8
302229429 13 10
302229428 3 5
302229425 6 19
302229424 133 14
302229422 0 0
302229421 36 12
302229420 20 23
302229415 13 7
302229412 28 1
302229408 2 1
302229406 0 0
302229405 4 11
302229404 19 5
302229403 5 6
302229400 4 2
302229398 5 4
302229393 11 8
302229390 5 6
302229389 0 0
302229387 14 6
302229386 0 0
302229385 12 1
302229379 1 20
302229378 11 1
302229377 1 0
302229376 3 0
302229374 26 34
302229373 0 0
302229371 25 2
302229370 5 2
302229368 0 0
302229367 5 1
302229365 27 3
302229364 7 4
302229363 12 2
302229357 0 1
302229354 2 12
302229350 0 0
302229346 11 1
302229345 7 4
302229343 0 0
302229342 26 45
302229341 0 1
302229339 20 1
302229338 42 17
302229337 3 4
302229336 22 6
302229334 0 0
302229333 13 5
302229332 10 6
302229330 12 1
302229329 13 2
302229328 0 0
302229326 3 1
302229325 2 1
302229323 2 0
302229322 1 0
302229321 4 15
302229319 5 4
302229316 0 1
302229314 4 4
302229311 2 0
302229307 3 2
302229306 14 6
302229303 6 5
302229301 1 0
302229300 2 1
302229298 7 4
302229295 11 4
302229291 5 6
302229290 18 20
302229288 16 18
302229286 8 1
302229284 22 39
302229280 14 24
302229278 13 1
302229277 1 0
302229271 0 2
302229267 1 1
302229266 6 2
302229262 17 9
302229260 0 0
302229257 7 5
302229256 17 19
302229251 2 0
302229250 9 12
302229248 9 4
302229247 29 5
302229245 0 3
302229243 8 23
302229241 20 5
302229240 13 11
302229237 19 23
302229233 1 1
302229228 17 20
302229216 7 25
302229214 2 3
302229208 7 7
302229207 12 32
302229206 23 11
302229205 3 3
302229203 0 1
302229202 0 1
302229194 10 0
302229190 6 9
302229189 12 20
302229187 22 26
302229186 13 1
302229184 9 21
302229183 4 3
302229176 35 15
302229173 6 8
302229172 0 0
302229165 0 0
302229163 33 19
302229160 21 6
302229156 5 4
302229155 12 11
302229153 0 1
302229152 1 0
302229150 0 0
302229149 0 0
302229148 24 11
302229142 4 2
302229139 8 1
302229135 12 6
302229133 1 0
302229132 1 3
302229127 1 5
302229122 24 11
302229121 12 3
302229120 5 1
302229119 0 0
302229118 25 13
302229114 0 0
302229111 6 20
302229108 1 0
302229106 4 33
302229104 7 5
302229102 0 0
302229098 4 1
302229097 13 10
302229093 9 1
302229092 7 2
302229088 1 0
302229087 0 5
302229082 29 16
302229075 0 0
302229066 1 1
302229060 1 1
302229054 26 33
302229046 5 16
302229045 25 13
302229041 0 1
302229038 22 11
302229036 3 4
302229029 0 1
302229025 0 0
302229024 2 0
302229021 0 1
302229016 1 2
302229014 13 19
302229013 0 1
302228998 13 4
302228992 2 1
302228989 30 15
302228983 10 3
302228977 0 0
302228976 0 4
302228974 17 8
302228969 6 5
302228967 1 2
302228960 4 3
302228956 22 11
302228950 4 21
302228949 28 3
302228946 1 2
302228944 3 2
302228940 0 0
302228930 12 1
302228921 6 5
302228920 4 0
302228910 14 4
302228908 8 21
302228902 6 37
302228900 1 0
302228897 30 0
302228892 0 0
302228890 11 19
302228889 16 3
302228886 21 10
302228885 0 1
302228884 0 1
302228883 20 12
302228882 14 3
302228881 13 2
302228880 0 1
302228879 4 1
302228877 9 1
302228876 0 1
302228875 3 1
302228874 1 0
302228872 6 0
302228870 0 1
302228864 6 37
302228863 15 11
302228862 16 32
302228860 5 7
302228857 8 3
302228856 7 3
302228855 29 11
302228853 32 9
302228851 5 1
302228849 0 0
302228847 11 0
302228844 8 0
302228840 8 20
302228838 4 1
302228836 11 1
302228832 6 19
302228829 5 1
302228828 1 0
302228826 0 0
302228824 0 0
302228823 2 0
302228817 1 1
302228816 0 1
302228811 6 0
302228809 21 3
302228804 2 5
302228803 1 1
302228801 0 2
302228800 44 18
302228799 6 22
302228797 2 10
302228796 7 1
302228795 1 1
302228787 3 0
302228784 16 6
302228782 2 1
302228769 10 4
302228767 26 8
302228766 5 0
302228765 6 0
302228760 8 9
302228759 3 0
302228757 3 1
302228755 3 0
302228753 23 6
302228751 0 0
302228750 16 4
302228748 22 31
302228745 10 1
302228742 5 21
302228739 26 10
302228738 14 4
302228737 22 9
302228734 292 90
302228733 5 19
302228730 3 0
302228728 6 14
302228727 15 6
302228725 13 22
302228724 2 1
302228718 0 1
302228712 0 2
302228711 6 3
302228707 6 3
302228706 5 6
302228704 25 8
302228701 7 13
302228700 1 11
302228698 3 3
302228697 5 2
302228691 0 0
302228690 2 0
302228685 10 0
302228684 7 7
302228682 25 0
302228680 12 18
302228679 3 2
302228678 24 11
302228677 8 11
302228673 0 1
302228670 16 0
302228667 23 4
302228665 11 9
302228662 8 3
302228660 34 13
302228659 9 1
302228652 4 1
302228650 30 14
302228649 20 3
302228648 14 1
302228646 6 39
302228641 1 1
302228640 7 4
302228639 5 15
302228637 1 15
302228634 9 11
302228632 0 0
302228631 0 1
302228629 7 1
302228626 8 0
302228620 7 3
302228619 19 8
302228616 5 2
302228614 0 0
302228613 13 35
302228609 0 0
302228606 16 20
302228605 6 19
302228600 0 0
302228599 28 33
302228596 2 0
302228594 5 3
302228589 10 9
302228588 9 6
302228582 0 0
302228581 0 0
302228578 0 5
302228574 13 3
302228573 8 9
302228572 8 12
302228570 44 14
302228569 0 1
302228568 3 0
302228565 2 3
302228563 6 2
302228555 14 1
302228554 19 38
302228553 4 4
302228551 6 6
302228549 0 0
302228547 4 5
302228539 6 15
302228538 8 29
302228537 29 21
302228532 11 4
302228531 7 3
302228530 10 3
302228528 3 21
302228524 11 21
302228523 12 4
302228522 14 19
302228521 14 1
302228520 4 20
302228519 48 14
302228517 5 1
302228515 2 20
302228514 8 7
302228512 17 8
302228511 36 10
302228509 4 3
302228507 0 0
302228506 8 36
302228504 3 4
302228503 2 12
302228501 0 0
302228500 10 5
302228497 0 0
302228494 10 15
302228493 6 18
302228488 18 30
302228487 7 1
302228486 34 11
302228483 25 119
302228480 7 28
302228479 20 15
302228478 0 1
302228476 5 2
302228474 7 1
302228473 3 3
302228469 12 6
302228467 6 0
302228466 23 3
302228465 1 0
302228463 7 5
302228462 21 8
302228461 10 1
302228460 3 1
302228456 0 0
302228454 7 15
302228453 7 1
302228452 32 13
302228450 0 2
302228447 13 18
302228446 4 35
302228445 11 0
302228442 15 4
302228441 26 5
302228439 22 8
302228437 11 0
302228436 4 9
302228434 10 5
302228433 5 0
302228430 17 2
302228428 11 0
302228426 20 4
302228425 28 6
302228422 1 24
302228421 13 17
302228419 6 3
302228415 10 7
302228414 0 0
302228413 1 24
302228412 29 16
302228411 0 1
302228410 0 0
302228407 10 19
302228403 4 5
302228402 6 0
302228400 0 1
302228399 0 0
302228395 25 2
302228393 2 11
302228392 22 24
302228389 8 1
302228387 9 16
302228385 5 6
302228384 0 0
302228382 8 2
302228381 9 0
302228378 13 5
302228376 0 0
302228374 15 3
302228373 10 13
302228371 10 0
302228367 10 1
302228365 10 9
302228364 18 21
302228362 20 8
302228360 6 1
302228359 30 4
302228357 0 0
302228356 0 0
302228352 15 19
302228351 3 4
302228350 0 0
302228349 18 8
302228346 10 8
302228345 1 0
302228344 21 4
302228337 12 8
302228329 7 4
302228327 7 4
302228326 10 1
302228324 13 5
302228321 8 1
302228317 8 0
302228311 0 0
302228309 19 34
302228306 0 0
302228299 15 27
302228297 6 3
302228296 8 5
302228286 1 29
302228285 15 8
302228278 11 4
302228274 13 10
302228264 10 3
302228262 19 7
302228258 1 0
302228256 2 0
302228252 0 0
302228251 7 2
302228249 36 25
302228246 8 4
302228245 5 2
302228243 13 4
302228240 7 3
302228239 14 0
302228238 13 27
302228236 3 0
302228235 0 0
302228230 0 0
302228228 0 0
302228227 20 5
302228225 7 4
302228222 4 2
302228221 15 11
302228218 21 7
302228215 6 2
302228214 7 20
302228210 0 0
302228209 39 13
302228208 27 5
302228207 16 7
302228206 24 17
302228205 6 10
302228200 296 18
302228198 24 4
302228197 21 9
302228196 5 35
302228193 11 3
302228192 10 21
302228190 3 1
302228189 7 2
302228188 12 44
302228186 0 0
302228183 19 11
302228181 13 7
302228180 1 0
302228177 1 2
302228175 11 0
302228172 0 0
302228171 200 33
302228167 16 12
302228166 19 8
302228165 24 7
302228164 4 8
302228161 24 51
302228160 5 4
302228159 0 0
302228158 16 31
302228157 32 5
302228156 9 2
302228155 2 1
302228154 0 0
302228152 12 3
302228150 2 0
302228149 0 0
302228145 10 2
302228144 11 49
302228143 1 23
302228139 17 53
302228135 14 3
302228134 0 1
302228131 4 4
302228129 2 1
302228127 1 0
302228126 10 55
302228123 0 0
302228122 11 4
302228119 17 7
302228115 2 1
302228113 9 2
302228105 7 2
302228104 17 5
302228102 14 64
302228100 2 0
302228096 43 18
302228094 0 0
302228092 3 5
302228091 15 9
302228087 2 1
302228086 2 9
302228085 22 8
302228084 3 1
302228079 0 1
302228078 6 21
302228074 12 5
302228068 13 0
302228067 9 31
302228065 1 0
302228064 25 3
302228062 11 9
302228061 11 8
302228059 11 6
302228056 34 107
302228055 18 7
302228054 22 6
302228053 169 24
302228052 10 13
302228051 3 0
302228050 4 3
302228048 25 15
302228045 16 6
302228044 4 8
302228043 0 0
302228042 3 2
302228040 1 1
302228039 2 2
302228036 1 0
302228035 6 3
302228034 0 0
302228033 8 3
302228029 3 3
302228027 0 0
302228026 1 11
302228023 9 3
302228021 9 3
302228017 0 0
302228016 9 39
302228015 0 0
302228014 4 1
302228012 0 0
302228011 13 1
302228006 7 4
302228005 5 5
302228002 6 6
302227999 34 5
302227998 3 1
302227996 36 5
302227994 0 6
302227993 20 7
302227992 1 0
302227990 4 17
302227985 3 3
302227981 1 0
302227979 54 22
302227978 0 0
302227976 6 9
302227975 8 2
302227971 36 17
302227966 3 3
302227964 0 0
302227961 0 0
302227951 2 2
302227946 7 0
302227944 21 11
302227941 2 1
302227939 11 10
302227937 11 23
302227935 0 0
302227933 0 0
302227932 8 5
302227929 5 0
302227927 4 1
302227925 3 1
302227924 8 0
302227922 9 4
302227919 1 0
302227918 0 0
302227917 12 5
302227916 161 8
302227914 2 0
302227910 0 0
302227909 13 7
302227904 9 20
302227903 25 27
302227895 32 2
302227892 19 5
302227890 13 8
302227883 0 2
302227876 9 1
302227871 16 11
302227870 5 1
302227869 8 11
302227866 1 0
302227865 13 4
302227863 3 30
302227861 3 2
302227859 7 0
302227855 21 2
302227839 0 0
302227833 17 24
302227825 0 0
302227824 1 0
302227811 9 4
302227807 9 0
302227798 4 0
302227795 20 11
302227794 6 1
302227793 0 0
302227791 5 1
302227790 3 3
302227787 117 4
302227786 0 0
302227784 270 14
302227783 7 20
302227782 9 2
302227780 0 1
302227753 1 2
302227752 14 3
302227750 4 1
302227748 6 1
302227747 11 3
302227746 14 12
302227745 6 4
302227731 24 23
302227725 7 1
302227724 12 7
302227719 20 6
302227717 18 4
302227716 2 2
302227715 14 1
302227713 7 2
302227705 12 2
302227704 0 0
302227702 2 4
302227680 0 1
302227677 5 0
302227676 1 1
302227675 1 2
302227674 7 25
302227671 9 4
302227670 0 0
302227666 9 1
302227664 32 11
302227662 9 17
302227660 16 11
302227657 6 1
302227656 13 16
302227653 16 10
302227652 0 1
302227651 10 1
302227641 15 8
302227638 3 0
302227629 33 5
302227628 8 8
302227624 1 0
302227618 0 0
302227614 5 21
302227612 4 15
302227610 0 0
302227604 1 0
302227602 25 5
302227597 0 0
302227590 2 1
302227586 14 5
302227577 0 0
302227575 16 5
302227573 20 5
302227569 13 1
302227568 5 5
302227566 10 1
302227565 7 6
302227564 1 1
302227563 3 1
302227561 18 3
302227559 2 0
302227549 3 1
302227541 12 2
302227540 0 0
302227534 13 2
302227531 10 2
302227530 7 1
302227529 0 1
302227515 19 1
302227514 17 5
302227512 3 4
302227510 12 4
302227505 1 1
302227501 12 35
302227500 11 9
302227499 11 3
302227497 2 0
302227494 23 50
302227493 0 2
302227490 0 0
302227471 15 32
302227466 11 3
302227465 10 2
302227463 6 0
302227459 1 0
302227457 9 3
302227453 21 0
302227451 9 1
302227448 4 0
302227444 0 1
302227440 1 7
302227438 0 0
302227436 11 24
302227435 8 6
302227434 2 7
302227428 269 74
302227427 5 19
302227424 0 0
302227422 6 0
302227420 1 4
302227419 8 1
302227414 18 6
302227413 2 1
302227407 6 1
302227404 2 2
302227399 2 0
302227398 11 1
302227396 5 21
302227395 0 0
302227391 0 0
302227389 4 0
302227388 3 22
302227383 21 0
302227382 5 1
302227380 18 1
302227378 10 2
302227377 1 0
302227376 40 18
302227375 4 4
302227374 21 93
302227373 25 4
302227372 15 2
302227369 8 1
302227364 9 3
302227363 11 3
302227361 9 10
302227360 13 56
302227359 2 9
302227358 6 52
302227357 9 41
302227355 7 71
302227352 18 85
302227351 13 11
302227350 36 38
302227348 0 2
302227345 25 60
302227344 17 1
302227341 8 33
302227338 2 1
302227337 13 238
302227336 0 0
302227334 5 0
302227333 2 35
302227330 9 6
302227329 10 34
302227328 9 6
302227325 17 0
302227324 39 20
302227318 3 0
302227315 10 11
302227313 0 0
302227312 2 3
302227310 0 1
302227307 10 0
302227305 4 3
302227301 5 1
302227299 125 4
302227297 22 4
302227295 26 11
302227294 14 29
302227293 7 0
302227292 279 7
302227289 177 12
302227288 1 11
302227287 0 0
302227280 1 0
302227279 7 1
302227277 15 1
302227275 0 0
302227271 0 0
302227270 1 1
302227267 3 1
302227266 1 10
302227263 0 0
302227261 0 0
302227260 0 4
302227258 1 0
302227253 26 1
302227251 19 14
302227245 7 50
302227244 6 0
302227242 16 32
302227237 2 19
302227236 1 0
302227235 9 1
302227233 18 2
302227232 0 1
302227231 14 1
302227227 5 14
302227225 9 4
302227223 26 3
302227222 1 0
302227221 9 7
302227219 6 12
302227217 6 0
302227216 7 16
302227215 35 28
302227214 10 3
302227212 0 7
302227211 1 0
302227210 33 2
302227208 10 15
302227207 16 1
302227201 0 1
302227198 9 18
302227197 2 22
302227192 3 2
302227191 1 1
302227190 12 45
302227188 18 1
302227187 9 1
302227185 15 2
302227183 2 1
302227182 9 1
302227181 0 0
302227180 14 19
302227175 4 16
302227169 5 6
302227168 1 0
302227166 4 3
302227162 3 3
302227152 2 3
302227151 15 0
302227146 11 29
302227141 1 1
302227139 1 0
302227136 4 4
302227132 8 14
302227130 6 3
302227129 20 7
302227126 7 1
302227124 1 0
302227122 2 0
302227117 9 1
302227116 3 1
302227114 12 44
302227112 4 1
302227111 5 25
302227110 11 3
302227102 3 4
302227096 14 49
302227094 15 2
302227091 0 0
302227089 0 0
302227087 14 1
302227081 17 4
302227076 1 1
302227075 10 8
302227073 7 5
302227072 6 3
302227071 0 0
302227070 6 13
302227069 0 0
302227065 1 0
302227062 23 3
302227061 5 1
302227058 0 0
302227046 6 0
302227045 9 18
302227036 27 5
302227031 19 48
302227030 0 0
302227026 11 2
302227025 9 20
302227023 0 1
302227022 5 6
302227019 0 0
302227018 11 28
302227011 4 9
302227009 1 0
302227006 20 1
302227001 0 0
302226996 18 15
302226993 5 62
302226991 3 24
302226987 2 32
302226986 19 10
302226985 14 2
302226980 9 11
302226976 0 1
302226974 8 9
302226963 2 0
302226959 12 3
302226956 41 19
302226955 9 15
302226954 13 2
302226953 10 8
302226952 13 3
302226948 5 2
302226944 2 1
302226941 2 2
302226939 1 0
302226935 8 7
302226933 33 14
302226932 5 6
302226929 0 0
302226927 1 0
302226923 17 5
302226921 6 12
302226920 6 9
302226917 164 10
302226914 1 1
302226912 3 0
302226910 8 4
302226908 0 2
302226907 2 2
302226906 10 5
302226905 2 2
302226903 7 1
302226901 8 3
302226898 24 7
302226892 1 3
302226886 8 5
302226882 24 8
302226881 51 9
302226875 13 3
302226874 10 3
302226873 14 12
302226871 17 13
302226870 27 3
302226861 2 10
302226860 22 3
302226853 6 1
302226852 20 6
302226851 14 6
302226849 1 0
302226848 14 8
302226847 24 17
302226845 8 8
302226840 10 13
302226839 0 0
302226837 8 2
302226835 2 8
302226833 28 6
302226825 20 12
302226824 11 11
302226820 15 1
302226816 0 0
302226815 10 4
302226810 16 3
302226809 4 3
302226804 0 0
302226795 6 5
302226786 12 7
302226782 2 4
302226780 13 8
302226779 13 1
302226778 11 6
302226776 3 3
302226774 11 6
302226771 0 0
302226765 10 4
302226761 17 9
302226757 61 23
302226753 3 1
302226752 3 10
302226750 3 1
302226748 28 6
302226743 13 1
302226737 9 1
302226736 10 1
302226734 7 3
302226730 3 0
302226727 10 1
302226725 8 2
302226720 4 1
302226716 12 7
302226710 9 1
302226708 1 0
302226707 3 3
302226705 0 0
302226704 21 15
302226703 8 4
302226702 2 0
302226700 9 2
302226698 10 6
302226694 5 7
302226692 2 1
302226690 25 1
302226685 1 0
302226683 7 1
302226679 27 11
302226673 13 21
302226672 3 10
302226671 3 2
302226669 8 7
302226667 2 1
302226665 1 5
302226662 4 15
302226658 23 24
302226657 19 13
302226655 10 1
302226650 4 15
302226649 3 5
302226644 9 16
302226643 14 3
302226626 8 4
302226624 3 1
302226621 7 6
302226619 2 0
302226616 2 3
302226613 3 12
302226610 1 0
302226609 0 2
302226607 10 22
302226603 9 2
302226602 7 1
302226601 3 3
302226594 4 9
302226590 13 22
302226584 10 29
302226580 11 9
302226575 36 15
302226574 2 0
302226573 10 25
302226572 0 0
302226570 13 1
302226566 5 20
302226563 13 3
302226558 1 0
302226557 1 0
302226551 14 1
302226550 0 0
302226548 8 10
302226545 0 1
302226539 6 5
302226533 15 1
302226531 9 1
302226529 0 0
302226528 6 2
302226526 3 0
302226525 5 8
302226523 14 18
302226517 25 40
302226513 0 0
302226512 6 1
302226510 11 3
302226508 10 8
302226505 13 6
302226504 2 2
302226502 1 3
302226495 7 17
302226494 11 1
302226491 4 0
302226490 5 1
302226482 2 2
302226476 3 2
302226475 2 2
302226471 1 2
302226470 3 1
302226469 9 2
302226466 11 0
302226465 12 2
302226464 3 1
302226463 2 0
302226461 1 0
302226457 14 2
302226455 1 0
302226454 6 20
302226453 11 5
302226449 5 1
302226448 1 1
302226445 397 66
302226444 7 2
302226442 560 17
302226440 9 0
302226439 9 4
302226435 12 9
302226433 8 6
302226432 1 0
302226429 4 1
302226428 6 4
302226423 29 12
302226421 4 0
302226420 2 0
302226419 9 1
302226417 19 11
302226416 4 1
302226411 30 31
302226410 15 1
302226406 6 5
302226405 5 47
302226403 13 3
302226401 6 4
302226400 6 17
302226397 11 10
302226395 15 42
302226391 16 0
302226390 8 6
302226389 0 2
302226388 10 8
302226384 1 0
302226382 11 0
302226381 5 3
302226380 0 0
302226377 11 10
302226376 2 0
302226375 1 2
302226373 4 2
302226371 9 5
302226370 1 2
302226368 0 1
302226366 16 37
302226365 16 4
302226363 1 1
302226361 1 2
302226356 29 18
302226355 2 2
302226349 1 2
302226347 6 1
302226345 10 4
302226344 3 3
302226340 1 0
302226335 14 7
302226334 2 0
302226332 0 0
302226330 26 2
302226328 1 0
302226324 14 15
302226323 8 1
302226320 21 14
302226318 1 0
302226310 20 25
302226309 11 5
302226307 1 0
302226304 14 27
302226303 14 0
302226302 23 17
302226300 0 0
302226295 3 0
302226294 28 3
302226283 19 16
302226282 9 4
302226280 58 7
302226274 2 1
302226273 7 4
302226271 14 4
302226270 12 6
302226269 8 1
302226267 1 1
302226266 1 1
302226264 16 13
302226258 11 5
302226256 0 11
302226253 17 11
302226250 0 1
302226247 5 9
302226245 2 1
302226244 8 17
302226241 22 17
302226240 7 2
302226238 1 1
302226230 0 1
302226227 16 13
302226224 8 1
302226223 5 2
302226220 15 7
302226204 22 7
302226200 4 2
302226197 17 6
302226196 0 1
302226182 11 3
302226181 8 21
302226169 18 15
302226168 22 12
302226165 11 2
302226162 3 2
302226161 9 2
302226154 1 1
302226148 1 1
302226146 4 4
302226144 3 13
302226143 309 12
302226133 46 7
302226132 14 4
302226131 9 5
302226129 0 1
302226127 10 16
302226125 8 25
302226121 10 3
302226120 12 2
302226118 29 13
302226112 19 2
302226108 16 5
302226107 0 2
302226105 2 1
302226101 1 7
302226097 4 4
302226096 9 7
302226093 2 3
302226091 3 5
302226084 0 1
302226082 2 1
302226081 565 19
302226075 12 14
302226072 22 4
302226071 5 1
302226063 9 0
302226060 2 2
302226059 14 2
302226055 2 1
302226053 0 0
302226052 11 13
302226043 1 1
302226039 1 0
302226037 4 1
302226035 15 7
302226032 1 0
302226031 2 19
302226027 0 1
302226025 4 10
302226022 0 2
302226020 6 4
302226019 19 6
302226017 4 9
302226013 20 7
302226010 2 2
302226009 5 0
302226007 7 7
302226005 10 6
302226001 13 14
302226000 5 2
302225998 19 3
302225997 7 6
302225991 6 8
302225987 0 0
302225986 18 6
302225982 26 5
302225980 3 2
302225978 4 5
302225975 1 1
302225973 4 4
302225971 2 0
302225970 3 4
302225967 10 2
302225966 5 3
302225963 2 2
302225962 6 4
302225961 6 0
302225957 2 1
302225954 7 15
302225953 4 0
302225952 2 2
302225950 3 0
302225948 6 4
302225947 2 0
302225945 10 1
302225936 2 2
302225935 2 10
302225927 7 4
302225925 0 6
302225924 5 28
302225918 0 7
302225917 4 2
302225914 1 8
302225913 5 13
302225911 2 4
302225910 9 21
302225908 16 10
302225900 8 2
302225898 16 4
302225896 15 10
302225892 31 34
302225891 3 1
302225890 4 2
302225888 3 6
302225887 6 9
302225885 8 10
302225877 0 3
302225874 9 10
302225870 9 3
302225867 11 4
302225866 1 1
302225865 1 4
302225861 3 8
302225856 0 5
302225847 2 3
302225842 1 0
302225841 3 6
302225839 3 1
302225835 1 2
302225833 5 2
302225832 2 0
302225825 7 3
302225819 10 0
302225815 11 8
302225812 2 0
302225809 5 2
302225803 6 3
302225798 37 1
302225797 5 3
302225794 10 6
302225792 5 1
302225789 4 18
302225788 1 1
302225786 6 1
302225783 4 1
302225781 1 0
302225777 0 2
302225774 42 25
302225771 1 5
302225765 1 0
302225763 1 1
302225760 1 1
302225759 0 0
302225758 3 12
302225750 2 0
302225747 11 6
302225746 2 3
302225741 17 13
302225735 14 3
302225733 3 0
302225731 12 2
302225729 6 0
302225728 1 0
302225723 2 0
302225721 2 1
302225715 8 8
302225708 6 2
302225704 12 5
302225703 2 1
302225698 3 1
302225697 0 0
302225685 0 0
302225681 0 0
302225674 3 0
302225666 1 0
302225662 0 0
302225656 10 6
302225655 2 6
302225652 1 1
302225650 15 4
302225649 3 0
302225639 19 11
302225637 1 6
302225636 11 21
302225634 4 7
302225633 6 2
302225631 13 2
302225629 1 3
302225627 0 0
302225626 0 0
302225625 4 0
302225624 2 1
302225614 3 1
302225610 0 0
302225602 0 3
302225599 7 7
302225597 1 0
302225596 0 0
302225595 6 22
302225594 4 13
302225591 5 0
302225590 0 2
302225589 0 0
302225587 9 6
302225586 7 0
302225581 2 3
302225577 9 2
302225574 14 7
302225570 3 0
302225569 7 2
302225556 5 3
302225552 3 20
302225546 3 2
302225542 12 3
302225539 34 12
302225538 2 18
302225536 7 15
302225531 2 0
302225528 1 0
302225527 7 15
302225521 5 0
302225520 2 1
302225518 8 2
302225517 1 0
302225516 9 5
302225514 2 1
302225513 4 0
302225511 7 2
302225510 3 15
302225507 10 2
302225505 12 0
302225502 27 10
302225501 1 11
302225498 7 9
302225490 1 0
302225488 5 9
302225486 0 0
302225481 5 0
302225479 3 4
302225471 3 1
302225469 5 3
302225468 3 13
302225467 20 9
302225464 3 1
302225462 0 0
302225459 4 0
302225457 7 4
302225456 3 13
302225450 9 7
302225449 2 3
302225447 5 2
302225444 4 10
302225441 5 2
302225439 0 0
302225438 11 0
302225436 1 3
302225435 6 1
302225434 0 0
302225430 2 3
302225425 10 4
302225422 1 0
302225420 0 0
302225419 0 0
302225413 1 2
302225412 3 1
302225403 25 15
302225402 0 0
302225401 2 13
302225397 30 10
302225393 2 0
302225386 6 3
302225385 6 0
302225378 7 0
302225377 1 0
302225376 1 1
302225371 20 3
302225368 4 0
302225364 1 0
302225362 10 0
302225359 8 21
302225356 1 6
302225355 1 0
302225350 5 0
302225348 39 14
302225339 2 2
302225337 4 1
302225334 0 0
302225330 9 1
302225328 12 4
302225326 6 34
302225323 7 1
302225322 6 0
302225319 4 2
302225316 3 0
302225308 4 0
302225307 10 2
302225305 9 14
302225303 1 0
302225299 35 5
302225298 2 1
302225296 18 15
302225293 5 3
302225291 3 6
302225288 18 4
302225285 11 9
302225284 11 3
302225282 14 7
302225280 10 3
302225278 1 2
302225275 3 2
302225274 1 0
302225273 2 0
302225272 5 0
302225271 0 0
302225269 3 7
302225265 1 0
302225262 0 0
302225257 0 0
302225255 503 106
302225254 0 7
302225249 2 2
302225244 4 0
302225239 10 7
302225238 6 4
302225237 0 1
302225235 0 0
302225231 10 22
302225229 0 1
302225224 11 2
302225223 5 2
302225220 28 32
302225217 8 2
302225216 3 0
302225209 2 0
302225206 1 6
302225204 8 2
302225200 7 19
302225196 1 0
302225188 0 0
302225187 1 2
302225186 37 3
302225185 5 2
302225184 18 13
302225182 3 1
302225181 1 1
302225180 4 2
302225179 8 2
302225177 0 5
302225176 6 11
302225175 9 0
302225174 4 2
302225173 4 0
302225170 0 0
302225165 14 10
302225163 9 0
302225157 645 160
302225155 9 1
302225153 0 0
302225152 1 0
302225151 4 10
302225149 0 0
302225143 3 1
302225139 0 0
302225136 3 0
302225126 10 2
302225124 1 0
302225109 4 1
302225106 19 19
302225105 8 25
302225098 21 10
302225095 7 1
302225093 5 14
302225090 2 2
302225086 0 1
302225085 0 12
302225083 0 1
302225080 0 1
302225075 10 4
302225070 1 33
302225065 0 1
302225064 8 16
302225061 0 0
302225054 4 0
302225042 2 5
302225041 0 0
302225040 1 0
302225039 9 0
302225034 0 0
302225029 0 0
302225024 6 3
302225022 12 2
302225016 17 6
302225012 0 0
302225011 7 56
302225007 4 1
302225006 4 1
302225004 0 0
302225002 0 2
302224999 4 2
302224990 16 14
302224988 9 3
302224987 4 3
302224985 3 2
302224983 1 0
302224981 15 3
302224979 13 13
302224975 0 2
302224972 1 2
302224968 7 4
302224967 1 0
302224966 17 18
302224965 1 5
302224964 13 43
302224952 15 13
302224951 2 1
302224949 8 0
302224946 6 4
302224943 2 1
302224942 6 4
302224932 0 0
302224923 2 13
302224922 3 3
302224920 22 8
302224911 8 3
302224909 12 20
302224908 0 0
302224907 0 0
302224906 10 0
302224902 2 3
302224901 1 4
302224899 5 0
302224897 12 5
302224890 1 0
302224888 14 2
302224882 0 0
302224880 19 1
302224879 17 3
302224875 0 0
302224873 5 10
302224872 4 4
302224871 7 1
302224868 3 1
302224863 0 0
302224858 7 2
302224854 10 3
302224853 3 24
302224852 13 15
302224848 1 3
302224846 0 0
302224845 0 0
302224843 8 13
302224832 5 1
302224831 4 1
302224827 14 20
302224826 9 5
302224825 1 0
302224813 1 0
302224811 4 1
302224808 7 5
302224806 4 0
302224804 7 5
302224801 1 1
302224792 1 2
302224791 6 6
302224790 6 13
302224783 5 27
302224782 5 4
302224781 4 3
302224773 5 6
302224765 7 2
302224759 8 3
302224754 5 5
302224752 6 3
302224748 22 10
302224747 6 7
302224743 5 2
302224733 1 0
302224730 7 5
302224729 5 3
302224718 4 2
302224709 3 2
302224706 9 0
302224703 13 8
302224697 12 0
302224692 1 21
302224691 1 1
302224689 9 7
302224685 4 27
302224681 0 35
302224679 6 4
302224677 7 3
302224675 4 0
302224673 5 1
302224670 7 0
302224669 15 1
302224667 5 0
302224657 1 1
302224656 3 0
302224655 3 2
302224654 5 10
302224652 3 2
302224649 0 0
302224647 3 0
302224644 11 11
302224643 3 2
302224641 1 1
302224640 13 1
302224637 3 0
302224635 2 0
302224634 2 0
302224628 3 1
302224627 6 1
302224626 35 8
302224624 5 9
302224612 3 3
302224608 3 0
302224604 8 4
302224603 0 0
302224597 14 12
302224594 14 15
302224593 0 1
302224590 1 24
302224586 2 0
302224585 10 13
302224584 5 2
302224582 0 0
302224581 16 8
302224579 1 0
302224578 4 1
302224576 12 3
302224573 39 6
302224570 5 3
302224569 4 1
302224568 4 6
302224564 14 8
302224562 5 10
302224561 8 4
302224558 3 1
302224557 7 20
302224553 6 2
302224548 4 7
302224546 2 2
302224537 8 3
302224536 7 4
302224535 5 1
302224532 2 0
302224530 2 0
302224529 6 1
302224527 13 2
302224523 12 11
302224518 10 0
302224511 22 13
302224507 1 0
302224505 11 1
302224504 5 1
302224502 3 7
302224499 14 1
302224496 0 0
302224493 7 4
302224491 5 0
302224487 4 2
302224484 0 0
302224480 5 4
302224479 0 0
302224478 0 0
302224474 21 2
302224473 21 6
302224472 16 2
302224463 7 0
302224461 20 4
302224460 0 0
302224453 11 20
302224451 0 0
302224450 6 3
302224445 26 3
302224443 8 4
302224441 6 5
302224437 9 3
302224434 9 1
302224433 11 22
302224426 10 0
302224423 6 2
302224422 3 1
302224415 4 3
302224414 1 0
302224411 2 0
302224410 0 0
302224406 6 1
302224405 6 8
302224404 10 2
302224402 9 4
302224400 17 2
302224399 1 3
302224394 16 20
302224390 0 0
302224386 2 2
302224385 0 0
302224384 7 0
302224381 6732 444
302224380 8 3
302224374 5 1
302224367 1 0
302224366 0 0
302224365 6 4
302224358 8 1
302224355 0 0
302224353 18 1
302224348 0 0
302224346 10 1
302224344 1 25
302224340 2 1
302224337 1 58
302224335 7 1
302224331 11 4
302224327 1 0
302224326 25 5
302224324 11 2
302224317 9 3
302224316 11 32
302224315 13 7
302224314 2 0
302224312 0 1
302224307 0 2
302224300 7 12
302224295 6 0
302224294 1 0
302224292 6 3
302224291 1 1
302224288 4 2
302224286 10 13
302224280 0 0
302224278 7 19
302224276 15 11
302224269 12 2
302224268 0 5
302224262 4 22
302224260 2073 148
302224256 3 10
302224255 4 16
302224254 11 3
302224253 2 4
302224252 9 7
302224250 2 4
302224247 7 4
302224244 2 11
302224228 6 0
302224226 5 1
302224224 3 0
302224220 8 1
302224217 13 1
302224215 2 2
302224214 2 3
302224213 0 0
302224211 13 2
302224210 36 23
302224209 3 0
302224208 14 7
302224205 8 3
302224200 0 0
302224197 2 5
302224194 10 13
302224193 0 0
302224192 3 0
302224191 0 0
302224186 5 4
302224180 10 0
302224176 27 18
302224175 4 7
302224174 1 0
302224173 3 0
302224171 11 15
302224166 8 15
302224164 11 3
302224163 4 5
302224162 4 1
302224161 0 3
302224159 18 7
302224154 1 0
302224149 3 32
302224146 9 4
302224145 0 2
302224144 0 4
302224141 2 0
302224140 5 3
302224138 3 0
302224128 6 3
302224126 5 12
302224121 4 6
302224118 13 19
302224117 5 4
302224111 3 5
302224107 0 0
302224103 0 1
302224100 0 0
302224097 12 0
302224093 12 3
302224092 10 0
302224090 2 0
302224088 8 3
302224082 10 1
302224079 0 2
302224078 1 5
302224072 13 9
302224069 13 2
302224066 5 0
302224058 2312 253
302224056 11 10
302224053 15 5
302224049 14 5
302224048 4 3
302224047 8 1
302224044 9 1
302224041 0 3
302224039 2 2
302224028 13 3
302224025 17 15
302224022 5 9
302224021 13 3
302224018 0 17
302224016 5 7
302224014 2 4
302224012 1 5
302224011 5 4
302224008 19 7
302224007 7 2
302224006 24 21
302224002 8 2
302223997 89 4
302223996 10 3
302223993 11 6
302223991 3 0
302223985 12 2
302223981 8 35
302223980 8 3
302223979 6 2
302223974 5 17
302223973 13 5
302223969 0 0
302223966 2 2
302223957 15 6
302223956 0 0
302223950 2 1
302223948 2 1
302223947 19 3
302223945 1 1
302223944 4 4
302223941 1 0
302223938 9 1
302223937 8 5
302223936 5 4
302223935 4 0
302223934 1 0
302223932 3 0
302223930 14 18
302223928 0 0
302223925 5 2
302223922 3 6
302223920 12 3
302223919 2 4
302223916 8 5
302223914 4 3
302223908 4 3
302223901 12 4
302223890 2 1
302223888 4 4
302223884 12 0
302223883 2 1
302223881 7 10
302223879 0 0
302223875 5 0
302223873 4 0
302223871 3 2
302223869 14 6
302223866 3 2
302223863 3 0
302223862 10 1
302223854 2 0
302223853 11 2
302223843 0 0
302223841 7 24
302223835 2 0
302223833 18 5
302223832 8 1
302223831 3 1
302223828 6 0
302223826 2 1
302223824 3 0
302223821 8 1
302223818 5 5
302223815 1 0
302223806 4 1
302223801 4 1
302223800 0 0
302223796 9 0
302223795 14 4
302223788 4 1
302223784 8 1
302223775 1 0
302223774 15 19
302223771 7 1
302223764 7 0
302223762 1 1
302223760 3118 246
302223754 4 0
302223747 3 0
302223745 10 2
302223734 14 3
302223733 14 5
302223731 0 1
302223728 25 3
302223727 11 5
302223722 9 3
302223720 7 6
302223713 0 0
302223711 2 0
302223710 0 0
302223707 16 0
302223706 1 0
302223705 0 1
302223701 4 2
302223698 3 0
302223691 8 5
302223686 0 8
302223683 3 0
302223682 1 0
302223680 0 0
302223677 2 9
302223673 13 5
302223671 7 4
302223663 0 0
302223661 5 20
302223660 11 10
302223658 4 0
302223655 4 3
302223651 10 3
302223650 0 0
302223643 25 7
302223633 4 1
302223629 18 12
302223628 1 5
302223627 12 2
302223626 11 2
302223625 4 2
302223622 8 7
302223619 8 3
302223614 5 2
302223610 1 1
302223605 1 0
302223603 3 0
302223602 7 27
302223599 2 2
302223592 1 1
302223589 8 1
302223588 12 5
302223584 15 4
302223583 7 0
302223580 1 0
302223578 9 7
302223574 7 4
302223572 29 3
302223569 2 0
302223568 8 3
302223565 414 8
302223564 7 0
302223555 9 5
302223551 12 7
302223548 10 2
302223546 5 0
302223543 2 0
302223539 4 0
302223538 36 6
302223535 0 0
302223533 5 0
302223532 0 0
302223531 7 0
302223517 0 0
302223510 5 1
302223509 4 2
302223508 6 1
302223503 9 5
302223502 14 3
302223500 3 1
302223498 8 4
302223497 4 1
302223486 4 0
302223485 0 0
302223481 5 0
302223480 2 7
302223467 50 27
302223465 4 1
302223461 1 1
302223456 12 2
302223451 7 0
302223449 2 1
302223444 15 4
302223442 2 4
302223439 2 0
302223435 5 0
302223433 593 74
302223431 14 3
302223425 15 8
302223423 3 1
302223420 0 0
302223418 2 0
302223407 16 7
302223405 6 2
302223404 11 6
302223397 0 0
302223396 2 0
302223389 9 3
302223387 0 0
302223386 4 4
302223385 2 0
302223380 10 3
302223379 4 0
302223378 3 3
302223377 8 3
302223374 1 2
302223369 6 4
302223368 1 0
302223364 11 4
302223362 1 2
302223361 0 0
302223357 7 3
302223356 1446 18
302223349 13 4
302223348 33 6
302223345 6 4
302223344 17 3
302223338 2 2
302223336 4 0
302223331 2 0
302223329 3 0
302223325 0 2
302223324 4 5
302223319 11 6
302223315 12 5
302223312 6 3
302223305 13 1
302223304 3 6
302223303 8 4
302223302 4 3
302223295 2 0
302223292 3 0
302223290 23 4
302223286 3 4
302223274 12 4
302223271 14 5
302223266 11 3
302223264 1 0
302223260 6 1
302223257 6 0
302223256 8 3
302223254 128 8
302223251 4 0
302223245 4 0
302223240 0 0
302223239 4 0
302223237 9 3
302223232 7 5
302223230 8 5
302223228 1 1
302223217 0 0
302223212 0 0
302223211 7 0
302223207 4 0
302223205 6 4
302223204 2 0
302223200 10 1
302223192 3 0
302223186 15 3
302223183 10 1
302223181 5 0
302223177 1 0
302223172 5 7
302223169 4 1
302223166 2 2
302223165 15 2
302223161 5 0
302223157 5 0
302223152 9 2
302223147 9 3
302223143 7 13
302223142 1 0
302223141 0 4
302223137 17 6
302223131 1 0
302223129 2 3
302223126 7 0
302223124 7 12
302223122 10 3
302223118 1 0
302223115 5 19
302223114 0 2
302223113 10 3
302223112 3 2
302223111 7 5
302223109 0 3
302223108 0 0
302223107 8 5
302223106 2 0
302223099 3 0
302223097 9 1
302223094 6 6
302223088 0 0
302223077 5 3
302223076 4 0
302223061 2 0
302223056 6 3
302223055 5 4
302223054 0 0
302223046 12 1
302223045 2 0
302223044 0 0
302223041 3 5
302223040 6 0
302223033 10 1
302223032 4 2
302223028 5 3
302223019 2 1
302223011 2 0
302223001 2 0
302222997 0 6
302222995 11 3
302222993 7 1
302222992 0 0
302222989 13 34
302222987 1 0
302222985 3 3
302222982 6 0
302222981 22 4
302222977 5 4
302222973 1 0
302222971 23 1
302222968 4 2
302222964 9 3
302222961 13 2
302222956 2 5
302222955 9 2
302222952 1 7
302222948 12 13
302222935 2 1
302222934 6 2
302222933 15 6
302222925 0 0
302222922 1 1
302222918 12 5
302222914 7 0
302222912 6 5
302222906 8 5
302222901 4 0
302222897 8 6
302222895 10 8
302222892 10 12
302222889 19 12
302222882 5 4
302222880 0 1
302222873 13 4
302222863 9 6
302222862 3 0
302222861 13 7
302222860 4 0
302222854 5 3
302222852 1 2
302222844 19 17
302222839 2 1
302222838 1 0
302222836 0 0
302222830 9 9
302222822 12 17
302222808 10 1
302222805 2 0
302222795 9 2
302222794 17 1
302222793 0 1
302222779 4 2
302222776 1 0
302222772 3 2
302222770 2 2
302222767 5 2
302222765 2 1
302222763 8 5
302222759 6 9
302222757 4 0
302222755 3 4
302222754 5 35
302222745 1 0
302222744 6 0
302222737 5 0
302222735 0 1
302222733 6 3
302222730 20 7
302222707 10 3
302222705 2 1
302222704 6 3
302222699 31 10
302222691 2 1
302222688 4 0
302222687 4 0
302222678 2 0
302222677 0 0
302222672 6 2
302222671 6 0
302222668 3 0
302222661 5 2
302222653 8 5
302222648 0 0
302222645 8 0
302222638 7 2
302222637 9 2
302222635 3 5
302222634 8 1
302222632 31 10
302222623 2 2
302222622 0 3
302222620 82 25
302222619 8 9
302222615 1 4
302222608 0 0
302222607 1 4
302222603 19 2
302222602 1 0
302222592 10 21
302222579 0 1
302222566 3 1
302222559 10 3
302222556 7 3
302222549 17 40
302222548 1 0
302222546 8 1
302222544 0 0
302222543 2 0
302222540 5 1
302222534 10 8
302222530 16 5
302222525 14 3
302222518 2 2
302222512 6 0
302222508 5 2
302222504 5 1
302222500 2 0
302222493 5 1
302222488 11 3
302222483 14 8
302222482 0 0
302222481 2 2
302222479 7 1
302222477 10 2
302222474 0 0
302222472 12 3
302222454 1 1
302222450 5 4
302222446 25 18
302222445 1 1
302222440 5 3
302222414 6 0
302222407 10 7
302222397 1 2
302222395 3 1
302222388 4 2
302222385 13 5
302222379 1 0
302222377 1 0
302222374 13 4
302222359 3 0
302222350 30 2
302222345 0 1
302222325 1 0
302222324 10 5
302222322 286 24
302222315 2 0
302222314 0 0
302222297 0 0
302222296 7 2
302222295 1 0
302222293 25 1
302222285 0 0
302222278 20 3
302222271 789 40
302222268 0 0
302222266 17 7
302222265 1 1
302222254 661 10
302222252 1 0
302222245 2 0
302222238 0 0
302222234 2 0
302222232 15 3
302222227 17 0
302222224 0 0
302222221 13 4
302222218 8 3
302222208 1 1
302222196 2 5
302222191 5 5
302222189 21 7
302222186 3 0
302222176 0 0
302222174 3 0
302222173 1 1
302222170 3 3
302222161 14 3
302222151 11 3
302222149 16 8
302222142 9 3
302222140 5 0
302222131 9 10
302222130 8 30
302222128 4 0
302222121 21 31
302222118 22 1
302222117 7 1
302222116 1 0
302222107 6 4
302222106 1 3
302222103 6 2
302222098 12 5
302222097 1 1
302222089 0 0
302222085 1 5
302222082 2 2
302222081 6 1
302222080 4 0
302222075 6 2
302222074 4 2
302222073 0 0
302222071 17 6
302222066 0 0
302222060 0 0
302222059 0 0
302222058 8 1
302222053 0 0
302222052 1 0
302222043 3 0
302222038 410 31
302222033 2 1
302222027 14 5
302222025 15 5
302222024 0 0
302222019 349 20
302222016 707 10
302222013 10 0
302222007 4 0
302222006 0 0
302222002 9 0
302222000 11 6
302221998 6 17
302221997 4 1
302221996 0 0
302221994 9 6
302221990 5 1
302221982 24 28
302221979 0 0
302221976 4 0
302221968 3 1
302221964 9 3
302221963 2 0
302221951 2 0
302221947 0 0
302221946 20 23
302221945 1 0
302221938 15 10
302221937 4 0
302221934 12 3
302221933 3 0
302221931 0 0
302221925 2 0
302221923 1 1
302221921 15 8
302221916 7 2
302221915 5 1
302221906 1 17
302221898 6 0
302221893 1064 153
302221892 15 16
302221889 1 1
302221887 11 3
302221880 2912 466
302221868 7 3
302221864 672 35
302221862 2 0
302221861 3 1
302221859 4 14
302221854 1 0
302221853 10 2
302221851 3 1
302221847 3 2
302221846 3 0
302221845 2 0
302221842 1 0
302221838 2 0
302221836 2 1
302221835 1 0
302221831 6 2
302221830 10 7
302221828 11 3
302221824 3 2
302221823 0 0
302221822 23 18
302221821 7 3
302221820 15 2
302221817 6 0
302221816 14 4
302221814 15 3
302221813 14 1
302221812 7 3
302221810 4 2
302221809 4 15
302221808 3 0
302221807 4 0
302221805 160 24
302221804 10 2
302221802 0 0
302221800 0 3
302221798 5 2
302221796 5 1
302221795 0 0
302221792 5 0
302221790 1 2
302221789 13 4
302221788 2 0
302221787 22 1
302221786 2 0
302221784 23 2
302221782 9 24
302221780 9 1
302221778 3 1
302221774 0 0
302221771 0 0
302221768 2 0
302221761 3 0
302221760 10 0
302221756 1 9
302221755 0 0
302221754 16 9
302221753 0 0
302221749 8 1
302221746 13 2
302221744 7 1
302221743 2 1
302221742 0 0
302221741 1 1
302221737 23 9
302221736 0 0
302221735 2 3
302221734 1 0
302221730 17 4
302221728 4 0
302221727 0 0
302221726 2 1
302221725 15 3
302221724 10 2
302221723 4 0
302221722 11 2
302221721 3 2
302221719 15 2
302221718 2 2
302221717 3 2
302221716 3 0
302221711 7 5
302221710 9 18
302221709 9 2
302221707 3 0
302221706 17 2
302221705 14 4
302221704 15 5
302221703 16 2
302221700 4 1
302221699 1 1
302221696 2 0
302221695 1 0
302221694 4 0
302221693 0 4
302221692 0 0
302221691 1 0
302221689 0 0
302221688 12 2
302221685 8 3
302221684 348 57
302221683 3 2
302221680 4 1
302221676 48 16
302221674 3 1
302221673 4 1
302221672 9 1
302221671 0 0
302221670 5 0
302221667 7 4
302221665 17 5
302221662 1 1
302221658 3 0
302221657 12 2
302221656 1 0
302221655 3 2
302221654 14 2
302221652 5 3
302221651 8 1
302221648 4 6
302221646 1 0
302221645 6 1
302221644 3 6
302221643 13 3
302221641 5 2
302221639 0 0
302221638 1 4
302221637 0 1
302221634 0 0
302221633 1 6
302221630 2 0
302221629 13 4
302221628 3 6
302221626 19 3
302221624 1 4
302221623 1 2
302221619 1 4
302221618 0 0
302221617 2 0
302221616 0 0
302221614 3 1
302221613 1 0
302221612 8 1
302221611 5 1
302221610 3 1
302221609 1 2
302221608 1341 19
302221605 4 0
302221604 2 1
302221601 4 1
302221600 10 0
302221599 4 2
302221597 2 0
302221595 1 1
302221590 0 3
302221587 20 20
302221586 2 0
302221585 18 1
302221582 74 23
302221581 2 1
302221577 7 2
302221575 3 5
302221574 9 2
302221572 8 1
302221570 3 11
302221569 2 1
302221568 0 1
302221567 12 9
302221566 9 28
302221564 6 0
302221563 9 0
302221562 2 2
302221558 0 1
302221554 2 0
302221552 2 11
302221549 0 1
302221548 5 0
302221547 14 5
302221546 1 0
302221545 0 1
302221544 8 6
302221543 6 1
302221541 8 1
302221540 9 4
302221539 0 1
302221538 8 1
302221537 0 0
302221536 10 2
302221535 13 2
302221534 11 1
302221531 0 0
302221530 124 38
302221529 0 0
302221528 11 2
302221526 0 0
302221525 9 4
302221524 11 13
302221523 0 7
302221522 8 23
302221518 8 0
302221517 50 17
302221516 0 2
302221515 0 0
302221510 13 3
302221508 2 0
302221507 15 2
302221505 7 4
302221504 1 1
302221502 2 17
302221501 10 2
302221500 16 7
302221499 11 7
302221498 1 1
302221497 5 2
302221496 4 0
302221495 2 0
302221493 32 22
302221492 0 0
302221491 9 2
302221490 0 0
302221489 9 7
302221488 3 1
302221485 9 1
302221484 13 2
302221482 5 2
302221481 10 2
302221480 4 1
302221479 1 1
302221477 0 0
302221476 4 1
302221475 1 0
302221474 23 7
302221473 9 1
302221471 2 2
302221470 1 2
302221469 1 1
302221468 12 8
302221467 3 0
302221465 9 7
302221464 1 1
302221462 2 2
302221459 0 0
302221457 2 0
302221455 7 4
302221452 2 0
302221450 552 27
302221448 8 0
302221447 5 2
302221446 4 2
302221445 4 1
302221442 6 1
302221441 1 2
302221440 3 1
302221438 12 1
302221436 4 0
302221434 3 1
302221428 0 0
302221422 0 1
302221421 0 0
302221418 4 21
302221417 1 1
302221413 17 6
302221412 1 0
302221411 6 2
302221410 0 0
302221409 4 2
302221406 8 1
302221404 0 1
302221403 2 5
302221400 11 19
302221396 6 2
302221394 2 2
302221392 4 0
302221391 12 1
302221389 4 3
302221388 6 1
302221387 0 1
302221383 10 1
302221382 7 1
302221380 4 1
302221378 223 67
302221377 232 29
302221375 6 1
302221372 12 2
302221371 0 1
302221370 1 0
302221366 9 4
302221365 439 5
302221364 11 3
302221358 2 0
302221357 5 2
302221354 3 0
302221352 7 2
302221348 0 0
302221346 0 0
302221345 13 6
302221344 9 3
302221343 14 1
302221342 2 0
302221341 7 1
302221340 1 1
302221339 0 0
302221337 10 3
302221336 5 6
302221335 0 2
302221332 13 8
302221328 3 1
302221327 14 3
302221325 2 0
302221324 0 0
302221323 8 3
302221318 5 0
302221315 3 0
302221313 10 2
302221312 2 0
302221311 6 3
302221310 616 7
302221309 19 6
302221306 13 2
302221301 3 0
302221300 8 0
302221299 1 0
302221298 0 0
302221297 6 3
302221296 2 0
302221295 9 1
302221294 560 57
302221293 17 3
302221292 71 7
302221289 1 1
302221285 11 18
302221284 2 2
302221283 1 0
302221282 6 1
302221281 0 3
302221280 6 1
302221279 12 2
302221276 10 1
302221272 1 0
302221271 13 6
302221270 6 4
302221268 1 0
302221267 12 3
302221266 4 0
302221265 6 0
302221264 1 2
302221262 1 2
302221260 17 5
302221259 14 3
302221258 234 10
302221257 3 0
302221256 5 1
302221252 1 1
302221251 1 0
302221250 8 0
302221248 6 1
302221246 171 17
302221240 12 2
302221239 15 2
302221236 5 1
302221234 17 3
302221233 5 0
302221232 15 3
302221231 13 4
302221230 8 4
302221229 9 0
302221228 7 1
302221227 3 1
302221224 2 1
302221223 2679 130
302221222 1 0
302221221 1 0
302221218 7 2
302221216 2 1
302221215 1 0
302221214 242 26
302221211 12 1
302221210 14 5
302221205 5 4
302221203 1658 41
302221202 0 0
302221201 0 0
302221199 5 0
302221197 69 28
302221196 10 8
302221195 12 5
302221192 1 0
302221188 10 6
302221184 17 2
302221179 1 0
302221178 9 6
302221177 1 0
302221176 14 3
302221175 1 0
302221174 13 3
302221173 10 5
302221172 13 3
302221170 13 7
302221169 1 1
302221168 3 1
302221166 15 4
302221163 20 3
302221161 14 3
302221160 11 6
302221158 0 1
302221155 17 9
302221151 5 4
302221150 12 3
302221149 12 4
302221147 39 4
302221146 9 2
302221143 1 0
302221142 0 0
302221141 4 3
302221138 327 29
302221137 11 4
302221134 0 0
302221133 629 160
302221129 9 2
302221128 10 5
302221121 633 72
302221119 12 2
302221118 4 3
302221116 6 2
302221115 13 5
302221113 10 4
302221110 210 19
302221108 0 0
302221107 5 1
302221106 209 17
302221105 5 12
302221101 13 1
302221100 15 2
302221099 13 8
302221094 3 3
302221092 13 2
302221090 14 2
302221089 3 5
302221086 1443 28
302221085 13 3
302221084 1 0
302221083 6 0
302221080 199 24
302221079 19 21
302221076 1 0
302221075 0 0
302221073 4 5
302221070 5 1
302221069 4 4
302221068 920 91
302221067 24 9
302221065 14 2
302221064 24 17
302221063 11 7
302221060 3 1
302221059 10 4
302221055 0 0
302221054 0 1
302221053 5 0
302221051 14 3
302221049 1 0
302221048 4 2
302221046 0 0
302221045 1 1
302221042 8 2
302221041 5 0
302221040 6 6
302221039 22 7
302221036 903 21
302221035 15 6
302221033 22 4
302221032 8 4
302221029 0 6
302221028 176 9
302221027 0 0
302221026 138 17
302221023 6 0
302221022 15 2
302221021 0 0
302221020 6 1
302221019 5 10
302221017 1 0
302221016 8 1
302221015 279 33
302221011 11 5
302221009 0 0
302221006 6 3
302221005 15 3
302221004 0 0
302221002 9 5
302221000 17 5
302220998 0 0
302220997 1 0
302220995 6 3
302220994 12 2
302220993 1 1
302220992 13 4
302220990 4 0
302220989 2 1
302220988 1 0
302220986 352 56
302220984 403 55
302220983 1 1
302220982 2 1
302220980 18 4
302220979 1 0
302220976 206 11
302220975 19 3
302220973 1 0
302220972 179 42
302220971 21 3
302220969 0 1
302220968 11 3
302220967 8 1
302220966 16 4
302220965 279 36
302220964 0 1
302220963 13 2
302220962 18 4
302220961 388 28
302220960 18 5
302220955 256 32
302220954 1 2
302220953 13 20
302220952 2 3
302220951 1 1
302220950 5 2
302220949 14 2
302220948 3 2
302220947 1 1
302220946 408 31
302220945 16 5
302220944 278 23
302220943 3 0
302220942 12 3
302220941 15 3
302220940 7 1
302220939 8 1
302220938 0 0
302220937 523 62
302220936 1 0
302220935 20 3
302220934 180 10
302220933 2 0
302220932 13 2
302220931 12 6
302220930 0 0
302220929 0 0
302220928 231 24
302220926 14 2
302220925 1083 85
302220924 8 10
302220923 3 2
302220921 13 4
302220920 3 0
302220919 2 3
302220917 0 0
302220916 258 22
302220912 385 20
302220910 28 29
302220909 1 0
302220908 1 0
302220906 2 1
302220905 139 19
302220904 20 5
302220903 20 7
302220902 6 2
302220901 1 0
302220900 618 70
302220899 14 2
302220897 1 0
302220896 6 1
302220895 5 2
302220894 13 4
302220893 3791 162
302220891 1 2
302220890 0 0
302220889 0 0
302220888 0 0
302220887 0 1
302220886 13 2
302220885 0 0
302220884 12 2
302220883 460 123
302220882 228 23
302220881 0 15
302220880 3 5
302220879 329 62
302220878 840 79
302220877 270 24
302220876 116 17
302220875 11 0
302220874 0 0
302220873 1 23
302220872 2 2
302220871 53 19
302220870 2 1
302220868 14 3
302220867 2 0
302220866 14 3
302220865 523 24
302220864 634 73
302220863 20 2
302220862 659 156
302220861 63 21
302220859 13 3
302220858 484 48
302220857 9 2
302220856 13 4
302220855 0 0
302220854 1 0
302220852 3 0
302220851 309 43
302220850 11 4
302220849 172 35
302220848 6 1
302220847 330 20
302220846 0 0
302220845 148 9
302220844 8 2
302220843 570 34
302220842 11 3
302220841 0 0
302220840 0 1
302220839 0 1
302220838 9 2
302220837 13 14
302220836 17 5
302220835 1 1
302220834 1 1
302220833 640 54
302220832 10 4
302220831 0 1
302220829 0 0
302220828 1 1
302220827 305 31
302220826 0 6
302220825 136 10
302220824 1 2
302220822 2 0
302220821 785 38
302220820 2 1
302220819 17 2
302220818 0 0
302220817 1 1
302220815 9 5
302220814 16 3
302220813 0 0
302220812 1 3
302220811 0 0
302220810 1 5
302220809 16 5
302220808 6 3
302220807 18 8
302220805 13 5
302220804 15 2
302220803 3 5
302220802 9 4
302220801 1 0
302220800 2 19
302220798 8 1
302220797 3 1
302220796 182 17
302220795 1 1
302220794 11 4
302220793 1 0
302220792 0 0
302220791 0 5
302220790 2 2
302220789 9 5
302220788 7 1
302220787 18 2
302220786 7 11
302220785 217 39
302220784 11 18
302220783 10 6
302220782 399 73
302220781 18 6
302220780 449 32
302220779 679 21
302220778 3 2
302220777 379 38
302220775 2 0
302220774 0 2
302220773 8 2
302220772 162 17
302220771 16 3
302220770 430 83
302220769 4806 486
302220768 5 1
302220767 12 15
302220766 3 0
302220765 10 0
302220764 2 1
302220762 0 0
302220761 148 25
302220760 3 6
302220759 1 0
302220758 1 1
302220757 13 20
302220756 2 0
302220755 3 2
302220754 16 5
302220752 11 1
302220750 9 4
302220749 15 4
302220748 708 187
302220746 0 0
302220745 0 6
302220744 3 0
302220743 1 1
302220742 20 1
302220741 13 24
302220740 10 1
302220739 0 21
302220738 1 2
302220737 9 1
302220735 2 1
302220734 22 7
302220733 2 1
302220732 8 4
302220731 3 1
302220730 263 29
302220728 12 22
302220727 15 8
302220726 0 3
302220725 9 9
302220724 14 5
302220723 458 140
302220722 2 7
302220721 868 196
302220719 353 81
302220718 9 5
302220717 3 2
302220716 4 2
302220714 2 1
302220713 22 7
302220712 946 54
302220710 1 2
302220709 0 1
302220708 3 1
302220707 519 53
302220706 1 2
302220705 5 6
302220704 1 1
302220703 256 8
302220702 210 44
302220700 1 1
302220699 1 0
302220698 0 0
302220697 2532 350
302220696 420 55
302220695 18 4
302220693 827 119
302220692 3 3
302220691 1 1
302220690 528 84
302220688 0 0
302220687 7 1
302220685 9 8
302220684 15 31
302220683 343 46
302220681 1715 476
302220680 0 0
302220679 1 2
302220678 1 23
302220676 0 0
302220675 9 13
302220674 9 4
302220673 3 2
302220672 1 10
302220671 7 3
302220670 355 109
302220669 851 150
302220668 17 8
302220666 8 2
302220665 15 8
302220663 2315 434
302220662 0 1
302220661 3 2
302220660 2 3
302220658 1466 327
302220657 2 1
302220656 696 99
302220655 0 0
302220654 405 31
302220650 22 9
302220649 35 13
302220648 2 0
302220647 8 7
302220646 3 1
302220645 5 0
302220644 3 0
302220643 452 51
302220642 0 1
302220641 4572 763
302220640 13 11
302220639 349 49
302220638 41 13
302220636 3362 554
302220635 1 1
302220634 11 5
302220632 3 2
302220631 54 20
302220630 1 1
302220629 1 1
302220628 0 1
302220627 3 0
302220624 1563 441
302220623 1 0
302220622 1 0
302220621 679 204
302220620 2 0
302220619 2386 515
302220618 2 0
302220617 1 0
302220616 195 59
302220615 3 0
302220614 2 0
