303957613 0 0
303956143 0 0
303948569 0 0
303941580 0 0
303941578 0 0
303941535 0 0
303941511 2 0
303939079 1 0
303930671 0 0
303917016 1 0
303863103 3 0
303863073 2 1
303863010 3 0
303862933 1 0
303862762 2 0
303862667 0 0
303861256 0 0
303812933 1 0
303804917 0 0
303790550 5 0
303790537 0 0
303754352 5 0
303744948 2 0
303744209 0 0
303741545 3 1
303740683 4 3
303738428 4 0
303736315 9 0
303733500 4 0
303732231 1 3
303732185 2 0
303730515 5 2
303730408 2 0
303723245 3 0
303722840 9 0
303722791 0 0
303722757 1 0
303722749 6 0
303719721 2 2
303682198 0 0
303671362 0 3
303667608 0 1
303667601 3 1
303660719 1 0
303660511 4 1
303609576 0 0
303586118 10 1
303585339 1 2
303576586 0 0
303574193 13 0
303572987 4 0
303572911 2 0
303570444 1 0
303503385 20 0
303499667 6 0
303497820 7 0
303485595 1 0
303484884 12 0
303484368 16 0
303447800 3 3
303412570 1 1
303411886 0 1
303411476 9 1
303411464 21 0
303407621 3 1
303406825 2 0
303405707 1 0
303385022 6 0
303345696 2 0
303338332 4 1
303324364 15 3
303317241 7 1
303317080 21 2
303317072 14 0
303317068 6 0
303317051 0 0
303282718 15 2
303282365 1 0
303250742 6 0
303250474 6 1
303246382 21 0
303242365 0 0
303242307 3 2
303242301 12 0
303242284 8 1
303237196 6 0
303199848 23 1
303177837 2 0
303164206 0 0
303163178 2 4
303163177 2 3
303155821 13 3
303154379 0 0
303154363 1 6
303152692 8 1
303152446 0 1
303152183 0 0
303151330 17 1
303149786 2 1
303149438 14 1
303138490 22 1
303134969 1 0
303121015 0 1
303079843 8 0
303079183 5 1
303079062 6 8
303078799 2 0
303077557 5 4
303076580 19 7
303072613 32 2
303072587 2 1
303072228 7 2
303072039 8 2
303070516 4 0
303069254 1 4
303068633 3 0
303067782 9 0
303066279 6 6
303063384 1 0
303022149 4 0
302989799 7 0
302987752 3 1
302987091 4 1
302986104 8 0
302984961 9 0
302981411 13 2
302981378 17 2
302980121 4 0
302979665 2 20
302979658 8 8
302977921 4 0
302974172 1 4
302972065 4 0
302970629 22 0
302970543 46 0
302966315 0 1
302965274 12 1
302952296 26 2
302949010 12 3
302948962 6 2
302941256 14 2
302929814 32 0
302927693 0 2
302912966 3 0
302909690 8 0
302905055 24 0
302894147 11 1
302894114 1 2
302893914 2 1
302893911 47 2
302893902 5 0
302893825 0 2
302893729 0 0
302893638 9 14
302893513 0 0
302893126 29 3
302893022 2 18
302893011 0 0
302892927 1 0
302892749 6 0
302892601 27 1
302892506 11 2
302892126 0 0
302891439 6 1
302890480 19 1
302890478 13 2
302890229 0 0
302889659 0 0
302889343 4 0
302889201 3 0
302887536 7 0
302884995 5 3
302884770 22 4
302884677 5 1
302884655 3 14
302884617 2 0
302884555 2 1
302884216 7 1
302884208 15 37
302884135 0 0
302884055 1 23
302884044 3 20
302883760 1 9
302883694 5 0
302883631 0 4
302883603 17 22
302883599 6 0
302883421 27 13
302883414 5 2
302883067 0 0
302883051 0 0
302882924 4 2
302882916 0 0
302882866 5 0
302882850 4 0
302882835 7 0
302882829 1 0
302882811 3 0
302882756 1 0
302882641 5 1
302882611 16 0
302882601 0 0
302882597 0 0
302882408 58 3
302882333 0 0
302882286 0 6
302882206 0 0
302881733 7 0
302881687 7 3
302881636 3 0
302881029 2 4
302880818 11 1
302880477 6 1
302880433 58 0
302880415 43 2
302880397 26 1
302880394 3 0
302880378 22 3
302880335 3 6
302880284 48 3
302879748 13 0
302879614 1 0
302879612 1 0
302879327 15 1
302879285 4 1
302879223 5 0
302879079 0 0
302878505 0 0
302877972 4 2
302877898 2 3
302877667 11 3
302877624 5 0
302876975 14 2
302876620 13 0
302876419 9 0
302876418 8 0
302875114 5 0
302874517 4 0
302874456 47 0
302874283 100 4
302873774 1 40
302873772 0 0
302873748 0 0
302873622 5 50
302873617 4 0
302873607 2 0
302873549 0 0
302873528 0 0
302873503 41 2
302873477 0 0
302873472 0 1
302873422 6 17
302873291 2 0
302873263 12 2
302873176 5 1
302872767 13 8
302872682 12 2
302872655 5 3
302872611 0 0
302872542 2 0
302872247 8 5
302872242 15 1
302872209 1 0
302871944 24 1
302871883 2 0
302871240 3 31
302871085 3 14
302870983 18 2
302870929 2 0
302870909 1 0
302870775 26 3
302870766 3 0
302870582 0 8
302870148 11 8
302870141 11 1
302870063 5 26
302869978 0 10
302869965 1 3
302869859 5 30
302869682 15 5
302869580 15 2
302869564 6 3
302869148 5 0
302869123 3 0
302868936 8 2
302868816 16 33
302868706 14 26
302868560 7 0
302868112 4 30
302868108 3 27
302867483 2 0
302867104 37 1
302867076 19 1
302866714 11 0
302866674 53 10
302866616 14 1
302865373 1 0
302865255 20 3
302864938 0 0
302852438 0 33
302852392 0 32
302852029 14 10
302851750 13 17
302851738 2 1
302851608 2 32
302850841 20 1
302850806 32 7
302850790 0 0
302850667 5 4
302850665 1 0
302849937 9 0
302849780 9 30
302849230 21 20
302849144 27 11
302848878 9 16
302847890 9 34
302846445 17 2
302844502 1 0
302844430 13 0
302843782 27 4
302843778 5 36
302843655 4 0
302843078 0 1
302842595 0 0
302842166 0 1
302842161 1 0
302841929 32 1
302841297 22 1
302841276 3 17
302840652 11 20
302840014 24 0
302839658 14 16
302838793 0 0
302838420 27 18
302836567 1 1
302835681 2 4
302834495 13 33
302832571 21 54
302832562 46 8
302832560 10 16
302832468 13 10
302832405 10 10
302832385 13 8
302832297 10 5
302832293 32 6
302832286 27 0
302832257 26 0
302832253 4 0
302832207 12 7
302832187 12 20
302832102 1 2
302831961 20 7
302831941 8 2
302831934 1 0
302831933 8 16
302831931 0 0
302831891 7 16
302831770 7 6
302831762 17 1
302831760 2 1
302831754 16 2
302831723 13 0
302831666 0 33
302831648 8 1
302831498 9 0
302831439 10 0
302831375 11 0
302831288 6 0
302831265 12 0
302831196 0 5
302830875 6 43
302830847 0 2
302830841 6 0
302830575 1 0
302830526 5 36
302830484 25 8
302830469 12 0
302830234 2 0
302830233 2 1
302830167 8 13
302830024 9 16
302830013 6 2
302829995 17 1
302829827 24 6
302829728 12 2
302829725 6 1
302829723 6 2
302829667 50 9
302829664 1 6
302829645 47 3
302829643 5 0
302829611 9 2
302829601 13 1
302829595 29 3
302829587 17 2
302829584 13 9
302829575 35 5
302829446 23 1
302829322 16 38
302829274 19 17
302829261 36 5
302829207 20 1
302829004 4 2
302828998 13 0
302828925 11 39
302828777 24 0
302828723 12 0
302828418 23 1
302828393 21 3
302828214 2 0
302828116 22 8
302828084 27 9
302828080 24 13
302827750 1 1
302827591 4 2
302827525 9 2
302827524 3 8
302827191 39 5
302827019 0 0
302826986 13 37
302826619 0 1
302826156 30 3
302825536 1 2
302825448 13 11
302825442 30 15
302825431 12 5
302824861 3 0
302824698 8 0
302824448 7 0
302823779 0 0
302823271 4 11
302823092 13 3
302822870 0 0
302819642 7 0
302819608 4 22
302819549 0 0
302819285 5 0
302819118 0 0
302819092 0 28
302819065 8 0
302819062 2 2
302819038 8 26
302819036 39 5
302819035 0 2
302819033 2 1
302819032 31 1
302819029 9 0
302819020 19 9
302819011 0 2
302819007 18 0
302819000 0 1
302818998 11 0
302818985 27 16
302818983 23 1
302818981 20 14
302818978 14 5
302818970 7 29
302818968 20 15
302818967 17 13
302818964 0 0
302818963 15 1
302818960 6 5
302818959 15 2
302818958 13 46
302818957 19 13
302818953 16 1
302818951 0 20
302818949 42 2
302818948 13 0
302818947 38 2
302818945 5 1
302818943 31 4
302818941 4 2
302818939 1 1
302818930 19 22
302818926 1 12
302818920 18 1
302818910 21 3
302818907 18 2
302818905 1 2
302818902 32 6
302818900 5 0
302818899 4 1
302818897 12 0
302818884 31 0
302818879 1 0
302818872 13 10
302818868 10 17
302818863 9 38
302818862 4 1
302818841 9 35
302818836 2 33
302818833 5 0
302818831 0 2
302818829 18 13
302818827 18 13
302818825 0 1
302818817 0 0
302818815 0 0
302818814 2 1
302818811 0 1
302818809 15 20
302818801 0 0
302818794 2 1
302818793 0 0
302818792 0 3
302818785 18 18
302818780 0 0
302818775 11 3
302818768 0 5
302818758 1 0
302818756 5 39
302818753 32 1
302818752 1 1
302818742 11 32
302818741 18 41
302818739 1 0
302818738 1 1
302818736 1 1
302818735 5 5
302818734 20 4
302818732 8 3
302818730 11 24
302818729 22 23
302818728 13 13
302818726 25 14
302818724 18 1
302818720 13 8
302818717 22 4
302818712 0 1
302818708 33 3
302818699 5 30
302818691 1 1
302818687 10 3
302818686 2 31
302818685 8 4
302818684 28 5
302818682 9 29
302818680 22 15
302818679 3 2
302818678 23 4
302818676 0 1
302818671 11 10
302818670 18 10
302818667 41 0
302818665 5 21
302818664 48 2
302818661 11 1
302818658 2 12
302818656 3 6
302818654 9 0
302818653 6 13
302818651 9 12
302818647 15 4
302818641 19 1
302818640 13 17
302818639 11 3
302818636 15 28
302818634 2 6
302818632 23 2
302818628 18 1
302818626 15 7
302818625 0 0
302818624 2 4
302818620 31 12
302818619 7 15
302818606 11 4
302818597 2 1
302818593 0 0
302818591 12 21
302818589 7 40
302818588 0 4
302818587 11 8
302818585 8 18
302818577 14 13
302818554 9 18
302818543 0 0
302818541 0 1
302818540 11 0
302818539 17 3
302818537 8 1
302818536 35 8
302818525 30 27
302818518 0 3
302818510 3 0
302818508 7 2
302818503 9 9
302818502 12 4
302818498 18 0
302818497 4 6
302818496 15 1
302818494 11 2
302818492 17 1
302818490 17 2
302818487 6 2
302818485 14 2
302818484 5 3
302818483 1 1
302818482 10 1
302818478 5 2
302818477 1 5
302818476 9 0
302818473 0 1
302818466 13 4
302818464 1 0
302818463 1 0
302818461 27 2
302818457 0 3
302818453 4 0
302818450 27 3
302818448 15 4
302818432 6 37
302818429 52 4
302818428 9 30
302818425 22 0
302818422 9 2
302818421 9 0
302818418 16 3
302818414 37 2
302818411 1 1
302818409 6 4
302818404 39 1
302818399 20 14
302818397 10 1
302818395 41 1
302818394 11 1
302818392 1 0
302818390 6 32
302818387 3 0
302818386 21 4
302818378 32 0
302818375 9 0
302818373 27 1
302818349 1 1
302818346 16 12
302818345 0 4
302818344 5 5
302818343 0 0
302818340 1 0
302818339 2 1
302818335 3 6
302818328 23 16
302818326 17 27
302818322 6 5
302818318 10 42
302818316 8 15
302818315 1 0
302818312 0 0
302818307 3 0
302818305 8 26
302818301 0 1
302818295 0 0
302818293 10 0
302818288 7 28
302818287 0 0
302818286 7 31
302818283 8 2
302818277 24 4
302818272 0 1
302818268 6 14
302818264 13 4
302818262 11 0
302818260 34 3
302818254 13 2
302818253 0 6
302818251 1 2
302818248 2 5
302818247 8 1
302818242 14 0
302818239 10 5
302818238 15 0
302818237 4 18
302818236 24 42
302818235 16 2
302818233 16 7
302818232 9 26
302818229 18 1
302818228 6 2
302818227 11 4
302818226 5 0
302818225 14 1
302818224 1 0
302818222 7 14
302818217 11 21
302818216 1 2
302818213 6 0
302818212 4 3
302818210 2 0
302818208 2 0
302818206 1 1
302818204 11 1
302818202 5 1
302818201 0 1
302818197 7 1
302818191 0 3
302818190 10 2
302818189 7 1
302818188 19 0
302818186 15 6
302818182 13 6
302818181 6 0
302818178 2 49
302818177 20 0
302818169 8 0
302818167 29 3
302818161 4 1
302818160 3 6
302818159 4 1
302818149 4 5
302818139 5 2
302818138 0 0
302818135 8 0
302818131 2 0
302818129 7 0
302818125 8 2
302818123 9 1
302818114 6 5
302818111 1 39
302818106 8 6
302818103 4 0
302818080 6 0
302818075 2 0
302818070 0 0
302818068 13 4
302818067 0 5
302818065 11 5
302818056 1 1
302818049 2 0
302818044 25 1
302818032 20 2
302818031 1 0
302818030 1 1
302818029 1 0
302818008 5 1
302818006 6 0
302818004 6 11
302818002 2 3
302817998 3 6
302817997 14 7
302817996 0 0
302817995 5 0
302817993 9 39
302817992 2 0
302817987 6 52
302817986 7 8
302817984 9 9
302817981 2 1
302817980 15 2
302817978 22 4
302817977 27 0
302817976 26 2
302817974 3 2
302817972 10 5
302817971 0 1
302817969 18 1
302817968 37 1
302817967 13 6
302817966 7 2
302817956 1 3
302817955 13 2
302817954 0 1
302817953 0 3
302817951 7 1
302817950 0 2
302817947 15 2
302817946 25 4
302817943 13 18
302817942 27 6
302817941 5 0
302817940 6 13
302817939 2 1
302817931 1 2
302817930 19 5
302817927 12 7
302817923 5 29
302817918 3 1
302817917 2 1
302817914 20 10
302817907 0 3
302817906 22 0
302817903 6 1
302817902 8 1
302817901 16 3
302817895 1 0
302817892 9 43
302817891 5 27
302817886 17 1
302817881 14 4
302817876 11 42
302817875 33 2
302817873 8 1
302817871 0 0
302817870 18 2
302817868 6 2
302817867 7 2
302817866 3 1
302817864 12 2
302817863 29 1
302817861 11 4
302817857 20 2
302817856 42 7
302817855 22 3
302817850 1 1
302817848 42 7
302817847 18 32
302817842 18 8
302817841 31 3
302817839 18 2
302817838 15 4
302817837 14 3
302817833 14 4
302817826 0 0
302817825 8 2
302817821 18 4
302817819 0 0
302817815 48 5
302817811 4 3
302817809 7 8
302817808 15 1
302817807 14 2
302817806 3 0
302817804 15 1
302817802 20 4
302817801 16 26
302817800 0 0
302817799 17 3
302817796 11 4
302817795 14 9
302817793 0 0
302817792 10 21
302817789 0 0
302817788 19 24
302817787 10 10
302817785 19 0
302817783 7 45
302817781 18 18
302817779 1 0
302817778 0 3
302817776 23 4
302817775 15 33
302817773 5 3
302817770 13 4
302817769 8 30
302817762 14 8
302817760 9 8
302817757 6 8
302817756 10 57
302817755 4 0
302817750 5 2
302817747 14 17
302817746 1 0
302817745 32 8
302817742 0 0
302817737 3 34
302817736 3 1
302817733 4 0
302817732 9 42
302817730 6 0
302817729 9 0
302817728 1 0
302817724 41 1
302817723 5 3
302817722 13 2
302817720 75 2
302817718 1 2
302817717 18 0
302817715 12 32
302817714 0 1
302817713 12 6
302817711 29 8
302817709 18 3
302817708 13 0
302817707 17 7
302817704 15 2
302817703 21 28
302817700 5 0
302817699 0 1
302817697 188 7
302817695 9 2
302817692 17 8
302817684 11 4
302817683 1 11
302817677 3 48
302817673 18 7
302817672 8 13
302817669 6 7
302817667 13 22
302817659 151 8
302817658 150 2
302817653 1 2
302817646 27 3
302817644 0 0
302817642 1 1
302817641 6 5
302817638 19 10
302817629 1 1
302817628 2 1
302817618 3 57
302817616 1 1
302817613 17 5
302817606 0 1
302817600 0 0
302817595 2 4
302817584 20 5
302817581 25 3
302817578 1 1
302817577 12 7
302817575 9 3
302817570 8 5
302817565 3 31
302817564 7 0
302817561 8 2
302817560 17 2
302817557 12 7
302817556 0 2
302817555 1 0
302817550 6 5
302817549 2 0
302817545 15 2
302817542 36 5
302817535 12 2
302817533 0 1
302817532 12 2
302817530 6 2
302817525 4 0
302817517 21 0
302817515 23 27
302817512 4 0
302817510 2 0
302817506 31 2
302817505 6 0
302817503 3 30
302817488 8 1
302817486 26 2
302817485 2 1
302817481 18 16
302817479 14 5
302817478 30 1
302817477 12 1
302817476 2 0
302817475 43 3
302817473 21 2
302817470 0 0
302817466 13 2
302817465 7 1
302817462 0 1
302817461 23 8
302817460 10 18
302817453 19 13
302817452 6 2
302817450 0 1
302817449 1 1
302817447 0 0
302817446 8 1
302817443 17 0
302817440 15 6
302817436 2 1
302817432 22 0
302817430 11 0
302817429 16 9
302817422 13 3
302817421 12 2
302817420 15 2
302817417 14 4
302817416 18 6
302817411 19 2
302817410 3 5
302817409 18 5
302817407 26 10
302817405 9 2
302817402 0 2
302817400 1 0
302817395 11 0
302817394 21 15
302817393 13 1
302817386 12 1
302817381 28 1
302817380 39 1
302817377 14 1
302817375 9 41
302817372 14 1
302817371 14 4
302817370 1 0
302817366 36 1
302817362 8 15
302817360 17 6
302817359 2 0
302817355 9 0
302817354 0 1
302817352 7 10
302817351 3 1
302817349 4 0
302817348 28 1
302817347 1 0
302817346 3 1
302817344 20 1
302817343 115 3
302817339 16 25
302817337 14 9
302817336 17 2
302817334 28 3
302817332 2 2
302817331 4 19
302817330 12 3
302817327 5 5
302817326 35 0
302817325 0 1
302817324 19 5
302817323 37 0
302817322 4 39
302817320 18 0
302817318 5 0
302817316 6 0
302817315 47 5
302817314 1 1
302817313 1 1
302817309 1 1
302817304 25 7
302817303 8 0
302817301 1 2
302817300 20 17
302817299 16 10
302817297 10 0
302817296 16 9
302817294 6 28
302817292 33 6
302817291 14 4
302817289 22 32
302817288 1 1
302817287 4 5
302817286 7 30
302817284 21 7
302817283 33 1
302817282 9 2
302817277 30 3
302817276 10 12
302817275 13 0
302817273 0 1
302817271 5 0
302817269 0 38
302817268 5 0
302817267 10 4
302817266 37 24
302817264 12 0
302817262 11 5
302817260 6 3
302817256 31 18
302817253 6 0
302817252 13 4
302817250 15 8
302817249 23 5
302817248 7 22
302817246 32 8
302817244 9 4
302817242 11 0
302817239 0 2
302817238 14 1
302817237 5 4
302817231 3 0
302817227 8 3
302817225 15 1
302817224 2 0
302817222 4 0
302817221 4 25
302817220 7 4
302817219 3 0
302817218 9 2
302817216 2 0
302817215 12 2
302817214 2 7
302817213 1 3
302817209 1 4
302817208 19 5
302817206 4 12
302817204 6 10
302817203 0 2
302817200 18 5
302817199 0 2
302817198 13 22
302817196 1 2
302817195 4 10
302817193 14 6
302817192 8 21
302817191 1 0
302817190 40 0
302817188 7 1
302817185 8 5
302817184 3 1
302817177 12 5
302817176 21 3
302817175 21 10
302817174 1 33
302817173 12 1
302817172 18 3
302817171 13 1
302817168 11 0
302817167 6 3
302817166 103 7
302817163 10 0
302817162 1 0
302817159 2 2
302817158 39 1
302817155 28 5
302817154 3 1
302817152 4 2
302817151 27 11
302817150 4 0
302817149 2 2
302817146 6 2
302817144 23 11
302817143 6 1
302817140 8 2
302817139 19 3
302817137 7 20
302817135 0 1
302817133 1 6
302817132 7 2
302817130 18 5
302817125 33 13
302817124 31 11
302817123 20 2
302817119 11 15
302817118 6 3
302817116 12 0
302817115 189 7
302817113 16 1
302817111 7 1
302817110 13 2
302817109 3 2
302817107 5 14
302817105 15 0
302817104 8 0
302817100 24 20
302817098 10 3
302817096 19 2
302817095 34 0
302817092 0 0
302817091 6 7
302817090 0 2
302817089 8 25
302817088 0 2
302817087 3 0
302817085 17 1
302817084 0 1
302817080 8 80
302817079 2 0
302817078 5 3
302817076 25 12
302817075 21 5
302817073 9 34
302817068 7 4
302817063 0 0
302817062 18 2
302817058 37 1
302817057 22 4
302817055 4 10
302817053 3 2
302817052 6 2
302817050 1 0
302817048 1 1
302817043 4 2
302817042 2 0
302817041 11 3
302817040 18 7
302817039 21 10
302817037 4 1
302817036 2 1
302817035 18 0
302817034 19 6
302817033 13 0
302817032 22 3
302817030 0 0
302817029 17 0
302817028 27 5
302817027 20 9
302817026 12 0
302817023 2 0
302817021 0 0
302817020 34 6
302817018 7 1
302817016 1 0
302817014 14 7
302817012 6 1
302817011 0 0
302817010 22 13
302817009 3 16
302817007 6 31
302817003 12 5
302817002 8 8
302816998 0 0
302816997 30 2
302816995 16 8
302816993 3 4
302816992 8 2
302816989 11 1
302816987 14 4
302816986 12 2
302816984 4 1
302816983 0 0
302816982 230 20
302816980 10 4
302816979 8 1
302816973 9 3
302816970 6 0
302816969 5 3
302816966 26 0
302816964 18 3
302816962 19 4
302816959 5 49
302816958 4 1
302816956 36 7
302816955 5 11
302816954 23 2
302816953 1 0
302816952 4 22
302816951 1 37
302816950 11 1
302816949 6 13
302816948 5 1
302816946 7 4
302816945 3 0
302816943 20 1
302816941 11 0
302816940 1 0
302816937 12 39
302816935 17 5
302816934 0 0
302816932 15 10
302816930 42 1
302816929 3 0
302816928 1 0
302816927 8 50
302816926 0 0
302816925 2 1
302816924 1 1
302816922 13 3
302816919 5 15
302816917 1 1
302816915 6 7
302816914 3 0
302816912 20 1
302816910 25 16
302816909 4 6
302816907 1 1
302816906 17 8
302816905 11 3
302816904 24 6
302816903 1 0
302816902 20 108
302816901 75 0
302816900 15 8
302816899 0 0
302816898 14 1
302816897 3 13
302816894 0 12
302816893 4 6
302816892 5 28
302816889 5 13
302816887 20 7
302816886 7 2
302816883 4 12
302816880 6 4
302816879 25 1
302816878 12 1
302816876 0 0
302816874 8 3
302816873 11 3
302816870 5 2
302816869 5 0
302816867 3 0
302816866 9 13
302816865 8 0
302816864 9 3
302816862 0 0
302816861 47 1
302816860 3 0
302816859 0 0
302816858 9 1
302816854 5 0
302816853 17 0
302816852 6 2
302816850 6 8
302816849 11 3
302816848 7 3
302816847 5 0
302816846 7 6
302816845 5 0
302816844 10 2
302816843 24 5
302816842 13 0
302816841 4 78
302816839 4 38
302816837 2 0
302816836 4 1
302816835 2 7
302816834 5 3
302816832 0 3
302816831 297 2
302816830 0 0
302816829 12 5
302816828 6 8
302816827 29 1
302816826 7 8
302816824 45 1
302816820 32 5
302816819 3 4
302816815 5 3
302816814 1 0
302816813 63 8
302816812 6 5
302816811 4 3
302816810 29 0
302816806 9 5
302816804 21 2
302816803 9 8
302816801 14 6
302816799 4 0
302816797 5 61
302816796 7 3
302816795 1 0
302816794 42 1
302816792 11 11
302816790 11 1
302816787 7 1
302816786 15 4
302816784 0 0
302816782 37 1
302816781 28 2
302816780 12 0
302816779 16 2
302816778 30 0
302816777 8 5
302816776 14 0
302816775 11 0
302816774 14 5
302816773 13 1
302816772 41 1
302816770 18 0
302816768 0 1
302816767 9 1
302816762 3 13
302816761 16 2
302816760 9 31
302816759 17 10
302816758 6 7
302816757 12 18
302816756 7 0
302816755 6 0
302816752 29 2
302816751 10 5
302816747 0 1
302816746 12 11
302816742 49 6
302816741 64 2
302816738 6 8
302816736 11 47
302816735 9 21
302816734 2 0
302816733 13 4
302816732 19 10
302816731 9 5
302816730 18 10
302816729 8 1
302816728 6 4
302816727 11 3
302816726 13 24
302816725 19 0
302816724 7 2
302816723 12 1
302816722 9 2
302816721 13 1
302816720 6 0
302816718 12 0
302816717 9 9
302816716 0 1
302816715 18 23
302816714 69 4
302816713 3 1
302816711 1 2
302816710 18 4
302816706 18 35
302816699 1 1
302816697 29 18
302816694 0 0
302816690 0 2
302816685 9 0
302816684 0 0
302816683 0 0
302816680 0 1
302816679 7 0
302816674 13 23
302816673 3 1
302816672 18 6
302816671 1 1
302816668 7 0
302816667 27 3
302816665 5 0
302816664 44 0
302816662 0 0
302816661 15 4
302816660 9 1
302816657 3 3
302816654 3 0
302816653 4 0
302816652 4 52
302816651 28 0
302816649 15 21
302816647 6 0
302816645 4 2
302816643 25 7
302816640 222 4
302816638 21 2
302816637 12 0
302816633 9 1
302816632 8 0
302816631 0 0
302816629 14 12
302816628 7 0
302816626 31 10
302816623 52 1
302816618 14 22
302816614 11 0
302816613 14 22
302816608 20 2
302816606 20 21
302816601 30 18
302816600 0 2
302816599 0 2
302816597 16 16
302816594 8 0
302816590 2 0
302816587 15 0
302816585 0 7
302816584 1 3
302816583 8 1
302816582 14 11
302816580 12 22
302816578 9 0
302816575 21 6
302816569 1 5
302816566 2 4
302816562 9 12
302816560 6 0
302816557 18 2
302816556 9 0
302816555 14 7
302816551 0 1
302816549 3 0
302816543 14 11
302816539 20 1
302816535 0 2
302816533 0 0
302816532 42 0
302816529 7 15
302816526 8 2
302816524 0 0
302816518 0 0
302816517 17 17
302816515 14 39
302816513 36 4
302816512 1 0
302816511 9 75
302816508 4 1
302816507 10 0
302816505 39 0
302816504 0 0
302816503 1 1
302816502 1 1
302816501 25 4
302816497 1 0
302816496 14 0
302816495 47 0
302816494 18 5
302816492 5 3
302816490 46 3
302816489 0 0
302816488 8 16
302816487 6 11
302816486 7 8
302816482 32 9
302816481 4 3
302816475 9 11
302816472 1 6
302816471 0 0
302816466 10 0
302816464 13 3
302816463 4 9
302816462 9 5
302816461 1 0
302816456 7 4
302816454 3 0
302816453 16 0
302816451 1 2
302816450 8 0
302816448 27 4
302816446 6 0
302816443 0 0
302816442 11 3
302816441 2 0
302816440 6 2
302816436 7 1
302816435 20 1
302816434 23 36
302816433 8 1
302816432 11 14
302816431 18 6
302816430 16 0
302816428 8 1
302816426 5 3
302816425 41 11
302816424 575 20
302816423 48 0
302816422 0 0
302816421 19 4
302816420 3 0
302816418 3 11
302816417 8 0
302816416 17 0
302816415 25 0
302816414 13 0
302816412 10 0
302816409 16 2
302816406 1 0
302816404 4 0
302816402 11 3
302816400 3 2
302816399 2 4
302816397 3 1
302816396 15 0
302816395 5 0
302816394 22 19
302816393 0 3
302816392 3 2
302816390 4 7
302816389 9 1
302816387 1 1
302816384 9 1
302816382 11 14
302816381 5 1
302816380 4 9
302816378 21 6
302816377 7 1
302816376 0 0
302816374 2 0
302816373 1 1
302816372 15 7
302816371 5 1
302816369 35 0
302816368 20 5
302816367 2 0
302816365 1 0
302816364 0 0
302816363 1 0
302816362 3 0
302816360 1 0
302816358 1 0
302816357 13 0
302816356 0 0
302816353 7 16
302816352 0 1
302816351 26 9
302816349 5 2
302816348 10 1
302816347 32 1
302816346 20 10
302816342 48 7
302816341 1 0
302816340 2 1
302816339 1 0
302816336 9 18
302816334 12 2
302816328 15 1
302816327 12 4
302816325 0 1
302816322 1 1
302816321 11 8
302816320 1 1
302816319 1 0
302816318 25 1
302816317 1 3
302816316 1 0
302816314 1 2
302816312 5 0
302816311 24 4
302816310 9 2
302816308 4 1
302816307 3 1
302816306 0 5
302816304 16 4
302816303 29 2
302816302 21 31
302816301 22 20
302816300 25 36
302816299 15 7
302816298 30 2
302816297 21 6
302816293 16 6
302816290 9 4
302816288 12 3
302816287 5 20
302816285 27 3
302816284 4 3
302816283 29 17
302816282 18 13
302816280 29 1
302816279 18 1
302816278 13 5
302816277 0 1
302816276 6 5
302816275 7 44
302816274 12 3
302816272 14 3
302816271 4 1
302816270 8 8
302816269 520 16
302816267 10 2
302816265 10 18
302816264 1 0
302816262 5 4
302816260 33 9
302816259 18 7
302816257 0 3
302816256 11 12
302816255 15 1
302816254 13 2
302816252 4 1
302816251 18 15
302816250 9 4
302816247 18 0
302816246 0 1
302816245 13 2
302816243 27 13
302816242 18 4
302816241 12 1
302816240 1 0
302816239 5 0
302816237 5 1
302816234 4 0
302816232 51 0
302816231 3 0
302816230 8 3
302816227 0 0
302816225 4 1
302816223 8 24
302816222 22 27
302816221 1 3
302816219 10 5
302816218 28 6
302816215 4 0
302816214 6 0
302816213 0 1
302816211 19 7
302816210 0 1
302816209 20 40
302816208 1 0
302816207 1 0
302816206 5 40
302816205 18 15
302816197 13 19
302816196 6 10
302816195 33 10
302816194 7 4
302816193 10 5
302816192 13 5
302816191 0 0
302816188 26 17
302816187 7 1
302816186 11 1
302816185 17 4
302816182 16 4
302816179 8 0
302816175 31 3
302816171 6 22
302816169 12 0
302816168 39 4
302816167 9 0
302816166 12 23
302816165 11 2
302816164 11 1
302816163 8 0
302816160 3 0
302816159 22 25
302816158 15 0
302816157 26 6
302816155 26 13
302816153 22 3
302816151 21 10
302816150 17 18
302816149 15 40
302816148 18 11
302816147 0 3
302816146 6 1
302816145 8 3
302816144 20 1
302816143 407 29
302816142 6 1
302816140 2 0
302816137 10 0
302816135 8 1
302816131 9 10
302816130 0 48
302816129 7 2
302816128 0 0
302816127 11 36
302816126 0 3
302816123 4 6
302816121 2 2
302816120 13 8
302816119 1 0
302816118 4 0
302816117 3 0
302816116 17 1
302816115 20 49
302816114 0 2
302816113 28 0
302816112 18 5
302816111 14 6
302816110 9 3
302816109 478 40
302816108 4 1
302816107 3 7
302816106 13 5
302816103 1 2
302816102 5 5
302816100 15 7
302816099 42 2
302816098 2 32
302816097 2 1
302816096 15 4
302816095 22 16
302816094 0 2
302816092 10 12
302816090 2 9
302816089 9 4
302816086 23 16
302816085 0 1
302816083 8 1
302816082 9 1
302816081 0 1
302816080 4 8
302816077 8 35
302816076 15 2
302816075 20 18
302816074 16 10
302816071 9 3
302816070 5 1
302816067 8 1
302816066 2 2
302816065 1 1
302816062 1 0
302816061 16 10
302816058 1 3
302816054 14 17
302816052 12 2
302816046 2 4
302816040 17 8
302816039 14 8
302816037 3 1
302816030 5 4
302816029 5 4
302816027 3 2
302816026 0 1
302816025 22 22
302816024 0 2
302816023 26 0
302816021 12 5
302816019 34 2
302816018 9 18
302816017 7 57
302816016 9 11
302816015 10 26
302816012 375 13
302816011 16 17
302816010 0 0
302816008 883 58
302816005 640 8
302816004 8 3
302816002 12 0
302816000 972 29
302815997 12 0
302815996 0 1
302815993 8 1
302815992 4 3
302815991 15 0
302815990 16 0
302815988 7 1
302815986 23 18
302815985 4 0
302815983 1 6
302815981 14 5
302815979 474 7
302815978 5 0
302815977 12 0
302815974 0 0
302815973 10 0
302815971 7 0
302815969 7 0
302815968 0 0
302815967 20 19
302815963 25 16
302815961 0 0
302815960 32 0
302815959 0 0
302815957 1 0
302815955 12 0
302815954 8 4
302815950 3 0
302815949 19 6
302815948 4 1
302815946 0 0
302815945 0 0
302815944 10 5
302815943 7 0
302815942 10 6
302815941 21 2
302815940 15 3
302815939 7 8
302815938 10 0
302815935 7 11
302815932 0 0
302815931 1 10
302815928 16 1
302815927 16 2
302815926 21 20
302815924 3 0
302815923 8 1
302815921 20 0
302815918 11 5
302815916 37 1
302815915 19 1
302815913 314 7
302815912 8 0
302815909 4 28
302815907 8 4
302815906 608 9
302815905 2 0
302815904 17 9
302815902 11 0
302815901 10 0
302815899 9 0
302815898 4 1
302815896 10 0
302815894 16 0
302815891 25 44
302815889 36 16
302815888 0 0
302815887 24 2
302815881 0 0
302815880 13 6
302815879 13 5
302815878 1 0
302815877 14 6
302815875 37 18
302815872 13 4
302815871 4 2
302815870 4 2
302815868 0 0
302815867 6 1
302815866 9 0
302815865 1 0
302815864 13 14
302815863 0 0
302815862 9 2
302815861 3 0
302815860 5 1
302815859 0 0
302815858 6 26
302815857 0 0
302815856 12 1
302815851 0 0
302815848 27 16
302815847 13 32
302815846 4 1
302815844 0 0
302815843 6 1
302815841 16 2
302815837 1 2
302815836 16 22
302815835 9 0
302815834 11 1
302815832 25 5
302815829 13 3
302815828 6 1
302815827 15 4
302815826 11 12
302815825 8 1
302815824 7 14
302815821 412 40
302815818 3 0
302815816 6 0
302815815 0 0
302815814 33 0
302815813 27 5
302815811 4 0
302815810 4 31
302815809 10 1
302815808 16 0
302815807 1 6
302815805 1 0
302815804 919 11
302815802 1 0
302815801 0 0
302815799 976 19
302815796 14 4
302815795 8 0
302815794 9 0
302815792 0 1
302815791 4 0
302815790 3 4
302815789 3 28
302815788 13 7
302815787 4 18
302815783 11 3
302815782 9 2
302815781 8 0
302815779 294 35
302815777 13 0
302815776 24 5
302815775 10 6
302815774 45 0
302815771 10 1
302815769 3 0
302815768 4 14
302815766 5 0
302815765 2 0
302815764 0 0
302815763 0 0
302815761 0 27
302815760 4 0
302815758 0 1
302815757 1 17
302815756 6 2
302815755 3 3
302815752 8 2
302815751 18 8
302815747 0 0
302815746 0 1
302815745 1 1
302815744 13 0
302815743 7 1
302815740 1 0
302815739 6 41
302815738 27 37
302815737 327 6
302815736 3 0
302815735 0 0
302815732 2 0
302815731 7 0
302815729 0 0
302815727 2 3
302815726 5 1
302815725 0 0
302815722 26 21
302815718 9 37
302815717 416 40
302815716 28 17
302815715 2 3
302815713 232 10
302815712 13 4
302815710 13 0
302815709 9 0
302815708 0 0
302815706 7 1
302815705 12 2
302815704 24 0
302815703 8 0
302815702 20 17
302815701 10 2
302815699 4 1
302815698 2 1
302815696 7 0
302815694 7 2
302815693 23 2
302815692 2 0
302815690 0 1
302815685 11 1
302815684 17 20
302815683 16 0
302815682 10 4
302815681 1 1
302815679 9 1
302815677 0 9
302815676 9 2
302815674 54 0
302815672 8 0
302815670 533 26
302815668 2 0
302815667 2 3
302815665 0 0
302815662 24 15
302815658 16 3
302815656 2 0
302815655 5 1
302815651 1 1
302815649 0 1
302815648 8 0
302815645 2 0
302815644 4 0
302815643 13 3
302815641 1 2
302815640 2 0
302815639 3 0
302815638 9 9
302815637 0 0
302815636 0 0
302815635 13 1
302815631 0 0
302815630 6 3
302815629 8 7
302815628 19 16
302815626 524 12
302815625 2 0
302815623 10 3
302815622 6 3
302815621 1 1
302815620 12 2
302815619 7 49
302815618 1 1
302815615 0 4
302815614 923 24
302815613 28 24
302815610 5 1
302815609 0 2
302815608 3 0
302815605 1330 36
302815602 9 4
302815600 5 40
302815599 6 29
302815598 7 0
302815596 12 5
302815595 4 11
302815591 6 2
302815589 17 2
302815588 55 0
302815585 16 3
302815584 1 1
302815583 1 0
302815582 13 3
302815581 4 3
302815579 15 3
302815578 7 2
302815577 4 4
302815576 4 3
302815575 2 0
302815574 14 4
302815573 33 20
302815572 0 1
302815571 10 0
302815570 450 17
302815568 4 0
302815566 28 3
302815565 10 6
302815564 0 0
302815563 3 0
302815562 22 0
302815561 7 1
302815560 2 0
302815559 0 0
302815557 7 1
302815556 1 0
302815554 13 0
302815553 0 0
302815552 0 0
302815551 1 4
302815550 0 0
302815548 26 23
302815546 534 10
302815545 0 2
302815543 13 20
302815542 13 7
302815539 6 4
302815537 326 19
302815536 2 3
302815535 11 0
302815534 1 0
302815533 15 11
302815531 0 2
302815530 3 0
302815529 13 4
302815528 202 18
302815526 11 8
302815523 19 2
302815521 3 10
302815520 16 1
302815519 21 3
302815518 1 0
302815516 9 3
302815514 8 4
302815513 1 0
302815512 10 20
302815511 21 18
302815510 3 0
302815509 0 0
302815507 2 0
302815506 10 2
302815505 10 0
302815504 10 1
302815502 15 0
302815501 0 0
302815500 6 0
302815499 5 6
302815498 0 0
302815497 9 3
302815496 2 0
302815494 894 13
302815493 5 0
302815492 3 7
302815491 22 0
302815490 12 10
302815489 7 0
302815486 6 1
302815485 6 1
302815484 13 10
302815483 4 4
302815481 17 5
302815480 3 2
302815479 1 0
302815478 9 1
302815477 0 0
302815476 7 8
302815475 0 1
302815473 8 1
302815472 7 0
302815471 1 0
302815470 9 6
302815469 6 5
302815468 8 2
302815467 12 2
302815466 1 0
302815465 14 1
302815464 20 1
302815463 4 1
302815461 5 0
302815460 0 1
302815459 11 1
302815458 3 1
302815457 0 0
302815456 4 0
302815455 15 1
302815454 7 0
302815452 44 1
302815450 5 38
302815449 0 0
302815447 6 1
302815446 3 0
302815445 10 6
302815443 0 0
302815442 3 1
302815440 2 0
302815439 0 1
302815438 0 0
302815437 0 26
302815436 8 4
302815435 0 0
302815434 8 5
302815432 20 11
302815431 932 22
302815430 20 1
302815429 21 16
302815428 6 0
302815427 16 9
302815426 13 24
302815425 3 2
302815424 0 1
302815422 26 6
302815421 3 1
302815420 25 1
302815419 0 1
302815417 2 2
302815416 263 71
302815414 7 2
302815413 4 0
302815408 1 0
302815407 3 3
302815406 4 2
302815405 0 0
302815404 23 30
302815403 0 3
302815402 43 1
302815401 0 1
302815399 3 11
302815398 1 2
302815397 10 5
302815396 626 13
302815395 14 16
302815394 5 2
302815392 17 0
302815391 1 0
302815390 6 0
302815389 40 0
302815387 0 2
302815386 4 0
302815385 6 2
302815384 2 34
302815383 7 3
302815382 0 0
302815381 11 8
302815380 17 2
302815379 9 4
302815378 0 1
302815377 15 3
302815376 2 0
302815371 3 1
302815369 2 0
302815368 10 30
302815366 22 1
302815365 22 22
302815363 7 1
302815362 7 0
302815361 0 2
302815359 6 0
302815358 4 0
302815357 4 1
302815355 12 16
302815353 7 2
302815352 17 8
302815350 1 0
302815349 8 2
302815348 8 2
302815347 0 0
302815346 0 0
302815345 0 0
302815344 6 1
302815343 15 1
302815342 0 1
302815341 12 2
302815340 14 13
302815339 10 5
302815337 12 3
302815336 4 3
302815335 9 2
302815333 3 2
302815332 36 34
302815331 0 0
302815330 6 3
302815329 0 0
302815326 6 5
302815324 9 0
302815322 9 16
302815321 7 2
302815320 0 2
302815319 2 0
302815318 6 0
302815317 0 0
302815316 6 0
302815315 4 1
302815313 20 0
302815312 1 0
302815311 35 1
302815310 8 0
302815309 0 0
302815308 18 0
302815306 13 7
302815305 6 2
302815304 16 1
302815303 4 1
302815302 6 1
302815300 0 1
302815299 15 1
302815295 1 1
302815294 5 1
302815293 4 1
302815292 0 1
302815291 0 0
302815290 4 0
302815289 4 1
302815288 3 1
302815287 11 1
302815286 2 1
302815285 6 0
302815284 5 1
302815282 16 7
302815281 1 3
302815280 1 0
302815278 17 4
302815275 9 1
302815274 6 0
302815272 28 0
302815271 1 1
302815270 5 13
302815268 1 0
302815267 1 0
302815266 1 0
302815265 1 0
302815263 3 1
302815261 162 4
302815260 5 1
302815259 2 0
302815258 7 0
302815257 7 1
302815256 15 0
302815255 14 0
302815254 0 0
302815253 31 1
302815252 0 0
302815251 1 1
302815250 7 14
302815249 0 0
302815248 11 9
302815247 3 0
302815246 4 0
302815245 2 0
302815241 16 5
302815240 735 17
302815239 7 2
302815238 6 1
302815237 5 1
302815235 6 0
302815234 2 2
302815231 4 16
302815230 2 1
302815229 0 0
302815228 0 0
302815227 15 13
302815225 4 1
302815224 13 11
302815223 876 50
302815221 4 0
302815220 1 1
302815219 19 1
302815218 18 3
302815217 0 1
302815216 4 1
302815215 39 0
302815214 0 2
302815213 11 1
302815212 7 1
302815210 8 2
302815208 3 1
302815207 12 15
302815205 2 1
302815204 1 1
302815203 3 1
302815201 3 1
302815200 3 1
302815199 3 0
302815198 0 2
302815197 6 1
302815196 10 2
302815195 6 0
302815193 7 2
302815192 12 1
302815188 1 1
302815186 13 1
302815185 1 1
302815184 3 0
302815182 9 1
302815179 6 3
302815178 16 7
302815177 1 1
302815174 465 11
302815173 0 0
302815170 17 2
302815168 11 2
302815166 8 4
302815164 0 0
302815163 15 2
302815161 8 1
302815160 7 2
302815157 3 0
302815156 17 8
302815155 3 1
302815154 12 2
302815153 0 0
302815150 6 0
302815149 1 2
302815148 0 4
302815146 12 0
302815145 3 1
302815142 7 0
302815141 7 1
302815140 9 4
302815139 7 5
302815136 3 0
302815135 4 1
302815133 1 0
302815132 16 5
302815131 0 0
302815130 2 0
302815129 4 0
302815128 9 1
302815127 0 2
302815123 4 5
302815122 7 7
302815121 3 0
302815120 1 0
302815119 11 1
302815118 3 4
302815117 10 0
302815116 0 0
302815115 5 3
302815114 11 1
302815113 14 3
302815112 5 2
302815111 9 0
302815110 13 1
302815109 971 17
302815107 9 0
302815106 1 1
302815105 0 0
302815104 0 0
302815097 2 0
302815096 2 3
302815092 5 4
302815091 2 1
302815090 1 3
302815089 0 0
302815088 0 0
302815087 7 11
302815084 6 0
302815082 0 0
302815081 0 0
302815079 5 0
302815072 6 2
302815071 7 0
302815068 6 2
302815067 7 0
302815066 4 0
302815063 6 71
302815062 30 0
302815060 0 21
302815059 3 0
302815058 0 1
302815057 25 1
302815056 10 0
302815055 3 15
302815054 5 6
302815053 10 0
302815052 3 5
302815051 0 1
302815050 6 1
302815049 7 6
302815047 18 1
302815045 3 1
302815044 3 0
302815043 4 0
302815042 4 1
302815041 293 12
302815040 13 3
302815038 3 2
302815037 743 37
302815036 6 1
302815035 1 1
302815034 4 8
302815032 2 4
302815031 4 6
302815030 0 1
302815029 6 2
302815028 2 14
302815026 9 5
302815024 5 2
302815023 1 1
302815022 21 1
302815019 2 1
302815018 8 1
302815017 7 1
302815016 1 2
302815015 5 1
302815014 0 1
302815013 4 2
302815012 0 1
302815011 0 1
302815010 9 2
302815008 944 19
302815007 3 3
302815005 0 1
302815004 2 20
302815003 4 1
302815002 9 7
302815000 0 6
302814999 13 24
302814997 1264 38
302814996 3 1
302814994 21 1
302814993 3 0
302814992 5 0
302814991 3 9
302814989 3 0
302814988 8 1
302814987 2 1
302814986 6 2
302814985 9 1
302814983 3 2
302814982 4 3
302814981 3 1
302814980 2 2
302814975 4 2
302814973 29 1
302814972 0 1
302814970 32 24
302814969 1 3
302814968 3 2
302814966 0 1
302814965 4 2
302814963 5 1
302814962 8 2
302814960 4 0
302814959 11 5
302814958 8 0
302814957 6 11
302814956 858 19
302814955 5 1
302814954 0 0
302814953 0 0
302814952 0 0
302814951 4 3
302814950 0 0
302814949 2 0
302814948 2 2
302814947 4 0
302814946 0 0
302814945 12 6
302814943 7 1
302814942 17 7
302814941 3 1
302814940 4 1
302814937 8 1
302814936 3 0
302814935 3 0
302814934 4 0
302814933 8 17
302814931 7 4
302814929 5 0
302814928 2 0
302814927 4 0
302814926 2 0
302814925 6 0
302814924 6 1
302814923 0 0
302814922 3 1
302814920 20 0
302814918 5 0
302814917 10 1
302814916 5 0
302814915 1 1
302814914 2 1
302814912 8 2
302814911 10 0
302814909 6 0
302814908 2 0
302814907 2 1
302814906 16 2
302814904 8 1
302814903 45 15
302814902 6 2
302814901 7 2
302814900 9 0
302814899 4 1
302814898 4 51
302814897 9 1
302814896 0 0
302814895 0 0
302814894 17 2
302814892 4 51
302814890 3 0
302814889 0 0
302814887 13 4
302814886 3 0
302814884 3 1
302814883 6 0
302814881 2 2
302814880 2 1
302814879 14 2
302814877 2 0
302814876 9 3
302814874 5 1
302814873 1 0
302814872 2 1
302814871 5 2
302814870 1 0
302814869 1 0
302814868 10 0
302814867 11 3
302814866 2 1
302814865 0 0
302814864 16 4
302814863 0 2
302814862 1 1
302814861 624 12
302814859 0 0
302814858 7 2
302814857 0 0
302814855 958 72
302814854 0 1
302814853 1 0
302814852 4 1
302814849 1 2
302814848 5 3
302814847 0 0
302814846 7 1
302814845 3 0
302814844 5 13
302814842 5 3
302814841 0 1
302814840 10 1
302814839 6 12
302814838 3 0
302814837 1 0
302814836 0 0
302814835 0 1
302814834 4 0
302814833 7 0
302814832 5 0
302814831 4 0
302814829 1448 18
302814827 6 4
302814826 6 0
302814825 2 0
302814824 3 25
302814823 2 1
302814822 3 0
302814821 10 2
302814820 7 14
302814819 1 1
302814818 0 1
302814817 11 3
302814816 5 1
302814815 1 1
302814813 1 9
302814812 0 0
302814810 8 1
302814809 4 5
302814808 1 0
302814807 22 11
302814805 2 0
302814804 37 1
302814803 1 0
302814802 3 3
302814800 1 1
302814799 4 0
302814798 2 27
302814797 3 17
302814796 8 2
302814795 4 0
302814794 3 0
302814793 3 0
302814792 12 1
302814791 0 0
302814789 7 3
302814788 5 14
302814787 0 0
302814786 10 0
302814785 2 1
302814784 0 3
302814783 0 0
302814780 0 1
302814779 4 2
302814777 4 0
302814776 3 0
302814775 5 1
302814774 13 2
302814773 1 1
302814772 6 0
302814771 705 11
302814770 9 1
302814769 2 18
302814768 3 5
302814767 4 0
302814766 5 0
302814765 29 3
302814764 0 0
302814763 8 0
302814762 9 0
302814761 8 0
302814760 0 0
302814758 6 0
302814757 2 12
302814755 4 0
302814753 0 0
302814752 0 0
302814751 7 71
302814750 2 1
302814749 5 0
302814748 18 10
302814747 8 0
302814744 0 0
302814743 4 0
302814742 32 10
302814741 0 0
302814740 27 0
302814739 5 0
302814737 1016 20
302814736 4 2
302814735 0 1
302814734 5 0
302814732 6 16
302814731 1862 21
302814730 5 0
302814729 1 1
302814727 3 0
302814726 3 2
302814725 10 0
302814723 3 0
302814722 9 3
302814719 1226 67
302814718 14 4
302814717 19 2
302814716 6 0
302814715 16 6
302814714 6 2
302814713 4 0
302814710 2 0
302814709 1 0
302814708 6 2
302814707 2 0
302814706 3 2
302814705 6 0
302814703 0 0
302814702 6 3
302814700 12 0
302814699 5 2
302814698 2 0
302814697 4 0
302814696 4 0
302814695 2 0
302814694 8 4
302814693 3 0
302814692 474 29
302814691 7 1
302814690 1 0
302814688 17 0
302814687 8 11
302814686 6 2
302814685 1 0
302814684 3 2
302814683 0 1
302814682 2 0
302814681 6 4
302814680 16 1
302814678 4 0
302814677 10 1
302814675 3 2
302814674 1 0
302814673 10 2
302814672 0 0
302814671 0 3
302814670 5 0
302814669 0 0
302814668 0 0
302814667 8 0
302814666 339 15
302814665 0 0
302814664 5 0
302814662 5 1
302814661 1 0
302814660 2 0
302814658 10 2
302814657 10 1
302814655 2 0
302814654 4 1
302814653 9 0
302814652 16 8
302814651 1 0
302814650 2 1
302814648 0 1
302814647 6 0
302814646 857 22
302814645 1 0
302814643 0 0
302814642 7 2
302814641 9 1
302814639 2 2
302814638 23 8
302814636 0 2
302814635 0 3
302814634 12 1
302814633 1742 402
302814632 0 0
302814631 2 0
302814630 9 4
302814629 0 0
302814628 2 2
302814627 2 1
302814626 0 1
302814625 4 1
302814624 3 1
302814623 8 4
302814622 1 1
302814621 3 0
302814620 15 2
302814618 6 0
302814617 5 0
302814616 3 5
302814614 9 1
302814613 7 4
302814612 1 1
302814611 1370 18
302814610 11 1
302814608 7 5
302814607 6 0
302814606 0 1
302814605 2 5
302814604 26 3
302814603 10 3
302814602 6 0
302814601 0 0
302814600 436 37
302814598 5 3
302814597 2 0
302814596 9 1
302814595 3 2
302814594 5 2
302814593 0 0
302814592 1225 14
302814591 10 1
302814590 29 2
302814589 7 0
302814588 9 13
302814586 5 0
302814585 0 2
302814584 5 0
302814583 9 0
302814582 0 0
302814580 16 11
302814579 0 0
302814578 0 5
302814577 1 0
302814575 0 1
302814574 15 1
302814573 2 0
302814572 1 1
302814571 6 2
302814570 0 0
302814569 1 0
302814568 2 1
302814567 7 2
302814565 13 0
302814564 4 0
302814563 1696 40
302814561 4 0
302814560 1 0
302814558 3 0
302814557 2 0
302814556 9 0
302814555 3 2
302814554 3 1
302814553 1 0
302814552 7 1
302814551 20 9
302814550 3 0
302814549 566 27
302814548 1 0
302814547 14 3
302814546 2 0
302814545 1028 20
302814544 4 4
302814543 8 0
302814542 8 2
302814541 169 14
302814540 2 0
302814539 1 0
302814538 1851 47
302814537 11 27
302814536 15 47
302814535 354 20
302814534 0 0
302814533 4 0
302814532 0 1
302814531 7 0
302814530 1155 208
302814529 4 0
302814528 5 0
302814527 3 1
302814526 2 0
302814525 7 1
302814524 6 2
302814523 0 0
302814522 8 34
302814521 0 0
302814519 3755 47
302814518 6 0
302814515 10 0
302814514 43 14
302814513 2 1
302814512 6 0
302814511 0 0
302814510 4 0
302814509 1 0
302814507 6 6
302814506 807 31
302814505 1 1
302814504 433 22
302814503 0 1
302814502 11 4
302814501 2 1
302814500 12 26
302814499 5 1
302814498 4 0
302814496 0 0
302814495 0 0
302814494 9 0
302814493 2 0
302814492 2 1
302814491 7 1
302814490 0 3
302814489 1 2
302814488 12 19
302814485 1 1
302814484 7 0
302814482 11 2
302814481 3 1
302814480 0 0
302814479 3 1
302814478 4 0
302814477 7 0
302814476 1790 39
302814473 9 1
302814472 0 0
302814470 0 0
302814469 7 2
302814468 0 0
302814467 3 57
302814466 1180 17
302814464 0 0
302814463 0 1
302814462 3 0
302814461 1017 22
302814460 7 0
302814459 9 0
302814458 5 0
302814455 3 0
302814454 8 0
302814453 0 0
302814452 1059 118
302814451 6 9
302814450 0 0
302814449 4 0
302814447 13 1
302814446 2 5
302814445 3 0
302814443 0 0
302814442 5 4
302814440 7 11
302814438 0 0
302814437 5 2
302814436 4 5
302814435 6 3
302814433 3 0
302814432 0 0
302814430 1501 20
302814429 0 1
302814428 1 19
302814427 2086 38
302814426 6 1
302814425 4 0
302814424 7 1
302814423 2 0
302814422 1 0
302814421 1 0
302814420 5 1
302814419 3 1
302814418 0 0
302814417 6 1
302814416 9 2
302814414 0 3
302814413 5 0
302814412 7 0
302814411 8 2
302814409 6 0
302814408 0 1
302814407 0 1
302814406 2 2
302814405 8 2
302814404 3 23
302814402 5 10
302814401 4 49
302814400 2 6
302814399 2 0
302814398 1 0
302814397 1 0
302814395 4 0
302814394 7 0
302814393 4 0
302814392 4 0
302814391 5 0
302814390 4 0
302814389 1 2
302814388 6 0
302814387 15 12
302814386 5 0
302814385 5 0
302814384 4 1
302814383 3 0
302814382 5 2
302814381 6 0
302814380 4 0
302814379 8 0
302814378 4 0
302814377 9 0
302814375 0 1
302814370 0 0
302814369 1694 35
302814368 11 9
302814366 22 6
302814365 0 6
302814364 0 0
302814363 6 2
302814361 0 0
302814360 0 1
302814358 3 0
302814357 3 0
302814356 443 33
302814355 10 3
302814354 3 0
302814353 2 1
302814352 0 0
302814351 6 4
302814350 3 1
302814349 0 0
302814348 6 1
302814345 8 0
302814344 4 1
302814343 7 3
302814342 0 1
302814341 0 0
302814339 0 0
302814338 6 0
302814336 4 1
302814335 2 1
302814334 4 0
302814333 870 32
302814331 3 0
302814330 3 0
302814329 9 1
302814328 6701 1742
302814327 2 0
302814326 5 1
302814325 4 1
302814324 34 0
302814323 10 23
302814322 4 3
302814321 5 0
302814320 3 0
302814319 8 2
302814318 6 1
302814317 0 0
302814316 6 3
302814315 10 3
302814314 1 0
302814313 0 0
302814312 600 20
302814311 753 20
302814310 1 0
302814309 0 0
302814308 4 1
302814307 7 1
302814305 3 0
302814304 1086 39
302814303 4 20
302814302 12 1
302814301 1708 83
302814300 6 1
302814299 3 4
302814298 8 4
302814297 2 2
302814296 3 0
302814294 379 17
302814291 4 1
302814290 2 14
302814289 1 0
302814288 5 4
302814287 5 0
302814286 897 32
302814285 6 0
302814284 5 5
302814281 7 3
302814280 0 0
302814279 8 3
302814278 4 3
302814277 5 0
302814276 2 0
302814274 0 0
302814272 12 3
302814271 1220 228
302814270 2 1
302814268 0 0
302814267 4 3
302814266 1581 64
302814265 7 0
302814264 0 0
302814263 6 0
302814262 4 17
302814261 2 1
302814260 8 3
302814259 12 2
302814258 0 0
302814257 8 4
302814256 1832 18
302814252 2 3
302814250 1 4
302814249 1257 36
302814248 0 0
302814247 6 0
302814246 0 0
302814245 0 3
302814244 7 2
302814243 9 0
302814242 1 1
302814241 13 4
302814240 1 2
302814239 1 0
302814238 7 0
302814237 11 2
302814236 3 1
302814233 4 2
302814232 3 1
302814231 10 0
302814229 8 1
302814228 4 24
302814226 2 0
302814225 2 0
302814223 2 0
302814222 8 3
302814221 10 2
302814220 7 2
302814219 0 0
302814218 10 2
302814217 3 1
302814216 3 2
302814215 1 0
302814214 11 2
302814213 1 1
302814212 9 2
302814211 9 0
302814210 1851 29
302814209 7 3
302814208 0 0
302814207 3 1
302814206 0 11
302814205 2 0
302814204 12 2
302814202 4 12
302814201 0 0
302814199 3 3
302814198 4 0
302814197 2 7
302814196 5 0
302814195 11 5
302814194 1 13
302814193 2 0
302814192 6 2
302814191 0 0
302814190 5 1
302814189 10 3
302814188 1 1
302814187 0 0
302814186 0 0
302814185 1 0
302814184 3 0
302814183 5 3
302814182 1 0
302814181 5 3
302814180 3 0
302814179 0 0
302814177 3754 95
302814176 12 0
302814175 4 0
302814174 0 0
302814173 0 0
302814172 7 0
302814171 1 0
302814169 5 2
302814168 1411 25
302814167 5 2
302814165 8 6
302814164 0 0
302814163 2 2
302814162 1931 65
302814161 4 0
302814160 7 2
302814159 5 2
302814158 10 2
302814157 0 0
302814154 1 0
302814153 6 1
302814152 8 5
302814151 7 2
302814150 0 0
302814149 0 1
302814148 7 1
302814147 1 0
302814146 1 1
302814145 7 2
302814144 9 3
302814143 0 0
302814142 4 2
302814141 2 5
302814140 2 0
302814138 7 1
302814137 0 0
302814136 3 3
302814135 11 0
302814134 11 7
302814133 4 0
302814131 6 1
302814130 0 0
302814129 0 0
302814128 9 3
302814126 4 0
302814125 2 0
302814124 5 2
302814123 1157 17
302814122 12 1
302814121 1 0
302814120 4 2
302814119 10 4
302814118 6 2
302814116 5 1
302814114 8 5
302814113 9 3
302814112 9 2
302814111 5 1
302814110 4 2
302814109 12 4
302814108 1572 29
302814107 3 0
302814106 9 2
302814104 0 0
302814103 3473 80
302814102 4 1
302814101 7 0
302814100 2 0
302814098 4 4
302814097 8 0
302814096 1 0
302814095 3 1
302814094 7 0
302814093 2 2
302814089 4 1
302814087 10 3
302814086 2 0
302814084 3 1
302814083 1 0
302814082 1 0
302814081 6 2
302814080 9 3
302814079 5 2
302814078 4644 48
302814077 1804 102
302814076 726 16
302814075 0 0
302814074 0 2
302814073 9 12
302814072 1 4
302814070 6 2
302814069 11 6
302814068 10 3
302814067 9 9
302814064 0 0
302814063 1 0
302814062 1 1
302814061 4 1
302814060 7 3
302814059 2 0
302814058 0 0
302814057 685 13
302814056 0 0
302814055 4 3
302814054 1567 49
302814052 4 0
302814049 0 0
302814047 8 1
302814046 7 3
302814044 2 0
302814043 1 0
302814042 1 1
302814037 5 0
302814036 1 1
302814035 8 2
302814033 2 0
302814032 0 0
302814029 8 4
302814028 0 0
302814026 1 0
302814025 0 0
302814024 577 6
302814023 3 1
302814022 1 0
302814021 0 0
302814020 3 1
302814019 0 2
302814018 0 0
302814017 6 4
302814015 12 0
302814014 9 2
302814013 8 3
302814012 3 0
302814011 750 23
302814010 10 4
302814009 1 0
302814008 3 0
302814007 0 0
302814006 12 3
302814005 590 10
302814004 4 0
302814002 15 6
302814001 2491 113
302814000 7 5
302813999 0 0
302813997 8 2
302813996 4 2
302813995 7 0
302813994 910 31
302813993 4 5
302813992 1497 33
302813991 0 0
302813990 0 0
302813988 1335 17
302813987 4 0
302813986 4 1
302813985 11 0
302813984 2 0
302813981 0 0
302813979 1514 22
302813977 5 2
302813976 3 0
302813975 0 0
302813974 1 4
302813973 0 0
302813972 20 1
302813971 10 5
302813968 7 1
302813967 12 8
302813966 5 0
302813965 1 1
302813964 1 0
302813962 9 2
302813961 1 0
302813960 2 0
302813958 6 1
302813957 2 2
302813955 4 6
302813954 2 35
302813953 1911 294
302813952 5 2
302813950 7981 70
302813949 0 0
302813947 1 1
302813946 9 3
302813945 0 0
302813944 9 2
302813943 3 1
302813942 6 1
302813941 529 7
302813940 3 3
302813939 4 0
302813937 1 0
302813936 1041 18
302813935 6 3
302813934 3 2
302813933 11 2
302813932 3028 398
302813931 3001 50
302813930 0 0
302813929 6 2
302813928 1 5
302813927 4 1
302813926 885 39
302813925 2 2
302813924 7 3
302813921 7 3
302813920 8 4
302813919 6 3
302813918 3 1
302813917 3 1
302813916 0 0
302813915 2 2
302813914 1 44
302813913 8 3
302813912 3 0
302813911 5 3
302813910 4 2
302813909 6 3
302813908 0 1
302813907 0 1
302813906 0 0
302813905 4 2
302813904 0 1
302813903 1 0
302813902 8 1
302813901 2 0
302813900 2 1
302813899 10 10
302813898 0 0
302813897 9 3
302813896 4 0
302813895 0 0
302813894 1 0
302813892 1 0
302813891 1 3
302813890 2 0
302813889 6 0
302813888 3 1
302813887 5 1
302813886 3 1
302813885 1 0
302813884 3 1
302813883 2 2
302813882 7 4
302813881 1 29
302813880 3 0
302813879 1287 20
302813878 8 2
302813877 0 0
302813876 6 0
302813874 6 0
302813873 4 1
302813872 4 0
302813869 1 0
302813868 1 1
302813867 8 1
302813865 7 1
302813864 2 0
302813863 3 1
302813862 6 3
302813861 9 2
302813860 1 0
302813859 3 0
302813858 10 3
302813857 4750 54
302813856 0 4
302813854 0 0
302813853 11 5
302813852 1155 39
302813851 8 2
302813850 1 1
302813849 19 13
302813848 7 0
302813847 14 1
302813846 2 0
302813845 4354 412
302813844 4 1
302813843 3 0
302813842 2 1
302813841 1 0
302813840 5 1
302813839 1 0
302813838 1 0
302813837 6 0
302813835 12 5
302813834 1 0
302813833 0 0
302813832 4 0
302813831 5 2
302813830 4 8
302813829 4981 64
302813826 0 1
302813825 2 1
302813824 0 1
302813823 1 2
302813821 5 3
302813820 0 1
302813819 6 3
302813817 761 33
302813816 5 1
302813815 3 2
302813814 1 2
302813813 0 0
302813812 8 16
302813811 6 1
302813810 1 1
302813809 2 2
302813808 0 1
302813807 0 1
302813806 7 3
302813805 7 3
302813804 0 1
302813803 0 1
302813802 1 1
302813801 0 1
302813800 1 1
302813799 6 2
302813798 3 2
302813797 7 3
302813796 3 4
302813795 3842 74
302813794 2 1
302813793 3 1
302813792 8 4
302813791 10 5
302813790 6 6
302813789 4 0
302813788 0 0
302813787 10 1
302813786 2952 161
302813785 0 0
302813783 4 1
302813782 0 0
302813781 5 1
302813780 1 0
302813779 2 1
302813778 6 1
302813777 2 1
302813776 3 2
302813775 10 3
302813774 1 2
302813773 5 0
302813771 13 4
302813770 0 0
302813768 0 0
302813766 6 1
302813765 4 0
302813764 1 0
302813763 1 0
302813762 4 0
302813761 1 0
302813760 2 1
302813759 6 1
302813758 3 0
302813757 5 2
302813756 2 0
302813755 0 0
302813754 3 0
302813753 0 3
302813752 2 0
302813751 5 0
302813750 4 2
302813749 0 0
302813748 2 0
302813746 1 0
302813745 0 0
302813743 0 1
302813742 9 4
302813741 1 1
302813739 0 0
302813738 710 20
302813737 8 0
302813736 1 1
302813734 0 4
302813733 0 0
302813732 2 3
302813731 2 1
302813730 2 1
302813729 0 0
302813728 9 3
302813727 0 0
302813726 4 0
302813725 0 0
302813724 2 0
302813723 2 0
302813722 0 0
302813721 4 0
302813719 5 2
302813718 2 0
302813717 1 0
302813716 3 0
302813715 0 0
302813714 0 0
302813713 1 1
302813712 1 0
302813711 5 0
302813709 5 1
302813708 4 0
302813707 0 2
302813706 2 1
302813705 0 1
302813703 0 0
302813701 0 0
302813700 0 0
302813699 1 0
302813698 6 1
302813697 8 1
302813696 7 0
302813695 0 0
302813694 1 0
302813692 1 1
302813691 3 0
302813689 18 0
302813688 1 0
302813687 2 0
302813686 6 3
302813684 5 3
302813683 1 2
302813682 0 0
302813681 0 1
302813680 2 3
302813679 3 1
302813678 1 2
302813677 3 1
302813676 2 0
302813675 0 0
302813673 0 0
302813672 3 1
302813671 3 3
302813670 3 18
302813668 6 1
302813667 0 0
302813666 0 0
302813665 4 3
302813664 0 1
302813663 0 0
302813662 3 2
302813661 1 1
302813660 4 2
302813659 0 0
302813658 0 2
302813657 0 0
302813656 6 29
302813655 0 3
302813652 5 1
302813651 3 3
302813650 2 0
302813648 7 0
302813647 0 0
302813646 0 0
302813645 4 3
302813644 2562 55
302813643 0 0
302813642 0 0
302813641 0 1
302813640 0 1
302813639 3 2
302813638 0 0
302813637 0 2
302813636 6 6
302813635 4 2
302813634 1 0
302813633 1 1
302813632 0 0
302813631 2 0
302813630 0 3
302813629 0 0
302813628 0 0
302813627 3 3
302813626 4 3
302813625 0 2
302813624 14 1
302813623 0 0
302813622 3 3
302813621 2 0
302813620 4 0
302813619 1 1
302813618 1 2
302813617 4 4
302813616 0 1
302813615 1 1
302813613 0 5
302813612 0 1
302813611 3 0
302813610 0 0
302813609 1 0
302813608 1 0
302813607 3 0
302813606 0 1
302813604 8 1
302813602 0 10
302813601 1 1
302813600 0 0
302813599 3 1
302813598 0 0
302813597 0 1
302813596 0 0
302813595 0 1
302813594 3 1
302813593 0 0
302813590 3 3
302813589 0 0
302813588 5 1
302813587 3 0
302813586 1 3
302813585 0 0
302813583 0 0
302813582 0 1
302813581 11 2
302813580 6 2
302813579 3 1
302813578 0 0
302813577 2 0
302813576 0 1
302813575 0 0
302813572 0 1
302813571 0 3
302813568 0 0
302813567 0 1
302813566 1 1
302813565 0 0
302813564 0 0
302813563 0 0
302813562 0 1
302813561 0 1
302813560 1 0
302813559 0 0
302813558 1 3
302813557 0 0
302813556 6 1
302813554 0 1
302813553 3 0
302813552 2 1
302813551 0 0
302813550 0 0
302813548 0 0
302813547 0 0
302813546 0 0
302813545 0 1
302813544 0 5
