303957669 0 0
303957591 0 1
303957042 1 0
303956965 0 0
303955496 0 3
303955491 0 0
303950428 4 3
303941848 3 0
303941131 0 0
303937072 0 0
303931695 0 0
303885507 0 0
303881570 0 2
303864445 13 2
303860726 16 7
303860511 24 6
303859560 1 1
303859048 19 5
303858600 12 4
303858250 8 19
303857554 29 3
303853478 15 5
303852914 25 4
303834409 2 0
303824568 20 9
303824248 11 10
303824245 15 8
303824243 12 6
303824224 9 1
303811768 16 5
303804892 0 0
303804729 0 0
303804055 11 5
303803720 6 10
303799213 23 9
303798876 0 0
303798867 3 1
303798863 3 1
303798862 6 3
303798199 25 7
303753481 6 44
303751792 0 1
303750227 1 0
303744474 55 6
303744441 0 0
303744440 2 55
303743913 0 0
303743791 3 5
303743788 6 17
303742865 5 2
303741558 0 0
303741549 3 0
303740047 1 1
303738728 0 6
303737474 5 14
303737190 7 24
303734939 0 6
303734921 1 1
303733753 3 3
303733536 1 10
303732615 27 6
303730733 2 1
303730217 73 14
303728653 42 7
303725456 0 4
303709125 5 0
303708982 109 30
303681861 50 12
303672664 1 0
303672509 2 3
303671512 5 5
303671504 1 2
303668418 0 4
303587807 4 1
303587647 2 1
303586141 0 1
303586137 3 0
303580716 1 0
303576621 0 0
303507119 0 0
303507117 9 4
303507109 1 0
303507098 7 11
303507013 6 0
303493916 0 0
303440900 1 0
303412614 3 6
303407776 2 2
303325104 2 6
303318586 0 0
303317610 0 0
303304591 6 0
303282967 0 2
303265609 2 0
303265606 2 5
303265603 9 0
303250284 0 0
303250283 0 0
303240994 0 1
303240923 1 0
303219313 0 0
303190588 4 3
303164179 0 0
303163352 4 1
303154740 1 0
303147872 6 8
303122829 1 0
303114335 26 23
303079410 3 0
303079314 11 2
303079175 4 4
303078841 3 0
303077859 0 1
303077728 0 9
303076841 4 1
303073201 7 1
303070728 5 10
303070726 2 8
303067735 0 7
303063307 0 0
302986447 1 0
302986260 1 5
302947958 9 1
302894154 8 1
302881973 10 2
302818610 5 1
302818020 2 0
302817880 1 0
302817207 8 5
302816908 8 0
302816695 6 3
302816500 8 0
302812655 21 4
302809995 2 0
302809311 7 0
302809308 11 1
302804243 4 13
302799658 2 1
302796771 0 0
302796730 4 17
302774272 2 0
302762746 4 1
302744461 10 0
302731577 12 0
302731515 6 8
302729054 6 0
302729044 12 3
302728866 0 4
302728852 1 0
302728814 4 3
302728681 15 17
302728528 1 0
302727754 14 1
302724729 4 0
302723305 3 2
302722987 0 0
302722862 0 0
302722182 2 1
302722122 4 0
302719493 1 0
302710077 17 23
302710069 10 43
302662854 0 1
302644478 6 2
302644426 8 1
302643993 0 1
302641711 6 0
302640194 2 6
302639427 3 3
302639085 2 0
302637432 11 4
302635323 5 3
302633091 3 0
302597223 6 3
302597221 6 2
302594147 1 0
302594123 3 0
302594076 8 0
302571187 0 0
302570695 2 2
302570691 6 0
302570690 1 0
302570506 6 1
302569582 6 0
302569389 8 13
302569388 1 2
302569340 34 6
302569270 12 4
302567396 14 20
302567174 3 3
302567173 2 3
302566165 17 8
302565797 4 1
302565270 0 4
302565240 3 1
302565230 19 6
302565198 18 19
302564810 3 2
302564467 4 4
302564226 1 1
302563221 6 1
302563218 2 0
302563161 7 2
302562704 0 0
302562179 7 0
302561844 13 2
302559746 12 2
302536887 8 0
302523734 14 11
302520731 9 2
302497349 2 0
302497108 4 3
302496464 4 47
302496321 4 3
302494226 1 0
302494197 0 0
302491354 4 0
302490826 1 1
302490819 7 1
302490513 1 0
302489626 28 2
302488800 4 0
302488441 0 0
302488436 0 0
302488181 7 1
302486944 27 3
302485807 2 2
302478699 1 0
302478681 2 0
302478675 4 4
302478671 2 6
302476550 14 2
302443793 9 1
302442787 16 7
302426785 1 2
302425946 2 0
302425758 3 0
302425411 2 0
302421716 5 1
302421657 2 4
302421619 8 1
302421588 12 5
302413243 24 1
302413126 4 0
302413104 2 0
302412969 1 0
302412894 11 0
302412681 4 0
302412604 1 3
302412531 6 1
302412510 0 0
302412006 0 5
302411829 12 0
302411776 1 0
302411708 0 0
302411685 4 1
302410324 0 0
302406723 5 2
302406071 14 2
302405397 1 0
302403346 22 5
302402990 46 1
302402751 1 7
302402643 3 0
302402475 4 0
302402081 2 0
302401632 7 1
302401059 0 1
302400864 30 2
302400388 10 0
302399831 4 0
302399775 0 0
302399353 0 0
302398063 0 3
302397386 5 3
302396576 12 0
302394166 13 48
302394139 52 1
302390263 1 1
302390261 5 0
302390260 0 1
302390258 1 0
302389374 3 3
302387730 4 7
302365926 3 1
302365922 1 0
302364919 0 0
302362338 6 1
302361804 0 0
302331045 4 14
302329592 3 0
302328915 15 2
302316901 6 0
302316741 14 2
302316191 4 0
302315989 4 0
302315903 2 0
302315902 13 1
302315873 3 11
302315584 8 0
302314680 4 0
302314486 2 5
302314429 11 3
302314225 14 2
302313588 6 16
302313567 1 5
302313550 7 2
302313417 16 9
302311452 3 0
302310180 2 1
302309753 3 2
302309729 3 1
302309643 1 2
302309537 7 15
302309471 6 0
302309286 4 1
302309186 9 1
302309126 10 0
302308676 8 22
302308536 12 7
302308306 0 0
302308241 2 14
302308093 3 0
302307882 11 0
302307534 2 3
302307446 11 8
302306961 2 0
302306302 2 0
302306237 1 1
302306233 2 3
302305732 8 1
302305725 11 3
302305704 1 0
302305590 10 1
302303917 18 23
302303771 8 0
302302851 11 2
302302267 5 0
302298783 2 0
302297891 0 0
302296309 5 0
302278024 6 0
302263939 24 1
302263937 4 2
302263933 7 5
302263930 5 7
302263833 0 0
302262094 1 20
302261940 9 1
302251496 3 0
302251489 1 1
302251487 11 1
302251485 6 0
302251252 3 2
302249362 2 0
302249023 5 1
302248645 9 9
302248595 0 0
302247998 8 0
302247650 101 2
302245900 7 2
302245723 7 0
302245651 11 1
302238582 2 0
302238573 5 0
302238081 5 2
302238076 0 0
302238045 8 0
302237609 0 1
302237254 19 0
302237006 9 0
302236824 12 10
302236779 5 29
302236567 2 0
302236471 1 1
302236215 4 1
302236210 2 0
302235694 4 0
302235350 1 0
302233790 18 0
302233699 2 0
302232861 0 0
302232104 7 1
302232066 5 3
302232062 11 4
302232060 4 0
302232054 4 1
302232053 21 2
302231731 13 0
302231643 11 2
302231319 16 7
302231268 9 1
302231220 7 1
302231200 10 0
302231172 5 1
302231159 5 1
302231157 2 0
302230743 11 0
302230731 22 92
302230621 30 12
302230475 11 0
302230466 2 0
302230441 9 0
302230068 1 0
302229952 12 0
302229942 10 0
302229620 6 1
302229091 16 2
302229047 1 0
302228361 0 0
302228339 10 1
302228302 2 13
302227729 15 0
302227728 16 0
302227432 4 0
302226940 12 0
302226638 1 1
302225418 11 0
302224059 6 0
302223735 5 60
302220233 1 0
302219099 13 7
302218780 11 0
302202992 7 6
302202795 6 0
302202589 0 1
302202532 17 0
302202288 5 1
302202271 6 0
302202099 43 2
302202094 15 26
302201971 0 2
302201463 8 0
302201345 12 1
302200581 25 0
302194847 0 0
302194690 12 0
302192191 5 0
302191597 9 3
302191456 0 0
302189970 28 9
302181626 0 0
302181551 34 5
302181448 2 0
302181445 7 1
302181440 5 5
302181369 8 7
302181350 22 5
302181310 2 3
302181274 14 0
302181269 14 0
302181111 0 0
302181055 20 0
302180952 24 0
302180588 2 15
302180565 1 0
302180559 7 0
302180557 25 7
302180453 4 0
302180449 1 0
302180392 4 32
302180371 6 3
302180351 0 0
302180331 3 0
302180329 3 1
302180309 8 63
302180272 33 4
302180252 6 3
302180227 5 3
302180185 2 1
302180180 2 0
302180110 4 2
302180084 1 0
302180023 3 0
302179934 19 1
302179916 22 3
302179809 8 0
302179786 3 12
302179531 6 3
302179518 4 0
302179391 21 1
302179295 18 0
302179234 4 0
302179045 17 1
302179038 22 0
302179029 3 1
302179021 19 1
302179020 17 2
302178986 15 1
302178949 17 34
302178925 9 7
302178913 0 1
302178742 0 0
302178737 0 0
302178686 1 8
302178588 14 7
302178204 12 0
302177765 1 0
302177508 10 1
302176298 5 0
302176297 4 33
302176267 23 5
302176161 0 46
302176103 15 1
302176099 9 0
302176093 15 1
302175937 35 24
302175880 3 1
302175879 0 5
302175808 7 1
302175748 0 0
302175745 5 5
302175595 7 3
302175591 0 0
302175584 4 0
302175557 0 0
302175554 5 2
302175465 43 1
302175407 19 0
302175374 1 0
302175308 14 2
302175302 11 18
302175263 2 3
302175262 0 0
302175254 4 0
302175133 16 0
302175064 26 8
302174991 2 0
302174944 17 1
302174931 20 3
302174811 3 0
302174751 4 3
302174730 1 1
302174728 10 1
302174727 17 0
302174726 13 6
302174714 2 0
302174690 6 20
302174672 22 6
302174605 0 0
302174577 3 2
302174566 10 1
302174488 7 0
302174434 6 3
302174397 13 1
302174349 45 7
302174337 0 0
302174294 2 6
302174256 0 0
302174235 0 0
302174203 61 2
302174200 5 2
302174163 9 1
302174133 5 5
302174127 5 2
302174126 0 0
302174057 7 1
302173892 6 0
302173891 3 13
302173890 0 7
302173889 5 0
302173886 9 1
302173867 8 3
302173862 5 3
302173851 11 6
302173750 14 2
302173744 4 1
302173743 5 1
302173737 3 0
302173629 0 0
302173604 1 0
302173593 0 5
302173589 1 0
302173581 9 4
302173578 3 0
302173571 0 0
302173562 5 0
302173559 8 5
302173543 23 6
302173535 0 15
302173534 0 1
302173514 13 36
302173479 9 0
302173467 6 0
302173373 6 39
302173302 7 1
302173279 2 1
302173245 10 7
302173221 0 4
302173219 2 1
302173201 12 0
302173125 0 0
302173055 0 0
302173027 5 0
302172975 1 0
302172967 5 0
302172946 0 0
302172918 0 0
302172846 0 0
302172821 3 6
302172755 6 0
302172737 17 0
302172732 12 3
302172729 0 0
302172725 7 1
302172721 0 1
302172717 4 2
302172498 6 0
302172476 1 0
302172300 5 0
302172251 4 1
302172209 11 1
302172208 8 5
302172141 0 0
302172121 0 2
302172069 4 6
302172058 5 0
302172045 0 0
302172033 1 1
302172028 14 1
302172026 4 0
302172001 0 1
302171923 16 3
302171886 2 0
302171885 21 2
302171832 10 2
302171768 3 0
302171765 8 2
302171738 13 3
302171710 11 0
302171690 16 0
302171566 11 2
302171513 15 0
302171458 1 2
302171423 21 10
302171129 22 13
302171118 16 0
302171099 21 1
302171098 12 19
302171091 5 10
302171026 0 0
302170984 14 0
302170891 9 0
302170841 7 3
302170839 2 1
302170683 12 10
302170658 6 2
302170643 7 3
302170640 9 3
302170505 6 0
302170342 0 2
302170330 2 5
302170315 6 54
302170309 5 0
302170308 2 10
302170287 20 0
302170260 1 1
302169910 19 17
302169837 21 8
302169778 5 1
302169646 8 0
302169464 11 0
302169306 15 5
302169221 10 0
302169216 15 6
302169125 9 0
302169044 3 0
302169025 5 0
302168864 14 6
302168743 22 14
302168722 2 0
302168619 1 0
302168552 6 0
302168315 2 0
302168298 0 0
302168161 2 0
302167628 11 0
302167590 1 0
302167532 7 9
302167488 1 1
302167190 2 0
302167016 0 0
302166947 8 2
302166937 6 3
302166913 8 2
302166850 13 2
302166457 2 2
302166414 5 0
302166322 5 1
302166281 3 0
302166276 0 3
302166146 0 0
302165988 0 0
302165873 10 4
302165435 1 0
302164486 0 0
302164456 2 1
302164440 0 58
302164439 1 0
302164433 4 5
302164426 1 1
302164411 0 0
302164387 3 1
302164295 5 0
302164235 0 0
302164230 10 3
302164189 13 2
302164113 0 3
302164043 8 0
302163977 10 2
302163974 6 0
302163923 2 52
302163845 83 6
302163838 2 2
302163746 5 55
302163372 0 0
302163352 0 6
302163350 2 4
302163158 8 2
302162873 0 0
302162824 0 0
302162316 3 1
302162252 37 7
302162184 5 3
302162180 1 0
302162176 10 14
302162107 0 55
302162034 1 57
302161866 12 5
302161865 1 0
302161854 6 0
302161851 7 2
302161832 1 0
302161586 13 10
302161435 3 57
302161411 0 48
302161285 44 2
302161191 1 0
302161055 13 8
302160928 6 0
302160354 58 17
302160248 6 4
302159597 24 5
302159594 22 4
302159404 1 0
302159041 8 2
302159038 15 0
302158861 9 10
302158603 4 2
302158474 16 25
302158041 2 2
302157964 8 6
302155872 1 0
302154496 2 13
302153062 9 6
302152894 2 0
302152147 5 14
302149640 1 0
302145338 1 0
302145325 33 2
302145276 23 2
302145241 7 9
302145215 0 3
302145156 0 3
302145148 3 1
302145142 6 4
302145135 18 0
302145110 10 1
302145108 3 5
302145106 5 7
302145101 17 0
302145084 5 6
302145077 4 6
302145075 3 0
302145072 4 5
302145056 1 0
302145031 12 4
302144782 11 4
302144619 2 1
302144605 2 0
302144548 3 0
302144459 4 1
302144279 5 1
302144124 1 2
302143952 0 37
302143737 12 5
302143630 13 4
302143554 14 12
302143515 0 2
302143450 10 3
302143448 8 2
302143443 2 2
302143437 0 0
302143433 3 1
302143432 5 0
302143351 2 0
302143328 23 0
302143302 10 0
302143292 0 1
302143284 0 0
302142958 6 0
302142897 12 8
302142879 26 14
302142873 2 3
302142869 9 4
302142703 15 2
302142702 5 1
302142662 6 22
302142461 10 16
302142420 1 1
302142337 0 3
302142278 4 5
302142249 1 4
302142212 0 0
302141656 45 0
302141345 25 1
302140527 8 11
302139070 16 6
302139064 6 0
302139036 10 0
302138964 2 38
302138873 1 1
302138862 12 0
302138861 5 11
302138855 6 0
302138848 5 37
302138834 1 0
302138828 4 8
302138827 5 0
302138826 1 0
302138824 2 3
302138822 0 1
302138819 0 0
302138802 17 5
302138799 10 3
302138798 2 0
302138791 4 0
302138784 8 6
302138778 0 1
302138765 6 0
302138763 31 8
302138751 14 4
302138749 4 6
302138714 0 0
302138638 0 0
302138600 0 3
302138598 3 5
302138399 3 8
302138389 3 9
302138313 4 44
302138303 1 1
302138241 3 0
302138233 0 0
302138197 8 3
302138158 1 3
302138117 3 7
302138032 2 1
302138031 0 0
302137973 7 64
302137971 1 1
302137912 4 27
302137666 3 41
302137569 3 1
302137540 0 1
302137537 20 9
302137534 8 9
302137503 12 0
302137492 3 4
302137378 6 32
302137339 1 0
302137189 0 0
302137156 12 0
302137131 0 0
302137065 1 0
302136705 4 6
302136668 18 6
302136492 8 7
302136350 0 1
302136228 1 2
302136222 1 1
302136217 7 2
302136212 11 1
302136208 18 3
302136183 44 1
302136159 9 4
302136145 8 4
302136135 2 0
302136129 1 4
302136027 16 7
302135990 11 1
302135929 12 1
302135856 1 1
302135839 26 1
302135825 20 2
302135823 0 0
302135791 0 0
302135790 13 4
302135783 0 0
302135722 7 4
302135692 0 4
302135686 29 2
302135653 12 5
302135610 13 4
302135603 23 1
302135600 0 2
302135558 8 1
302135538 6 7
302135524 15 2
302135473 28 1
302135469 10 9
302135455 6 6
302135439 3 0
302135410 0 0
302135378 23 12
302135365 0 0
302135361 27 0
302135343 4 0
302135264 8 0
302135239 16 1
302135219 7 0
302135218 24 4
302135203 3 8
302135119 23 8
302135103 13 1
302135096 0 0
302135090 14 1
302135044 15 10
302135027 0 1
302135026 4 0
302134964 5 1
302134943 3 0
302134937 14 6
302134875 3 4
302134836 9 1
302134823 5 3
302134816 2 2
302134812 13 4
302134779 7 26
302134724 12 30
302134708 1 0
302134639 8 5
302134634 1 0
302134531 3 7
302134505 7 4
302134491 1 0
302134476 20 2
302134450 12 2
302134418 5 0
302134372 3 0
302134217 28 0
302134203 0 0
302134153 3 1
302134093 0 0
302134052 0 1
302134006 5 2
302133957 13 6
302133937 0 1
302133846 1 16
302133809 0 5
302133753 4 38
302133661 0 3
302133655 8 1
302133578 7 3
302133571 4 0
302133570 11 4
302133564 5 1
302133554 10 3
302133539 9 3
302133529 5 26
302133505 13 0
302133502 4 1
302133445 7 0
302133381 5 2
302133345 10 3
302133311 19 2
302133233 3 0
302133222 20 0
302133220 11 0
302133172 45 2
302133171 0 0
302133122 1 2
302133035 11 11
302132921 0 3
302132806 9 3
302132805 10 0
302132774 4 0
302132772 11 4
302132721 27 3
302132638 0 1
302132632 1 0
302132560 0 1
302132448 0 0
302132355 0 0
302132352 0 1
302132295 17 30
302132265 5 2
302132246 12 1
302132106 1 11
302132040 0 0
302131965 22 4
302131921 2 0
302131891 0 0
302131732 18 3
302131555 0 0
302131536 10 6
302131528 9 2
302130995 5 2
302130962 1 0
302130647 7 1
302130639 6 0
302130615 8 2
302130613 2 0
302130348 0 0
302130347 4 1
302130265 0 0
302130187 3 1
302130117 26 5
302129623 4 15
302129584 5 0
302129237 9 1
302129112 6 1
302129027 12 1
302128956 12 3
302128766 8 8
302128599 14 0
302128479 1 0
302128455 13 4
302128358 36 5
302128221 15 27
302128015 5 1
302128010 2 2
302127881 6 0
302127827 0 0
302127654 5 2
302127483 6 2
302127142 3 1
302126934 8 7
302126790 15 4
302126758 0 0
302126444 11 4
302126339 22 17
302126284 4 0
302126201 1 0
302126150 1 1
302126146 6 30
302126144 1 0
302126132 19 1
302126100 9 8
302126033 18 1
302126010 18 3
302126009 11 1
302126007 4 4
302126006 0 1
302126004 13 2
302126002 0 0
302125999 18 0
302125998 12 0
302125992 8 4
302125991 0 0
302125986 0 0
302125984 134 37
302125982 43 21
302125973 27 1
302125971 8 15
302125968 0 1
302125967 0 1
302125966 24 0
302125965 0 1
302125962 3 3
302125960 10 14
302125958 12 46
302125955 5 4
302125954 0 1
302125950 0 0
302125946 3 0
302125945 3 23
302125943 3 0
302125940 8 2
302125939 4 8
302125937 4 1
302125936 4 5
302125935 9 7
302125934 9 0
302125932 1 0
302125930 22 0
302125928 0 8
302125924 14 5
302125923 2 0
302125922 0 1
302125920 27 0
302125919 19 1
302125918 7 5
302125916 30 20
302125915 7 6
302125914 4 14
302125910 8 11
302125909 0 3
302125905 0 0
302125904 6 10
302125903 4 4
302125901 2 28
302125900 21 0
302125895 1 2
302125894 5 11
302125893 0 4
302125890 2 0
302125889 0 0
302125887 1 0
302125880 4 1
302125879 1 0
302125878 1 0
302125877 14 5
302125875 7 0
302125871 32 1
302125868 16 0
302125859 8 2
302125854 18 0
302125852 12 1
302125851 13 1
302125847 2 1
302125846 5 4
302125845 12 5
302125843 0 0
302125838 14 2
302125834 1 1
302125833 0 1
302125828 16 1
302125824 20 10
302125822 1 8
302125820 10 4
302125819 8 3
302125816 6 27
302125815 22 0
302125814 1 2
302125813 5 0
302125812 1 1
302125810 0 0
302125807 6 0
302125804 0 1
302125803 4 51
302125801 1 0
302125799 6 1
302125796 2 2
302125793 0 2
302125788 6 0
302125785 11 1
302125782 1 3
302125780 0 0
302125778 16 8
302125770 1 0
302125769 13 53
302125765 0 1
302125761 1 6
302125760 7 7
302125757 7 10
302125754 6 0
302125751 6 0
302125750 3 0
302125748 0 0
302125744 0 0
302125741 4 13
302125736 8 1
302125730 4 3
302125729 53 4
302125725 1 0
302125723 2 0
302125720 0 0
302125717 20 7
302125716 1 2
302125714 0 0
302125713 5 10
302125712 5 1
302125711 3 7
302125710 32 1
302125708 18 6
302125707 8 1
302125706 0 1
302125704 2 0
302125702 3 1
302125701 0 0
302125698 0 2
302125697 7 16
302125694 34 11
302125686 0 3
302125681 11 1
302125679 0 1
302125678 7 5
302125677 9 1
302125676 0 0
302125674 0 1
302125673 0 0
302125669 8 6
302125665 12 0
302125664 1 35
302125663 8 94
302125662 11 0
302125661 5 0
302125658 13 7
302125657 43 0
302125656 7 7
302125651 1 6
302125649 11 10
302125646 23 14
302125641 7 6
302125633 1 3
302125632 55 10
302125630 6 61
302125626 4 0
302125622 9 1
302125620 22 9
302125619 8 8
302125618 3 2
302125603 8 2
302125601 11 13
302125598 2 1
302125593 7 8
302125592 15 6
302125591 18 3
302125588 10 7
302125587 4 2
302125584 0 0
302125583 3 1
302125576 21 15
302125572 10 1
302125571 11 11
302125570 27 0
302125567 134 33
302125566 54 4
302125561 18 5
302125554 0 1
302125552 1 0
302125550 0 0
302125549 0 0
302125545 61 4
302125544 7 0
302125541 0 0
302125538 0 2
302125532 3 8
302125531 30 8
302125527 1 0
302125525 4 3
302125523 8 0
302125520 14 7
302125519 8 31
302125518 9 13
302125517 5 24
302125516 4 5
302125515 201 44
302125512 6 0
302125511 30 4
302125508 6 2
302125507 22 16
302125506 17 2
302125505 2 2
302125504 3 0
302125502 2 35
302125500 12 3
302125499 6 9
302125497 0 0
302125496 2 0
302125494 7 1
302125492 2 5
302125491 9 1
302125490 15 1
302125486 3 1
302125484 3 1
302125483 6 4
302125482 5 11
302125481 5 34
302125479 8 1
302125478 56 2
302125476 6 1
302125475 1 1
302125474 43 14
302125472 1 7
302125466 19 6
302125464 5 2
302125461 7 3
302125460 221 3
302125457 2 2
302125455 5 32
302125454 1 1
302125452 6 6
302125450 15 1
302125449 8 5
302125447 11 14
302125445 4 1
302125443 8 41
302125440 1 3
302125432 5 5
302125430 0 3
302125428 0 1
302125427 11 1
302125426 10 6
302125425 19 7
302125424 6 4
302125423 0 3
302125422 23 2
302125418 7 43
302125417 3 0
302125414 9 6
302125413 6 12
302125412 6 0
302125410 5 0
302125409 1 0
302125406 6 2
302125405 14 2
302125403 9 6
302125399 13 0
302125398 45 0
302125397 1 0
302125396 8 0
302125395 8 0
302125394 8 6
302125393 4 30
302125391 0 0
302125390 6 1
302125388 0 0
302125386 5 25
302125381 7 8
302125378 13 6
302125376 10 1
302125375 0 0
302125374 12 1
302125373 0 1
302125372 2 2
302125370 0 1
302125369 1 30
302125366 6 2
302125354 4 1
302125353 0 1
302125351 0 0
302125350 16 3
302125349 5 1
302125346 6 1
302125344 2 2
302125343 7 0
302125342 6 1
302125340 10 4
302125339 2 7
302125337 13 4
302125331 23 0
302125329 4 0
302125325 19 7
302125324 5 1
302125321 14 46
302125320 21 2
302125317 4 0
302125314 3 0
302125311 14 3
302125310 11 4
302125305 4 8
302125301 2 46
302125297 21 33
302125293 4 2
302125291 14 6
302125288 13 8
302125287 4 4
302125285 1 4
302125281 14 0
302125276 0 0
302125274 5 0
302125270 0 0
302125267 0 0
302125261 22 36
302125258 6 65
302125256 15 15
302125254 7 9
302125244 4 0
302125240 0 0
302125239 14 3
302125238 8 8
302125233 10 0
302125231 2 4
302125227 3 0
302125226 3 0
302125221 6 4
302125219 2 4
302125217 8 8
302125216 5 0
302125214 5 8
302125213 5 1
302125211 62 20
302125208 4 5
302125206 0 0
302125205 5 1
302125203 6 0
302125201 2 6
302125200 5 4
302125198 3 0
302125195 8 11
302125193 1 2
302125192 2 0
302125191 6 2
302125190 11 1
302125189 0 3
302125188 4 4
302125186 10 1
302125185 3 0
302125184 15 0
302125182 1 1
302125180 8 5
302125179 4 5
302125175 1 0
302125173 14 7
302125172 10 0
302125171 13 27
302125169 3 23
302125168 1 1
302125166 9 41
302125165 10 5
302125160 10 44
302125155 6 8
302125152 13 29
302125150 10 5
302125149 14 6
302125147 19 0
302125145 1 4
302125141 5 8
302125138 0 0
302125137 0 0
302125136 14 2
302125135 6 5
302125133 6 3
302125128 6 50
302125126 0 0
302125125 2 0
302125123 33 3
302125119 5 0
302125118 11 3
302125117 3 64
302125116 5 0
302125115 19 10
302125114 6 17
302125107 8 5
302125104 3 32
302125103 4 15
302125101 0 2
302125099 10 12
302125098 6 8
302125096 16 0
302125095 4 5
302125094 9 2
302125093 2 0
302125089 0 0
302125087 7 5
302125085 1 1
302125084 0 0
302125083 5 2
302125082 18 6
302125080 0 1
302125079 13 11
302125078 5 1
302125077 8 58
302125076 6 4
302125074 4 23
302125071 0 1
302125069 0 0
302125066 15 10
302125065 10 1
302125062 8 2
302125061 3 0
302125059 7 0
302125058 3 0
302125056 13 18
302125052 4 40
302125051 2 1
302125050 2 0
302125049 6 0
302125048 11 7
302125047 25 47
302125046 308 78
302125044 2 3
302125043 7 5
302125039 0 1
302125038 1 0
302125036 5 6
302125035 8 2
302125034 8 8
302125033 6 6
302125032 9 1
302125030 2 0
302125027 1 6
302125026 6 5
302125025 5 35
302125024 3 7
302125021 10 1
302125020 7 1
302125019 7 6
302125017 0 0
302125016 5 9
302125015 4 2
302125012 5 4
302125011 2 2
302125008 34 6
302125007 2 0
302125006 0 2
302125005 6 4
302125004 3 16
302125001 12 0
302124994 2 8
302124993 2 0
302124992 3 1
302124991 3 5
302124990 0 0
302124989 15 4
302124988 16 0
302124987 2 3
302124986 2 5
302124983 9 20
302124981 13 2
302124980 3 1
302124978 18 80
302124977 2 40
302124975 4 0
302124973 13 41
302124971 0 0
302124969 12 0
302124965 12 3
302124964 2 1
302124963 7 5
302124962 10 0
302124958 0 1
302124956 1 2
302124955 14 4
302124954 14 10
302124953 13 9
302124952 3 29
302124951 9 10
302124947 1 1
302124946 9 13
302124945 21 14
302124944 15 0
302124942 0 2
302124940 2 3
302124938 4 1
302124937 3 8
302124936 8 0
302124934 0 0
302124933 15 0
302124932 8 1
302124931 0 1
302124928 4 3
302124926 1 10
302124925 14 18
302124924 0 9
302124923 0 3
302124922 3 9
302124920 9 7
302124919 7 28
302124917 0 3
302124916 260 12
302124914 2 1
302124912 14 1
302124906 3 4
302124903 5 7
302124902 16 2
302124901 1 3
302124900 6 8
302124898 0 3
302124897 1 9
302124896 4 3
302124894 0 2
302124892 5 9
302124891 15 9
302124889 9 8
302124887 8 1
302124885 10 1
302124884 2 3
302124882 4 8
302124881 12 0
302124878 11 25
302124877 3 3
302124874 13 9
302124873 15 0
302124872 29 4
302124871 3 0
302124870 5 10
302124869 0 0
302124865 6 49
302124863 4 85
302124859 4 56
302124858 9 74
302124857 3 31
302124856 4 0
302124855 31 1
302124854 2 29
302124853 4 0
302124851 0 0
302124849 0 59
302124848 5 94
302124847 14 136
302124846 12 0
302124845 2 4
302124844 1 1
302124843 11 2
302124842 13 48
302124840 7 1
302124836 14 18
302124830 2 0
302124828 7 3
302124827 12 0
302124826 6 2
302124824 4 3
302124823 10 4
302124822 19 0
302124817 20 1
302124814 21 2
302124811 0 0
302124806 14 0
302124802 10 1
302124797 1 0
302124792 3 1
302124790 5 1
302124785 0 0
302124782 14 1
302124781 15 16
302124780 4 0
302124779 12 16
302124778 14 0
302124777 1 0
302124776 0 0
302124774 31 15
302124772 5 8
302124771 4 11
302124769 0 2
302124768 13 2
302124767 9 1
302124766 0 4
302124765 2 0
302124764 9 6
302124763 11 1
302124762 1 0
302124761 0 0
302124760 1 1
302124759 7 0
302124758 1 0
302124757 0 0
302124756 8 7
302124754 9 0
302124753 2 1
302124752 1 0
302124751 5 9
302124750 4 0
302124749 2 1
302124748 13 8
302124747 5 8
302124746 2 4
302124745 13 5
302124744 8 11
302124742 135 26
302124741 19 13
302124739 9 45
302124738 15 0
302124737 35 16
302124736 7 1
302124734 14 14
302124733 15 0
302124731 9 42
302124729 3 1
302124727 7 2
302124726 7 1
302124722 6 3
302124721 7 13
302124719 0 42
302124718 6 3
302124717 0 0
302124716 8 13
302124715 7 10
302124714 0 0
302124713 1 4
302124711 15 5
302124710 2 2
302124708 6 13
302124701 0 1
302124699 15 8
302124698 1 19
302124697 1 2
302124693 1 9
302124692 2 2
302124687 5 59
302124685 2 5
302124684 10 3
302124683 5 3
302124680 1 2
302124679 5 6
302124673 2 2
302124672 3 6
302124671 3 2
302124670 3 35
302124668 1 2
302124663 12 0
302124661 1 1
302124659 27 11
302124657 13 1
302124655 13 33
302124651 8 31
302124648 12 2
302124646 6 4
302124644 34 0
302124642 6 3
302124641 11 2
302124640 2 0
302124636 12 1
302124635 3 3
302124633 4 2
302124632 0 0
302124630 11 12
302124629 19 6
302124628 0 0
302124625 5 0
302124624 7 2
302124618 16 1
302124610 0 0
302124609 26 0
302124607 42 5
302124605 0 0
302124601 1 1
302124600 0 1
302124596 16 33
302124593 6 0
302124592 3 0
302124590 1 0
302124588 3 0
302124587 2 0
302124586 8 1
302124585 28 5
302124584 2 2
302124583 2 0
302124581 0 0
302124579 0 10
302124577 16 0
302124576 8 2
302124575 18 2
302124574 19 1
302124572 5 0
302124570 9 1
302124569 0 2
302124568 6 4
302124567 0 1
302124564 11 9
302124563 20 38
302124562 26 0
302124560 2 0
302124559 365 10
302124558 21 4
302124557 3 0
302124555 16 6
302124554 2 0
302124553 1 1
302124550 6 1
302124549 17 2
302124548 5 0
302124547 6 6
302124546 11 5
302124544 4 7
302124543 18 1
302124542 8 6
302124541 17 4
302124540 7 3
302124539 23 9
302124538 0 1
302124537 161 11
302124536 5 2
302124535 5 15
302124534 22 1
302124533 1 49
302124531 8 1
302124530 22 7
302124529 13 17
302124527 17 4
302124526 16 6
302124525 8 1
302124523 5 17
302124522 0 0
302124520 6 1
302124519 7 6
302124518 0 1
302124517 12 6
302124516 0 0
302124514 0 0
302124512 1 1
302124511 7 12
302124508 5 12
302124507 1 1
302124506 3 6
302124505 0 1
302124504 8 1
302124503 0 1
302124501 9 4
302124498 0 1
302124496 13 6
302124494 0 1
302124493 5 7
302124491 2 0
302124489 4 1
302124488 7 1
302124485 0 0
302124483 5 7
302124482 11 10
302124481 27 3
302124478 4 2
302124477 4 1
302124475 1 0
302124474 5 0
302124473 0 1
302124472 4 6
302124470 1 0
302124469 27 4
302124468 24 0
302124466 6 1
302124465 19 3
302124463 2 3
302124462 5 40
302124461 4 3
302124459 12 1
302124458 451 36
302124457 5 1
302124456 1 0
302124455 11 6
302124454 2 0
302124452 9 6
302124451 0 0
302124449 0 0
302124448 0 0
302124447 8 7
302124446 0 0
302124445 9 1
302124441 0 1
302124440 6 2
302124438 10 5
302124437 2 1
302124436 9 1
302124435 8 42
302124434 7 5
302124433 8 42
302124429 1 0
302124426 3 0
302124424 5 0
302124423 0 1
302124422 515 5
302124421 0 0
302124420 0 0
302124419 10 5
302124418 6 22
302124417 13 0
302124415 6 0
302124413 5 3
302124410 1 0
302124408 1 0
302124407 0 0
302124404 19 0
302124403 7 18
302124402 4 2
302124401 28 0
302124400 23 3
302124399 4 22
302124397 1 4
302124396 5 2
302124395 7 1
302124394 3 1
302124393 6 0
302124392 1 5
302124391 0 0
302124390 22 5
302124389 7 3
302124388 15 2
302124387 1 0
302124386 2 0
302124384 1 0
302124383 0 1
302124382 8 21
302124380 6 5
302124377 3 4
302124375 11 2
302124374 7 4
302124372 12 6
302124371 4 5
302124370 9 0
302124369 6 3
302124368 11 3
302124367 4 1
302124364 0 0
302124363 7 3
302124361 8 8
302124358 0 0
302124357 10 1
302124356 487 44
302124355 2 0
302124353 9 5
302124350 5 0
302124348 25 1
302124347 3 4
302124346 0 0
302124344 18 0
302124342 6 0
302124341 3 0
302124340 12 6
302124339 0 0
302124338 4 1
302124337 3 0
302124335 8 0
302124334 6 4
302124333 7 7
302124332 5 0
302124330 7 2
302124327 47 13
302124326 0 0
302124325 8 0
302124324 5 4
302124323 0 0
302124322 0 0
302124320 11 4
302124319 4 0
302124316 1 0
302124315 21 6
302124314 0 0
302124313 6 2
302124312 1 0
302124309 1 1
302124306 7 4
302124305 8 4
302124304 11 0
302124303 10 6
302124301 19 5
302124300 4 1
302124299 3 0
302124297 12 2
302124296 11 3
302124295 2 8
302124294 15 2
302124293 3 1
302124292 4 5
302124291 192 7
302124287 9 4
302124286 16 0
302124285 10 0
302124284 2 1
302124283 0 0
302124282 9 7
302124281 5 0
302124280 2 0
302124279 5 2
302124278 26 2
302124277 0 3
302124275 618 16
302124274 1 0
302124272 2 0
302124270 3 3
302124269 1 0
302124268 2 5
302124267 8 1
302124266 0 4
302124263 10 8
302124262 2 0
302124260 2 1
302124259 43 1
302124257 6 2
302124256 5 1
302124253 8 19
302124252 2 0
302124251 6 0
302124249 5 3
302124248 1 0
302124247 4 4
302124246 3 0
302124245 6 4
302124244 7 3
302124242 7 7
302124241 11 33
302124240 3 0
302124239 10 3
302124238 6 0
302124237 13 1
302124235 1 1
302124234 3 5
302124233 0 0
302124232 4 3
302124230 59 6
302124229 3 1
302124226 4 1
302124225 3 2
302124221 1 0
302124218 5 2
302124217 0 0
302124216 5 8
302124213 28 3
302124212 0 0
302124211 8 1
302124210 4 2
302124209 8 118
302124208 5 1
302124207 11 7
302124206 5 7
302124204 7 1
302124203 26 0
302124202 7 4
302124201 14 5
302124200 0 0
302124196 11 3
302124195 1 0
302124193 7 0
302124192 2 2
302124191 2 0
302124189 3 0
302124188 7 0
302124187 486 20
302124186 35 5
302124185 13 7
302124184 2 1
302124183 14 4
302124182 433 36
302124181 10 63
302124180 48 11
302124179 1 0
302124178 0 0
302124176 3 0
302124175 25 25
302124174 0 0
302124173 5 38
302124171 5 158
302124170 6 2
302124169 4 0
302124167 1 4
302124166 4 45
302124165 7 1
302124164 6 4
302124163 7 5
302124162 5 2
302124161 0 0
302124160 0 0
302124159 1 1
302124158 7 0
302124157 23 12
302124156 0 0
302124153 3 1
302124152 20 3
302124150 2 2
302124148 3 3
302124147 187 7
302124145 13 2
302124144 22 2
302124142 1 0
302124141 10 8
302124140 9 7
302124139 202 8
302124138 20 2
302124137 428 12
302124135 272 5
302124134 26 8
302124133 9 20
302124132 2 0
302124131 9 7
302124130 423 26
302124129 11 1
302124128 10 0
302124122 10 3
302124119 1 5
302124118 13 3
302124116 22 10
302124114 2 0
302124112 2 1
302124109 6 21
302124107 5 22
302124106 12 2
302124104 14 3
302124103 15 52
302124102 9 14
302124101 4 1
302124099 8 1
302124098 8 3
302124097 8 45
302124096 1 1
302124094 3 57
302124093 3 2
302124092 7 0
302124091 4 3
302124090 8 0
302124089 0 4
302124087 16 1
302124086 31 2
302124085 4 0
302124083 1 3
302124082 0 0
302124080 2 0
302124079 7 0
302124078 0 1
302124077 3 22
302124076 9 7
302124075 16 7
302124073 5 7
302124072 19 5
302124070 8 75
302124069 10 2
302124068 0 7
302124067 2 10
302124066 1 21
302124065 1 4
302124064 4 4
302124062 6 1
302124060 2 1
302124058 6 0
302124057 1 6
302124056 5 5
302124055 0 0
302124052 1 0
302124051 5 2
302124050 11 1
302124049 11 4
302124048 2 1
302124047 5 2
302124044 1 5
302124039 1 0
302124037 4 0
302124035 3 0
302124033 6 17
302124032 16 3
302124031 11 7
302124030 1 0
302124029 17 4
302124028 8 6
302124027 7 2
302124026 1 1
302124024 1 0
302124022 6 45
302124021 6 44
302124020 4 1
302124017 2 1
302124014 563 4
302124013 10 13
302124011 11 3
302124010 6 39
302124007 12 2
302124006 4 0
302124005 10 3
302124004 2 6
302124003 20 6
302124002 2 0
302124001 6 8
302124000 9 4
302123998 7 11
302123995 4 0
302123993 13 6
302123991 2 0
302123987 4 0
302123985 6 11
302123983 13 22
302123978 3 3
302123972 8 44
302123971 298 8
302123968 1 0
302123966 6 10
302123964 0 0
302123963 14 5
302123955 2 0
302123951 20 5
302123949 4 6
302123947 14 3
302123946 1 1
302123945 458 7
302123940 18 3
302123939 48 38
302123931 1 0
302123929 0 0
302123928 5 3
302123927 2 6
302123926 21 0
302123925 23 7
302123924 11 0
302123923 6 3
302123922 2 2
302123920 19 1
302123918 4 22
302123914 1 0
302123913 410 26
302123910 4 0
302123908 16 11
302123907 4 0
302123906 6 15
302123905 697 57
302123904 11 3
302123903 1 1
302123902 2 0
302123901 8 4
302123899 939 14
302123895 10 1
302123893 18 0
302123891 55 10
302123889 14 6
302123888 2 0
302123884 12 1
302123883 6 4
302123882 3 4
302123878 2 0
302123877 7 2
302123872 1 0
302123871 8 4
302123869 0 0
302123868 550 16
302123866 11 4
302123864 1 0
302123861 8 0
302123860 1 0
302123857 5 2
302123854 4 1
302123853 1 0
302123852 36 16
302123850 509 10
302123849 3 10
302123848 12 35
302123845 2 7
302123844 3 7
302123843 14 3
302123841 1 1
302123840 20 9
302123839 5 8
302123836 4 2
302123835 3 52
302123834 13 4
302123832 1 3
302123831 4 7
302123830 11 6
302123828 4 1
302123827 7 8
302123826 7 3
302123825 4 3
302123824 0 2
302123823 0 1
302123822 27 9
302123821 12 41
302123820 4 10
302123819 453 25
302123818 12 3
302123816 0 1
302123815 1 7
302123814 13 4
302123813 791 21
302123811 507 21
302123810 17 2
302123809 3 0
302123807 3 2
302123806 5 4
302123805 6 3
302123804 19 2
302123803 0 0
302123801 2 0
302123800 1 0
302123799 3 2
302123798 7 3
302123797 0 0
302123795 3 2
302123794 0 0
302123793 24 29
302123792 13 2
302123791 326 16
302123790 8 1
302123788 1 3
302123787 1 8
302123786 7 2
302123785 2 1
302123784 2 0
302123783 11 0
302123782 12 70
302123781 52 9
302123780 13 1
302123779 2 2
302123778 10 4
302123776 0 0
302123774 2 1
302123773 3 1
302123772 7 2
302123771 3 1
302123770 8 4
302123769 4 3
302123768 1 3
302123766 0 0
302123765 2 2
302123764 15 3
302123763 1 0
302123762 6 5
302123761 3 1
302123760 4 5
302123758 3 1
302123757 7 13
302123755 3 5
302123753 2 0
302123752 6 2
302123751 1 1
302123750 1 6
302123749 0 0
302123748 4 1
302123747 2 0
302123746 0 1
302123745 8 2
302123744 2 1
302123743 4 1
302123742 11 9
302123741 16 3
302123740 9 2
302123736 4 1
302123735 1 0
302123734 16 4
302123732 1 0
302123731 2 2
302123729 1 0
302123728 2 0
302123727 5 8
302123726 3 1
302123725 7 3
302123723 15 5
302123722 11 1
302123718 7 2
302123717 7 6
302123716 388 12
302123715 1050 33
302123713 1 0
302123712 4 2
302123711 0 1
302123710 7 2
302123708 403 61
302123707 3 0
302123706 0 0
302123705 14 3
302123704 6 3
302123703 15 9
302123702 2 1
302123701 5 1
302123700 10 7
302123694 8 9
302123691 4 0
302123689 3 0
302123688 6 1
302123687 8 3
302123686 2 1
302123684 8 0
302123683 12 5
302123682 2 0
302123681 0 3
302123680 2 1
302123679 7 3
302123678 7 4
302123675 8 2
302123674 2 2
302123673 8 3
302123672 1 0
302123671 0 3
302123670 6 5
302123669 4 1
302123668 3 1
302123667 2 3
302123666 6 5
302123665 0 0
302123664 1 1
302123663 4 4
302123662 4 4
302123661 1 1
302123660 11 4
302123659 0 0
302123658 2 0
302123657 1 0
302123656 3 12
302123655 6 1
302123654 13 1
302123653 3 9
302123652 1 1
302123651 4 9
302123650 16 1
302123649 18 5
302123648 8 0
302123647 3 0
302123646 4 1
302123645 17 4
302123641 3 21
302123640 1 0
302123639 3 2
302123637 0 4
302123636 1 0
302123635 1 3
302123634 3 0
302123632 12 7
302123631 0 1
302123630 4 3
302123629 5 2
302123628 0 0
302123627 5 0
302123626 3 0
302123625 5 2
302123624 8 10
302123623 3 1
302123622 0 1
302123621 10 1
302123620 2 18
302123617 0 1
302123616 1 1
302123615 4 18
302123613 6 1
302123612 181 19
302123611 4 3
302123610 3 0
302123609 2 0
302123607 1 0
302123606 0 3
302123604 8 1
302123603 6 1
302123602 9 4
302123601 13 5
302123600 1 2
302123599 302 7
302123597 7 0
302123596 10 4
302123595 4 6
302123594 6 10
302123592 2 1
302123591 3 0
302123590 2 14
302123587 3 0
302123585 2 3
302123584 0 0
302123582 2 1
302123581 0 0
302123580 0 1
302123579 0 0
302123578 7 2
302123577 2 1
302123576 14 1
302123575 4 2
302123574 3 4
302123572 15 1
302123571 4 1
302123570 3 1
302123569 0 0
302123568 527 20
302123566 4 0
302123562 2 1
302123559 6 1
302123557 557 33
302123556 2 1
302123555 2 0
302123554 0 0
302123553 5 1
302123550 9 2
302123549 4 1
302123546 7 2
302123545 13 3
302123544 4 2
302123543 1 5
302123542 0 0
302123541 5 1
302123540 5 3
302123537 3 1
302123536 1 0
302123535 7 1
302123534 25 6
302123533 15 7
302123532 0 0
302123529 3 1
302123528 2 4
302123527 4 1
302123526 1 0
302123525 7 0
302123524 11 1
302123523 2 1
302123521 4 1
302123520 6 3
302123519 2 1
302123517 2 1
302123514 1 1
302123513 2 0
302123511 1 0
302123510 2 7
302123509 541 40
302123508 4 3
302123506 1 0
302123504 37 14
302123503 9 0
302123502 5 1
302123501 3 1
302123498 8 5
302123497 6 1
302123494 17 7
302123491 3 2
302123490 16 6
302123488 2 2
302123487 2 0
302123485 3 3
302123484 0 0
302123483 0 0
302123481 3 0
302123480 10 8
302123479 1 2
302123478 245 12
302123477 351 18
302123476 0 0
302123475 1 3
302123474 11 9
302123472 5 2
302123470 16 5
302123469 11 3
302123468 4 2
302123465 4 1
302123464 6 1
302123463 5 2
302123462 0 1
302123460 6 1
302123458 3 2
302123457 10 4
302123455 7 5
302123454 2 2
302123453 0 3
302123452 0 0
302123451 9 3
302123450 5 3
302123449 4 2
302123448 18 6
302123447 207 2
302123445 6 5
302123444 6 9
302123443 2 1
302123442 3 0
302123440 0 2
302123439 5 3
302123437 5 2
302123436 2 0
302123435 2 2
302123433 0 0
302123432 4 5
302123431 1 34
302123430 3 1
302123429 0 0
302123428 0 1
302123427 10 2
302123426 0 0
302123425 1 1
302123424 2 1
302123423 660 34
302123422 1 2
302123421 1 2
302123419 2 0
302123418 6 15
302123417 0 0
302123416 6 20
302123415 1 2
302123414 0 0
302123413 1 0
302123412 2 0
302123411 3 9
302123410 2 1
302123408 8 0
302123405 3 5
302123403 2 0
302123402 4 1
302123401 5 0
302123400 4 2
302123399 2 1
302123398 1 0
302123397 0 1
302123396 5 2
302123395 0 1
302123394 1 0
302123393 5 3
302123392 4 0
302123390 3 3
302123388 1 5
302123387 4 2
302123385 0 0
302123384 5 2
302123383 8 3
302123382 1 0
302123380 4 0
302123379 3 2
302123378 0 0
302123376 1 1
302123375 2 0
302123374 12 3
302123372 0 0
302123371 7 2
302123367 4 0
302123365 4 2
302123363 0 0
302123362 3 12
302123361 6 0
302123359 1332 27
302123358 11 5
302123357 2 1
302123355 0 3
302123354 16 3
302123352 1 0
302123350 31 1
302123349 0 1
302123348 3 2
302123347 1 1
302123346 3 5
302123345 1 1
302123344 0 1
302123342 13 1
302123340 9 5
302123339 13 8
302123338 13 5
302123336 2 0
302123335 0 0
302123334 3 1
302123333 1 2
302123332 4 3
302123331 2 0
302123330 7 3
302123329 1 2
302123328 7 2
302123327 1 0
302123326 7 0
302123325 0 1
302123324 1 0
302123323 0 0
302123322 0 0
302123321 7 1
302123320 1 0
302123319 15 14
302123318 3 0
302123316 1 0
302123315 1 1
302123314 3 2
302123313 21 10
302123312 0 0
302123311 6 2
302123310 12 4
302123309 5 0
302123308 29 8
302123306 1 0
302123305 3 24
302123304 7 1
302123303 0 0
302123302 4 1
302123301 4 0
302123300 7 1
302123299 6 4
302123298 5 1
302123297 1 0
302123295 2 2
302123294 9 2
302123293 4 1
302123292 2 0
302123290 0 2
302123289 3 0
302123288 4 7
302123287 2 2
302123286 2 1
302123285 2 1
302123284 0 0
302123283 0 0
302123282 0 0
302123281 6 7
302123280 0 0
302123278 2 0
302123277 0 0
302123276 8 0
302123275 0 0
302123274 6 1
302123273 13 7
302123272 11 0
302123270 2 1
302123269 0 3
302123268 0 0
302123267 1 0
302123266 1 0
302123264 2 0
302123263 4 3
302123261 3 5
302123260 7 2
302123259 2 0
302123258 25 9
302123257 1 0
302123256 13 10
302123255 8 1
302123254 8 1
302123253 4 3
302123250 2 1
302123249 0 0
302123247 2 1
302123246 0 1
302123244 1 0
302123243 6 16
302123242 0 0
302123241 0 14
302123240 7 2
302123239 4 1
302123238 1 5
302123237 1 4
302123236 3 0
302123234 8 6
302123233 10 7
302123232 0 0
302123229 5 3
302123228 3 2
302123227 0 4
302123226 2 2
302123225 25 9
302123224 11 22
302123223 8 3
302123222 2 3
302123220 8 2
302123219 9 3
302123218 0 0
302123216 0 1
302123215 1 0
302123214 2 2
302123213 8 8
302123212 12 5
302123211 9 1
302123209 31 4
302123208 5 3
302123206 1 0
302123203 5 2
302123202 11 2
302123201 0 0
302123200 5 1
302123199 1 0
302123198 5 9
302123197 5 0
302123196 0 0
302123195 0 0
302123194 0 0
302123193 5 1
302123192 2 1
302123191 0 3
302123190 0 0
302123188 1 3
302123186 5 6
302123185 0 3
302123184 535 23
302123183 0 1
302123182 6 14
302123180 4 1
302123179 5 2
302123178 10 0
302123177 3 0
302123176 2 0
302123175 0 0
302123174 0 0
302123173 5 3
302123172 1 0
302123171 23 4
302123169 0 14
302123166 3 1
302123165 0 1
302123164 0 0
302123162 3 0
302123161 0 0
302123160 15 12
302123159 0 0
302123158 9 1
302123157 2 2
302123156 7 2
302123155 5 4
302123154 0 1
302123152 5 0
302123151 0 1
302123150 1 0
302123149 840 64
302123148 6 6
302123147 0 0
302123146 7 0
302123144 15 8
302123143 2 5
302123142 3 1
302123141 5 1
302123140 0 0
302123139 5 4
302123138 4 3
302123137 0 0
302123134 2 0
302123133 1 0
302123132 1 0
302123131 7 2
302123130 0 0
302123129 1 1
302123128 0 0
302123126 7 9
302123125 19 5
302123124 2 0
302123123 3 2
302123122 2 5
302123121 4 0
302123119 0 0
302123118 0 0
302123117 1 1
302123116 4 2
302123115 2 0
302123114 0 0
302123113 6 5
302123112 251 5
302123111 2 0
302123110 3 0
302123109 7 2
302123108 0 3
302123106 0 0
302123105 1 0
302123104 0 0
302123103 0 1
302123102 1 0
302123101 0 0
302123100 0 0
302123099 3 0
302123098 7 1
302123097 3 1
302123096 2 7
302123095 3 0
302123094 5 1
302123093 7 2
302123091 5 1
302123090 1 0
302123089 5 1
302123087 1 0
302123086 9 3
302123085 5 4
302123084 0 1
302123083 1 2
302123082 843 53
302123081 4 24
302123080 3 2
302123079 0 0
302123078 2 0
302123076 2 0
302123075 1 0
302123074 1 24
302123073 1 0
302123072 7 0
302123071 4 3
302123069 9 22
302123068 4 0
302123067 9 7
302123066 2 4
302123065 1 1
302123064 5 2
302123062 2 5
302123061 3 5
302123060 8 38
302123057 5 3
302123056 2 0
302123055 1 1
302123054 7 2
302123053 0 0
302123050 6 4
302123049 3 0
302123048 0 0
302123047 2 0
302123046 3 20
302123043 1 0
302123041 8 5
302123039 0 1
302123037 0 0
302123036 4 0
302123035 38 21
302123034 0 1
302123033 0 1
302123032 3 1
302123031 5 1
302123030 0 0
302123028 4 1
302123027 1 1
302123025 664 24
302123024 18 6
302123023 15 7
302123021 4 1
302123020 1 0
302123019 1 1
302123017 3 0
302123016 10 3
302123015 2 0
302123014 10 9
302123013 14 11
302123012 2 2
302123010 1 1
302123009 3 6
302123008 4 3
302123007 2 4
302123006 0 3
302123005 0 3
302123003 12 6
302123002 2 2
302123001 4 3
302123000 6 4
302122999 2 3
302122998 1 2
302122997 20 3
302122996 14 5
302122995 2 1
302122994 1 0
302122993 9 3
302122991 3 0
302122990 2 6
302122988 4 2
302122985 732 112
302122982 7 5
302122981 5 9
302122977 5 2
302122976 10 2
302122975 6 0
302122974 1 0
302122973 9 1
302122972 1 0
302122970 3 3
302122969 1 1
302122968 4 1
302122967 6 3
302122966 2 8
302122965 10 4
302122964 2 0
302122963 12 3
302122960 4 0
302122959 0 1
302122958 4 6
302122957 2 0
302122955 2 1
302122954 4 4
302122952 9 2
302122948 1 0
302122947 0 0
302122946 8 3
302122944 20 0
302122942 6 1
302122941 1028 46
302122940 1 0
302122939 8 3
302122938 2 0
302122937 1 5
302122936 5 3
302122934 0 1
302122933 0 3
302122932 13 33
302122931 5 3
302122930 9 3
302122929 2 2
302122928 7 1
302122927 6 0
302122926 8 4
302122924 0 0
302122923 1 0
302122921 10 5
302122919 5 2
302122918 13 4
302122917 3 3
302122916 5 7
302122914 4 8
302122913 0 1
302122912 1 1
302122911 1 8
302122907 22 7
302122904 5 1
302122903 6 53
302122901 3 5
302122900 1 1
302122899 0 0
302122898 722 18
302122897 8 1
302122896 5 0
302122895 1 0
302122894 7 0
302122892 7 1
302122891 7 5
302122889 19 2
302122887 20 13
302122886 35 7
302122885 1 0
302122884 6 3
302122882 1 4
302122881 2 0
302122879 1 19
302122878 0 2
302122877 4 6
302122875 7 3
302122874 0 1
302122873 3 3
302122872 6 3
302122869 3 2
302122868 3 0
302122867 11 36
302122866 2 0
302122865 10 1
302122864 1 0
302122863 3 0
302122862 4 15
302122861 6 2
302122860 2 1
302122859 8 4
302122858 3 1
302122857 0 0
302122856 2 0
302122855 0 0
302122854 0 19
302122853 4 1
302122851 1 0
302122850 2 0
302122849 1 1
302122848 6 2
302122847 0 0
302122846 2 0
302122845 6 9
302122844 6 1
302122842 21 1
302122840 17 4
302122839 2 1
302122837 3 1
302122836 3 10
302122835 2 1
302122834 9 2
302122833 4 1
302122832 3 1
302122831 6 3
302122828 0 0
302122827 12 5
302122826 0 0
302122825 4 2
302122824 0 0
302122823 2 3
302122822 2 0
302122821 3 0
302122819 369 9
302122818 5 0
302122817 0 1
302122816 9 3
302122815 1 1
302122814 1 0
302122813 8 14
302122812 0 0
302122811 1 1
302122810 6 2
302122808 20 1
302122807 0 0
302122806 6 1
302122805 2 2
302122804 8 6
302122802 0 0
302122801 1 6
302122800 4 1
302122798 3 3
302122795 7 2
302122794 2 1
302122792 7 4
302122791 0 0
302122790 3 1
302122789 7 3
302122787 0 0
302122786 4 2
302122783 2 0
302122782 1 0
302122781 5 4
302122780 4 0
302122779 4 0
302122778 1 0
302122777 0 0
302122776 2 0
302122775 4 4
302122774 3 0
302122773 7 9
302122772 4 1
302122770 5 1
302122768 0 3
302122767 2 1
302122766 2 8
302122765 1524 26
302122764 0 0
302122763 0 0
302122762 0 0
302122761 5 2
302122760 2 0
302122759 6 21
302122758 13 3
302122757 6 1
302122756 1 0
302122755 3 0
302122754 3 2
302122751 14 0
302122750 4 0
302122748 6 0
302122747 15 44
302122746 15 5
302122745 5 10
302122744 1 1
302122743 7 0
302122742 6 0
302122741 7 2
302122740 5 0
302122739 3 0
302122737 4 2
302122736 2 0
302122735 0 0
302122734 1 11
302122733 3 0
302122732 0 0
302122730 3 1
302122729 3 2
302122728 1 0
302122727 0 0
302122726 7 7
302122725 2 11
302122724 7 11
302122723 2 0
302122722 0 3
302122721 0 0
302122719 0 0
302122718 1 1
302122716 9 0
302122713 1 1
302122712 2 0
302122711 4 3
302122710 0 0
302122709 16 21
302122708 7 24
302122707 9 3
302122706 3 1
302122705 1 1
302122703 0 0
302122702 2 0
302122699 0 0
302122698 1 2
302122697 0 0
302122696 16 21
302122695 0 0
302122694 0 6
302122693 0 17
302122692 0 0
302122691 2 0
302122689 1 35
302122687 2 0
302122685 2 2
302122684 3 0
302122681 2 2
302122680 6 1
302122679 3 0
302122678 20 25
302122677 7 8
302122676 4 1
302122674 2 1
302122673 9 1
302122672 3 0
302122671 2 0
302122670 5 6
302122669 4 2
302122668 10 2
302122667 7 0
302122666 5 1
302122665 3 13
302122664 4 2
302122663 8 5
302122662 1 2
302122661 5 0
302122660 4 0
302122658 4 1
302122654 917 6
302122653 0 0
302122650 4 0
302122649 1 0
302122647 5 2
302122646 4 4
302122645 2 0
302122644 7 0
302122642 1 0
302122641 21 9
302122640 508 41
302122638 0 0
302122637 4 5
302122636 0 0
302122635 0 0
302122634 1 1
302122633 2 0
302122632 6 3
302122628 5 1
302122627 6 0
302122625 4 0
302122624 2 4
302122623 4 0
302122622 4 4
302122621 4 0
302122620 4 1
302122619 7 4
302122617 9 0
302122616 10 7
302122613 717 48
302122612 1 1
302122610 200 25
302122607 4 0
302122606 10 0
302122605 2 4
302122604 1 0
302122603 2 0
302122602 19 9
302122601 1 1
302122599 5 3
302122598 1 2
302122597 9 4
302122594 6 4
302122593 7 1
302122592 17 12
302122591 12 3
302122589 0 16
302122587 9 5
302122586 2 7
302122585 9 4
302122584 1 1
302122583 3 3
302122582 0 3
302122581 7 2
302122579 2 0
302122578 1 0
302122577 13 2
302122576 3 0
302122574 908 13
302122573 3 3
302122572 3 2
302122571 0 2
302122570 40 12
302122568 5 2
302122567 18 2
302122566 3 0
302122565 1 4
302122563 467 8
302122561 0 0
302122560 0 0
302122559 6 2
302122558 2 0
302122557 0 1
302122556 2 0
302122552 0 0
302122551 1 0
302122550 8 13
302122549 0 0
302122548 0 0
302122547 4 1
302122546 2 1
302122545 0 0
302122544 4 1
302122542 0 1
302122541 4 20
302122540 0 0
302122537 3 0
302122536 1 2
302122535 0 0
302122534 0 0
302122532 3 7
302122531 3 0
302122530 0 0
302122529 0 0
302122528 3 3
302122527 5 1
302122526 615 78
302122525 3 0
302122523 4 0
302122522 3 3
302122521 5 5
302122520 6 0
302122518 1 0
302122517 15 3
302122515 3 0
302122514 1 0
302122513 5 0
302122512 15 3
302122510 4 2
302122509 1 0
302122508 7 1
302122507 4 3
302122506 4 3
302122505 3 0
302122503 4 1
302122502 6 1
302122500 1 1
302122499 4 2
302122498 1 0
302122496 4 1
302122495 7 0
302122494 5 0
302122492 8 1
302122491 3 19
302122490 3 1
302122489 5 0
302122488 4 0
302122487 0 0
302122486 5 0
302122485 17 2
302122482 0 0
302122481 3 1
302122480 2 0
302122479 3 0
302122477 0 0
302122476 0 1
302122475 1 0
302122474 1 0
302122473 0 4
302122472 4 4
302122471 5 1
302122470 3 2
302122468 0 0
302122467 2 0
302122465 7 1
302122464 3 1
302122463 0 0
302122462 1 0
302122461 3 1
302122460 0 0
302122459 3 0
302122458 0 0
302122457 274 14
302122456 0 0
302122454 5 0
302122453 4 0
302122452 0 0
302122450 2 0
302122448 4 1
302122446 1 0
302122445 3 2
302122444 7 4
302122443 3 1
302122442 0 0
302122441 2 0
302122440 5 0
302122439 0 0
302122438 3 2
302122437 1 0
302122436 3 5
302122435 2 0
302122434 1 1
302122433 2 0
302122432 1 0
302122431 0 0
302122430 3 2
302122428 6 2
302122427 0 4
302122426 4 37
302122425 0 0
302122424 0 0
302122423 0 0
302122422 1 0
302122421 0 0
302122419 0 1
302122418 5 0
302122415 5 0
302122413 0 2
302122412 1 2
302122411 1 0
302122410 1 0
302122409 1 0
302122406 4 0
302122405 0 1
302122404 0 1
302122402 3 0
302122401 0 0
302122400 4 0
302122399 6 17
302122398 2 0
302122396 3 8
302122395 3 0
302122394 0 0
302122393 0 0
302122392 6 2
302122391 3 1
302122390 9 0
302122389 1 0
302122388 1 0
302122387 0 0
302122386 0 9
302122384 3 2
302122383 1 0
302122382 2 2
302122381 3 4
302122380 6 1
302122379 0 0
302122377 4 2
302122376 3 2
302122375 2 3
302122374 0 0
302122373 0 1
302122371 0 0
302122370 1 0
302122369 4 0
302122368 2 1
302122367 0 0
302122366 1 1
302122365 7 2
302122364 5 0
302122363 8 5
302122362 9 1
302122361 2 4
302122360 1 0
302122359 0 0
302122358 1 1
302122357 0 8
302122356 4 1
302122355 5 0
302122354 37 13
302122353 3 1
302122352 833 26
302122349 2 0
302122348 8 1
302122347 1 1
302122346 4 2
302122345 0 1
302122342 1 1
302122341 2416 48
302122340 1 0
302122339 12 57
302122337 2 3
302122336 5 2
302122335 5 43
302122334 1 0
302122332 8 0
302122331 1 0
302122330 2 6
302122329 738 93
302122328 3 0
302122326 2 1
302122325 0 0
302122323 4 2
302122322 0 0
302122321 0 2
302122320 4 0
302122319 3 1
302122318 13 9
302122317 0 4
302122316 1 0
302122315 4 1
302122314 5 2
302122313 0 0
302122312 2 2
302122311 3 0
302122310 0 0
302122309 1 1
302122307 7 2
302122304 504 40
302122303 1 0
302122301 3 4
302122300 0 0
302122299 1 2
302122297 4 0
302122296 32 7
302122295 6 0
302122294 1 0
302122293 4 38
302122292 1 1
302122291 18 5
302122290 1 4
302122289 0 1
302122288 1 1
302122287 2 1
302122286 5 2
302122285 5 1
302122284 2 0
302122283 0 0
302122281 11 2
302122280 4 33
302122279 4 20
302122278 0 0
302122277 4 0
302122276 1 0
302122274 7 1
302122273 8 0
302122272 3 1
302122271 3 0
302122270 1 1
302122268 14 1
302122267 653 7
302122266 14 1
302122265 2 25
302122264 2 0
302122263 4 4
302122262 4 1
302122261 2 3
302122260 1 1
302122259 7 2
302122258 4 3
302122257 5 7
302122256 2 0
302122254 9 1
302122253 0 0
302122252 0 0
302122251 4 0
302122250 614 43
302122248 2 21
302122247 22 9
302122246 5 1
302122245 8 0
302122244 17 9
302122243 6 2
302122242 2 0
302122241 652 49
302122239 3 1
302122238 1 0
302122236 4 29
302122235 14 7
302122234 2 1
302122233 16 6
302122232 2 1
302122231 1 0
302122230 0 0
302122229 0 0
302122228 5 1
302122227 10 4
302122226 5 0
302122225 2 0
302122223 2 1
302122222 4 0
302122221 3 1
302122220 3 1
302122219 0 1
302122218 9 1
302122217 2 1
302122216 4 0
302122215 5 9
302122214 1 0
302122213 7 7
302122211 7 1
302122210 0 1
302122209 1 0
302122208 1 0
302122207 0 0
302122206 6 1
302122205 7 1
302122204 4 0
302122203 1 0
302122202 2 0
302122201 3 1
302122200 5 1
302122199 9 0
302122198 6 1
302122197 1 1
302122196 1 0
302122194 0 2
302122193 5 2
302122192 2 0
302122191 3 0
302122190 4 4
302122189 6 2
302122188 0 2
302122187 0 0
302122186 1 0
302122185 11 2
302122184 2 0
302122183 319 10
302122181 11 1
302122179 6 2
302122178 1 2
302122177 3 0
302122176 3 6
302122175 2 2
302122173 6 0
302122172 2 0
302122171 0 0
302122170 1 1
302122169 1 1
302122168 0 0
302122166 6 1
302122165 1 0
302122164 0 1
302122163 18 3
302122162 1 1
302122161 0 0
302122160 0 0
302122159 4 3
302122157 0 0
302122156 0 1
302122155 7 2
302122153 11 2
302122152 2 1
302122151 7 1
302122150 14 8
302122148 0 1
302122147 0 0
302122146 1 2
302122145 2 1
302122144 1 0
302122143 1 0
302122142 4 0
302122141 5 4
302122140 1 1
302122139 0 0
302122138 5 0
302122137 1 1
302122136 1 1
302122135 3 1
302122134 3 0
302122132 0 0
302122131 6 2
302122130 3 0
302122129 0 2
302122127 3 0
302122126 9 4
302122125 6 1
302122124 2 1
302122123 1 0
302122122 0 1
302122121 3 0
302122120 2 0
302122119 6 11
302122118 5 0
302122117 0 0
302122116 13 3
302122115 9 0
302122114 6 6
302122112 1 1
302122111 1 0
302122110 0 0
302122109 1 3
302122108 0 2
302122107 1 6
302122106 3 8
302122104 7 3
302122102 0 1
302122101 9 10
302122100 0 3
302122099 7 4
302122098 0 0
302122097 2 1
302122096 10 3
302122095 7 1
302122094 1 2
302122093 2 0
302122092 1 0
302122091 1 1
302122090 0 0
302122088 8 3
302122087 1 3
302122086 2 2
302122085 7 4
302122084 2 1
302122083 17 6
302122082 5 0
302122081 0 1
302122080 11 10
302122079 4 1
302122078 0 2
302122077 6 3
302122076 17 5
302122075 7 0
302122074 0 1
302122073 1 0
302122072 1 0
302122071 8 0
302122069 10 5
302122068 4 0
302122067 1 0
302122064 0 0
302122063 5 1
302122062 1 3
302122061 5 0
302122060 4 0
302122059 558 87
302122058 4 0
302122057 5 1
302122056 6 3
302122055 8 4
302122054 2 1
302122053 11 3
302122052 4 1
302122051 0 3
302122050 4 1
302122049 2 2
302122047 5 3
302122046 10 5
302122045 11 4
302122044 0 1
302122043 1 1
302122042 13 2
302122041 4 2
302122040 0 1
302122039 4 1
302122038 0 1
302122037 4 4
302122036 0 1
302122035 1 1
302122034 11 4
302122033 0 3
302122032 6 2
302122031 0 1
302122030 2 1
302122028 0 12
302122027 0 1
302122026 8 1
302122025 0 1
302122024 9 2
302122022 0 1
302122021 3 6
302122019 1 0
302122018 3 0
302122017 5 1
302122016 5 3
302122015 0 1
302122014 2 0
302122013 10 9
302122012 4 0
302122010 0 1
302122009 1 0
302122008 0 1
302122007 0 0
302122006 3 1
302122004 0 0
302122003 0 0
302122002 1 0
302122001 0 0
302122000 5 0
302121999 5 1
302121998 13 2
302121995 3 2
302121993 12 1
302121992 1 1
302121991 11 1
302121990 6 7
302121989 7 1
302121988 4 2
302121987 6 0
302121986 43 16
302121985 2 0
302121984 4 0
302121983 1 1
302121982 2 0
302121981 0 0
302121980 5 1
302121979 12 1
302121976 5 0
302121974 0 6
302121973 1 0
302121971 0 4
302121970 1 1
302121969 4 10
302121968 5 2
302121967 0 0
302121966 1 0
302121965 1 0
302121964 2 2
302121963 1872 233
302121962 6 4
302121961 1 0
302121960 4 2
302121958 8 3
302121957 901 8
302121956 12 2
302121955 2 6
302121954 1 0
302121953 4 1
302121952 1 0
302121951 0 0
302121950 0 0
302121949 0 0
302121948 9 3
302121947 6 3
302121945 3 0
302121944 12 4
302121941 0 0
302121939 2 1
302121938 7 0
302121937 1 0
302121936 0 3
302121935 3 2
302121934 6 1
302121933 6 3
302121932 2 4
302121931 1 0
302121930 4 4
302121927 11 0
302121925 4 0
302121924 8 1
302121923 881 136
302121922 0 2
302121921 3 9
302121920 9 3
302121918 0 0
302121917 8 1
302121916 4 8
302121915 1 0
302121914 0 0
302121913 1 0
302121912 10 0
302121911 2 0
302121910 0 0
302121909 7 3
302121908 0 0
302121907 6 2
302121906 1 0
302121905 0 0
302121903 7 0
302121902 3 0
302121901 2 0
302121900 10 2
302121899 3 0
302121898 3 1
302121897 4 0
302121896 2 0
302121895 866 58
302121894 1 0
302121893 1 1
302121892 1 1
302121890 2 0
302121889 1 0
302121888 15 6
302121887 7 1
302121886 6 0
302121884 0 0
302121883 808 85
302121882 0 1
302121881 1 4
302121880 0 0
302121878 11 3
302121877 9 6
302121875 0 13
302121874 0 0
302121873 301 29
302121871 841 7
302121870 7 3
302121869 432 10
302121867 5 0
302121866 1 0
302121865 11 3
302121864 3 0
302121863 0 0
302121862 7 3
302121861 0 2
302121859 5 3
302121858 1 0
302121857 7 41
302121856 505 68
302121855 1 2
302121854 5 1
302121853 0 0
302121852 1 0
302121851 1 1
302121850 9 4
302121849 1 0
302121848 4 0
302121847 0 0
302121846 6 30
302121845 3 3
302121844 5 0
302121843 3 5
302121842 2 17
302121841 0 0
302121840 8 1
302121839 0 0
302121838 0 0
302121837 6 5
302121836 4 3
302121835 3 8
302121834 0 0
302121833 0 0
302121832 9 2
302121831 0 0
302121830 9 4
302121829 1 1
302121827 0 0
302121826 0 0
302121825 3 0
302121824 646 23
302121823 12 4
302121822 1 1
302121819 6 3
302121818 8 4
302121817 0 1
302121816 0 0
302121815 0 2
302121814 9 1
302121813 9 2
302121812 0 0
302121811 10 5
302121810 12 6
302121809 0 1
302121808 3 0
302121807 4 1
302121806 5 4
302121805 5 2
302121804 0 1
302121803 21 6
302121802 1 2
302121801 0 1
302121799 7 0
302121798 0 0
302121797 0 0
302121796 8 1
302121795 3 0
302121794 6 4
302121792 9 5
302121790 2106 304
302121789 2 1
302121788 10 2
302121787 1 0
302121786 1 0
302121785 877 28
302121784 2 0
302121783 5 4
302121782 0 0
302121781 11 5
302121780 0 0
302121779 0 0
302121778 0 0
302121777 1 4
302121776 8 2
302121775 0 0
302121774 0 0
302121773 0 0
302121772 4 1
302121771 5 2
302121770 6 0
302121769 2 0
302121768 0 0
302121767 6 1
302121766 0 0
302121765 6 0
302121764 3 1
302121763 1 0
302121762 560 10
302121761 1 0
302121759 1022 181
302121757 7 0
302121756 0 0
302121755 36 13
302121754 3 0
302121753 8 1
302121752 0 0
302121751 0 0
302121750 5 3
302121749 5 6
302121748 385 43
302121747 0 0
302121746 3 0
302121745 1 1
302121744 1 0
302121743 1 14
302121742 10 1
302121741 1 0
302121740 2 1
302121739 549 104
302121738 195 30
302121736 2 0
302121735 654 34
302121734 3 0
302121733 0 1
302121732 10 5
302121730 2420 56
302121729 12 5
302121727 5 1
302121726 3 0
302121725 0 0
302121724 16 5
302121721 0 0
302121720 2 1
302121719 5 2
302121718 0 0
302121717 4 0
302121715 0 0
302121714 11 2
302121713 0 0
302121712 3 0
302121711 0 0
302121709 0 0
302121707 6 1
302121706 2 0
302121705 5 0
302121703 1 0
302121702 11 5
302121701 0 0
302121700 4 0
302121698 5 0
302121697 12 4
302121696 9 1
302121695 1 0
302121694 2 1
302121693 8 0
302121692 5 1
302121691 6 0
302121690 2551 37
302121689 1 0
302121688 1 2
302121687 0 0
302121686 7 1
302121685 0 0
302121684 4 1
302121680 8 3
302121679 10 2
302121678 1 12
302121677 7 0
302121676 0 0
302121675 4 0
302121674 1 0
302121673 7 0
302121672 0 0
302121671 0 2
302121670 334 50
302121669 3 2
302121668 8 3
302121667 0 0
302121666 9 2
302121665 0 1
302121664 0 4
302121663 8 0
302121662 0 0
302121661 5 5
302121660 2 0
302121659 0 1
302121658 8 0
302121656 0 0
302121655 0 1
302121654 0 0
302121653 3 0
302121652 7 1
302121651 7 3
302121650 0 1
302121649 0 1
302121648 0 1
302121647 0 0
302121646 6 1
302121645 0 0
302121644 6 4
302121643 5 3
302121642 13 4
302121641 2 1
302121640 6 5
302121639 6 8
302121638 4 1
302121637 1 0
302121636 741 11
302121635 1 0
302121634 1 11
302121633 0 0
302121632 0 0
302121630 1 0
302121629 1 0
302121628 2 2
302121627 2 1
302121626 7 1
302121625 3 1
302121624 1 0
302121623 0 0
302121622 0 0
302121621 6400 288
302121620 8 1
302121619 8 0
302121617 1 1
302121616 3 3
302121615 0 0
302121614 0 0
302121613 0 0
302121612 3 1
302121611 9 0
302121610 2 14
302121609 2 0
302121608 3 4
302121607 12 6
302121605 6 3
302121604 0 1
302121603 1 0
302121602 1 0
302121601 5 4
302121600 7 0
302121599 0 1
302121598 0 0
302121597 1 1
302121596 3 0
302121595 3 20
302121594 0 0
302121593 0 0
302121592 0 0
302121591 0 0
302121590 2 0
302121589 3 0
302121588 0 0
302121586 0 0
302121585 0 0
302121584 1 1
302121583 0 0
302121581 0 0
302121580 0 0
302121579 7 1
302121577 4 1
302121576 0 0
302121574 7 0
302121573 5 0
302121572 8 0
302121571 5 1
302121570 3 11
302121569 6 1
302121568 30 42
302121567 4 2
302121566 0 0
302121565 1 1
302121564 1 1
302121563 0 0
302121562 0 0
302121561 2 0
302121559 1 0
302121557 1 0
302121556 2 0
302121555 7 0
302121554 6 1
302121553 3 0
302121552 0 0
302121551 3 5
302121550 7 4
302121549 3 1
302121548 3 0
302121547 0 0
302121546 2 0
302121545 5 2
302121544 0 0
302121543 2 1
302121542 1 1
302121541 0 0
302121540 5 3
302121539 1 0
302121538 0 0
302121537 5 0
302121536 0 2
302121535 1 0
302121534 4 1
302121533 2 0
302121532 0 0
302121531 2 2
302121530 0 0
302121529 5 1
302121528 1 0
302121527 10 7
302121526 4 3
302121525 6 0
302121524 1 2
302121523 0 0
302121521 0 0
302121520 4 5
302121519 1 0
302121518 1 1
302121517 0 0
302121516 6 2
302121515 3 0
302121514 10 0
302121513 0 1
302121512 0 0
302121511 4258 65
302121510 8 1
302121509 0 6
302121508 1 2
302121507 1 1
302121505 5 2
302121504 7 1
302121503 9 1
302121502 0 1
302121501 1 0
302121500 0 1
302121499 0 1
302121498 2 0
302121497 6 1
302121496 6 0
302121495 3 0
302121493 1730 37
302121492 0 0
302121491 1 0
302121489 1 2
302121488 0 0
302121487 1 0
302121486 902 17
302121485 799 12
302121483 3 0
302121482 9 1
302121481 3 2
302121480 4 1
302121479 5 4
302121478 7 1
302121477 1 0
302121476 3 2
302121475 1 1
302121474 8 0
302121473 0 0
302121471 558 11
302121470 0 0
302121468 1 0
302121467 5 0
302121465 7 3
302121464 0 1
302121463 1 0
302121461 8 1
302121460 3 0
302121458 1 3
302121457 0 0
302121456 2 0
302121455 11 3
302121454 8 0
302121453 0 0
302121452 1 1
302121450 10 3
302121449 0 0
302121448 10 0
302121447 10 0
302121446 7 1
302121445 9 1
302121444 24 19
302121443 2 0
302121442 2 0
302121441 2 1
302121440 0 1
302121439 1 0
302121438 0 1
302121437 4 2
302121436 6 1
302121435 2 2
302121434 0 0
302121433 1 3
302121432 1 0
302121431 3 10
302121430 1 0
302121429 1 0
302121428 8 14
302121427 3 1
302121426 0 0
302121425 8 1
302121424 0 0
302121423 1 6
302121422 0 1
302121421 1 0
302121420 3 2
302121419 5 4
302121417 1 1
302121416 8 0
302121415 6 5
302121414 0 2
302121413 4 1
302121411 1 1
302121410 3 1
302121409 4 0
302121408 3 2
302121407 2 1
302121406 2 1
302121405 2936 42
302121404 8 1
302121403 5 0
302121401 1 0
302121400 1 2
302121399 1 1
302121398 4 1
302121397 0 1
302121395 4 0
302121394 0 0
302121393 0 0
302121392 2 0
302121391 1 15
302121389 3 0
302121388 9 0
302121387 6 3
302121386 14 5
302121385 8 3
302121384 7 0
302121382 6 1
302121381 0 0
302121380 3 0
302121379 0 0
302121378 0 0
302121377 9 1
302121375 4 1
302121374 3 5
302121373 1 1
302121372 1 1
302121371 6 0
302121370 1 1
302121369 7 22
302121368 761 33
302121367 4 0
302121366 1966 74
302121365 455 98
302121364 4 0
302121363 2 0
302121362 749 75
302121361 4 2
302121359 6 1
302121358 7 2
302121357 4 0
302121356 4 1
302121355 3 0
302121354 1859 36
302121352 7 3
302121351 463 82
302121350 1 0
302121349 0 2
302121348 2 0
302121347 8 2
302121346 1 0
302121345 0 0
302121344 5 1
302121343 13 0
302121342 2 3
302121341 0 1
302121340 2 2
302121339 8 4
302121337 3 0
302121336 2 0
302121335 7 2
302121333 1 0
302121332 1 0
302121330 0 0
302121329 1 0
302121328 5 0
302121327 6 0
302121326 0 0
302121325 7 1
302121324 0 0
302121323 0 2
302121320 1 0
302121319 9 4
302121318 1 0
302121317 0 1
302121316 7 0
302121315 7 0
302121314 8 4
302121313 0 1
302121312 1 1
302121311 1 0
302121310 4 2
302121309 1 0
302121308 9 3
302121307 2 4
302121306 0 0
302121305 3 4
302121304 0 0
302121303 0 0
302121302 7 0
302121300 0 0
302121299 2 2
302121298 6 0
302121297 4 1
302121296 5 0
302121295 0 0
302121294 2 0
302121293 5 2
302121292 6 6
302121291 2 0
302121290 5 1
302121289 1 0
302121288 9 3
302121287 9 1
302121286 1451 207
302121285 4 1
302121284 0 0
302121283 0 0
302121282 0 1
302121280 6448 96
302121279 8 2
302121278 1 0
302121277 2 1
302121276 1 0
302121275 1130 68
302121274 9 3
302121273 4 1
302121272 4 3
302121270 2 2
302121269 1 0
302121268 8 1
302121267 9 4
302121266 13 4
302121265 11 0
302121264 0 0
302121263 4 1
302121262 7 1
302121261 8 3
302121260 620 107
302121259 3 1
302121258 2 1
302121257 2 0
302121256 2 0
302121255 5 0
302121254 1 0
302121253 4 0
302121251 9 4
302121250 0 4
302121249 7 0
302121247 0 0
302121245 799 22
302121244 3 2
302121243 6 0
302121242 4 4
302121241 2 3
302121240 3 1
302121239 2 1
302121238 0 0
302121237 0 0
302121236 25 8
302121235 0 0
302121234 2 1
302121232 2 1
302121231 0 1
302121230 0 0
302121229 1 2
302121228 1 0
302121227 0 0
302121226 1369 10
302121225 4 0
302121224 1 0
302121223 0 0
302121222 1 0
302121221 5 1
302121220 3 1
302121219 5 1
302121218 0 0
302121217 0 0
302121216 2 2
302121215 0 0
302121214 0 0
302121212 17 8
302121211 0 0
302121210 4 0
302121209 2 2
302121208 1 0
302121207 2 2
302121206 1 2
302121205 1 1
302121204 7 3
302121203 0 0
302121200 4 3
302121199 4357 161
302121198 0 0
302121197 3 0
302121196 0 0
302121195 2 1
302121194 6 2
302121192 4 0
302121191 0 1
302121190 3 2
302121189 4 1
302121188 5 0
302121187 0 0
302121186 3 2
302121185 2 2
302121184 6 2
302121183 6 0
302121181 2 2
302121180 0 0
302121179 3416 111
302121178 0 0
302121177 0 0
302121176 1 0
302121175 6 2
302121174 5 4
302121173 1 2
302121172 1 0
302121171 0 0
302121170 0 0
302121169 0 4
302121168 9 3
302121167 2 2
302121166 2 1
302121165 5 0
302121164 1 1
302121163 5 1
