303955752 0 0
303867919 2 0
303863956 1 0
303863661 3 0
303862318 1 0
303861788 3 1
303858069 7 0
303853707 0 1
303804135 4 0
303797261 8 0
303795953 2 0
303790473 2 0
303790469 1 1
303790444 0 0
303777525 1 0
303744484 4 0
303744257 1 1
303744248 11 5
303741094 2 0
303738872 1 0
303731345 2 0
303723809 26 2
303720109 2 0
303698069 23 0
303684501 2 0
303672163 3 0
303671049 4 0
303664933 10 0
303661644 23 17
303587346 9 0
303587189 13 1
303587115 1 2
303587019 2 0
303586796 8 1
303574361 12 0
303569124 15 1
303507905 27 0
303507176 43 0
303507172 11 1
303504331 3 0
303504327 15 0
303504324 4 2
303504312 10 1
303504304 30 2
303504302 3 8
303504292 0 6
303498186 10 0
303498182 4 0
303493262 6 0
303492343 12 0
303485839 4 1
303469908 2 0
303412011 5 4
303407408 4 1
303404264 17 0
303399336 7 1
303399286 11 1
303399178 4 0
303399143 189 1
303325244 1 1
303311727 7 0
303282340 2 0
303266704 2 6
303251115 3 1
303250370 0 0
303250365 0 0
303247994 0 3
303234528 11 12
303234195 23 1
303233422 6 1
303163994 2 4
303163989 6 0
303162430 11 0
303162429 3 1
303162411 14 3
303162395 5 0
303155890 55 0
303155330 16 1
303155271 9 2
303152517 1 0
303149266 9 1
303141891 24 4
303138595 2 0
303135069 22 1
303102239 0 3
303099232 3 0
303075480 11 2
303072766 1 0
303068057 6 0
303067563 12 1
303067549 6 4
303062889 8 0
303052813 19 0
302986307 9 1
302979365 1 1
302978217 26 1
302978189 8 2
302978178 0 0
302978176 10 1
302976093 13 0
302969948 11 0
302969845 0 1
302969798 12 1
302969768 53 1
302894007 10 0
302893982 3 0
302892672 7 1
302892664 6 1
302884083 22 7
302883825 6 6
302883642 9 1
302883502 2 0
302883499 6 1
302883492 16 2
302883490 5 0
302882926 24 2
302882733 12 2
302882505 21 0
302881439 1 0
302881177 1 0
302880971 6 1
302880963 11 4
302880342 16 1
302852279 5 1
302832239 2 1
302832238 0 0
302832231 0 0
302832230 0 0
302832227 0 0
302818771 6 1
302818258 23 0
302818252 6 1
302817685 4 2
302817186 7 2
302816868 0 0
302816355 1 0
302814656 24 0
302813435 13 0
302810395 7 0
302810267 3 0
302810266 15 3
302810257 9 17
302809252 31 3
302808856 8 1
302808613 12 0
302808082 65 7
302806696 4 2
302806603 23 0
302806114 17 0
302806107 6 0
302796863 0 0
302779660 14 0
302773627 0 2
302766614 52 3
302745697 33 0
302743972 12 2
302739756 81 18
302731453 8 1
302731444 3 2
302731237 2 21
302731063 28 0
302730927 7 1
302730621 30 0
302730616 4 0
302730614 11 0
302730343 1 47
302730277 7 0
302729401 69 13
302729287 15 43
302728426 0 0
302728341 8 1
302728173 0 0
302726351 13 0
302726348 7 0
302726345 54 1
302725773 14 1
302725391 11 0
302725124 0 0
302724753 7 1
302724721 20 0
302724654 4 0
302724385 20 3
302723964 0 0
302723891 30 3
302723823 1 73
302723763 15 0
302723758 14 2
302723647 5 0
302723519 9 0
302723481 13 3
302723372 8 0
302722996 49 0
302722809 12 0
302722731 10 0
302721992 3 1
302721958 1 0
302721948 3 3
302721946 4 0
302721406 4 3
302720969 3 0
302720625 28 4
302720621 3 0
302720597 14 1
302719785 25 3
302718954 0 0
302718015 6 0
302717445 9 1
302711121 7 0
302711103 6 3
302710867 8 2
302710841 6 0
302710819 10 0
302709398 21 0
302709371 32 0
302709353 34 0
302708642 4 1
302707573 8 1
302690588 0 0
302688275 11 0
302688043 9 2
302687590 14 0
302686591 4 59
302686489 9 0
302685335 43 10
302679455 6 0
302678572 3 2
302678165 12 2
302676351 11 0
302676084 14 0
302675102 14 3
302674853 31 6
302674801 11 0
302674799 8 1
302674642 0 0
302674639 7 0
302674552 0 0
302663347 11 1
302663157 13 0
302663098 10 3
302663090 28 3
302663086 18 0
302662886 0 1
302662179 11 4
302661986 16 3
302661642 0 0
302661502 18 0
302661100 14 2
302661063 18 2
302661017 51 0
302660461 6 0
302658734 8 2
302657971 5 7
302657890 17 0
302657837 24 0
302657740 6 0
302657733 26 0
302657702 19 0
302657669 18 9
302657616 23 4
302656229 10 0
302654797 3 0
302653573 35 1
302653462 14 0
302653205 3 0
302653085 5 1
302652227 14 30
302651994 19 1
302651816 16 2
302645530 9 0
302645516 2 1
302645357 0 0
302645356 0 0
302645355 0 0
302645305 0 0
302645293 8 0
302645282 3 0
302645263 4 1
302645181 2 1
302645064 2 0
302645032 10 0
302645021 6 0
302645018 4 0
302644985 10 1
302644984 20 0
302644967 112 0
302644943 33 0
302644934 3 10
302644910 2 0
302644849 4 0
302644813 5 70
302644810 41 8
302644697 6 0
302644614 32 35
302644611 5 1
302644610 22 0
302644599 7 3
302644598 1 2
302644590 39 1
302644556 0 0
302644554 1 0
302644534 17 0
302644533 1 0
302644476 17 1
302644394 1 6
302644344 25 1
302644327 0 1
302644292 14 1
302644270 3 0
302644215 1 1
302644126 12 0
302644108 9 0
302643952 7 0
302643930 8 2
302643923 10 0
302643921 50 0
302643917 27 7
302643911 29 0
302643843 16 1
302643829 1 0
302643794 6 0
302643783 17 1
302643772 51 0
302643754 1 21
302643751 15 6
302643750 14 1
302643744 18 0
302643743 5 0
302643737 0 30
302643731 3 33
302643726 11 1
302643714 7 0
302643708 38 3
302643698 0 1
302643629 3 0
302643606 6 1
302643598 9 2
302643577 1 0
302643547 3 67
302643538 13 1
302643464 12 43
302643415 34 1
302643392 10 0
302643390 13 0
302643292 1 0
302643223 4 72
302643082 16 0
302643073 15 0
302643056 9 1
302643044 0 0
302643033 0 0
302643022 24 1
302643019 12 0
302642957 0 0
302642937 0 0
302642922 0 0
302642868 11 5
302642813 1 0
302642785 7 1
302642765 3 19
302642727 31 3
302642711 17 1
302642668 0 2
302642533 0 0
302642484 13 0
302642473 0 0
302642444 9 0
302642435 9 25
302642349 3 1
302642129 15 3
302642041 15 1
302641929 1 9
302641887 2 0
302641829 0 0
302641815 8 4
302641803 9 0
302641793 3 74
302641627 1 1
302641564 1 1
302641558 13 1
302641551 18 1
302641436 4 2
302641377 10 0
302641241 22 0
302641196 6 0
302641140 10 1
302641057 3 10
302640804 4 3
302640716 1 1
302640193 0 0
302640170 11 1
302640113 36 4
302640085 0 0
302640084 1 0
302640043 0 5
302640042 9 4
302640035 3 61
302640026 0 0
302639991 12 18
302639955 29 1
302639954 16 0
302639917 7 1
302639896 2 0
302639862 4 3
302639826 23 21
302639813 7 1
302639810 20 1
302639793 35 0
302639784 1 16
302639772 0 0
302639756 46 2
302639744 0 1
302639730 8 0
302639726 3 68
302639723 8 1
302639711 6 6
302639708 20 26
302639684 3 0
302639676 10 18
302639663 8 0
302639640 0 0
302639639 17 1
302639603 0 1
302639600 5 24
302639599 6 1
302639567 10 1
302639557 2 29
302639546 36 0
302639538 4 1
302639519 0 7
302639501 8 0
302639466 2 0
302639458 5 2
302639455 0 0
302639449 5 3
302639446 1 54
302639418 19 7
302639407 20 11
302639394 8 45
302639387 14 0
302639375 21 27
302639324 7 2
302639321 7 0
302639319 18 0
302639317 3 1
302639259 0 0
302639256 0 0
302639250 19 2
302639240 0 0
302639223 3 42
302639221 21 6
302639213 19 10
302639206 20 1
302639202 10 4
302639193 8 1
302639176 1 0
302639168 16 2
302639162 0 0
302639161 32 0
302639153 29 4
302639146 24 1
302639144 2 34
302639120 4 1
302639111 10 0
302639073 22 0
302639044 16 0
302639026 0 0
302639023 11 0
302638994 11 2
302638992 5 0
302638983 1 2
302638981 36 4
302638973 0 4
302638972 7 31
302638971 0 2
302638969 24 0
302638957 4 0
302638955 2 1
302638943 15 3
302638930 0 0
302638907 5 8
302638899 1 7
302638896 7 8
302638882 27 1
302638856 20 0
302638852 13 2
302638840 2 4
302638837 17 4
302638827 17 3
302638791 0 2
302638745 2 0
302638740 15 1
302638729 1 0
302638718 19 2
302638703 8 13
302638688 1 4
302638678 3 0
302638677 0 5
302638653 8 3
302638639 13 0
302638602 15 1
302638594 9 2
302638584 16 31
302638580 7 1
302638566 15 45
302638552 23 7
302638546 12 0
302638542 0 1
302638541 0 1
302638534 0 4
302638533 7 2
302638525 17 6
302638511 4 5
302638482 1 2
302638474 18 28
302638441 34 0
302638431 12 2
302638422 18 21
302638417 22 3
302638405 0 0
302638400 2 0
302638362 8 2
302638356 12 41
302638353 10 0
302638352 13 2
302638348 15 9
302638343 10 0
302638342 12 1
302638339 1 0
302638326 11 1
302638319 5 2
302638312 12 0
302638310 18 5
302638295 6 4
302638286 31 8
302638282 8 0
302638278 9 2
302638276 12 4
302638265 19 4
302638263 65 0
302638260 0 0
302638259 0 2
302638244 0 0
302638242 8 0
302638236 46 12
302638230 7 0
302638223 2 41
302638219 14 15
302638190 13 2
302638186 0 0
302638185 0 0
302638183 1 0
302638182 9 1
302638181 0 0
302638180 0 0
302638178 0 0
302638177 17 5
302638174 0 0
302638173 1 19
302638171 14 2
302638163 0 0
302638159 55 0
302638155 2 3
302638152 11 3
302638135 1 62
302638130 10 0
302638125 0 0
302638118 9 2
302638116 17 2
302638114 18 2
302638096 0 0
302638066 2 0
302638046 7 0
302638034 6 0
302638018 9 1
302638003 4 6
302637995 12 1
302637978 9 2
302637970 36 0
302637967 1 8
302637960 0 0
302637956 0 0
302637952 2 2
302637924 19 13
302637912 14 4
302637899 0 0
302637894 6 0
302637890 9 144
302637886 3 0
302637855 3 34
302637852 6 2
302637848 0 2
302637844 15 1
302637838 9 0
302637836 9 0
302637835 0 0
302637829 7 1
302637818 23 7
302637809 0 1
302637797 34 0
302637769 37 4
302637765 5 0
302637762 4 5
302637761 31 0
302637759 34 2
302637757 13 0
302637755 0 0
302637754 1 0
302637750 3 1
302637749 17 3
302637743 2 2
302637739 10 1
302637738 9 1
302637736 9 4
302637731 14 0
302637725 14 0
302637703 3 7
302637702 1 2
302637700 6 1
302637697 1 2
302637692 1 3
302637691 9 3
302637686 12 1
302637684 7 2
302637682 0 0
302637677 11 1
302637659 1 0
302637641 0 3
302637640 7 0
302637604 4 1
302637574 4 1
302637569 2 3
302637553 0 0
302637539 3 53
302637537 9 2
302637532 0 0
302637527 1 2
302637519 0 0
302637513 0 0
302637509 1 1
302637494 2 1
302637457 17 3
302637453 1 1
302637452 40 7
302637451 12 2
302637439 34 1
302637438 2 2
302637435 27 11
302637433 2 0
302637429 36 24
302637411 21 3
302637403 9 7
302637385 2 0
302637369 7 32
302637368 50 1
302637365 44 40
302637362 1 0
302637360 0 0
302637348 8 11
302637347 0 1
302637344 35 13
302637303 26 14
302637293 52 1
302637285 4 2
302637283 9 0
302637277 11 0
302637273 0 0
302637272 20 0
302637267 7 1
302637257 9 1
302637255 8 0
302637252 6 0
302637247 8 0
302637241 12 3
302637234 32 1
302637232 0 0
302637228 30 0
302637224 16 1
302637223 13 0
302637221 11 0
302637218 1 0
302637217 9 0
302637213 12 1
302637204 1 0
302637196 0 1
302637195 18 5
302637193 6 2
302637182 10 3
302637178 3 0
302637168 22 3
302637165 2 0
302637164 0 0
302637140 1 11
302637133 15 1
302637129 4 0
302637127 24 0
302637120 64 0
302637111 32 6
302637108 10 1
302637106 33 7
302637102 14 17
302637054 69 3
302637042 4 37
302637028 3 3
302637027 22 0
302637025 23 4
302637020 7 0
302637018 14 2
302637012 34 1
302637003 0 0
302636998 0 0
302636995 16 10
302636980 0 0
302636975 12 0
302636972 24 24
302636963 26 31
302636941 5 18
302636928 0 0
302636926 0 2
302636923 0 0
302636922 12 23
302636916 0 4
302636904 0 0
302636900 1 0
302636896 6 0
302636895 18 0
302636893 0 0
302636890 2 0
302636885 4 1
302636880 4 0
302636876 7 4
302636873 408 3
302636861 9 1
302636858 4 25
302636843 3 1
302636836 13 20
302636834 8 15
302636833 53 7
302636830 18 9
302636825 28 11
302636813 0 0
302636798 16 11
302636786 1 1
302636781 22 8
302636776 0 0
302636772 303 4
302636748 17 3
302636729 20 3
302636712 16 8
302636711 12 4
302636701 5 1
302636695 8 2
302636693 2 1
302636691 5 4
302636689 8 64
302636683 8 11
302636667 10 5
302636632 1 0
302636630 3 0
302636623 8 14
302636618 20 8
302636615 3 30
302636603 1 0
302636597 0 1
302636573 15 0
302636562 43 0
302636561 97 1
302636552 0 0
302636540 21 51
302636530 0 0
302636524 7 11
302636523 8 0
302636522 2 6
302636520 4 4
302636517 9 0
302636512 28 0
302636505 0 0
302636499 0 2
302636493 13 0
302636477 23 10
302636461 33 1
302636452 3 9
302636438 22 6
302636437 50 1
302636418 7 0
302636399 0 0
302636398 0 0
302636371 15 3
302636369 0 1
302636365 2 1
302636359 0 0
302636357 14 20
302636356 1 0
302636353 8 6
302636352 12 2
302636351 0 2
302636349 11 0
302636343 9 0
302636342 20 51
302636334 1 56
302636327 0 0
302636326 19 0
302636324 1 0
302636298 11 1
302636292 38 8
302636287 40 15
302636284 18 6
302636280 0 0
302636274 10 2
302636269 26 11
302636266 4 145
302636263 58 6
302636262 13 57
302636257 27 15
302636256 20 18
302636251 68 0
302636250 9 3
302636244 4 0
302636238 0 0
302636236 63 1
302636228 31 11
302636219 8 23
302636211 0 1
302636210 6 0
302636208 50 0
302636202 27 0
302636199 10 0
302636198 4 0
302636197 19 4
302636189 2 0
302636183 52 0
302636179 1 0
302636174 2 0
302636168 0 0
302636160 1 0
302636159 12 0
302636158 20 1
302636155 8 2
302636150 7 1
302636137 3 18
302636135 2 0
302636133 3 0
302636126 1 0
302636123 1 21
302636120 4 0
302636115 23 0
302636111 48 3
302636109 0 0
302636106 2 55
302636099 9 8
302636094 2 2
302636093 14 3
302636087 1 1
302636082 6 0
302636067 0 0
302636062 11 5
302636058 560 9
302636057 35 15
302636034 1 5
302636033 0 5
302636024 2 41
302636001 10 1
302635995 1 0
302635990 2 0
302635984 10 3
302635979 23 7
302635974 0 0
302635961 0 0
302635950 2 61
302635942 28 72
302635927 23 3
302635922 16 0
302635921 2 0
302635907 29 0
302635906 33 43
302635903 4 2
302635902 0 0
302635894 9 0
302635892 33 1
302635883 6 0
302635878 51 5
302635871 0 4
302635861 1 0
302635860 5 1
302635843 41 4
302635836 1 0
302635828 6 1
302635812 3 17
302635809 29 0
302635805 8 3
302635797 1 32
302635796 84 11
302635795 14 0
302635791 10 3
302635789 14 60
302635779 36 2
302635777 22 3
302635776 65 8
302635772 15 7
302635754 2 28
302635749 4 12
302635747 9 3
302635744 75 6
302635740 36 0
302635737 15 118
302635736 1 48
302635729 13 0
302635728 1 7
302635722 6 0
302635713 25 13
302635712 55 0
302635709 27 6
302635705 16 0
302635704 4 3
302635699 12 8
302635697 9 1
302635693 22 1
302635684 4 5
302635676 31 1
302635668 0 0
302635664 30 2
302635663 20 0
302635656 5 1
302635650 52 0
302635637 0 1
302635633 1 9
302635617 11 2
302635600 23 5
302635596 4 2
302635594 12 0
302635593 11 0
302635592 18 2
302635588 9 5
302635579 0 1
302635576 2 32
302635563 6 1
302635546 0 4
302635537 61 3
302635534 15 1
302635530 11 10
302635528 9 1
302635522 12 2
302635521 15 0
302635506 10 5
302635505 3 1
302635503 5 4
302635502 0 0
302635496 5 1
302635495 0 0
302635489 10 0
302635485 5 3
302635479 0 0
302635473 0 0
302635447 2 0
302635437 13 1
302635426 23 2
302635410 2 2
302635388 1 2
302635387 10 0
302635375 13 1
302635374 11 2
302635373 4 75
302635367 18 7
302635366 14 0
302635365 0 0
302635363 4 4
302635361 26 2
302635356 24 0
302635352 5 16
302635349 0 0
302635335 10 0
302635333 7 1
302635331 9 1
302635330 16 0
302635328 7 1
302635324 28 8
302635322 10 0
302635321 1 1
302635320 31 0
302635319 115 4
302635318 2 1
302635317 24 0
302635293 0 0
302635288 16 1
302635268 21 2
302635265 6 0
302635259 7 1
302635254 30 2
302635250 1 0
302635228 19 2
302635225 13 18
302635218 5 0
302635217 1 7
302635214 0 0
302635212 0 0
302635211 8 0
302635210 18 0
302635207 26 0
302635206 8 0
302635196 8 0
302635192 1 0
302635189 0 0
302635175 38 1
302635171 9 9
302635170 37 0
302635166 5 0
302635163 50 0
302635159 2 1
302635156 43 12
302635149 43 0
302635143 34 59
302635142 558 6
302635129 13 5
302635126 5 2
302635122 52 57
302635115 1 0
302635110 23 0
302635104 6 3
302635076 7 58
302635071 34 2
302635067 9 1
302635063 6 10
302635061 1 0
302635056 12 1
302635050 22 1
302635047 27 1
302635041 42 5
302635037 1 0
302635036 9 3
302635034 10 4
302635030 0 3
302635027 8 0
302635024 9 1
302635013 8 1
302635007 0 1
302635000 41 1
302634987 53 0
302634980 1 2
302634978 18 5
302634960 0 1
302634959 6 1
302634956 4 79
302634953 19 0
302634951 15 1
302634948 12 0
302634944 8 0
302634940 14 0
302634937 24 0
302634933 11 0
302634930 17 0
302634928 28 0
302634925 12 0
302634921 1 0
302634918 12 2
302634912 42 0
302634910 29 0
302634909 8 6
302634907 14 0
302634898 24 0
302634894 7 3
302634890 43 1
302634888 27 0
302634885 3 1
302634881 116 0
302634879 15 6
302634877 1 1
302634875 52 10
302634873 16 2
302634870 7 1
302634865 16 0
302634862 18 7
302634859 8 2
302634858 6 2
302634857 0 1
302634843 5 80
302634842 1 0
302634841 13 2
302634828 18 2
302634825 3 79
302634824 1 0
302634822 7 1
302634819 0 2
302634812 4 0
302634793 1 1
302634783 0 1
302634781 5 1
302634773 4 1
302634767 0 0
302634766 17 2
302634763 22 1
302634760 3 95
302634759 12 1
302634758 14 3
302634745 34 0
302634734 5 1
302634730 10 0
302634728 7 0
302634727 22 4
302634723 38 0
302634722 0 0
302634714 2 16
302634712 9 3
302634707 3 2
302634706 7 1
302634701 33 2
302634700 17 1
302634694 7 1
302634693 15 86
302634690 30 0
302634673 35 0
302634672 33 2
302634665 10 0
302634648 56 8
302634641 3 86
302634640 2 0
302634639 12 2
302634635 1 0
302634631 23 0
302634622 0 2
302634619 10 0
302634618 25 2
302634603 427 47
302634602 21 2
302634600 52 0
302634597 6 2
302634589 0 0
302634580 0 0
302634579 1 0
302634578 23 2
302634575 25 2
302634571 39 5
302634566 20 2
302634565 0 0
302634562 16 0
302634557 0 0
302634549 14 0
302634546 1 1
302634543 11 0
302634542 13 1
302634536 0 0
302634532 48 1
302634529 0 0
302634518 3 82
302634514 1 0
302634512 42 0
302634511 1 0
302634494 0 0
302634491 1 1
302634485 4 0
302634457 40 0
302634445 1 2
302634443 26 0
302634414 26 0
302634410 1 0
302634409 646 7
302634396 0 0
302634395 52 0
302634384 21 1
302634380 3 0
302634374 17 2
302634370 12 0
302634351 0 0
302634350 1 0
302634348 17 0
302634346 9 1
302634335 17 3
302634328 28 0
302634317 2 0
302634311 163 11
302634310 14 1
302634308 5 0
302634288 67 2
302634286 26 1
302634280 3 0
302634273 32 0
302634270 19 2
302634268 0 4
302634260 1 9
302634258 21 0
302634255 0 0
302634246 21 0
302634237 1 2
302634236 5 14
302634234 25 1
302634233 58 0
302634232 36 0
302634207 26 0
302634204 2 0
302634195 13 4
302634192 11 0
302634191 0 0
302634189 280 80
302634187 15 0
302634186 16 0
302634183 1 1
302634179 15 0
302634177 20 0
302634170 11 2
302634165 1 0
302634158 0 0
302634157 37 4
302634150 7 0
302634149 6 2
302634140 15 0
302634138 13 0
302634136 2 0
302634129 9 1
302634128 22 0
302634121 0 0
302634120 6 8
302634118 7 1
302634116 739 5
302634110 8 4
302634109 18 0
302634107 0 0
302634105 15 0
302634099 319 5
302634094 47 13
302634089 251 27
302634088 8 1
302634085 15 2
302634082 9 2
302634077 36 0
302634076 95 1
302634071 690 40
302634070 12 2
302634067 43 3
302634061 14 1
302634060 24 0
302634057 7 0
302634053 2 0
302634044 5 0
302634041 2 0
302634038 13 0
302634030 0 1
302634024 3 3
302634022 131 1
302634021 4 0
302634020 6 0
302634015 1653 10
302634014 0 0
302634004 11 0
302634002 0 0
302634000 2 3
302633998 11 2
302633996 11 0
302633995 8 2
302633988 0 0
302633986 43 0
302633982 7 0
302633980 11 5
302633978 360 12
302633970 9 0
302633964 7 2
302633956 15 0
302633955 4 0
302633951 0 1
302633946 0 0
302633938 6 3
302633937 58 20
302633936 5 3
302633929 2 0
302633928 30 0
302633927 10 2
302633915 11 0
302633914 37 0
302633912 3 47
302633900 17 0
302633897 0 0
302633892 10 0
302633889 9 6
302633881 22 15
302633880 39 1
302633878 0 2
302633877 0 1
302633872 30 3
302633870 0 1
302633861 14 1
302633856 0 3
302633855 99 0
302633847 20 3
302633846 4 0
302633844 0 1
302633837 43 1
302633831 12 4
302633827 9 1
302633817 26 3
302633810 1 0
302633790 3 1
302633789 44 112
302633788 6 0
302633771 5 18
302633760 21 2
302633754 0 0
302633741 7 0
302633737 597 32
302633736 21 2
302633727 14 1
302633725 1 0
302633724 1 1
302633722 1 46
302633720 3 10
302633717 13 3
302633710 9 2
302633709 33 0
302633707 21 0
302633701 6 8
302633694 0 2
302633690 7 0
302633688 0 2
302633682 4 12
302633675 8 0
302633666 17 0
302633663 21 0
302633659 28 0
302633643 0 0
302633640 508 18
302633622 0 0
302633618 11 2
302633614 3 0
302633601 8 0
302633598 11 1
302633591 0 0
302633578 9 0
302633566 11 1
302633561 19 2
302633553 18 2
302633552 18 2
302633535 35 1
302633518 198 5
302633515 3 0
302633505 0 0
302633495 11 2
302633483 4 0
302633481 0 0
302633480 1 0
302633468 0 0
302633459 1 0
302633458 1 0
302633457 0 0
302633454 25 1
302633451 20 1
302633450 20 0
302633449 2 16
302633440 441 3
302633439 15 1
302633436 513 18
302633434 7 7
302633433 13 1
302633424 4 3
302633419 6 1
302633416 25 4
302633413 11 0
302633410 25 8
302633404 3 24
302633403 5 3
302633398 10 0
302633389 6 3
302633383 0 0
302633377 5 0
302633371 1 0
302633367 51 0
302633366 0 0
302633365 0 0
302633364 50 1
302633360 0 1
302633357 4 0
302633356 15 1
302633354 5 2
302633345 19 0
302633343 0 0
302633341 8 0
302633338 8 2
302633331 17 0
302633322 22 0
302633314 3 1
302633309 0 0
302633302 0 0
302633297 14 0
302633294 0 0
302633288 7 0
302633283 2 1
302633282 30 6
302633279 10 0
302633277 8 2
302633274 2 0
302633273 40 0
302633269 0 2
302633268 5 2
302633260 8 2
302633259 0 0
302633256 0 0
302633255 5 2
302633253 3 0
302633249 0 0
302633248 5 1
302633242 0 0
302633238 11 0
302633236 0 0
302633233 4 0
302633232 2 0
302633222 9 0
302633220 15 0
302633214 6 2
302633213 2 2
302633212 25 2
302633211 0 0
302633209 0 0
302633204 6 0
302633202 5 0
302633191 1 0
302633187 36 7
302633186 7 0
302633185 4 0
302633184 0 0
302633181 4 0
302633180 4 1
302633172 1 37
302633164 0 0
302633152 3 3
302633150 8 0
302633149 4 46
302633143 18 0
302633134 5 29
302633130 372 7
302633129 9 3
302633127 0 0
302633122 16 0
302633118 6 1
302633112 0 0
302633109 6 1
302633101 5 0
302633095 9 2
302633094 8 136
302633092 29 0
302633087 14 7
302633083 4 2
302633082 2 2
302633080 1 0
302633079 0 0
302633077 14 0
302633072 4 0
302633070 14 5
302633069 3 4
302633066 14 0
302633065 0 0
302633062 0 0
302633061 0 0
302633059 0 0
302633053 0 0
302633049 4 3
302633047 0 84
302633046 2 3
302633044 4 2
302633041 0 1
302633040 0 1
302633039 8 0
302633034 10 3
302633033 1 0
302633031 20 0
302633027 5 2
302633023 1 0
302633022 12 0
302633021 41 0
302633019 3 0
302633017 2 2
302633015 4 5
302633012 30 1
302633007 2 2
302633001 19 1
302632995 2 0
302632994 5 0
302632979 1 0
302632977 0 0
302632976 3 6
302632971 7 0
302632965 2 65
302632963 1 0
302632959 124 0
302632952 4 1
302632951 7 0
302632949 0 0
302632948 11 0
302632943 6 8
302632935 3 2
302632933 19 5
302632918 0 0
302632916 1 3
302632900 0 2
302632897 20 1
302632889 13 1
302632887 3 8
302632882 6 6
302632874 2 2
302632870 6 0
302632861 5 2
302632858 5 2
302632854 6 46
302632853 24 6
302632845 781 9
302632843 4 2
302632842 7 3
302632839 0 0
302632835 4 2
302632834 0 0
302632832 1 2
302632828 0 0
302632827 0 0
302632825 2 0
302632824 0 0
302632822 13 1
302632818 4 11
302632810 4 1
302632806 355 22
302632798 1 0
302632791 8 3
302632788 7 0
302632786 3 0
302632783 7 0
302632778 1 0
302632771 24 2
302632765 12 0
302632762 893 13
302632761 0 56
302632754 15 0
302632752 0 1
302632750 1 0
302632744 5 1
302632730 3 26
302632728 4 1
302632720 13 2
302632717 5 2
302632715 0 2
302632705 0 0
302632696 11 4
302632691 21 2
302632678 19 5
302632676 685 71
302632670 10 1
302632668 16 1
302632661 0 1
302632652 0 0
302632651 0 0
302632646 11 0
302632643 6 1
302632640 1 6
302632633 6 14
302632632 5 0
302632631 18 0
302632628 2 14
302632619 2 0
302632617 3 1
302632614 5 1
302632607 423 3
302632602 4 0
302632594 0 0
302632585 1 0
302632579 17 0
302632578 0 0
302632573 37 9
302632564 1068 6
302632563 233 14
302632561 4 25
302632558 5 2
302632545 0 0
302632541 24 7
302632538 14 3
302632536 39 2
302632525 1 0
302632522 4 0
302632521 7 0
302632520 11 2
302632503 1 73
302632500 0 3
302632497 4 0
302632491 0 0
302632490 0 0
302632486 0 0
302632484 0 0
302632475 34 1
302632468 1960 4
302632461 30 13
302632460 7 0
302632459 1084 12
302632453 0 0
302632449 17 2
302632444 2 1
302632435 3 0
302632432 6 3
302632430 14 0
302632427 14 1
302632426 11 1
302632424 26 4
302632394 0 1
302632390 0 1
302632384 587 18
302632383 0 0
302632376 0 0
302632375 21 0
302632374 1 0
302632367 13 4
302632364 0 1
302632345 518 6
302632341 0 0
302632333 1 1
302632330 0 0
302632325 9 0
302632322 4 0
302632296 13 2
302632271 18 1
302632268 0 1
302632261 0 1
302632254 15 53
302632237 43 6
302632230 8 0
302632229 12 0
302632212 3 1
302632210 0 0
302632205 11 3
302632202 24 4
302632200 8 0
302632197 10 0
302632195 0 0
302632194 5 1
302632192 5 2
302632187 1 0
302632184 1 0
302632175 1 0
302632165 8 1
302632159 7 0
302632145 11 0
302632141 5 0
302632124 1 0
302632123 8 0
302632113 18 1
302632105 1 0
302632091 6 1
302632089 0 0
302632081 8 1
302632075 22 2
302632074 768 36
302632065 9 90
302632063 5 2
302632061 10 3
302632056 0 7
302632050 4 0
302632043 9 61
302632042 4 0
302632041 349 5
302632040 3 1
302632034 2 1
302632030 1 0
302632029 0 1
302632026 16 5
302632023 1 0
302632019 22 2
302632011 40 1
302632001 3 0
302631997 4 102
302631995 2 0
302631991 0 0
302631989 767 4
302631977 13 0
302631972 41 1
302631971 17 0
302631969 1 0
302631963 12 7
302631954 2 1
302631944 4 0
302631932 3 1
302631925 11 1
302631923 4 1
302631912 3 5
302631907 1341 34
302631905 3 0
302631893 8 1
302631886 3 4
302631885 5 0
302631881 0 4
302631871 555 42
302631861 0 0
302631851 1 1
302631834 10 0
302631829 0 0
302631818 0 0
302631811 2 0
302631805 2 45
302631802 8 0
302631798 0 0
302631797 0 0
302631786 23 6
302631784 5 57
302631782 2 27
302631772 0 0
302631769 6 1
302631766 11 1
302631752 696 128
302631751 0 0
302631749 3 0
302631731 1 2
302631726 468 7
302631719 1 0
302631717 12 0
302631711 4 0
302631710 1 2
302631706 0 0
302631704 5 12
302631699 0 0
302631691 0 0
302631669 26 0
302631664 2 0
302631662 5 2
302631658 0 2
302631650 781 30
302631642 0 0
302631629 0 0
302631617 10 0
302631603 1036 11
302631599 1 2
302631590 0 0
302631589 1 2
302631581 1665 5
302631580 987 5
302631578 1 2
302631577 3 1
302631561 2 0
302631556 3 2
302631551 4 2
302631548 4 69
302631538 0 0
302631533 6 0
302631519 1 0
302631516 22 5
302631510 11 0
302631502 11 0
302631499 0 0
302631482 6 0
302631481 0 57
302631474 5 0
302631472 3 0
302631471 2 0
302631468 1927 10
302631465 6 0
302631460 4 0
302631456 169 53
302631443 1 1
302631441 881 5
302631439 0 0
302631425 1379 11
302631416 20 1
302631411 995 7
302631403 145 6
302631398 0 0
302631396 2684 16
302631390 3 0
302631387 29 1
302631385 4 0
302631383 3 0
302631380 6 0
302631375 785 49
302631371 1 0
302631369 0 1
302631347 0 8
302631332 6 1
302631330 1 1
302631322 2 0
302631319 13 0
302631315 1 0
302631313 11 0
302631311 10 0
302631304 1554 42
302631298 0 0
302631293 5 0
302631290 27 0
302631282 6 30
302631281 16 0
302631280 1785 15
302631265 591 34
302631264 633 8
302631240 9 1
302631234 5 0
302631232 10 1
302631228 6 3
302631225 33 0
302631224 975 6
302631212 14 0
302631209 7 0
302631189 3 0
302631171 0 0
302631167 7 0
302631159 0 1
302631154 82 4
302631147 1 100
302631146 0 2
302631139 5 0
302631130 4 2
302631120 643 11
302631099 5 0
302631092 2 1
302631089 892 11
302631085 16 0
302631084 2079 47
302631081 3 0
302631079 1372 5
302631073 1 0
302631068 14 0
302631063 0 0
302631057 11 1
302631053 5 0
302631047 4 0
302631043 1 1
302631033 0 1
302631028 8 0
302631026 348 25
302631020 6 0
302631011 0 0
302631010 1 0
302631008 2 1
302631004 1050 6
302630997 7 1
302630987 1024 9
302630981 9 0
302630976 4 41
302630970 0 1
302630966 10 1
302630964 11 0
302630956 8 0
302630949 1 0
302630942 1 0
302630935 8 0
302630934 7 0
302630930 10 0
302630918 11 0
302630907 6 0
302630905 2 0
302630903 2 0
302630893 20 0
302630884 1 3
302630869 3 0
302630849 1195 12
302630838 6 0
302630812 14 2
302630807 0 0
302630797 797 4
302630790 3 0
302630788 7 0
302630786 11 0
302630785 2 0
302630769 5 0
302630762 22 0
302630761 8 1
302630756 42 2
302630729 10 1
302630724 501 3
302630722 8 0
302630711 5 0
302630706 1474 16
302630689 7 4
302630683 0 0
302630674 946 31
302630670 1598 6
302630651 7 0
302630643 9 0
302630640 3 2
302630638 10 0
302630621 4 0
302630612 0 3
302630608 993 15
302630605 12 0
302630598 11 5
302630595 2 0
302630573 25 0
302630571 5 0
302630552 8 0
302630543 284 29
302630531 1 0
302630528 0 1
302630509 320 29
302630503 0 0
302630499 5 0
302630482 0 0
302630468 23 0
302630444 9 0
302630443 2 2
302630436 1 0
302630423 26 1
302630407 752 6
302630400 0 0
302630390 4 0
302630385 0 0
302630353 5 0
302630335 0 2
302630312 3 0
302630307 4 0
302630293 6 0
302630279 0 0
302630262 7 0
302630241 1 0
302630224 7 0
302630214 861 8
302630200 9 47
302630189 2 0
302630089 4738 56
302630075 2 1
302630054 0 0
302630044 3 1
302630035 12 0
302630032 0 0
302630014 565 24
302630011 3 0
302630000 5 0
302629973 4 0
302629914 2 0
302629913 3 1
302629909 0 0
302629892 4 6
302629885 23 2
302629874 963 6
302629873 1166 8
302629870 3 0
302629854 4 0
302629826 1 45
302629787 4 0
302629785 2 0
302629766 4 0
302629765 1 0
302629744 0 0
302629740 0 0
302629736 2 0
302629718 4 26
302629707 0 0
302629702 3 17
302629690 6 0
302629610 5 0
302629599 10 0
302629594 3 1
302629592 1 0
302629569 2 1
302629559 5 0
302629529 9 0
302629527 6 0
302629518 11 0
302629514 6 0
302629503 5 0
302629495 15 0
302629494 13 0
302629486 5 11
302629484 0 0
302629481 8 200
302629480 8 10
302629478 0 0
302629474 2 0
302629472 2 0
302629469 4 0
302629458 8 0
302629451 0 0
302629448 3142 71
302629446 3 0
302629444 1 14
302629441 2 0
302629433 1919 13
302629432 3 0
302629429 722 62
302629427 904 36
302629423 0 6
302629415 0 0
302629414 14 0
302629411 1 0
302629403 6 0
302629402 2 3
302629399 0 0
302629395 6 1
302629394 5 0
302629383 5 0
302629381 5 1
302629377 0 0
302629376 13 0
302629368 1 29
302629367 6 0
302629365 4 40
302629361 17 1
302629359 1 4
302629357 2 0
302629351 2 13
302629348 0 18
302629347 12 0
302629345 3 0
302629343 2 0
302629337 12 0
302629336 532 3
302629333 0 0
302629330 2 1
302629329 1 0
302629323 4 0
302629322 5 0
302629319 6 0
302629318 5 0
302629317 0 0
302629315 0 0
302629313 1 0
302629311 11 0
302629308 1 1
302629302 7 0
302629301 7 0
302629300 2 0
302629299 0 0
302629295 7 3
302629290 8 0
302629289 8 0
302629288 0 0
302629287 925 77
302629283 0 0
302629282 1 0
302629279 1 0
302629278 5 0
302629277 1 0
302629271 8 0
302629269 3 0
302629268 5 0
302629266 0 1
302629265 0 0
302629262 5 1
302629258 5 1
302629257 0 10
302629251 1 0
302629250 1416 6
302629248 4 0
302629242 1 0
302629241 4 0
302629232 11 0
302629229 5 0
302629225 9 0
302629223 2 0
302629219 0 0
302629218 14 0
302629211 1503 9
302629210 2 1
302629206 10 0
302629205 1322 13
302629204 1763 11
302629202 1 0
302629196 5 0
302629187 6 0
302629183 395 2
302629181 8 0
302629178 1859 45
302629177 16 0
302629174 0 1
302629173 4 0
302629170 1 0
302629168 0 0
302629163 1 1
302629159 4 0
302629157 0 0
302629153 6 0
302629152 6 19
302629150 2 0
302629147 8 0
302629146 2036 54
302629145 4 0
302629143 11 2
302629140 8 0
302629137 1 0
302629130 14 5
302629117 5 0
302629115 2049 39
302629114 25 9
302629112 1 0
302629110 1389 6
302629109 7 0
302629101 9 1
302629100 450 8
302629096 7 0
302629095 12 0
302629094 0 0
302629090 4 0
302629088 1 0
302629087 0 0
302629086 2 0
302629082 0 0
302629076 5 0
302629072 8 0
302629071 3 5
302629070 4 0
302629068 0 0
302629064 4 1
302629063 0 0
302629062 1 1
302629061 14 4
302629059 2 5
302629054 7 1
302629049 6 2
302629047 11 0
302629046 0 2
302629043 1105 13
302629041 8 0
302629038 8 1
302629036 9 0
302629033 9 1
302629032 5 0
302629031 6 0
302629028 1405 6
302629027 2 0
302629025 513 5
302629018 4 0
302629015 2216 5
302629007 2 0
302629006 1 2
302629000 8 1
302628999 1 0
302628998 0 0
302628997 3 0
302628994 1146 6
302628993 4952 40
302628991 6 0
302628986 17 0
302628984 1 0
302628982 1169 27
302628980 6 1
302628978 6 0
302628977 1 4
302628974 3 17
302628972 9 0
302628971 4 0
302628969 3 0
302628968 1266 10
302628966 1556 29
302628965 463 45
302628963 3 1
302628962 2 1
302628960 9 0
302628958 0 0
302628955 11 0
302628954 1 2
302628953 1 0
302628952 5 0
302628950 11 0
302628948 6 0
302628938 17 1
302628937 792 65
302628936 5 0
302628934 0 0
302628933 0 0
302628931 1083 10
302628926 4 0
302628924 1170 6
302628921 6 1
302628920 0 0
302628919 0 0
302628916 3 1
302628914 14 0
302628912 3569 49
302628906 3 0
302628901 1 0
302628898 3 0
302628893 15 0
302628892 1 0
302628880 6 2
302628872 4 1
302628871 0 0
302628869 7 1
302628868 3786 71
302628866 1901 21
302628864 3 0
302628863 5062 39
302628860 3 1
302628857 3 1
302628854 5 1
302628850 0 0
302628847 8 1
302628845 12 0
302628843 735 5
302628838 0 0
302628836 1040 11
302628832 1216 13
302628831 0 0
302628829 6 0
302628827 2 0
302628821 0 0
302628816 7 0
302628815 4 1
302628810 1396 30
302628809 0 0
302628806 8 0
302628804 6 0
302628799 8 0
302628797 0 0
302628795 0 0
302628791 6 0
302628790 5939 72
302628786 3 0
302628785 4 0
302628784 0 1
302628783 3 1
302628781 0 0
302628780 6475 144
302628778 0 0
302628773 23 19
302628771 6 3
302628768 16 0
302628764 8 1
302628762 1 0
302628759 0 1
302628757 0 0
302628755 15 0
302628754 2 3
302628752 0 3
302628747 2 2
302628744 1 1
302628741 6 13
302628740 6 0
302628737 0 0
302628733 12 0
302628731 7 0
302628730 0 0
302628728 5 0
302628727 1 0
302628724 12 0
302628723 1 0
302628719 2 0
302628718 2 0
302628717 0 0
302628716 0 1
302628714 0 0
302628713 4 0
302628711 2 0
302628708 2229 13
302628707 1 0
302628705 0 0
302628701 2 0
302628700 0 1
302628691 0 0
302628689 10 0
302628687 0 0
302628686 3 0
302628684 2 0
302628683 1 0
302628681 9 0
302628680 0 0
302628679 1 0
302628677 6 7
302628676 3 0
302628673 0 0
302628670 4 0
302628668 0 0
302628667 1465 24
302628666 6 1
302628662 1 8
302628659 0 1
302628656 3 1
302628655 3 2
302628653 0 0
302628651 4 1
302628650 1 0
302628648 0 0
302628647 0 1
302628646 5 1
302628645 0 0
302628643 2 2
302628642 1 0
302628637 5 0
302628636 2 0
302628635 3219 26
302628633 0 1
302628632 2 1
302628631 4 1
302628630 0 1
302628629 2 2
302628628 0 4
302628627 7 2
302628626 6 1
302628625 4 2
302628623 0 1
302628621 2 1
302628619 3 1
302628618 9 1
302628617 0 1
302628615 9 2
302628614 8 1
302628611 0 1
302628610 1 1
302628609 0 2
302628608 0 1
302628607 0 2
302628606 4 3
302628604 1 8
302628599 1 1
302628598 1 0
302628597 10 0
302628594 0 2
302628593 11 1
302628592 6 0
302628591 3187 26
302628590 0 0
302628589 1 0
302628588 6 0
302628586 1 0
302628585 5 0
302628584 1 0
302628583 9 0
302628578 1 0
302628577 0 3
302628575 2 0
302628574 7 0
302628573 0 0
302628572 5 0
302628571 9 0
302628570 4 0
302628568 0 0
302628567 0 0
302628566 6 21
302628564 0 3
302628561 3897 33
302628560 7 0
302628559 0 0
302628558 1 1
302628557 7 0
302628555 4 0
302628553 0 0
302628552 14 0
302628551 3 1
302628550 2 1
302628547 3 1
302628546 5961 55
302628545 0 0
302628544 1 0
302628542 0 0
302628541 1 0
302628539 1 0
302628536 7 0
302628533 1235 20
302628532 9 1
302628531 1 8
302628530 2 22
302628528 1 0
302628527 14 0
302628526 2 0
302628525 1 0
302628524 1 2
302628522 2354 45
302628520 7 0
302628519 5 0
302628517 7 2
302628516 1 2
302628515 8 2
302628514 3 0
302628513 1 1
302628512 0 1
302628511 1 0
302628510 0 0
302628509 7 0
302628508 0 2
302628506 0 0
302628505 0 0
302628504 1 0
302628503 0 1
302628502 0 0
302628501 3 1
302628500 2 1
302628499 2 0
302628498 0 1
302628497 1 1
302628496 3 0
302628495 0 1
302628494 0 1
302628492 2 2
302628491 1 0
302628490 0 0
302628489 2929 42
302628486 3 0
302628485 8 0
302628484 0 1
302628483 3 3
302628482 0 0
302628481 5 3
302628480 0 0
302628479 1 3
302628478 0 0
302628476 10 0
302628475 0 0
302628474 0 1
302628473 3 1
302628472 2 1
302628471 0 1
302628470 9 0
302628469 2 0
302628468 0 0
302628467 0 0
302628466 2 1
302628465 0 0
302628464 0 0
302628463 1 1
302628462 1 0
302628461 0 1
302628460 0 0
302628458 2 11
302628456 4 0
302628455 0 1
302628454 0 2
302628453 0 0
302628452 1 1
302628450 0 0
302628449 0 0
302628447 3 1
302628446 0 2
302628445 4 0
302628444 1 2
