303956973 0 0
303955622 0 0
303939854 0 0
303939837 0 0
303939793 0 0
303939670 1 3
303938136 0 0
303864757 1 1
303864665 0 0
303860497 1 1
303858498 15 21
303797309 0 3
303744677 19 1
303742089 14 0
303741500 1 15
303741279 4 1
303741274 0 1
303740905 3 0
303740904 2 0
303737617 16 9
303734931 2 0
303733573 4 0
303733559 0 0
303732897 3 1
303730833 3 1
303730236 7 11
303722519 8 9
303708986 10 11
303671549 2 2
303671540 0 1
303671026 6 2
303668453 15 1
303662530 0 0
303652310 1 0
303642542 1 0
303623009 3 0
303507668 4 5
303507031 1 0
303507029 0 1
303506541 0 0
303498073 2 14
303493879 3 1
303432863 1 30
303412823 1 0
303407754 0 0
303393659 1 0
303324360 10 0
303321029 1 0
303283175 3 0
303283152 0 0
303265674 0 1
303265664 4 1
303265658 0 0
303202419 3 0
303163494 42 7
303162803 1 0
303162427 2 0
303162425 4 1
303161151 3 0
303148517 2 0
303114113 0 0
303068699 11 0
303068679 3 0
303066968 0 1
303062479 1 4
303053090 10 1
303029431 4 0
302986534 14 0
302985696 0 0
302984889 94 8
302984686 2 0
302978293 1 0
302970123 3 1
302952639 2 3
302947719 0 0
302906625 6 22
302894247 0 0
302893372 4 6
302893371 25 3
302893008 6 1
302887603 14 2
302882427 0 0
302879342 24 3
302841123 0 0
302841119 0 0
302839827 34 1
302817782 3 0
302817615 6 0
302817587 23 4
302817428 1 2
302817312 24 1
302811326 8 0
302809275 8 0
302807323 19 2
302807264 10 3
302805826 0 2
302796789 0 0
302795072 23 2
302763264 24 4
302763233 2 4
302730711 22 0
302729978 1 5
302729750 2 1
302729670 7 0
302729156 25 2
302729144 10 0
302729113 3 0
302729072 4 0
302727164 6 0
302726523 17 11
302723940 19 2
302719679 10 0
302719593 0 0
302714468 0 12
302714411 0 8
302688291 15 4
302668110 10 0
302662868 0 0
302642499 6 8
302639549 0 0
302639115 3 0
302639114 2 0
302636869 19 58
302636170 3 0
302635675 6 0
302635632 0 1
302595383 9 0
302583499 5 0
302583052 1 1
302570515 5 1
302570310 5 0
302567187 2 0
302567185 0 1
302567184 1 1
302567181 2 0
302567180 20 4
302565255 9 0
302564831 4 1
302564623 3 5
302563917 2 0
302560032 39 27
302556557 7 1
302524600 30 5
302497905 31 1
302496695 16 3
302496342 5 0
302495737 50 4
302495225 37 3
302494564 0 0
302492155 0 0
302490139 12 4
302488437 8 0
302487148 17 6
302481484 5 8
302478729 3 14
302444088 8 0
302437001 53 1
302426564 35 0
302425508 6 2
302418825 0 0
302418770 0 0
302413019 10 71
302413000 3 1
302412670 34 4
302412575 34 3
302412512 3 0
302412333 2 28
302411422 16 5
302409907 0 0
302409670 0 0
302408369 4 0
302408313 0 0
302406736 0 0
302404935 26 24
302403578 0 0
302402543 8 2
302402199 25 4
302401918 3 2
302401077 0 0
302400155 20 16
302400059 7 7
302399975 9 46
302399805 3 55
302399131 5 0
302397615 3 6
302397528 63 7
302396971 1 14
302396067 12 1
302395935 10 36
302395911 5 0
302395108 34 7
302393641 2 0
302388566 57 9
302362897 45 5
302343042 6 15
302331127 54 8
302330940 4 0
302330490 10 5
302330342 4 0
302330144 23 5
302330136 7 5
302328468 12 2
302328462 7 0
302321552 1 0
302316619 25 0
302316385 1 1
302316155 7 16
302315697 3 1
302315022 16 0
302314484 5 2
302313962 37 8
302313665 7 2
302313333 4 7
302311286 5 0
302309563 0 0
302308691 40 11
302308300 0 0
302307490 16 4
302307362 0 0
302307155 41 4
302307047 6 2
302306718 3 0
302306580 0 0
302305812 25 2
302305484 13 5
302304636 7 10
302304493 4 2
302296324 12 2
302289976 38 8
302285831 12 3
302285712 2 0
302285206 9 2
302285075 12 4
302278136 7 1
302276686 0 0
302272935 6 1
302271979 52 6
302265769 1 1
302264131 66 15
302263986 10 3
302263972 10 2
302263877 7 2
302260445 27 4
302251399 5 47
302251288 6 1
302251287 1 3
302251284 10 0
302251272 3 0
302251234 15 0
302251084 7 8
302250742 0 0
302250696 19 30
302250556 1 0
302250351 0 1
302249738 0 0
302248305 51 1
302248056 4 39
302240587 73 5
302238984 9 1
302238809 6 7
302238799 0 2
302238659 53 9
302238656 5 18
302238579 17 1
302238434 6 2
302238411 5 1
302238359 26 0
302238356 2 3
302238056 0 0
302238047 14 1
302237974 30 5
302237830 4 0
302237813 0 0
302237809 0 0
302237728 0 0
302237639 31 1
302237519 18 4
302237498 6 0
302237484 8 7
302237393 10 2
302237360 13 3
302237263 61 2
302237261 25 11
302237247 11 1
302237029 2 1
302236782 1 5
302236589 1 0
302236324 2 2
302236233 5 50
302236232 17 2
302236212 3 3
302236080 82 11
302236010 59 2
302235992 16 2
302235988 14 3
302235969 14 9
302235855 48 2
302235852 1 6
302235850 2 12
302235816 17 2
302235789 2 0
302235766 12 1
302235697 4 1
302235201 1 0
302235035 34 1
302234854 16 4
302234585 9 1
302234238 36 1
302234236 18 54
302234063 12 3
302233777 7 5
302232769 8 3
302232768 7 2
302232573 6 0
302232561 4 3
302232556 24 5
302232552 0 0
302232551 22 3
302232548 3 1
302232533 18 1
302232480 2 6
302232464 22 15
302232371 0 0
302232341 11 33
302232129 2 4
302231944 8 8
302231910 6 11
302231816 4 1
302231813 5 7
302231778 5 2
302231646 3 2
302231591 7 1
302231579 2 7
302231378 18 5
302231291 11 4
302231225 1 15
302231208 72 3
302231198 55 4
302231171 6 3
302231162 10 7
302231063 59 2
302230999 63 3
302230866 5 1
302230706 1 0
302230578 10 5
302230547 9 0
302230534 3 0
302230528 15 2
302230518 3 5
302230497 2 0
302230434 10 16
302230265 2 20
302230048 4 2
302229889 80 4
302229858 7 1
302229842 8 17
302229790 20 3
302229593 0 0
302229548 16 3
302229538 12 1
302229348 1 0
302229294 35 3
302229255 1 0
302229249 17 0
302229232 3 1
302229229 2 2
302229224 82 4
302229220 26 5
302229209 6 2
302229178 27 4
302229131 26 19
302229113 19 0
302228848 2 0
302228779 4 0
302228761 0 25
302228699 4 0
302228688 18 4
302228542 17 3
302228533 2 3
302228471 0 0
302228431 2 1
302228405 0 0
302228401 6 24
302228229 2 4
302228223 5 19
302228220 1 0
302228170 5 9
302228148 10 15
302228124 1 14
302228106 1 1
302228103 73 5
302227989 4 1
302227967 1 7
302227960 22 8
302227942 14 7
302227800 1 0
302227663 14 0
302227536 17 88
302227460 0 0
302227272 13 0
302227262 5 0
302227243 13 19
302227159 1 10
302227145 0 0
302227144 1 2
302227099 8 24
302227093 0 0
302227063 5 0
302227059 0 0
302227053 0 0
302226919 75 8
302226911 2 2
302226896 4 5
302226819 3 0
302226813 10 2
302226808 8 1
302226793 20 2
302226783 7 4
302226755 6 9
302226754 7 0
302226742 7 0
302226425 2 0
302226414 3 0
302226285 52 0
302225872 6 1
302225871 8 0
302225398 0 3
302225388 20 8
302224778 32 2
302224619 12 3
302223780 3 0
302223406 57 0
302223123 2 0
302221355 4 0
302220816 0 0
302220554 1 99
302220546 41 2
302220525 0 4
302220436 1 2
302220419 14 7
302220378 2 0
302220360 54 7
302220347 5 1
302220340 27 3
302220289 14 1
302220232 2 1
302220184 16 7
302220100 1 1
302220062 11 5
302219964 1 4
302219838 5 17
302219638 7 55
302219628 5 6
302219616 18 12
302219514 7 43
302219259 2 5
302218983 1 3
302218926 9 9
302218890 1 4
302218781 8 52
302218366 46 26
302218327 33 23
302218280 29 3
302218228 23 6
302218040 33 18
302217903 0 2
302217886 9 0
302217882 0 0
302217862 18 21
302217489 1 4
302217449 12 1
302217407 4 48
302217229 8 0
302217157 7 2
302217155 8 29
302216912 1 0
302216053 10 48
302215718 36 8
302215688 14 0
302215632 4 3
302215439 2 2
302215261 13 4
302215114 9 1
302211265 13 4
302210184 0 3
302210074 15 6
302209084 9 7
302209027 25 3
302206988 19 2
302202977 50 26
302202948 12 1
302202857 25 0
302202818 4 1
302202817 25 43
302202765 47 5
302202760 1 0
302202734 29 3
302202661 19 2
302202416 51 4
302202327 0 0
302202325 2 3
302202318 2 3
302202258 2 1
302202176 12 6
302202152 63 3
302202130 0 1
302202068 8 17
302202067 9 1
302201838 1 0
302201682 1 1
302201421 26 12
302201357 0 0
302201142 21 3
302200942 1 1
302200821 52 4
302200683 11 4
302200564 11 3
302200502 0 0
302200469 55 7
302200301 1 1
302200277 1 3
302200208 19 1
302200198 10 53
302200194 21 2
302200027 19 4
302199909 4 13
302199875 17 3
302199849 6 1
302199776 0 1
302199150 7 0
302197207 15 0
302196334 21 1
302195596 14 1
302195587 0 0
302195496 6 28
302195487 44 8
302195483 15 4
302195482 5 0
302195479 6 2
302195458 43 5
302195411 26 1
302195392 0 0
302195357 1 3
302195310 3 1
302195272 3 3
302195202 10 2
302195098 0 3
302195087 4 2
302195050 11 0
302195030 5 0
302194955 0 0
302194954 48 12
302194914 11 8
302194911 5 1
302194813 55 4
302194742 55 0
302194732 6 0
302194725 21 2
302194719 24 6
302194671 12 42
302194638 6 3
302194613 6 25
302194579 5 3
302194578 2 1
302194492 9 0
302194473 15 5
302194466 11 0
302194449 5 13
302194380 0 0
302194339 4 1
302194335 45 8
302194283 1 0
302194282 0 0
302194278 7 0
302194270 1 1
302194266 9 43
302194264 19 2
302194253 7 2
302194251 36 2
302194191 12 50
302194187 37 3
302194155 18 1
302194142 21 3
302194139 1 0
302194138 68 2
302194132 40 2
302194127 25 9
302194068 4 27
302194062 16 3
302194058 27 1
302194016 0 0
302193963 8 26
302193953 0 0
302193894 1 0
302193790 0 0
302193768 16 1
302193460 48 3
302193459 16 1
302193077 22 5
302193072 44 4
302193040 26 5
302193038 0 0
302193034 0 0
302193008 38 4
302192937 19 9
302192934 51 0
302192904 22 5
302192841 9 5
302192834 9 2
302192816 8 1
302192811 8 0
302192810 6 3
302192809 9 3
302192759 2 3
302192699 1 0
302192694 27 1
302192612 0 0
302192578 19 3
302192424 10 3
302192410 0 0
302192381 28 0
302192375 0 0
302192361 12 5
302192332 7 1
302192306 0 0
302192305 0 0
302192295 3 1
302192280 0 0
302192252 7 2
302192086 6 5
302192063 8 22
302192039 3 0
302191920 5 4
302191908 9 31
302191889 1 0
302191881 10 1
302191870 1 1
302191845 29 1
302191832 0 0
302191765 6 44
302191731 8 1
302191726 7 26
302191687 10 7
302191686 3 1
302191682 38 2
302191670 6 3
302191664 15 4
302191655 36 6
302191645 7 0
302191604 0 1
302191587 0 0
302191567 1 0
302191549 10 5
302191529 4 2
302191528 2 0
302191435 0 0
302191353 0 0
302191333 24 36
302191329 21 31
302191316 10 2
302191315 7 2
302191300 6 12
302191279 3 5
302191259 7 25
302191226 7 1
302191223 50 3
302191196 11 26
302191176 0 0
302191098 5 9
302191071 1 3
302190970 2 2
302190938 4 11
302190914 3 29
302190898 18 15
302190895 3 2
302190877 0 3
302190847 2 3
302190766 0 0
302190744 2 0
302190705 5 9
302190703 16 4
302190555 3 11
302190523 1 1
302190466 1 1
302190411 3 12
302190375 1 37
302190340 19 4
302190330 2 4
302190304 9 5
302190290 7 1
302190285 5 0
302190201 10 2
302190147 6 17
302190145 9 5
302190123 17 5
302190109 0 0
302190017 80 20
302189974 5 6
302189968 20 2
302189930 6 2
302189922 13 67
302189920 1 31
302189913 0 0
302189903 12 48
302189820 2 1
302189810 12 23
302189809 83 5
302189735 10 22
302189691 2 0
302189683 5 0
302189638 8 5
302189581 5 5
302189559 7 2
302189300 10 3
302189280 7 4
302189257 52 1
302189223 70 3
302189216 42 2
302189208 4 4
302189196 0 4
302188981 24 1
302188945 21 4
302188938 8 3
302188809 3 9
302188807 13 4
302188800 9 3
302188742 72 21
302188602 4 3
302188528 21 6
302188524 0 0
302188516 4 7
302188483 5 23
302188457 3 9
302188373 9 1
302188262 4 7
302188213 4 29
302188208 57 2
302188176 23 0
302188164 1 1
302188127 0 12
302188123 5 1
302188072 6 2
302188045 1 2
302187944 3 3
302187746 6 0
302187604 22 6
302187385 16 2
302187342 2 8
302187332 0 0
302187227 58 2
302186812 2 1
302186776 12 13
302186725 5 0
302186711 0 0
302186710 3 5
302186709 14 4
302186681 5 4
302186614 22 84
302186440 61 2
302186436 2 0
302186434 4 2
302186381 0 0
302186363 0 0
302186350 6 0
302186337 1 11
302186299 8 1
302186226 3 1
302186205 3 2
302186102 30 0
302186009 26 10
302185829 11 3
302185490 19 7
302185487 0 0
302185457 13 0
302185436 58 1
302185316 8 3
302185270 0 0
302185102 0 0
302185072 16 5
302185034 15 2
302185033 4 1
302184997 9 3
302184974 53 6
302184934 10 7
302184892 21 3
302184679 19 0
302184607 0 0
302184571 0 0
302184030 10 32
302183612 11 0
302183470 58 3
302183389 19 1
302183107 2 7
302182993 11 2
302182412 0 0
302182144 2 26
302182029 4 6
302181968 21 3
302181931 3 0
302181882 0 0
302181879 0 1
302181815 0 0
302181775 4 10
302181771 0 1
302181762 3 28
302181761 24 1
302181758 4 18
302181754 25 1
302181750 7 20
302181747 0 0
302181746 8 1
302181744 9 3
302181743 33 8
302181741 8 7
302181740 5 0
302181737 2 27
302181736 13 2
302181735 13 3
302181734 55 3
302181732 0 0
302181730 4 13
302181724 14 2
302181717 44 3
302181709 0 0
302181708 0 1
302181703 1 0
302181702 0 0
302181701 6 1
302181698 4 3
302181689 1 0
302181679 14 2
302181676 8 3
302181675 88 3
302181672 1 0
302181667 5 5
302181665 1 0
302181661 27 14
302181660 50 2
302181659 65 0
302181658 13 6
302181657 4 3
302181653 18 6
302181651 51 0
302181644 1 0
302181643 8 3
302181639 9 35
302181638 4 7
302181636 31 2
302181634 2 0
302181633 0 0
302181631 24 1
302181630 22 4
302181628 3 0
302181627 4 6
302181624 1 40
302181620 0 4
302181618 2 0
302181616 8 5
302181615 8 25
302181613 0 25
302181612 21 10
302181611 0 0
302181609 8 5
302181608 0 21
302181604 2 16
302181599 5 2
302181591 0 0
302181585 0 0
302181581 1 5
302181579 25 3
302181574 4 0
302181572 2 0
302181570 0 0
302181569 13 2
302181559 1 1
302181558 4 2
302181557 80 2
302181556 0 0
302181555 0 0
302181545 13 0
302181544 3 1
302181539 9 0
302181533 0 0
302181531 21 12
302181529 8 0
302181528 6 1
302181527 1 0
302181524 2 33
302181517 0 0
302181501 0 4
302181497 0 0
302181493 0 1
302181492 76 1
302181483 0 0
302181482 16 5
302181477 8 40
302181475 2 0
302181473 0 0
302181471 0 0
302181470 3 3
302181468 0 0
302181467 9 1
302181463 16 2
302181462 11 1
302181458 1 0
302181455 2 0
302181454 6 2
302181451 5 0
302181450 5 17
302181449 28 5
302181442 2 0
302181441 62 2
302181439 14 19
302181433 5 1
302181431 0 0
302181430 0 0
302181428 8 30
302181425 16 0
302181423 12 5
302181419 6 1
302181417 23 3
302181416 56 3
302181414 25 4
302181412 1 0
302181410 8 6
302181409 1 0
302181408 12 2
302181406 176 1
302181405 10 29
302181404 6 0
302181402 3 13
302181400 0 1
302181398 2 0
302181396 2 0
302181394 5 0
302181393 3 52
302181391 0 1
302181389 2 1
302181383 0 0
302181382 0 0
302181380 7 1
302181379 9 33
302181378 8 14
302181375 0 0
302181373 0 1
302181372 68 3
302181371 6 2
302181368 0 4
302181367 3 1
302181366 12 5
302181364 0 0
302181360 11 1
302181359 0 4
302181358 0 0
302181357 1 1
302181352 16 0
302181351 3 0
302181345 19 0
302181344 0 0
302181343 1 0
302181342 10 1
302181339 46 4
302181338 2 0
302181336 6 6
302181335 6 1
302181333 11 14
302181320 14 17
302181318 11 1
302181316 0 0
302181315 0 0
302181314 2 0
302181309 13 2
302181308 3 16
302181304 0 1
302181296 30 7
302181295 5 5
302181294 8 0
302181289 1 2
302181284 18 0
302181283 11 3
302181282 10 3
302181280 2 4
302181279 1 0
302181277 11 3
302181273 5 2
302181272 3 7
302181265 1 0
302181262 3 1
302181261 14 13
302181260 1 0
302181256 0 2
302181255 12 57
302181252 7 0
302181249 2 0
302181244 0 2
302181243 5 21
302181241 13 1
302181240 0 0
302181236 5 0
302181235 9 0
302181233 0 1
302181232 3 1
302181231 17 4
302181230 93 6
302181225 8 2
302181218 8 12
302181213 2 12
302181209 2 42
302181206 82 5
302181204 62 3
302181203 9 5
302181200 56 3
302181199 0 2
302181198 21 2
302181197 7 3
302181194 6 2
302181191 0 0
302181190 7 3
302181189 0 0
302181187 0 0
302181185 3 3
302181181 11 6
302181175 62 5
302181170 1 2
302181168 17 4
302181163 12 1
302181162 10 16
302181160 3 0
302181151 2 3
302181147 15 18
302181143 82 5
302181141 0 1
302181138 26 14
302181137 1 1
302181134 1 0
302181128 0 1
302181126 11 38
302181123 16 3
302181119 0 0
302181109 28 8
302181107 0 0
302181101 2 6
302181098 6 28
302181095 2 0
302181089 0 1
302181088 1 0
302181086 1 0
302181085 0 21
302181083 0 1
302181081 2 1
302181075 0 0
302181071 9 6
302181069 8 1
302181067 1 1
302181059 11 2
302181058 70 7
302181057 2 0
302181056 11 4
302181053 4 2
302181052 3 2
302181048 17 35
302181044 14 5
302181040 20 12
302181038 14 3
302181032 0 1
302181031 59 2
302181026 12 0
302181020 3 3
302181015 7 0
302181009 3 1
302181003 5 2
302180997 3 1
302180994 11 0
302180993 0 0
302180991 0 0
302180990 0 5
302180988 6 2
302180986 1 0
302180985 12 3
302180983 6 0
302180982 9 1
302180979 3 0
302180978 6 0
302180977 2 0
302180974 2 0
302180973 0 0
302180972 1 0
302180969 0 0
302180966 3 0
302180954 13 2
302180953 1 0
302180950 0 0
302180947 47 5
302180944 6 9
302180942 56 1
302180939 0 1
302180934 7 18
302180931 68 3
302180930 3 23
302180927 37 6
302180926 3 0
302180921 79 4
302180915 9 5
302180914 73 4
302180913 3 0
302180910 0 0
302180908 11 10
302180903 11 13
302180901 8 21
302180900 7 1
302180899 3 0
302180898 1 10
302180895 8 24
302180892 3 0
302180888 17 1
302180886 4 25
302180885 7 3
302180881 2 2
302180879 4 0
302180877 0 1
302180876 0 0
302180875 26 11
302180874 1 0
302180873 15 4
302180871 1 0
302180865 43 7
302180864 0 0
302180858 80 1
302180857 10 10
302180856 44 5
302180854 23 34
302180853 7 0
302180847 1 0
302180843 28 6
302180841 26 9
302180840 27 7
302180838 9 24
302180835 23 1
302180833 64 4
302180827 0 2
302180826 11 9
302180825 12 0
302180820 0 3
302180816 5 3
302180812 86 3
302180811 17 2
302180810 0 0
302180809 1 2
302180807 19 3
302180803 8 0
302180801 0 1
302180800 63 4
302180798 0 0
302180795 0 0
302180790 0 0
302180789 3 4
302180788 40 2
302180779 30 8
302180774 22 1
302180766 13 12
302180756 14 27
302180754 15 1
302180750 12 0
302180746 1 0
302180743 1 40
302180741 9 0
302180732 2 16
302180731 49 1
302180730 3 13
302180721 0 0
302180708 1 0
302180706 15 1
302180705 5 5
302180700 23 1
302180694 1 0
302180693 1 5
302180692 0 0
302180690 14 1
302180688 1 23
302180687 1 0
302180683 2 0
302180682 2 0
302180677 46 15
302180676 5 0
302180667 2 0
302180665 0 0
302180659 7 5
302180658 13 0
302180657 1 0
302180652 1 0
302180650 13 1
302180644 39 8
302180642 48 9
302180641 49 2
302180639 0 0
302180638 55 7
302180636 21 16
302180635 29 19
302180633 232 19
302180632 10 5
302180630 37 52
302180629 3 1
302180628 16 7
302180627 5 2
302180623 0 2
302180622 14 1
302180619 3 2
302180618 58 2
302180617 21 23
302180607 39 15
302180606 1 0
302180605 0 7
302180602 6 0
302180596 1 1
302180594 60 5
302180593 21 6
302180592 2 0
302180591 0 0
302180586 11 26
302180585 10 3
302180584 34 1
302180582 0 1
302180581 26 3
302180580 9 2
302180579 4 1
302180578 11 49
302180577 3 0
302180576 9 2
302180575 3 2
302180571 13 1
302180569 35 7
302180568 3 2
302180567 134 10
302180562 16 50
302180558 10 1
302180556 5 39
302180555 0 0
302180552 1 0
302180550 2 9
302180548 4 2
302180547 4 73
302180540 7 17
302180539 5 0
302180537 0 0
302180536 7 1
302180534 7 43
302180532 24 12
302180529 26 10
302180525 4 8
302180524 2 1
302180521 4 1
302180520 2 2
302180519 0 8
302180518 7 22
302180514 4 3
302180507 10 2
302180506 8 14
302180505 17 14
302180503 7 8
302180502 2 0
302180497 1 2
302180496 9 4
302180495 22 11
302180492 2 1
302180490 0 0
302180489 18 1
302180487 0 0
302180483 2 0
302180481 0 0
302180479 0 2
302180476 0 3
302180475 6 5
302180473 2 1
302180472 33 8
302180470 7 0
302180467 2 1
302180465 7 6
302180462 32 4
302180456 2 3
302180451 8 4
302180447 48 17
302180443 9 3
302180441 1 0
302180440 6 10
302180437 16 6
302180436 0 0
302180434 4 16
302180432 0 0
302180431 1 5
302180430 45 3
302180429 1 0
302180428 3 1
302180427 6 1
302180426 23 5
302180424 0 0
302180423 2 0
302180422 42 1
302180421 18 10
302180420 6 2
302180418 9 3
302180415 22 5
302180413 26 5
302180412 0 1
302180411 23 27
302180410 4 1
302180409 6 1
302180408 2 0
302180406 5 0
302180405 23 4
302180403 37 13
302180398 36 19
302180397 40 5
302180394 21 7
302180389 3 2
302180387 4 3
302180385 15 1
302180384 5 1
302180383 7 0
302180380 0 0
302180378 11 2
302180375 55 9
302180373 8 3
302180372 61 10
302180365 12 1
302180364 17 10
302180363 19 4
302180362 13 0
302180361 21 34
302180360 0 1
302180359 1 0
302180358 0 0
302180357 15 4
302180356 0 0
302180353 5 4
302180352 82 4
302180349 87 5
302180347 3 2
302180346 29 12
302180345 10 8
302180341 11 96
302180340 19 1
302180338 64 7
302180337 5 4
302180336 5 0
302180334 0 0
302180332 1 0
302180330 7 0
302180326 74 7
302180325 0 1
302180324 7 0
302180323 9 2
302180322 0 0
302180320 5 34
302180319 0 0
302180317 2 3
302180313 2 0
302180312 27 38
302180310 7 3
302180308 6 1
302180306 0 0
302180305 15 0
302180304 2 0
302180301 18 4
302180300 7 3
302180297 20 2
302180296 0 0
302180294 0 0
302180292 21 14
302180288 78 5
302180285 5 9
302180281 2 1
302180276 15 0
302180273 6 1
302180271 6 1
302180269 27 1
302180268 16 1
302180267 0 0
302180265 9 1
302180263 0 0
302180260 6 94
302180257 4 0
302180255 0 0
302180254 16 2
302180249 9 12
302180247 7 6
302180246 19 0
302180244 32 2
302180240 6 1
302180239 29 5
302180236 4 0
302180235 10 24
302180234 10 1
302180233 20 2
302180230 11 25
302180228 67 1
302180226 0 0
302180222 4 25
302180221 1 0
302180220 9 3
302180219 14 64
302180217 27 1
302180216 4 0
302180215 18 6
302180212 9 2
302180211 4 0
302180210 5 0
302180209 0 1
302180205 0 2
302180204 0 2
302180203 0 1
302180202 10 5
302180199 25 5
302180197 1 0
302180196 12 2
302180194 3 0
302180193 32 23
302180191 0 0
302180190 13 7
302180189 21 2
302180186 0 0
302180184 43 2
302180183 7 2
302180182 0 0
302180181 43 1
302180179 0 0
302180176 0 0
302180175 3 4
302180174 5 2
302180173 5 1
302180172 29 5
302180171 15 2
302180170 1 0
302180168 0 0
302180167 5 15
302180166 3 3
302180165 0 2
302180163 9 21
302180160 10 1
302180159 6 4
302180156 9 0
302180155 1 0
302180154 1 1
302180153 6 22
302180151 1 0
302180149 2 0
302180148 10 10
302180145 6 2
302180143 8 6
302180142 2 1
302180139 3 0
302180138 0 4
302180137 0 8
302180134 1 0
302180133 7 2
302180130 2 3
302180129 2 1
302180128 11 2
302180125 13 5
302180122 6 17
302180121 0 1
302180119 5 1
302180118 0 0
302180115 27 8
302180114 17 4
302180113 2 0
302180111 0 0
302180108 29 17
302180107 7 0
302180104 5 1
302180102 29 7
302180101 6 1
302180100 1 1
302180099 63 3
302180096 1 0
302180095 1 0
302180094 30 22
302180093 1 1
302180092 0 2
302180091 1 2
302180090 20 3
302180089 17 6
302180088 7 0
302180087 0 1
302180083 13 5
302180082 14 6
302180081 0 0
302180080 18 3
302180079 0 0
302180077 6 1
302180076 24 3
302180075 78 4
302180068 11 25
302180067 0 0
302180066 4 2
302180065 4 2
302180064 0 0
302180063 1 0
302180060 8 28
302180059 32 2
302180057 0 0
302180056 0 0
302180055 12 0
302180053 27 6
302180052 0 0
302180051 0 0
302180048 1 1
302180047 19 19
302180041 1 0
302180040 3 4
302180039 8 3
302180038 1 3
302180036 0 2
302180035 1 1
302180034 9 3
302180033 15 4
302180032 9 4
302180031 16 2
302180030 9 1
302180029 15 4
302180027 0 0
302180026 5 4
302180025 9 8
302180022 19 3
302180021 3 0
302180019 3 1
302180018 4 3
302180016 14 8
302180014 11 3
302180011 5 0
302180010 21 0
302180009 0 0
302180008 4 0
302180007 1 1
302180006 8 3
302180005 2 1
302180004 2 0
302180003 3 1
302180000 2 0
302179999 7 19
302179998 25 7
302179997 13 5
302179996 0 1
302179995 27 0
302179994 5 45
302179993 6 2
302179992 8 2
302179990 2 2
302179989 3 2
302179987 11 7
302179986 1 6
302179985 1 0
302179984 15 6
302179983 11 5
302179982 30 11
302179980 3 0
302179979 3 3
302179977 6 41
302179976 6 3
302179975 5 1
302179974 103 3
302179970 28 17
302179969 30 7
302179966 1 1
302179965 1 0
302179963 2 5
302179961 25 11
302179959 3 0
302179958 6 32
302179955 7 37
302179954 87 3
302179952 5 0
302179951 0 0
302179949 6 7
302179947 6 36
302179945 1 2
302179944 1 0
302179943 71 4
302179942 2 0
302179941 0 0
302179939 13 2
302179937 57 5
302179936 9 32
302179935 16 2
302179933 1 1
302179932 16 0
302179929 0 0
302179928 84 2
302179925 6 0
302179924 1 0
302179923 4 3
302179922 16 2
302179921 28 16
302179920 15 2
302179919 9 34
302179918 4 7
302179917 4 1
302179915 1 2
302179914 65 2
302179913 1 1
302179911 38 3
302179910 4 1
302179909 12 109
302179907 60 4
302179906 3 2
302179904 3 5
302179901 0 0
302179900 15 2
302179899 9 2
302179897 8 3
302179896 1 4
302179895 1 5
302179892 3 0
302179891 62 7
302179890 66 2
302179887 9 9
302179886 15 29
302179885 5 3
302179884 15 23
302179883 21 29
302179882 26 44
302179880 7 0
302179878 63 3
302179877 13 20
302179876 13 3
302179874 14 4
302179872 4 1
302179871 2 2
302179870 4 1
302179869 23 2
302179868 2 0
302179867 7 2
302179863 2 5
302179862 3 1
302179860 5 3
302179858 1 2
302179857 21 9
302179856 1 0
302179854 0 12
302179853 0 0
302179852 27 6
302179851 4 0
302179849 6 5
302179848 3 0
302179847 17 1
302179845 0 0
302179843 4 2
302179842 8 0
302179841 1 1
302179837 0 10
302179835 2 1
302179834 1 1
302179833 6 1
302179832 8 31
302179830 1 0
302179828 38 73
302179827 1 0
302179826 5 1
302179825 2 9
302179824 17 1
302179821 9 0
302179820 2 1
302179819 3 1
302179818 19 10
302179816 18 3
302179815 13 2
302179814 1 2
302179811 19 8
302179808 10 3
302179807 3 2
302179806 1 0
302179804 8 2
302179803 12 1
302179802 3 1
302179800 7 2
302179799 11 5
302179798 1 0
302179794 3 5
302179791 10 3
302179790 0 0
302179789 10 3
302179788 8 2
302179787 8 0
302179785 3 0
302179784 0 0
302179782 2 10
302179779 4 8
302179778 6 0
302179777 7 5
302179774 1 1
302179772 0 1
302179771 5 9
302179770 1 1
302179768 8 1
302179765 1 0
302179764 0 0
302179763 5 0
302179761 3 1
302179760 1 3
302179759 2 9
302179758 33 1
302179757 3 4
302179754 1 1
302179751 2 70
302179750 1 19
302179749 0 0
302179748 5 32
302179745 0 46
302179744 23 3
302179743 9 88
302179740 0 1
302179739 0 0
302179738 1 0
302179737 0 0
302179736 7 2
302179734 0 1
302179733 18 6
302179732 8 6
302179731 0 0
302179729 6 2
302179728 0 1
302179726 1 0
302179725 9 1
302179724 33 1
302179723 3 8
302179721 48 2
302179718 5 48
302179717 19 2
302179716 0 0
302179715 16 2
302179713 26 2
302179710 4 2
302179708 3 4
302179707 22 2
302179704 4 4
302179701 0 0
302179700 3 0
302179699 5 0
302179698 7 0
302179697 16 54
302179695 2 1
302179694 10 4
302179693 1 1
302179692 4 1
302179689 2 14
302179687 9 4
302179686 0 1
302179682 0 0
302179673 9 5
302179672 2 8
302179671 11 2
302179668 281 2
302179666 0 0
302179665 1 1
302179664 9 8
302179662 4 8
302179661 70 3
302179658 13 1
302179656 1 0
302179655 5 4
302179653 4 2
302179650 3 2
302179648 0 0
302179647 18 1
302179646 0 0
302179643 17 32
302179642 11 5
302179640 0 0
302179636 19 0
302179635 5 1
302179634 2 0
302179633 6 0
302179631 6 2
302179630 6 1
302179626 66 6
302179625 7 103
302179624 3 0
302179623 5 4
302179622 3 0
302179621 5 0
302179620 17 1
302179619 6 0
302179618 0 0
302179617 30 1
302179616 10 4
302179615 23 1
302179613 0 1
302179612 30 17
302179611 0 0
302179610 9 37
302179609 3 2
302179608 5 0
302179607 3 5
302179606 4 2
302179605 4 4
302179604 3 0
302179602 13 6
302179601 0 0
302179600 13 13
302179599 1 0
302179598 0 0
302179597 21 13
302179596 56 4
302179595 0 0
302179593 12 0
302179592 1 1
302179591 0 1
302179589 71 2
302179588 5 0
302179586 1 0
302179585 0 1
302179584 0 0
302179581 18 1
302179580 28 0
302179579 10 22
302179578 47 6
302179576 0 0
302179572 7 13
302179570 7 0
302179568 2 2
302179567 2 8
302179566 20 4
302179565 4 6
302179564 14 7
302179561 17 0
302179560 24 37
302179558 38 12
302179557 18 3
302179556 14 24
302179551 18 3
302179549 3 0
302179543 5 3
302179541 36 1
302179539 3 1
302179537 26 1
302179533 5 86
302179532 1 7
302179517 15 2
302179514 17 6
302179513 7 14
302179506 9 15
302179504 2 0
302179499 38 8
302179492 0 0
302179486 387 19
302179482 42 7
302179480 15 2
302179476 15 4
302179474 20 3
302179472 11 0
302179467 6 0
302179465 16 8
302179459 14 1
302179449 12 11
302179448 3 0
302179444 3 0
302179441 5 0
302179440 2 20
302179437 7 2
302179436 1 0
302179434 19 2
302179433 9 13
302179431 4 2
302179430 18 13
302179411 233 28
302179410 12 4
302179409 4 1
302179406 13 16
302179405 0 0
302179404 33 6
302179403 1 3
302179402 10 1
302179397 4 2
302179396 3 27
302179394 32 25
302179393 2 8
302179390 16 5
302179389 7 10
302179387 0 0
302179379 4 3
302179375 2 0
302179374 0 0
302179372 6 17
302179371 0 0
302179367 0 0
302179364 7 2
302179362 1 0
302179361 6 23
302179360 8 8
302179357 6 23
302179356 1 0
302179354 3 4
302179352 5 3
302179350 6 3
302179349 386 4
302179348 9 13
302179347 13 2
302179344 9 9
302179342 33 3
302179340 3 0
302179339 18 3
302179336 5 1
302179335 0 3
302179333 3 2
302179331 12 0
302179330 15 6
302179329 1 5
302179328 0 0
302179326 1 3
302179324 17 4
302179323 8 5
302179322 2 0
302179321 9 12
302179316 7 18
302179315 14 1
302179314 8 3
302179313 4 1
302179311 10 7
302179308 0 2
302179307 45 5
302179305 19 2
302179304 20 1
302179303 31 1
302179302 1 0
302179300 0 0
302179298 24 1
302179296 4 0
302179293 0 1
302179290 1 0
302179287 87 15
302179283 7 2
302179281 47 5
302179280 27 8
302179279 12 0
302179275 0 5
302179272 19 11
302179271 2 0
302179269 5 15
302179268 3 0
302179267 5 26
302179261 8 8
302179260 3 3
302179259 19 3
302179258 5 5
302179255 0 0
302179254 18 3
302179251 0 0
302179250 3 2
302179249 1 4
302179248 2 5
302179247 24 5
302179242 3 8
302179240 13 5
302179239 10 3
302179237 978 90
302179235 4 4
302179231 7 7
302179224 15 5
302179223 2 1
302179219 281 22
302179214 261 47
302179211 8 6
302179210 4 2
302179209 22 5
302179208 1 0
302179207 34 1
302179204 0 0
302179203 2 0
302179200 23 13
302179199 6 2
302179198 3 7
302179194 1 0
302179192 1 0
302179190 0 0
302179187 0 0
302179186 1 0
302179183 0 0
302179182 0 0
302179181 0 0
302179178 4 4
302179177 11 38
302179176 0 0
302179175 11 10
302179174 0 0
302179173 0 0
302179172 0 0
302179170 6 61
302179166 5 0
302179165 0 1
302179164 3 2
302179163 41 3
302179162 27 1
302179161 3 2
302179159 5 19
302179158 8 1
302179157 4 2
302179156 10 1
302179155 29 6
302179154 16 6
302179153 2 14
302179151 8 0
302179150 16 2
302179149 0 0
302179148 4 4
302179147 508 23
302179143 0 0
302179141 21 2
302179140 15 5
302179139 1 1
302179138 25 4
302179136 10 1
302179134 8 0
302179131 5 1
302179130 27 11
302179126 34 1
302179124 9 3
302179121 3 0
302179120 36 5
302179119 4 0
302179115 7 1
302179114 7 30
302179113 7 0
302179112 8 2
302179111 22 2
302179110 3 6
302179108 8 1
302179107 5 7
302179105 5 9
302179104 7 0
302179103 16 2
302179102 1 0
302179101 1 1
302179099 15 23
302179098 0 0
302179094 530 15
302179092 4 1
302179091 1 0
302179090 0 0
302179089 0 0
302179088 0 1
302179087 0 0
302179086 18 3
302179085 7 1
302179084 416 16
302179083 0 0
302179082 220 29
302179081 1 0
302179080 2 0
302179079 7 0
302179077 11 4
302179076 0 0
302179075 0 0
302179074 3 4
302179073 0 0
302179072 8 1
302179071 4 0
302179070 1 0
302179069 19 3
302179068 10 0
302179067 79 6
302179065 3 1
302179063 4 0
302179062 0 2
302179057 0 0
302179056 56 6
302179054 19 2
302179053 4 0
302179052 17 9
302179050 9 3
302179049 1 2
302179048 9 5
302179046 1 1
302179044 1 0
302179043 0 0
302179042 11 2
302179040 6 3
302179039 2 0
302179037 2 0
302179036 1 2
302179035 54 6
302179034 28 3
302179033 8 1
302179032 0 0
302179031 55 5
302179028 1 0
302179027 5 1
302179026 4 0
302179025 13 3
302179024 0 0
302179023 7 2
302179022 1 1
302179019 1 3
302179018 8 0
302179017 3 13
302179016 6 0
302179014 3 1
302179011 7 3
302179009 41 2
302179007 9 4
302179006 7 1
302179005 9 7
302179004 4 6
302179003 446 4
302179002 4 2
302179000 0 1
302178996 0 0
302178995 20 3
302178993 5 1
302178991 5 0
302178990 1 5
302178989 44 43
302178987 11 35
302178985 3 1
302178984 16 16
302178982 1 2
302178980 3 0
302178979 18 0
302178978 0 1
302178977 11 5
302178976 14 0
302178975 4 3
302178973 2 0
302178972 4 1
302178971 10 2
302178970 3 0
302178969 6 1
302178968 8 0
302178967 0 1
302178966 7 1
302178965 27 21
302178964 3 3
302178962 0 0
302178960 81 4
302178959 2 1
302178957 0 0
302178956 2 0
302178955 1 0
302178954 5 0
302178952 23 16
302178951 7 24
302178950 24 1
302178947 5 2
302178946 6 0
302178945 32 2
302178944 1 8
302178942 3 2
302178941 1 3
302178939 0 0
302178938 2 1
302178937 6 1
302178936 0 1
302178934 21 3
302178933 2 0
302178932 7 15
302178931 168 17
302178930 29 6
302178929 6 4
302178927 8 0
302178926 0 0
302178924 6 1
302178922 0 0
302178921 4 3
302178920 6 13
302178916 0 4
302178915 1 1
302178914 5 3
302178911 11 1
302178910 6 30
302178907 5 2
302178904 19 8
302178903 1 0
302178900 17 1
302178897 3 0
302178896 8 2
302178895 0 0
302178894 7 1
302178891 0 0
302178890 43 4
302178889 8 2
302178884 6 2
302178883 0 1
302178881 3 1
302178880 3 0
302178879 3 9
302178877 0 0
302178876 1 2
302178873 0 0
302178872 6 0
302178870 8 3
302178869 9 4
302178867 0 0
302178866 10 14
302178865 4 2
302178864 3 9
302178863 8 0
302178862 3 3
302178861 23 9
302178859 7 1
302178858 5 25
302178857 4 0
302178856 2 0
302178855 6 0
302178853 3 0
302178850 6 1
302178849 1 0
302178848 0 0
302178847 21 6
302178846 3 0
302178845 3 0
302178844 6 1
302178843 63 5
302178842 4 1
302178841 50 7
302178840 0 0
302178839 0 0
302178837 12 3
302178835 13 9
302178834 56 8
302178832 4 3
302178831 5 1
302178829 17 5
302178828 19 7
302178827 9 1
302178826 178 21
302178825 1 0
302178824 4 2
302178823 6 21
302178822 13 26
302178821 0 0
302178820 0 1
302178819 57 7
302178818 27 2
302178817 0 0
302178816 8 6
302178811 10 1
302178810 6 1
302178809 10 5
302178807 3 1
302178806 4 5
302178805 4 15
302178804 8 2
302178803 28 8
302178802 3 1
302178801 5 10
302178800 5 14
302178799 3 3
302178798 55 5
302178796 8 3
302178795 1 0
302178794 4 3
302178793 0 0
302178792 2 0
302178791 4 1
302178790 8 3
302178789 4 0
302178787 7 0
302178786 4 3
302178785 6 6
302178784 0 0
302178783 10 2
302178782 37 7
302178781 1 0
302178780 16 6
302178779 7 33
302178777 6 3
302178776 44 7
302178774 7 3
302178773 7 1
302178772 1 0
302178771 38 5
302178770 4 1
302178769 175 2
302178768 31 4
302178767 0 0
302178766 0 0
302178765 15 3
302178764 271 37
302178763 3 2
302178762 2 5
302178760 5 23
302178759 7 1
302178758 3 8
302178757 14 1
302178756 2 1
302178755 8 5
302178754 8 3
302178753 0 0
302178752 13 9
302178751 0 0
302178750 5 2
302178749 3 12
302178748 4 1
302178747 7 2
302178746 1 2
302178744 5 1
302178743 45 8
302178741 0 0
302178740 0 1
302178739 1 1
302178736 1 0
302178735 8 10
302178733 12 6
302178732 5 1
302178731 9 1
302178730 9 1
302178729 0 0
302178728 8 0
302178727 22 4
302178726 4 6
302178725 7 0
302178724 3 6
302178723 0 6
302178722 8 3
302178721 7 0
302178720 2 0
302178719 0 0
302178718 3 4
302178717 16 3
302178716 0 0
302178715 11 6
302178714 0 0
302178713 3 3
302178712 49 6
302178711 22 4
302178709 4 3
302178707 5 3
302178706 1 1
302178705 5 0
302178704 0 1
302178703 0 1
302178702 23 13
302178701 10 5
302178697 0 1
302178696 4 1
302178693 45 4
302178692 20 3
302178691 2 2
302178690 3 2
302178688 0 1
302178685 1 4
302178683 2 2
302178682 11 1
302178681 6 0
302178680 5 0
302178679 3 2
302178678 0 0
302178677 0 1
302178676 5 3
302178675 4 5
302178674 4 2
302178671 0 1
302178669 3 1
302178668 23 3
302178667 1 1
302178666 7 6
302178665 0 2
302178663 0 0
302178662 0 0
302178661 0 0
302178658 6 1
302178657 10 3
302178655 2 1
302178654 6 3
302178653 2 0
302178652 4 0
302178650 0 2
302178649 0 1
302178648 17 16
302178647 4 9
302178644 4 0
302178643 310 95
302178641 3 0
302178639 0 1
302178638 8 0
302178637 0 1
302178636 14 1
302178635 1 0
302178633 0 0
302178631 4 1
302178630 0 0
302178629 208 3
302178627 4 2
302178626 0 0
302178625 9 1
302178624 1 2
302178623 3 1
302178622 1 0
302178621 0 2
302178619 0 0
302178617 0 0
302178616 0 1
302178615 0 0
302178614 9 7
302178612 10 5
302178611 155 11
302178610 4 0
302178609 29 2
302178608 0 6
302178607 24 4
302178605 11 2
302178603 0 0
302178602 7 9
302178600 0 3
302178598 8 1
302178597 4 4
302178596 49 3
302178594 2 2
302178593 4 1
302178592 4 1
302178590 10 3
302178589 1 0
302178587 108 8
302178586 10 0
302178585 2 6
302178583 22 10
302178582 0 2
302178581 3 1
302178580 5 1
302178579 3 1
302178578 2 2
302178577 14 0
302178576 16 1
302178573 21 0
302178571 5 2
302178570 7 3
302178569 0 1
302178568 38 6
302178567 7 35
302178566 6 0
302178565 1 0
302178562 0 1
302178560 3 1
302178557 25 2
302178556 0 0
302178555 0 0
302178552 2 1
302178551 0 0
302178550 1 0
302178548 0 1
302178547 5 2
302178546 1534 6
302178544 2 3
302178543 11 5
302178540 41 5
302178539 324 17
302178538 3 2
302178537 3 1
302178536 4 9
302178534 8 1
302178533 5 15
302178532 1 0
302178531 623 12
302178530 14 4
302178529 5 1
302178528 16 0
302178527 6 0
302178526 9 0
302178525 2 6
302178524 2 0
302178523 14 3
302178522 16 3
302178521 0 2
302178520 14 1
302178519 0 1
302178517 7 1
302178516 40 6
302178515 2 4
302178514 7 7
302178513 215 10
302178512 2 1
302178511 5 0
302178509 6 40
302178508 3 2
302178507 0 1
302178506 0 2
302178505 6 2
302178504 0 2
302178503 3 5
302178502 6 1
302178500 7 8
302178499 10 5
302178498 18 3
302178497 0 0
302178496 7 3
302178495 5 1
302178494 6 3
302178493 11 4
302178492 0 0
302178491 0 2
302178490 2 0
302178489 9 5
302178484 1 1
302178483 5 0
302178478 2 0
302178477 21 4
302178476 0 0
302178474 8 5
302178472 3 1
302178471 438 10
302178470 4 7
302178469 2 9
302178468 3 1
302178467 3 9
302178466 7 9
302178465 431 28
302178463 1 0
302178462 3 8
302178461 2 1
302178459 37 8
302178458 3 4
302178456 3 1
302178455 0 0
302178454 9 56
302178452 0 0
302178451 1 0
302178450 1 3
302178448 6 2
302178446 6 4
302178445 2 0
302178444 8 5
302178443 11 1
302178442 8 0
302178439 0 2
302178438 0 0
302178436 3 0
302178435 36 4
302178434 13 0
302178433 1 0
302178432 35 2
302178431 11 1
302178427 0 0
302178426 4 6
302178425 19 14
302178423 6 7
302178422 3 0
302178421 8 2
302178420 6 23
302178418 0 4
302178417 25 6
302178416 0 5
302178414 1 2
302178412 6 45
302178411 1 0
302178410 1 0
302178409 3 2
302178407 14 5
302178406 7 4
302178405 4 6
302178403 1 3
302178402 2 20
302178400 8 1
302178398 0 0
302178397 0 0
302178394 0 1
302178393 3 14
302178392 18 2
302178391 34 3
302178388 5 1
302178387 14 3
302178385 4 1
302178384 11 2
302178380 7 1
302178379 0 5
302178378 1 0
302178376 10 2
302178375 0 2
302178374 7 4
302178373 0 0
302178371 2 1
302178370 320 18
302178367 0 2
302178366 6 1
302178365 6 2
302178364 1 2
302178363 0 5
302178362 0 2
302178360 10 4
302178358 2 0
302178357 9 3
302178355 2 3
302178352 6 4
302178350 0 0
302178349 0 0
302178348 2 0
302178347 0 1
302178346 5 1
302178345 7 2
302178344 5 0
302178343 0 6
302178342 0 0
302178340 0 3
302178338 51 3
302178336 2 2
302178335 3 9
302178333 6 2
302178332 0 1
302178331 2 5
302178328 467 10
302178327 4 1
302178325 18 22
302178323 3 1
302178322 0 2
302178321 0 3
302178318 111 7
302178316 10 3
302178314 19 16
302178313 0 0
302178312 38 5
302178310 11 0
302178309 14 0
302178308 5 2
302178306 31 4
302178305 6 0
302178304 0 0
302178303 1 1
302178302 2 1
302178301 11 7
302178300 35 4
302178299 0 0
302178298 10 3
302178297 10 0
302178296 11 10
302178295 4 2
302178294 12 3
302178293 11 3
302178290 41 3
302178288 8 3
302178287 21 5
302178286 0 0
302178284 10 0
302178283 1 1
302178282 1 2
302178281 6 1
302178279 0 0
302178278 4 1
302178277 13 0
302178276 6 3
302178275 4 0
302178274 6 2
302178273 795 27
302178272 5 13
302178271 38 3
302178270 0 1
302178269 1 0
302178268 12 5
302178267 5 3
302178266 1 0
302178265 2 13
302178264 6 0
302178263 6 2
302178262 2 0
302178260 0 1
302178259 12 1
302178258 5 7
302178257 32 2
302178256 0 2
302178255 0 0
302178254 8 4
302178253 2 1
302178252 9 8
302178251 0 1
302178249 9 3
302178248 6 0
302178247 2 1
302178246 8 0
302178245 0 1
302178243 1 1
302178242 2 10
302178241 0 0
302178240 0 1
302178238 8 2
302178237 5 2
302178236 13 1
302178235 1 1
302178234 0 0
302178233 4 2
302178232 6 0
302178231 13 1
302178229 2 2
302178228 6 1
302178227 3 2
302178224 3 1
302178222 0 1
302178219 11 0
302178217 0 1
302178216 0 0
302178215 0 0
302178214 7 0
302178213 11 1
302178211 12 3
302178210 0 0
302178209 3 0
302178208 13 3
302178207 0 1
302178206 0 0
302178203 32 3
302178202 7 0
302178201 2 0
302178200 3 0
302178199 0 0
302178198 7 2
302178197 16 1
302178196 5 1
302178194 6 1
302178193 5 3
302178192 0 0
302178191 2 1
302178190 43 1
302178189 5 0
302178188 0 0
302178187 0 0
302178186 2 1
302178185 4 1
302178184 29 2
302178183 1 6
302178181 7 1
302178180 2 1
302178179 1 1
302178178 46 2
302178177 6 2
302178175 0 1
302178173 3 0
302178172 7 5
302178169 3 1
302178168 0 0
302178167 12 1
302178166 9 1
302178165 31 6
302178164 3 31
302178163 4 3
302178162 0 0
302178161 0 0
302178157 4 1
302178156 1 8
302178155 10 5
302178154 875 109
302178153 0 0
302178151 6 17
302178150 4 4
302178149 6 2
302178148 0 0
302178147 12 11
302178146 2 2
302178145 6 10
302178144 9 9
302178143 3 4
302178142 0 0
302178141 46 3
302178140 1 16
302178139 13 0
302178138 20 2
302178137 0 2
302178136 6 12
302178135 7 30
302178134 1 1
302178132 6 3
302178131 7 1
302178130 9 4
302178129 17 1
302178128 1 1
302178127 1 0
302178126 0 0
302178124 753 27
302178122 6 12
302178121 4 0
302178120 4 0
302178118 5 2
302178117 1 1
302178116 8 3
302178115 23 1
302178114 1 0
302178113 18 4
302178112 317 34
302178111 2 0
302178110 9 1
302178109 5 3
302178108 36 4
302178107 1 0
302178106 13 1
302178105 894 23
302178102 8 21
302178101 14 1
302178098 464 6
302178097 0 0
302178096 9 3
302178095 12 1
302178094 1 0
302178093 0 0
302178092 8 3
302178090 10 0
302178089 16 3
302178087 31 2
302178086 33 3
302178085 6 41
302178084 22 0
302178083 1 1
302178082 14 2
302178081 5 0
302178080 5 0
302178079 8 6
302178078 11 0
302178076 18 22
302178072 2 0
302178070 0 0
302178069 1 8
302178068 6 6
302178067 11 1
302178066 10 3
302178065 2 8
302178064 16 0
302178063 14 1
302178061 6 0
302178059 8 1
302178058 16 2
302178057 12 1
302178056 5 1
302178055 8 0
302178053 0 0
302178052 5 0
302178051 5 0
302178050 12 5
302178049 4 2
302178048 4 1
302178046 4 18
302178045 1 1
302178043 0 0
302178042 8 4
302178041 12 2
302178039 8 13
302178038 5 3
302178037 6 2
302178036 11 9
302178035 4 6
302178034 5 0
302178033 5 1
302178032 26 0
302178031 1 3
302178030 2 1
302178029 5 0
302178028 6 4
302178027 1 0
302178026 23 0
302178025 10 8
302178024 4 0
302178023 3 0
302178021 4 5
302178020 0 0
302178019 9 4
302178017 5 2
302178015 237 10
302178014 4 1
302178013 6 0
302178012 2 2
302178011 9 2
302178010 11 3
302178008 7 1
302178007 0 0
302178006 0 0
302178004 7 4
302178003 0 0
302178002 1 0
302178001 6 3
302177998 18 0
302177997 4 2
302177995 3 1
302177994 26 2
302177993 1 0
302177991 4 0
302177990 0 0
302177989 0 0
302177988 3 0
302177987 20 0
302177986 6 5
302177985 6 4
302177984 7 0
302177983 0 8
302177982 3 3
302177981 16 5
302177980 5 8
302177979 768 13
302177978 0 0
302177977 2 7
302177976 11 0
302177975 5 0
302177974 1 3
302177973 0 3
302177972 2 3
302177971 32 2
302177970 13 2
302177968 17 10
302177967 15 1
302177966 9 2
302177965 5 1
302177964 3 0
302177963 16 11
302177962 2 1
302177961 5 0
302177960 30 2
302177959 7 2
302177958 19 0
302177956 8 6
302177955 15 1
302177954 1 4
302177953 5 1
302177952 382 7
302177951 9 0
302177950 0 4
302177948 0 0
302177947 20 8
302177945 0 0
302177944 0 1
302177942 8 0
302177941 3 2
302177940 1 0
302177937 20 2
302177936 3 1
302177935 8 0
302177933 2 16
302177932 6 1
302177931 1 0
302177929 11 0
302177928 2 3
302177927 16 1
302177926 22 15
302177925 10 4
302177923 2 8
302177922 4 0
302177921 2 3
302177920 1244 45
302177919 79 5
302177918 16 2
302177917 4 1
302177915 34 5
302177914 1 1
302177913 1 0
302177911 11 2
302177910 5 5
302177909 0 1
302177908 10 1
302177907 0 0
302177906 0 1
302177905 40 11
302177904 0 1
302177903 0 0
302177902 13 5
302177901 1 1
302177900 3 0
302177898 43 18
302177897 14 0
302177896 0 0
302177895 0 8
302177894 9 0
302177893 0 0
302177892 8 2
302177891 2 0
302177890 0 0
302177889 30 5
302177888 2 34
302177887 8 2
302177886 10 2
302177885 2 46
302177884 14 0
302177882 1 0
302177881 14 2
302177880 8 0
302177879 13 5
302177878 476 32
302177877 12 2
302177876 2 2
302177874 1 0
302177873 0 0
302177872 12 15
302177871 3 1
302177870 6 0
302177869 2 0
302177868 8 1
302177867 8 5
302177866 5 0
302177865 6 47
302177864 11 14
302177863 0 1
302177862 1 1
302177861 9 14
302177858 2 0
302177857 12 3
302177856 9 5
302177854 13 4
302177853 1 0
302177852 0 2
302177851 2 2
302177850 1 1
302177849 5 1
302177848 2 1
302177846 0 0
302177845 0 3
302177844 16 0
302177843 4 4
302177842 11 7
302177840 2 1
302177839 12 2
302177838 10 3
302177837 9 1
302177835 2 1
302177834 3 0
302177833 308 31
302177832 6 5
302177831 0 0
302177830 12 1
302177829 2 1
302177828 0 0
302177827 1 0
302177826 10 6
302177824 4 5
302177823 2 3
302177822 4 0
302177821 2 4
302177820 1 1
302177819 2 2
302177818 0 0
302177817 7 0
302177815 1 0
302177814 4 1
302177813 7 15
302177812 4 4
302177811 10 15
302177809 4 7
302177808 5 2
302177806 1 2
302177805 7 1
302177804 0 0
302177803 2 0
302177802 22 9
302177801 24 19
302177800 0 1
302177799 7 2
302177798 13 5
302177797 0 0
302177796 2 0
302177795 24 4
302177793 0 0
302177792 3 0
302177791 2 0
302177790 1 0
302177788 12 5
302177787 4 1
302177786 1 0
302177784 2 0
302177783 7 0
302177781 4 1
302177780 18 2
302177779 8 7
302177778 1045 190
302177777 4 21
302177776 6 21
302177775 416 15
302177772 30 4
302177771 10 7
302177770 0 0
302177769 3 0
302177768 19 1
302177767 15 0
302177766 0 0
302177764 0 5
302177762 4 8
302177760 3 1
302177759 1 0
302177758 0 0
302177756 2 2
302177755 3 1
302177754 11 0
302177753 14 6
302177752 0 1
302177750 0 0
302177749 1 0
302177748 5 0
302177747 121 34
302177746 21 3
302177745 0 0
302177744 7 3
302177743 9 6
302177742 0 8
302177741 1 7
302177740 1 3
302177739 4 2
302177737 4 0
302177736 2 0
302177735 2 0
302177734 11 2
302177733 2 0
302177732 1 0
302177731 0 0
302177730 1 1
302177729 0 0
302177726 0 0
302177725 45 6
302177724 8 8
302177723 6 1
302177722 10 4
302177721 13 2
302177720 8 1
302177719 6 0
302177718 8 0
302177717 7 2
302177716 1 3
302177715 0 0
302177714 1 0
302177713 286 32
302177712 0 0
302177711 2 0
302177710 6 30
302177709 1 2
302177708 2 0
302177707 12 1
302177705 9 4
302177701 10 19
302177700 6 6
302177699 0 2
302177697 14 1
302177696 3 6
302177695 1 0
302177694 33 14
302177693 1 0
302177692 6 3
302177691 2 1
302177690 2 2
302177689 191 10
302177688 0 2
302177687 8 2
302177686 0 0
302177685 3 3
302177684 31 6
302177683 18 1
302177682 2 13
302177681 0 0
302177680 14 4
302177677 2 1
302177675 6 5
302177674 2 3
302177673 7 1
302177672 1 2
302177671 4 0
302177670 2 1
302177669 325 20
302177666 0 0
302177665 13 1
302177664 0 0
302177663 0 0
302177662 0 0
302177660 4 0
302177659 5 4
302177658 4 0
302177657 2 0
302177656 2 3
302177655 4 2
302177653 1 32
302177652 3 1
302177651 22 8
302177650 27 2
302177649 11 2
302177648 0 1
302177647 38 3
302177646 4 3
302177645 0 0
302177644 1 0
302177643 0 0
302177642 4 3
302177641 0 0
302177640 5 1
302177639 2 0
302177638 10 4
302177637 3 2
302177636 0 2
302177635 3 2
302177633 11 1
302177632 4 1
302177631 3 0
302177629 526 8
302177628 4 4
302177627 1 1
302177626 8 0
302177624 1 1
302177623 3 0
302177622 4 3
302177620 2 2
302177619 6 5
302177618 9 3
302177617 4 0
302177616 10 0
302177615 10 2
302177614 4 0
302177613 585 13
302177612 11 8
302177611 14 2
302177610 0 1
302177609 0 0
302177608 6 1
302177606 4 0
302177605 0 0
302177604 8 7
302177603 6 0
302177602 33 22
302177601 0 0
302177600 7 0
302177599 1 0
302177598 0 0
302177596 7 2
302177595 8 8
302177594 4 0
302177593 1 0
302177592 10 11
302177591 674 153
302177590 41 2
302177589 452 88
302177588 17 2
302177587 9 0
302177586 0 1
302177585 7 1
302177584 2 20
302177583 8 5
302177582 6 8
302177581 4 30
302177579 953 54
302177578 34 2
302177577 8 5
302177576 5 6
302177575 0 0
302177574 2 0
302177573 3 16
302177572 5 3
302177571 4 2
302177570 5 15
302177569 0 0
302177567 16 15
302177566 0 1
302177565 297 39
302177564 5 4
302177563 1 5
302177560 741 7
302177559 4 2
302177558 7 3
302177557 2 2
302177556 4 0
302177555 304 25
302177554 10 17
302177553 0 1
302177552 4 0
302177551 15 2
302177550 595 72
302177549 8 2
302177548 8 1
302177547 10 2
302177546 6 1
302177544 17 28
302177542 1 0
302177541 482 12
302177540 8 10
302177539 3 4
302177538 1 1
302177536 7 4
302177534 0 1
302177533 546 12
302177532 9 3
302177530 3 2
302177529 1 0
302177527 8 3
302177525 0 0
302177524 5 0
302177523 7 1
302177522 3 2
302177521 8 1
302177520 12 2
302177519 15 1
302177518 2 1
302177514 2 0
302177513 166 38
302177512 0 0
302177511 0 0
302177510 6 4
302177509 0 0
302177507 3 8
302177506 0 0
302177505 4 2
302177504 4 3
302177503 1 0
302177502 4 2
302177501 946 53
302177500 3 1
302177499 8 0
302177498 3 1
302177497 5 2
302177496 21 8
302177494 1 0
302177493 4 5
302177492 1 5
302177491 3 0
302177490 3 1
302177489 2 1
302177488 9 1
302177485 9 9
302177484 0 1
302177483 1 1
302177482 1 12
302177481 0 0
302177480 1 0
302177479 1 1
302177478 1127 56
302177477 1277 86
302177476 6 2
302177475 3 2
302177474 31 2
302177473 3 2
302177472 11 4
302177471 3 9
302177470 0 0
302177469 38 2
302177467 1 0
302177466 3 0
302177465 3 6
302177463 9 1
302177462 1 0
302177461 5 0
302177460 38 1
302177459 0 1
302177458 9 0
302177456 8 40
302177455 31 2
302177454 10 0
302177452 7 4
302177451 11 0
302177450 4 1
302177449 581 11
302177448 6 1
302177447 220 45
302177446 10 7
302177445 0 8
302177444 5 0
302177443 8 4
302177442 3 5
302177441 3 1
302177440 1 1
302177439 3 2
302177438 0 0
302177437 3 0
302177435 3 3
302177434 4 0
302177433 0 2
302177432 1 2
302177431 3 0
302177430 6 5
302177429 0 6
302177428 3 0
302177427 5 0
302177425 11 1
302177424 3 0
302177423 8 3
302177422 0 6
302177421 1 0
302177420 2 0
302177419 3 1
302177417 4 2
302177416 0 0
302177415 6 1
302177414 2 3
302177413 0 0
302177412 0 6
302177411 20 16
302177410 3 2
302177409 1 1
302177408 0 0
302177407 2 0
302177406 1 2
302177405 2 1
302177404 1 0
302177403 0 0
302177402 1 0
302177401 9 0
302177400 5 0
302177399 4 0
302177397 0 0
302177395 1 5
302177393 9 0
302177391 4 0
302177389 1 0
302177388 525 24
302177387 0 0
302177386 3 4
302177385 5 3
302177384 17 0
302177383 9 0
302177382 1 0
302177381 4 1
302177380 2 1
302177379 0 0
302177378 28 0
302177377 1159 11
302177374 5 1
302177373 5 8
302177372 0 0
302177371 2 1
302177369 11 5
302177368 9 1
302177367 0 2
302177366 17 10
302177365 8 5
302177364 1 0
302177363 1 1
302177362 3 3
302177361 2 5
302177360 5 2
302177359 5 1
302177356 1 1
302177355 477 43
302177353 12 2
302177352 1 2
302177351 853 42
302177350 1503 77
302177349 2 5
302177348 8 9
302177347 5 3
302177346 0 0
302177345 10 6
302177343 0 0
302177342 2 1
302177341 3 9
302177340 71 2
302177339 9 18
302177338 3 1
302177337 3 1
302177336 7 0
302177335 0 0
302177334 603 12
302177333 2 0
302177332 2 3
302177331 6 1
302177330 1 0
302177329 4 0
302177328 6 3
302177327 3 0
302177326 1563 62
302177325 1 0
302177324 2 1
302177323 1 1
302177322 5 1
302177321 1 1
302177320 7 1
302177319 4 0
302177318 4 0
302177317 7 0
302177316 13 1
302177315 2 0
302177313 2 6
302177312 1 1
302177311 3 2
302177309 3 2
302177308 1338 70
302177306 0 0
302177305 797 20
302177304 4 1
302177303 2 3
302177302 5 2
302177301 1 2
302177300 3 2
302177299 7 1
302177298 3 0
302177296 0 3
302177295 2 6
302177294 7 1
302177293 1 5
302177292 2 27
302177291 10 2
302177290 2 0
302177289 3 1
302177288 704 144
302177287 0 0
302177286 8 0
302177285 2 25
302177284 336 7
302177283 4 0
302177282 2 0
302177281 9 1
302177280 2 1
302177279 5 1
302177278 4 1
302177277 3 1
302177276 0 0
302177275 0 0
302177274 8 1
302177273 2 0
302177272 0 0
302177271 0 0
302177270 2 7
302177269 0 0
302177268 4 6
302177267 0 0
302177266 1 1
302177265 7 1
302177263 2 0
302177262 2 0
302177261 23 0
302177260 7 2
302177258 0 2
302177257 2 2
302177256 2 29
302177255 0 0
302177254 9 0
302177253 1 0
302177252 27 1
302177251 0 28
302177250 1 1
302177249 1 0
302177248 1 2
302177247 1 0
302177246 3 1
302177245 4 0
302177244 5 19
302177243 1 0
302177242 0 0
302177238 798 22
302177237 9 2
302177236 1 0
302177235 0 0
302177234 5 0
302177233 7 1
302177232 11 1
302177231 0 32
302177230 0 0
302177229 1 0
302177228 0 1
302177226 4 2
302177225 8 1
302177224 6 0
302177223 3 1
302177222 3 6
302177218 2 0
302177217 4 1
302177216 5 9
302177214 9 1
302177212 0 0
302177210 0 0
302177209 4 12
302177208 36 1
302177207 31 1
302177206 4 0
302177205 668 29
302177204 2 2
302177203 2 5
302177202 0 0
302177200 1 0
302177199 2 0
302177198 0 0
302177197 2 1
302177194 0 0
302177193 252 9
302177192 0 0
302177191 6 7
302177190 0 4
302177189 14 6
302177188 5 1
302177187 12 6
302177186 5 1
302177185 1 1
302177184 3 0
302177183 7 4
302177182 238 32
302177181 1 0
302177180 0 2
302177179 1 0
302177178 7 4
302177177 30 1
302177176 5 0
302177175 6 4
302177174 9 4
302177173 3 4
302177172 1 0
302177171 28 0
302177170 28 0
302177169 6 1
302177168 4 1
302177167 8 6
302177165 0 0
302177164 3 0
302177163 22 2
302177162 716 56
302177161 549 8
302177160 2 4
302177159 6 1
302177157 436 12
302177155 1059 70
302177154 3 2
302177153 7718 618
302177152 7 3
302177151 4 0
302177150 0 0
302177149 2406 83
302177148 4 0
302177147 0 0
302177146 6 4
302177145 8 0
302177144 4 2
302177143 5 1
302177141 21 13
302177140 0 0
302177139 8 1
302177138 8 3
302177137 2 2
302177136 0 0
302177135 7 2
302177134 0 0
302177132 0 0
302177131 1421 40
302177130 3 0
302177129 5 1
302177128 4 4
302177127 0 2
302177126 6 2
302177125 4 0
302177124 2 0
302177123 5 2
302177122 14 12
302177121 5 26
302177120 4 0
302177119 6 1
302177118 2 3
302177117 9 7
302177116 13 1
302177114 10 3
302177113 8 0
302177112 35 3
302177109 5 2
302177108 2 8
302177107 5 2
302177106 3 1
302177105 6 0
302177104 6 6
302177103 3 6
302177102 0 0
302177100 6 4
302177099 6 3
302177098 0 0
302177097 1 2
302177095 1 1
302177094 8 3
302177093 7 0
302177092 6913 424
302177091 0 0
302177090 0 0
302177089 13 6
302177087 2 1
302177086 1550 106
302177085 4 12
302177084 0 1
302177083 0 2
302177081 5 0
302177080 1 0
302177079 8 3
302177078 7 11
302177077 0 0
302177076 0 0
302177075 12 1
302177074 1 1
302177072 2 0
302177071 3 1
302177070 0 0
302177069 6 2
302177068 4 0
302177067 0 2
302177066 5 1
302177065 0 0
302177064 0 0
302177063 0 0
302177062 7 2
302177061 5 1
302177060 2 0
302177059 18 13
302177058 18 7
302177057 0 1
302177056 9 21
302177055 3 0
302177054 2 13
302177053 2 1
302177052 3 0
302177050 7 2
302177049 33 7
302177048 4 5
302177047 4 3
302177046 1 0
302177045 0 1
302177044 0 0
302177043 0 1
302177042 10 0
302177041 1 1
302177040 1 2
302177039 3 0
302177038 7 0
302177037 10 3
302177035 4 0
302177034 1 0
302177033 4 1
302177032 0 1
302177031 0 0
302177030 0 0
302177029 1 3
302177028 0 0
302177027 10 5
302177026 8 1
302177025 0 0
302177022 1 1
302177021 0 0
302177020 5 2
302177019 1 0
302177018 2 1
302177017 1 0
302177016 6 5
302177015 0 1
302177014 8 0
302177013 7 3
302177012 0 0
302177011 49 2
302177010 8 0
302177009 0 0
302177008 0 0
302177007 0 0
302177006 5 4
302177005 8 0
302177004 46 5
302177003 3 0
302177002 0 0
302177000 0 0
302176998 2 0
302176997 2 1
302176996 2 0
302176995 5 0
302176994 3 0
302176993 4 0
302176992 0 0
302176991 2 2
302176990 2 0
302176989 9 4
302176988 0 0
302176987 1080 43
302176986 3 0
302176985 6 1
302176984 0 0
302176983 7 1
302176982 0 0
302176981 54 15
302176980 10 1
302176979 7 3
302176978 4 0
302176977 13 9
302176975 3 0
302176974 0 0
302176973 5 1
302176972 2 0
302176971 1 0
302176970 2 4
302176969 7 4
302176968 6 2
302176967 1 0
302176966 11 0
302176964 4 1
302176963 11 0
302176960 8 1
302176959 3 1
302176958 8 1
302176957 5 2
302176956 5 0
302176955 1 0
302176954 0 0
302176953 2 0
302176952 1 2
302176951 0 0
302176950 4 0
302176949 48 6
302176948 1 1
302176947 0 0
302176946 6 1
302176945 68 22
302176944 2 0
302176942 2 1
302176941 8 8
302176940 10 9
302176939 17 7
302176937 9 2
302176936 7 13
302176935 4 3
302176933 0 0
302176932 0 0
302176931 5092 167
302176929 0 0
302176928 9 5
302176926 16 2
302176925 5 0
302176924 0 0
302176920 0 0
302176919 3 0
302176918 0 0
302176917 8 3
302176916 596 4
302176915 13 12
302176913 0 0
302176912 0 0
302176911 0 0
302176910 2 2
302176908 0 0
302176907 470 25
302176906 7 2
302176905 7 1
302176904 0 0
302176903 1 0
302176902 7 0
302176901 11 44
302176900 6 34
302176899 10 6
302176898 31 4
302176897 40 5
302176896 4 0
302176895 831 34
302176894 3 1
302176893 6 6
302176892 4 1
302176891 0 0
302176890 3 0
302176889 0 1
302176888 10 5
302176887 2 4
302176885 5 0
302176884 1 3
302176883 5 2
302176882 8 2
302176881 6 3
302176880 2 0
302176879 2 3
302176877 28 2
302176876 0 0
302176875 0 1
302176874 28 3
302176873 242 12
302176872 8 0
302176871 3 1
302176870 3 2
302176869 1 0
302176868 1 0
302176866 532 19
302176864 11708 181
302176863 2 5
302176862 6 0
302176860 32 1
302176859 2 1
302176858 3406 264
302176857 2 10
302176856 8 0
302176855 0 1
302176854 7 1
302176852 7 1
302176851 8 1
302176850 1 4
302176849 1 0
302176848 1135 128
302176847 9 5
302176846 12 17
302176845 21 9
302176844 1 0
302176843 1 1
302176842 7 2
302176841 9 1
302176840 4 3
302176839 5 0
302176838 8 0
302176837 7991 236
302176836 3 4
302176834 2 0
302176833 0 0
302176832 12 3
302176830 2 0
302176829 1 2
302176828 4 0
302176827 2 0
302176826 3 1
302176825 12 0
302176824 0 0
302176823 426 36
302176822 0 0
302176821 0 0
302176820 0 0
302176819 0 0
302176818 0 0
302176817 0 1
302176816 0 0
302176815 0 0
302176814 0 0
302176813 2 0
302176812 13 1
302176811 0 11
302176810 2 2
302176809 0 8
302176808 0 3
302176807 0 0
302176806 0 1
302176805 1 1
302176804 1 0
302176803 0 0
302176801 3122 308
302176800 1541 24
302176799 10 0
302176798 10798 324
302176797 2 0
302176796 0 0
302176795 884 13
302176794 0 0
302176793 7 3
302176792 10 1
302176791 168 11
302176789 6 3
302176787 13 20
302176786 11 4
302176785 0 0
302176784 7 0
302176783 0 0
302176782 1 6
302176781 320 12
302176780 12 4
302176779 5 3
302176778 6 1
302176777 51 7
302176776 0 0
302176775 0 0
302176774 0 0
302176773 0 0
302176772 7 1
302176770 0 0
302176769 6 4
302176768 0 0
302176767 0 1
302176766 0 0
302176765 0 0
302176764 0 0
302176763 1 6
302176762 0 0
302176761 1 5
302176760 5 4
302176759 895 60
302176757 8 2
302176756 0 0
302176755 7 4
302176753 2 0
302176752 1 1
302176751 0 0
302176750 517 41
302176749 0 0
302176748 1 1
302176747 1 1
302176746 5899 300
302176745 1 2
302176744 7 9
302176743 0 0
302176742 4 0
302176741 4 1
302176740 0 0
302176739 3 0
302176738 6 4
302176737 0 0
302176736 4 0
302176735 2 12
302176734 1 0
302176733 0 1
302176732 1 3
302176731 2 3
302176730 2 1
302176728 4 1
302176727 0 0
302176726 0 0
302176725 8 2
302176724 3 2
302176723 0 0
302176722 0 2
302176721 1 3
302176720 4077 365
302176719 6 21
302176718 7 0
302176717 3 2
302176716 0 0
302176715 0 0
302176714 4 0
302176713 2 0
302176712 6 2
302176711 1022 39
302176710 0 0
302176709 3 3
302176707 0 0
302176706 2805 132
302176704 11703 912
302176703 1 0
302176702 1 2
302176701 0 2
302176700 3 2
302176699 1 1
302176698 7 1
302176697 0 0
302176696 0 0
302176695 4625 143
302176693 2 4
302176692 2 4
302176691 0 0
302176690 1 0
302176688 0 0
302176686 1 9
302176685 3 2
302176684 2 2
302176683 0 0
302176682 4 4
302176681 8 0
302176680 3472 419
302176679 1 2
302176678 1 2
302176677 24 8
302176676 0 0
302176675 0 0
302176674 6 1
302176673 1 0
302176672 7 5
302176671 1 0
302176670 0 0
302176669 6 3
302176668 1 1
302176667 0 1
302176666 43 7
302176665 13 4
302176664 1 0
302176663 1 0
302176661 4 0
302176660 2 0
302176658 6 3
302176656 2 1
302176655 7 1
302176654 0 0
302176653 3 2
302176652 0 0
302176651 3 1
302176649 1 1
302176648 0 1
302176646 5 0
302176645 6 1
302176644 7 1
302176642 0 0
302176641 597 29
302176640 9 2
302176639 5 0
302176638 7 0
302176637 2 0
302176636 8 0
302176635 5 5
302176634 0 2
302176633 0 0
302176632 3070 60
302176631 13 0
302176630 1 0
302176629 0 0
302176628 0 0
302176627 1263 41
302176626 0 0
302176625 1 0
302176624 0 0
302176623 4 1
302176622 3 0
302176621 1 3
302176620 1 8
302176619 1 8
302176618 8 3
302176617 5 0
302176616 0 1
302176615 3 3
302176614 7 5
302176613 0 0
302176612 0 0
302176611 1 1
302176609 1 1
302176608 0 0
302176607 0 0
302176604 33 6
302176603 1 4
302176602 1 1
302176600 0 2
302176599 8 2
302176598 1 3
302176597 1 0
302176596 0 0
302176595 6 1
302176594 9 1
302176593 0 0
302176592 0 0
302176591 1 0
302176590 1 0
302176589 0 0
302176588 31 4
302176587 0 0
302176586 3 0
302176585 0 0
302176584 0 0
302176583 1 1
302176582 0 0
302176581 1 0
302176580 0 0
302176579 6 9
302176577 1 0
302176576 4 1
302176575 6 2
302176574 0 0
302176573 5 0
302176572 46 14
302176571 251 9
302176570 0 1
302176569 0 0
302176568 0 0
302176567 1 1
302176566 44 8
302176565 0 0
302176564 7 4
302176563 2 0
302176562 4 1
302176561 0 0
302176560 2 2
302176559 0 2
302176558 0 0
302176557 0 0
302176556 0 0
302176554 0 0
302176553 0 2
302176552 0 0
302176551 0 0
302176550 6 2
302176548 9 3
302176547 1 0
302176546 0 2
302176545 1 2
302176544 1 1
302176543 2 0
302176542 6 7
302176541 0 1
302176540 0 2
302176539 2 2
302176538 11 13
302176537 3 5
302176536 0 1
302176535 0 1
302176534 8 13
302176533 1 2
302176532 1 1
302176531 6 1
302176530 0 1
302176529 0 1
302176527 0 7
302176526 2 1
302176525 0 1
302176524 1 2
302176523 6 6
302176522 0 1
302176521 1 1
302176520 4 0
302176519 0 0
302176518 0 0
302176517 24 15
302176516 7 3
302176514 3 0
302176513 34 6
302176512 0 0
302176511 26 8
302176510 1 0
302176509 7 3
302176508 6 3
302176507 3 0
302176506 14 3
302176505 0 0
302176504 5 2
302176503 7 2
302176502 1 1
302176501 0 1
302176500 0 0
302176499 0 0
302176498 0 0
302176497 3 1
302176496 0 0
302176495 10 0
302176494 0 0
302176493 1 1
302176491 9 8
302176490 5 0
302176489 0 0
302176487 1 9
302176485 1 0
302176484 1 4
302176483 10 6
302176482 21 7
302176481 1 0
302176480 0 0
302176479 1 5
302176478 0 0
302176477 1 2
302176476 18 7
302176475 0 0
302176474 0 0
302176473 10 4
302176471 2 1
302176470 6 5
302176469 0 0
302176467 0 0
302176466 0 0
302176465 9 0
302176464 4 2
302176463 4 0
302176462 0 1
302176461 0 1
302176460 0 0
302176459 9 3
302176458 0 0
302176457 0 1
302176455 18 6
302176453 2 2
302176452 1 1
302176451 1 0
302176450 0 0
302176449 0 1
302176447 0 0
302176446 0 0
302176445 2 4
302176444 3 3
302176443 0 2
302176442 0 0
302176441 7 5
302176440 34 7
302176439 0 0
302176438 3 2
302176437 1 0
302176436 10 2
302176435 1 0
302176433 8 1
302176432 2 1
302176431 0 0
302176428 1 5
302176427 1 2
302176426 1 0
302176425 21 30
302176423 0 0
302176422 4 1
302176421 1 2
302176420 1 1
302176419 8 2
302176418 2 3
302176417 0 0
302176416 1 1
302176415 1 0
302176414 1 5
302176413 0 0
302176412 3 0
302176411 0 1
302176409 8 4
302176408 2 0
302176407 0 1
302176406 0 0
302176405 3 1
302176404 1 0
302176403 6 3
302176402 0 0
302176401 0 4
302176400 0 0
302176399 0 0
302176398 0 3
302176397 2 0
302176396 1 0
302176395 1 1
302176394 1 0
302176393 10 6
302176392 0 1
302176391 3 1
302176390 1 1
302176389 1 0
302176388 0 0
302176387 0 0
302176386 0 0
302176385 2 0
302176384 4 2
302176383 0 0
302176382 3 0
302176381 0 1
302176380 6 2
302176379 3 2
302176378 9 2
302176377 0 1
302176376 0 0
302176375 0 0
302176374 0 0
302176372 0 0
302176370 0 1
302176369 1 0
302176368 1 0
302176367 0 0
302176365 0 1
302176364 15 12
302176363 1 1
302176362 0 1
302176360 2 0
302176359 5 1
302176358 7 1
302176357 4 1
302176356 1 0
302176354 357 57
302176353 1 1
302176351 148 36
302176350 2 0
