303957794 0 1
303957643 0 0
303957238 0 0
303956932 0 0
303956419 0 0
303956138 0 0
303955807 1 0
303955797 0 0
303950795 3 3
303941751 2 8
303941586 0 0
303941550 1 0
303941202 0 0
303940818 11 5
303940666 2 2
303940238 9 5
303940234 10 4
303939748 3 0
303939685 0 0
303939317 0 0
303938251 0 0
303938250 5 0
303938148 9 13
303937404 1 0
303934953 3 1
303927259 0 0
303916760 0 0
303914052 15 0
303911197 12 34
303911099 1 2
303902869 0 0
303899126 4 1
303896237 0 0
303894416 7 21
303872657 1 5
303872650 3 0
303872611 0 8
303872461 35 7
303872160 29 13
303872013 0 0
303871663 25 25
303870927 11 27
303870685 0 0
303870682 1 0
303870677 1 0
303870663 3 0
303870650 0 5
303870437 31 28
303870436 16 23
303866306 1 0
303865491 10 1
303865477 5 0
303865206 0 0
303865155 1 0
303865153 28 44
303865144 21 1
303865082 6 0
303864997 8 14
303864996 6 12
303864879 8 9
303864782 4 0
303864671 2 17
303864670 2 17
303864598 1 0
303864444 1 2
303864382 14 22
303864320 24 20
303864319 9 8
303864318 10 7
303864317 7 7
303864316 6 6
303864315 6 6
303864314 7 6
303864313 8 9
303864269 4 0
303864267 22 0
303864260 8 1
303864253 5 0
303864248 5 4
303864239 2 0
303864100 38 23
303864046 25 20
303864030 35 19
303864010 7 17
303863990 62 14
303863985 8 26
303863960 3 1
303863946 35 11
303863844 1 4
303863612 18 19
303863590 40 1
303863576 6 1
303863560 4 0
303863549 2 3
303863532 14 3
303863503 11 5
303863467 0 0
303863222 1 0
303863212 0 0
303863069 0 0
303863004 29 17
303862847 3 3
303862653 4 0
303862584 0 0
303862575 6 1
303862558 2 0
303862544 1 1
303862526 1 1
303862523 1 0
303862520 0 0
303862519 1 3
303862424 2 1
303862422 2 1
303862421 2 0
303862420 1 1
303862417 3 0
303862416 18 22
303862414 5 19
303862413 4 0
303862412 4 20
303862409 1 0
303862407 2 0
303862406 1 0
303862405 2 0
303862403 2 0
303862389 0 0
303862365 1 1
303862350 0 2
303862345 1 1
303862290 1 9
303862244 4 2
303862242 12 4
303862228 0 1
303862227 0 1
303862221 3 0
303862218 22 17
303862214 27 19
303862145 24 17
303862141 0 0
303862129 4 13
303862114 12 14
303862081 1 0
303862062 0 0
303862047 0 5
303862031 5 1
303862029 16 13
303862018 26 21
303861957 15 1
303861895 13 50
303861892 5 1
303861875 3 1
303861836 39 20
303861827 81 14
303861826 17 9
303861823 0 4
303861811 10 2
303861787 8 3
303861725 1 3
303861576 10 3
303861574 10 3
303861543 18 6
303861495 2 1
303861490 2 8
303861475 17 3
303861459 1 7
303861451 15 3
303861429 26 24
303861428 19 22
303861427 16 17
303861426 7 3
303861425 0 3
303861423 14 7
303861422 3 1
303861372 17 7
303861369 2 3
303861368 4 2
303861316 1 6
303861306 8 3
303861287 0 0
303861268 2 6
303861228 16 1
303861167 9 39
303861155 14 2
303861147 1 0
303861004 3 2
303860966 32 6
303860947 26 14
303860923 29 9
303860911 28 40
303860910 4 8
303860909 36 1
303860904 9 57
303860886 0 1
303860884 6 25
303860877 0 3
303860870 7 3
303860863 3 1
303860791 4 1
303860778 27 3
303860751 16 9
303860741 2 1
303860737 37 33
303860694 2 0
303860687 15 4
303860627 11 4
303860624 13 4
303860589 9 11
303860573 2 3
303860561 6 29
303860478 7 38
303860380 0 0
303860295 9 20
303860288 8 21
303860150 10 20
303860145 126 13
303860134 4 3
303860129 3 0
303860125 3 7
303860121 3 4
303860120 18 35
303860119 13 75
303860117 4 2
303860115 1 5
303860114 32 24
303860102 0 4
303860101 3 7
303860099 9 69
303860084 5 4
303860076 1 3
303860073 9 3
303860058 4 5
303860054 3 2
303860052 3 27
303860051 2 2
303860047 9 22
303860046 7 16
303860045 3 2
303860044 7 29
303860039 2 37
303860038 0 2
303860037 31 52
303860036 2 34
303860035 2 33
303860031 12 76
303860028 14 45
303860026 6 3
303860024 1 2
303860020 0 0
303860003 8 0
303859998 8 1
303859997 17 13
303859981 6 2
303859973 9 29
303859956 2 0
303859955 10 5
303859947 11 4
303859945 29 38
303859940 2 0
303859927 31 36
303859926 7 12
303859924 0 0
303859908 21 4
303859899 18 2
303859896 1 2
303859892 15 2
303859889 13 14
303859888 3 0
303859878 11 43
303859876 2 1
303859875 3 1
303859874 3 44
303859872 5 48
303859870 3 43
303859869 4 39
303859864 3 51
303859853 10 56
303859851 3 2
303859850 7 30
303859849 1 2
303859847 16 58
303859842 4 23
303859840 2 0
303859835 32 18
303859834 7 26
303859828 10 36
303859826 0 5
303859825 2 4
303859824 6 20
303859818 10 1
303859814 16 17
303859811 8 23
303859810 13 19
303859806 15 12
303859802 26 13
303859799 4 2
303859784 2 2
303859783 11 2
303859781 3 4
303859774 3 2
303859769 15 1
303859755 2 5
303859750 50 34
303859748 20 16
303859741 8 41
303859740 22 16
303859739 27 15
303859728 15 17
303859721 2 20
303859720 2 1
303859716 2 1
303859707 2 2
303859692 20 8
303859660 3 1
303859654 1 4
303859650 1 0
303859627 10 0
303859621 7 6
303859586 5 1
303859578 11 0
303859552 0 0
303859549 10 20
303859547 16 1
303859544 19 24
303859525 11 9
303859518 16 38
303859513 9 39
303859512 3 1
303859501 11 0
303859487 5 1
303859479 14 23
303859470 0 1
303859468 6 1
303859462 18 19
303859459 29 4
303859456 2 10
303859430 4 19
303859429 10 5
303859428 6 4
303859425 7 22
303859410 17 19
303859403 5 22
303859394 11 0
303859388 4 0
303859386 5 12
303859369 6 31
303859362 7 2
303859357 9 3
303859351 0 0
303859344 6 3
303859338 8 1
303859336 5 0
303859334 11 0
303859333 49 23
303859331 13 9
303859328 7 40
303859324 37 17
303859322 6 2
303859319 55 24
303859284 13 24
303859283 13 3
303859276 11 14
303859270 5 34
303859265 3 21
303859263 51 17
303859245 0 10
303859225 0 0
303859210 12 15
303859184 1 1
303859182 4 23
303859162 20 14
303859160 18 6
303859158 11 5
303859154 28 18
303859153 9 20
303859144 7 1
303859143 3 7
303859135 5 2
303859125 9 5
303859115 5 2
303859111 7 36
303859107 12 7
303859106 4 1
303859105 27 13
303859097 33 15
303859091 4 0
303859088 4 0
303859081 0 1
303859065 17 33
303859062 1 7
303859060 0 2
303859045 1 5
303859017 24 11
303859010 18 9
303859009 2 0
303859004 27 1
303858980 35 11
303858977 1 2
303858946 19 3
303858930 22 12
303858925 14 40
303858919 16 1
303858917 0 1
303858913 2 2
303858908 8 1
303858902 1 2
303858898 1 0
303858872 3 3
303858871 3 1
303858863 26 54
303858861 27 15
303858838 0 5
303858835 11 37
303858834 18 37
303858831 14 21
303858814 15 14
303858800 19 3
303858783 4 1
303858782 11 5
303858777 4 1
303858773 54 4
303858754 15 9
303858703 9 16
303858701 3 1
303858697 4 2
303858683 50 9
303858676 11 59
303858672 7 21
303858659 16 17
303858654 2 7
303858651 29 7
303858643 11 10
303858626 7 6
303858622 6 10
303858610 12 1
303858605 6 6
303858590 4 36
303858589 5 3
303858588 12 20
303858571 3 34
303858570 16 14
303858569 18 10
303858565 20 26
303858562 36 17
303858539 6 3
303858513 4 0
303858490 8 2
303858483 12 7
303858475 23 12
303858468 7 1
303858466 11 35
303858461 9 7
303858459 2 3
303858456 14 4
303858426 7 1
303858424 6 0
303858422 12 2
303858412 8 14
303858407 9 9
303858388 1 0
303858386 6 0
303858382 68 66
303858381 58 63
303858370 2 0
303858360 2 0
303858358 66 47
303858347 4 0
303858346 9 5
303858344 2 0
303858342 56 43
303858338 10 4
303858332 4 1
303858329 46 24
303858319 52 16
303858318 4 5
303858307 2 0
303858298 3 0
303858292 3 0
303858285 3 1
303858262 13 12
303858260 69 32
303858247 31 3
303858246 3 3
303858234 15 33
303858232 7 1
303858222 10 21
303858220 8 0
303858215 4 0
303858212 2 0
303858206 9 12
303858205 2 0
303858200 43 45
303858196 16 14
303858188 8 37
303858182 0 1
303858159 2 3
303858155 0 1
303858147 3 1
303858146 3 1
303858140 25 11
303858138 3 20
303858132 9 2
303858123 1 0
303858115 1 25
303858108 16 7
303858084 2 1
303858083 17 26
303858075 0 0
303858061 1 26
303858054 15 12
303858047 60 64
303858046 76 43
303858045 64 44
303858040 15 10
303858022 32 67
303858019 9 11
303858011 6 17
303858005 10 3
303857991 18 13
303857990 55 35
303857983 13 47
303857973 2 0
303857968 10 5
303857966 6 2
303857954 16 3
303857923 12 0
303857917 17 4
303857899 0 1
303857893 19 11
303857890 16 9
303857889 9 4
303857887 16 8
303857878 18 11
303857875 20 1
303857841 11 6
303857838 0 3
303857834 51 53
303857821 54 22
303857817 7 10
303857815 1 2
303857807 20 12
303857806 0 5
303857799 8 2
303857793 16 45
303857789 16 3
303857773 4 1
303857761 14 19
303857760 1 0
303857751 62 3
303857745 16 0
303857744 29 3
303857741 7 0
303857733 28 5
303857732 19 10
303857730 7 18
303857725 12 7
303857712 8 10
303857708 10 7
303857707 4 32
303857698 8 1
303857696 12 1
303857695 10 11
303857693 28 52
303857685 37 53
303857673 20 0
303857666 13 3
303857654 11 2
303857647 7 0
303857637 21 0
303857635 46 64
303857634 5 6
303857629 12 0
303857619 6 34
303857611 10 2
303857601 14 23
303857591 9 2
303857590 24 77
303857589 17 2
303857587 0 1
303857567 20 5
303857558 3 1
303857547 9 14
303857543 6 11
303857540 8 1
303857533 18 4
303857514 0 0
303857503 5 0
303857501 11 0
303857497 29 65
303857494 5 1
303857488 28 4
303857470 4 0
303857462 13 4
303857454 3 11
303857452 4 0
303857446 22 14
303857437 58 56
303857430 19 13
303857429 9 1
303857421 25 4
303857414 2 31
303857407 8 1
303857405 24 20
303857400 46 36
303857397 19 8
303857394 66 51
303857383 1 9
303857379 19 3
303857376 7 10
303857375 1 0
303857369 8 6
303857368 0 2
303857352 14 2
303857347 5 20
303857345 9 13
303857338 7 7
303857328 27 0
303857326 16 5
303857323 0 2
303857319 45 47
303857318 0 0
303857316 19 1
303857311 31 21
303857310 13 1
303857309 16 76
303857301 1 0
303857291 8 1
303857283 1 0
303857278 2 5
303857274 4 51
303857266 6 3
303857260 8 3
303857258 2 2
303857254 9 4
303857250 21 0
303857247 4 4
303857244 19 32
303857243 6 0
303857242 8 3
303857231 35 28
303857206 11 18
303857205 11 0
303857195 6 2
303857193 10 57
303857184 12 14
303857178 0 0
303857176 1 4
303857175 24 2
303857174 3 1
303857171 69 16
303857170 23 6
303857166 8 1
303857160 4 54
303857149 0 3
303857144 9 58
303857130 16 74
303857124 2 1
303857122 65 37
303857110 2 0
303857099 4 5
303857097 17 23
303857094 12 3
303857091 10 2
303857090 3 3
303857078 2 1
303857077 1 5
303857070 10 15
303857065 11 2
303857063 28 36
303857054 3 1
303857048 7 6
303857047 37 3
303857006 3 4
303856977 5 15
303856976 16 6
303856973 206 22
303856971 9 11
303856969 13 31
303856967 34 42
303856948 4 0
303856937 10 0
303856935 61 69
303856927 17 13
303856926 26 0
303856918 11 0
303856914 13 2
303856910 21 7
303856909 16 2
303856907 24 6
303856903 3 3
303856901 11 2
303856898 8 2
303856897 1 1
303856895 15 2
303856892 3 1
303856887 25 5
303856886 6 1
303856884 11 14
303856877 2 1
303856875 4 2
303856873 30 2
303856870 10 1
303856868 32 10
303856862 8 3
303856858 0 1
303856836 4 4
303856789 8 6
303856785 7 3
303856770 1 1
303856766 26 17
303856761 0 1
303856759 11 27
303856755 1 0
303856732 26 24
303856722 27 24
303856721 52 74
303856717 1 2
303856715 4 18
303856707 105 36
303856702 8 5
303856692 42 2
303856684 14 4
303856680 54 43
303856679 9 1
303856671 12 3
303856670 12 2
303856668 23 3
303856665 29 4
303856650 47 52
303856647 14 17
303856646 21 18
303856636 29 29
303856626 56 54
303856621 0 1
303856614 2 0
303856601 1 0
303856598 0 0
303856569 14 0
303856565 68 73
303856559 17 17
303856550 74 22
303856548 39 53
303856544 2 9
303856537 3 28
303856534 30 44
303856529 19 9
303856528 12 40
303856520 57 5
303856509 0 1
303856504 2 5
303856503 8 3
303856488 50 69
303856486 28 21
303856484 3 0
303856481 1 7
303856472 60 59
303856471 222 68
303856461 2 21
303856455 17 2
303856452 0 1
303856450 99 31
303856423 17 2
303856420 16 10
303856407 423 119
303856401 26 10
303856398 8 30
303856397 0 1
303856396 1 82
303856395 41 22
303856390 0 2
303856384 3 25
303856381 0 4
303856379 8 2
303856375 7 1
303856371 44 48
303856370 12 2
303856361 40 44
303856359 5 0
303856358 1 3
303856355 25 16
303856347 0 0
303856343 36 11
303856342 31 37
303856331 11 17
303856329 1 0
303856327 36 42
303856306 1 0
303856271 14 15
303856269 3 0
303856266 54 59
303856262 23 3
303856247 48 33
303856239 11 3
303856229 16 2
303856224 30 29
303856223 21 1
303856221 2 0
303856210 5 7
303856206 4 2
303856201 32 64
303856200 240 75
303856196 4 3
303856192 6 22
303856190 7 3
303856185 33 41
303856183 14 1
303856182 16 1
303856179 19 14
303856173 17 0
303856168 16 7
303856167 0 2
303856164 24 20
303856153 33 23
303856144 7 3
303856143 10 3
303856139 62 20
303856133 6 1
303856124 26 3
303856110 24 19
303856100 5 1
303856087 12 49
303856079 29 56
303856063 29 34
303856059 0 1
303856055 13 4
303856054 5 0
303856051 0 9
303856042 14 28
303856041 8 2
303856039 11 21
303856025 11 8
303856024 9 23
303856019 12 2
303856015 2 0
303856012 26 20
303856011 15 47
303856009 37 0
303856006 7 1
303856005 8 59
303856000 3 17
303855994 0 4
303855984 2 4
303855978 18 40
303855969 21 10
303855965 16 0
303855964 14 4
303855961 31 28
303855957 12 19
303855948 0 8
303855946 2 48
303855943 1 23
303855942 22 27
303855939 4 51
303855937 16 2
303855929 0 30
303855928 15 14
303855924 3 23
303855922 2 1
303855917 18 1
303855912 5 0
303855906 9 0
303855901 0 19
303855895 3 10
303855892 5 31
303855889 3 20
303855886 0 25
303855881 1 48
303855878 0 6
303855877 53 63
303855870 0 22
303855866 0 3
303855861 0 10
303855860 29 3
303855859 37 40
303855858 1 3
303855856 2 9
303855848 21 1
303855846 1 22
303855843 11 1
303855839 40 45
303855837 3 8
303855833 43 13
303855830 15 5
303855825 32 41
303855824 10 2
303855817 12 1
303855815 6 3
303855812 17 42
303855808 7 3
303855807 19 45
303855806 34 19
303855804 10 3
303855801 23 3
303855793 15 2
303855790 7 2
303855787 4 2
303855784 5 0
303855780 5 2
303855779 1 1
303855771 16 24
303855766 16 1
303855757 10 2
303855755 10 1
303855753 24 27
303855747 31 7
303855745 5 1
303855739 25 28
303855736 1 4
303855726 8 1
303855722 20 0
303855708 0 0
303855706 20 41
303855705 4 3
303855703 15 4
303855702 19 14
303855698 12 10
303855697 6 0
303855690 13 7
303855676 0 4
303855663 1 0
303855662 15 62
303855660 0 4
303855651 10 1
303855645 11 4
303855643 3 1
303855627 4 0
303855620 13 2
303855619 0 0
303855614 6 1
303855599 0 0
303855593 23 6
303855588 14 0
303855587 2 38
303855584 0 4
303855583 1 0
303855582 12 1
303855579 1 1
303855576 3 45
303855565 5 0
303855561 153 4
303855560 0 0
303855558 25 15
303855548 33 47
303855545 14 7
303855529 18 37
303855521 3 40
303855510 1 1
303855508 24 3
303855501 14 0
303855500 4 39
303855498 17 0
303855488 17 24
303855477 17 21
303855464 8 2
303855459 5 4
303855442 3 18
303855415 21 6
303855411 2 1
303855390 29 17
303855388 13 4
303855381 3 3
303855372 5 2
303855370 1 1
303855367 10 5
303855364 15 2
303855360 14 2
303855358 6 2
303855354 1 1
303855349 33 26
303855348 13 8
303855340 65 30
303855333 11 2
303855331 12 2
303855329 6 17
303855322 53 45
303855319 8 2
303855318 2 2
303855302 8 2
303855297 28 7
303855281 20 6
303855280 3 2
303855274 9 4
303855271 4 1
303855270 5 1
303855268 3 1
303855264 12 4
303855259 13 9
303855255 0 0
303855248 1 16
303855245 21 26
303855244 8 4
303855240 1 4
303855232 2 0
303855231 48 36
303855229 6 0
303855221 12 2
303855217 6 4
303855215 12 19
303855213 5 2
303855210 0 0
303855207 5 0
303855205 15 2
303855203 10 2
303855202 12 1
303855200 11 1
303855195 3 1
303855194 3 0
303855192 0 4
303855189 0 1
303855187 4 34
303855186 10 1
303855181 4 0
303855179 9 2
303855178 7 0
303855171 1 3
303855170 10 1
303855168 9 3
303855166 21 5
303855163 11 2
303855162 5 1
303855155 5 1
303855154 25 21
303855153 0 1
303855149 1 0
303855148 10 0
303855145 3 0
303855143 76 72
303855142 70 70
303855139 9 3
303855133 2 1
303855132 2 1
303855131 5 1
303855123 0 2
303855122 12 3
303855117 10 2
303855115 29 4
303855105 10 1
303855104 3 0
303855103 2 1
303855102 6 19
303855098 18 12
303855097 7 0
303855096 8 0
303855079 8 6
303855075 12 2
303855069 2 2
303855068 10 2
303855066 10 0
303855064 8 18
303855063 17 1
303855051 9 2
303855050 29 1
303855046 0 2
303855041 4 10
303855040 5 8
303855032 3 26
303855030 23 13
303855007 2 1
303855006 1 0
303855001 11 0
303855000 1 0
303854998 2 0
303854993 0 0
303854985 14 3
303854979 8 1
303854966 6 0
303854963 4 0
303854962 3 7
303854950 4 1
303854948 0 1
303854947 9 1
303854946 3 0
303854926 4 0
303854922 1 2
303854911 2 4
303854903 5 8
303854899 1 0
303854888 9 5
303854880 8 7
303854871 22 1
303854862 1 1
303854857 14 3
303854854 2 0
303854851 13 10
303854843 7 1
303854836 11 3
303854828 2 1
303854826 4 0
303854825 3 4
303854813 13 11
303854810 13 2
303854799 33 5
303854789 9 7
303854783 41 37
303854766 3 0
303854760 5 11
303854747 2 0
303854744 8 1
303854739 12 2
303854738 1 1
303854730 0 0
303854725 7 2
303854723 11 1
303854718 2 0
303854716 3 2
303854715 0 5
303854707 24 7
303854685 4 2
303854684 15 1
303854650 3 1
303854648 7 3
303854647 0 1
303854640 11 1
303854639 3 4
303854634 7 1
303854632 3 2
303854616 0 1
303854611 13 7
303854602 22 8
303854595 8 5
303854594 1 14
303854563 8 4
303854557 1 1
303854552 12 6
303854546 4 3
303854532 4 0
303854517 18 3
303854512 12 2
303854506 8 4
303854505 11 2
303854503 6 19
303854501 1 1
303854487 42 14
303854482 11 20
303854481 1 3
303854471 3 22
303854462 2 2
303854458 13 4
303854451 3 2
303854441 6 1
303854440 12 3
303854438 3 4
303854418 5 4
303854417 6 3
303854412 21 33
303854406 12 3
303854402 10 6
303854398 5 1
303854388 101 67
303854383 11 2
303854378 13 8
303854370 1 3
303854369 8 3
303854368 32 36
303854349 5 3
303854344 13 11
303854339 9 4
303854338 13 4
303854337 3 0
303854328 1 2
303854316 5 4
303854314 2 4
303854309 23 6
303854306 8 2
303854305 4 1
303854303 2 2
303854302 207 8
303854299 2 2
303854295 6 10
303854294 6 6
303854293 8 16
303854288 851 186
303854287 1 5
303854286 1 3
303854285 5 2
303854284 14 3
303854283 2 4
303854280 6 8
303854275 3 1
303854274 16 5
303854271 36 53
303854266 8 3
303854261 1 2
303854260 6 10
303854256 2 3
303854254 1 1
303854248 3 2
303854247 0 3
303854245 2 1
303854243 8 1
303854242 3 0
303854233 1 1
303854224 9 17
303854222 1 7
303854215 6 10
303854212 5 3
303854210 12 10
303854209 15 5
303854207 4 2
303854206 2 1
303854203 3 7
303854201 2 2
303854196 10 8
303854195 0 2
303854194 336 12
303854193 4 15
303854186 17 6
303854185 1 1
303854183 3 1
303854181 18 12
303854179 1 1
303854178 14 15
303854175 1 0
303854166 6 6
303854155 15 7
303854152 17 1
303854148 12 4
303854141 40 43
303854139 12 15
303854138 6 22
303854135 0 1
303854133 8 3
303854131 9 4
303854125 1 15
303854123 1 1
303854121 2 2
303854120 1 0
303854118 3 5
303854117 0 0
303854114 1 2
303854107 10 1
303854103 4 1
303854100 6 17
303854097 1 5
303854091 4 1
303854086 3 0
303854081 12 2
303854077 2 0
303854076 1 2
303854075 1 1
303854073 9 5
303854072 2 1
303854066 7 26
303854065 3 5
303854057 9 21
303854054 6 9
303854044 3 1
303854032 1 4
303854028 0 1
303854026 2 2
303854021 2 1
303854020 0 3
303854019 1 1
303854018 6 5
303854016 7 2
303854011 0 5
303854008 7 18
303854002 100 66
303853994 1 6
303853993 8 19
303853991 2 2
303853985 19 2
303853982 9 5
303853973 0 6
303853972 6 9
303853968 2 1
303853965 4 11
303853961 18 11
303853956 3 2
303853950 1 3
303853947 2 2
303853945 29 3
303853943 11 8
303853933 50 40
303853932 4 2
303853930 6 1
303853926 18 11
303853918 5 1
303853917 11 6
303853914 2 9
303853906 7 3
303853902 4 1
303853900 2 2
303853897 539 8
303853893 13 17
303853891 31 2
303853884 2 4
303853875 13 7
303853874 2 11
303853873 10 1
303853872 9 3
303853865 4 1
303853861 113 24
303853858 11 13
303853855 9 19
303853851 2 2
303853834 16 9
303853829 26 3
303853811 12 26
303853809 9 12
303853788 12 5
303853785 9 21
303853781 3 3
303853780 7 2
303853776 23 13
303853775 14 15
303853763 18 2
303853761 8 5
303853759 15 1
303853749 3 8
303853746 6 1
303853745 11 21
303853736 4 1
303853725 10 2
303853719 8 0
303853718 4 5
303853717 3 1
303853710 4 1
303853706 7 28
303853693 13 14
303853687 1 2
303853680 4 7
303853675 15 13
303853668 3 21
303853664 9 3
303853660 4 4
303853659 4 8
303853647 2 1
303853642 6 2
303853633 1 2
303853626 54 46
303853624 1 4
303853620 6 0
303853618 5 12
303853608 13 1
303853606 3 3
303853584 6 0
303853569 10 1
303853560 3 3
303853558 16 10
303853557 13 2
303853554 10 13
303853548 3 2
303853538 3 0
303853530 5 11
303853526 15 8
303853525 3 25
303853520 4 5
303853519 2 3
303853506 60 66
303853503 1 2
303853500 9 47
303853497 8 2
303853496 4 5
303853491 9 1
303853489 8 1
303853476 4 1
303853475 19 9
303853463 1 2
303853462 1 1
303853460 2 7
303853455 13 7
303853454 13 19
303853449 22 2
303853448 0 1
303853447 42 42
303853440 4 2
303853408 56 22
303853402 6 2
303853397 42 3
303853377 0 1
303853376 9 3
303853365 30 4
303853362 3 3
303853359 3 7
303853352 5 1
303853348 8 6
303853347 6 0
303853346 5 1
303853342 2 2
303853337 15 22
303853330 5 1
303853327 5 2
303853318 11 0
303853312 8 3
303853310 64 61
303853304 3 1
303853298 17 1
303853294 10 3
303853289 13 3
303853286 5 1
303853275 10 5
303853271 6 2
303853267 5 2
303853265 6 1
303853262 3 5
303853252 5 14
303853247 12 12
303853246 7 1
303853232 19 3
303853225 15 1
303853219 1 1
303853214 4 1
303853212 5 3
303853211 8 1
303853204 4 0
303853201 16 5
303853197 16 4
303853195 1 2
303853188 13 4
303853162 6 1
303853150 14 19
303853147 20 2
303853143 11 3
303853134 2 3
303853132 3 2
303853129 47 50
303853127 1 1
303853125 0 1
303853124 4 4
303853121 1 1
303853120 4 7
303853118 7 0
303853115 18 0
303853109 8 0
303853103 2 0
303853096 8 8
303853089 15 3
303853087 26 1
303853081 10 11
303853077 2 0
303853075 10 1
303853070 7 5
303853060 6 0
303853054 0 24
303853048 0 0
303853045 9 1
303853041 10 1
303853037 1 1
303853035 13 0
303853034 5 11
303853019 19 3
303853015 1 11
303853014 3 1
303853003 14 4
303852993 103 10
303852988 0 0
303852979 0 0
303852976 10 1
303852975 6 0
303852954 11 0
303852952 2 2
303852948 0 0
303852945 1 0
303852938 3 4
303852937 15 21
303852934 2 1
303852931 8 6
303852926 5 4
303852916 0 0
303852912 3 5
303852877 4 3
303852867 1 0
303852864 12 0
303852863 3 1
303852851 11 1
303852843 2 2
303852831 9 3
303852824 6 13
303852823 7 0
303852815 1 0
303852810 6 0
303852799 2 2
303852796 12 2
303852793 14 2
303852786 4 3
303852779 2 1
303852758 9 1
303852750 0 1
303852749 54 47
303852738 4 1
303852733 9 10
303852724 14 0
303852721 4 0
303852694 2 1
303852689 12 12
303852683 8 0
303852651 3 4
303852646 12 23
303852644 12 0
303852638 99 5
303852637 9 0
303852615 6 20
303852611 46 42
303852607 10 1
303852586 0 4
303852561 14 1
303852555 10 3
303852541 15 1
303852501 5 41
303852496 6 0
303852492 2 4
303852482 5 0
303852480 5 2
303852463 90 5
303852453 20 2
303852446 12 3
303852441 2 0
303852429 7 3
303852413 9 16
303852404 5 27
303852390 16 0
303852388 51 37
303852371 23 4
303852366 219 43
303852363 4 1
303852358 11 6
303852349 125 10
303852345 8 9
303852338 13 0
303852334 16 0
303852333 16 0
303852330 10 0
303852329 9 20
303852328 86 13
303852327 29 1
303852326 7 9
303852325 17 6
303852324 0 0
303852321 10 10
303852320 9 11
303852316 9 0
303852313 7 0
303852311 7 4
303852309 11 0
303852308 24 1
303852307 4 1
303852306 17 1
303852305 172 6
303852304 1 20
303852302 16 1
303852301 5 9
303852296 1175 31
303852295 190 8
303852294 11 0
303852293 189 7
303852291 5 23
303852289 10 0
303852286 15 0
303852285 12 1
303852284 3 0
303852282 8 0
303852281 25 1
303852277 0 2
303852276 31 2
303852275 1 0
303852274 1187 217
303852271 11 0
303852270 26 1
303852269 122 8
303852267 7 0
303852265 13 5
303852263 0 0
303852262 10 3
303852261 0 0
303852260 121 6
303852257 24 2
303852256 1 0
303852252 1 0
303852249 14 0
303852248 8 0
303852244 9 4
303852243 0 0
303852242 23 3
303852240 0 1
303852239 0 3
303852235 1 0
303852230 76 6
303852225 21 3
303852223 4 0
303852221 73 12
303852218 12 8
303852214 13 0
303852213 0 2
303852208 157 6
303852204 1 0
303852202 8 2
303852201 15 0
303852195 1 0
303852194 175 7
303852193 7 0
303852190 208 13
303852189 62 43
303852183 29 14
303852178 30 10
303852176 105 55
303852174 0 0
303852172 11 2
303852171 1 7
303852170 6 2
303852169 1 6
303852165 9 5
303852163 22 1
303852162 57 47
303852158 167 9
303852154 511 16
303852150 90 7
303852149 8 1
303852145 53 37
303852141 516 19
303852140 213 8
303852138 2 0
303852136 377 9
303852135 195 33
303852134 3 0
303852133 14 3
303852128 309 12
303852127 12 8
303852125 45 38
303852124 0 0
303852123 5 2
303852122 117 8
303852121 18 1
303852120 9 1
303852119 15 0
303852117 14 1
303852116 117 9
303852113 22 13
303852112 14 6
303852107 5 0
303852103 105 7
303852102 7 1
303852101 6 1
303852099 186 6
303852096 1 2
303852093 193 7
303852089 154 6
303852088 572 19
303852084 5 32
303852083 9 4
303852082 16 0
303852081 10 1
303852079 236 8
303852078 132 8
303852076 21 3
303852074 25 9
303852073 9 34
303852071 157 9
303852070 12 1
303852069 9 1
303852066 8 3
303852063 0 0
303852061 1 4
303852058 6 2
303852057 54 41
303852056 106 6
303852055 107 21
303852054 127 8
303852052 12 3
303852051 149 11
303852048 12 5
303852046 133 60
303852045 161 10
303852044 167 8
303852039 0 0
303852038 21 12
303852036 2 0
303852035 23 0
303852034 1 5
303852033 159 7
303852032 115 57
303852027 9 36
303852025 19 8
303852023 209 8
303852022 153 18
303852021 376 13
303852020 185 30
303852019 4 54
303852018 209 7
303852014 67 9
303852013 11 5
303852010 11 1
303852008 9 71
303852003 119 8
303852002 120 15
303852001 1 31
303851999 229 8
303851996 113 8
303851994 1 0
303851993 274 13
303851990 0 18
303851989 203 8
303851988 52 41
303851987 21 3
303851984 164 9
303851982 9 1
303851980 56 41
303851979 132 5
303851978 1 32
303851976 0 0
303851975 88 52
303851973 557 17
303851972 17 2
303851971 546 8
303851969 43 39
303851968 422 6
303851967 1715 39
303851966 21 2
303851965 910 30
303851964 10 1
303851961 10 0
303851959 7 5
303851958 3 27
303851956 14 0
303851955 11 1
303851952 0 1
303851951 661 8
303851949 4 20
303851946 5 3
303851945 9 3
303851944 0 3
303851941 90 7
303851939 7 5
303851938 147 13
303851937 1 20
303851935 138 8
303851932 120 16
303851930 16 9
303851926 20 4
303851925 10 31
303851924 0 1
303851923 9 9
303851920 12 5
303851919 39 37
303851918 17 10
303851917 13 5
303851916 0 1
303851915 11 3
303851913 6 6
303851911 253 6
303851907 1439 37
303851904 20 13
303851903 12 0
303851901 19 5
303851900 213 8
303851898 5 20
303851897 1 0
303851895 13 0
303851894 0 3
303851889 146 6
303851888 1 8
303851887 128 7
303851886 126 6
303851885 297 6
303851884 13 0
303851882 3 11
303851878 11 1
303851872 1247 46
303851871 212 50
303851869 150 8
303851866 311 17
303851863 17 1
303851862 23 2
303851860 212 8
303851858 5 15
303851856 7 3
303851855 109 9
303851854 109 5
303851853 153 8
303851852 11 1
303851851 0 4
303851850 11 4
303851847 101 12
303851846 213 8
303851844 0 0
303851841 98 18
303851839 0 4
303851838 133 6
303851837 117 5
303851835 3 0
303851834 6 16
303851833 113 9
303851832 16 8
303851829 320 8
303851828 38 37
303851827 233 7
303851824 14 0
303851823 485 9
303851822 3 4
303851821 168 33
303851818 249 9
303851817 11 0
303851815 520 32
303851813 1 0
303851811 2 9
303851810 16 1
303851808 2 0
303851807 1 9
303851805 15 0
303851804 7 1
303851803 0 5
303851802 91 25
303851800 20 8
303851797 4 2
303851796 15 9
303851794 11 2
303851793 383 127
303851791 0 14
303851790 17 26
303851789 0 5
303851788 0 2
303851787 15 0
303851785 4 2
303851781 17 2
303851780 238 7
303851779 5 4
303851777 5 0
303851776 243 10
303851775 8 0
303851773 12 3
303851772 17 1
303851767 164 12
303851765 129 10
303851764 3 1
303851763 141 5
303851761 263 30
303851760 0 5
303851759 679 37
303851758 14 0
303851755 4 1
303851753 1 5
303851752 12 3
303851751 8 9
303851750 177 18
303851747 2 0
303851746 0 0
303851745 4 1
303851744 247 10
303851743 132 7
303851742 112 7
303851741 1494 60
303851740 10 0
303851738 14 0
303851735 0 0
303851734 2 4
303851733 5 1
303851732 172 6
303851731 3 12
303851728 134 14
303851727 5 0
303851726 172 52
303851725 12 0
303851724 9 3
303851723 2 4
303851722 437 12
303851721 3 1
303851720 8 1
303851719 3 1
303851718 18 19
303851717 0 0
303851713 2 4
303851712 0 0
303851711 3 4
303851709 0 6
303851708 1 5
303851706 3 0
303851705 12 2
303851704 343 60
303851702 39 35
303851701 161 13
303851700 118 10
303851699 210 20
303851698 4 1
303851697 5 1
303851696 1 0
303851695 20 13
303851691 0 5
303851690 2 0
303851687 443 33
303851686 298 45
303851684 4 1
303851682 1267 42
303851681 629 37
303851680 5 39
303851679 15 20
303851678 1797 75
303851674 992 48
303851673 4 1
303851672 182 16
303851668 4 1
303851667 179 56
303851665 23 10
303851664 553 106
