303957600 0 0
303957004 0 0
303956897 0 1
303956635 2 3
303956345 0 1
303956059 3 1
303956053 0 2
303956048 0 2
303955823 2 0
303955399 14 1
303955200 0 2
303954353 0 4
303953453 1 0
303949208 10 0
303949119 2 6
303949074 7 0
303949060 0 0
303942275 0 0
303942132 6 1
303941711 0 0
303941570 2 0
303941176 27 1
303940577 1 0
303940574 9 11
303940256 12 20
303940245 2 3
303940208 0 0
303940186 8 3
303940178 5 3
303940175 0 1
303940162 4 5
303940098 9 1
303939952 5 8
303939850 6 7
303939780 12 9
303939672 2 0
303939541 0 1
303939323 4 11
303939246 1 1
303939122 2 0
303939078 15 12
303938984 0 0
303938963 7 12
303938915 14 10
303938862 4 2
303938765 1 0
303938738 5 0
303938669 2 8
303938653 0 2
303938551 5 0
303938459 7 3
303938372 15 1
303938301 0 0
303938259 10 3
303937776 0 0
303937774 4 0
303937769 5 3
303937764 0 1
303937753 3 0
303937749 2 1
303937746 1 2
303937742 0 0
303937740 1 1
303937737 1 1
303937733 1 1
303937726 1 4
303937716 0 2
303937709 1 1
303937705 0 0
303937701 6 5
303937695 1 4
303937690 3 3
303937673 5 6
303937651 1 1
303937649 1 1
303937639 1 1
303937635 1 3
303937629 2 2
303937611 5 8
303937349 13 4
303937216 0 1
303937118 9 6
303936916 7 5
303935789 10 5
303935773 4 2
303935740 23 8
303935718 2 3
303935699 1 3
303935436 7 5
303935435 0 4
303935352 36 17
303935294 2 1
303934862 12 14
303933472 0 2
303933458 5 4
303933442 8 1
303933404 1 4
303933349 19 8
303933170 8 3
303933126 20 24
303932692 7 1
303932044 2 0
303932021 2 16
303931996 1 22
303931934 0 2
303931925 4 15
303931924 8 10
303931913 8 14
303931692 2 15
303931670 7 11
303931579 5 18
303931532 1 0
303931505 5 11
303931397 0 1
303931370 7 23
303931224 0 3
303931195 2 3
303931175 4 18
303931172 4 11
303931170 2 1
303931157 6 3
303930972 2 6
303930705 11 15
303930594 0 1
303930363 3 3
303930213 5 3
303930199 12 9
303930115 0 8
303930025 4 8
303930009 9 12
303929877 7 20
303929792 16 6
303929625 2 0
303929467 2 0
303929284 4 22
303929213 5 21
303929151 3 10
303929109 1 22
303928909 1 12
303928892 16 4
303928317 20 4
303928135 3 9
303928009 3 13
303926976 3 0
303926592 5 13
303925701 16 11
303923316 16 6
303923077 3 2
303921295 3 0
303920001 0 0
303917946 2 11
303916913 3 1
303916908 2 3
303916898 0 2
303916890 1 11
303916818 0 2
303916735 2 0
303916649 1 2
303916634 0 2
303916580 1 2
303916422 1 12
303916416 6 10
303915915 23 5
303915847 8 17
303915720 2 16
303915391 7 12
303914684 2 1
303914435 2 3
303912641 9 17
303912636 10 32
303911246 7 13
303911112 7 1
303907710 6 1
303905553 7 1
303902932 0 1
303902807 5 0
303902441 0 0
303902100 13 3
303902082 29 22
303901881 3 0
303901426 3 0
303901077 3 17
303900877 1 2
303900675 13 8
303900612 6 15
303900610 2 9
303900441 5 2
303900069 38 41
303900056 3 7
303900050 1 1
303899369 3 16
303898903 4 15
303898347 22 11
303897855 17 5
303896993 16 4
303896508 1 1
303896217 9 2
303895482 0 2
303894774 2 6
303894276 7 15
303892469 15 5
303892461 10 12
303891613 3 1
303890982 6 0
303890945 4 3
303888296 7 4
303886373 16 1
303883941 6 2
303883592 13 4
303880875 12 15
303878829 6 11
303875897 1 0
303875054 5 4
303874869 1 19
303873477 8 10
303872949 0 1
303872904 0 1
303872889 8 3
303872864 9 14
303872850 0 2
303872776 11 14
303872771 24 6
303872749 1 1
303872748 3 1
303872693 17 12
303872691 1 0
303872690 4 3
303872675 0 1
303872646 4 0
303872609 8 18
303872594 9 3
303872568 16 3
303872468 1 9
303872460 2 5
303872385 0 1
303872329 18 12
303872322 4 1
303872186 13 14
303872181 8 1
303872179 22 7
303872174 1 3
303872155 4 14
303872108 4 2
303872094 0 2
303872054 1 0
303872040 7 1
303872035 9 4
303872034 6 13
303872032 1 4
303872018 0 1
303871956 5 2
303871922 1 0
303871887 1 3
303871841 5 0
303871703 11 2
303871669 13 1
303871558 0 0
303871522 43 37
303871521 37 38
303871485 1 0
303871276 7 4
303871271 5 7
303871267 5 4
303871262 7 41
303871261 5 1
303871251 6 3
303871245 5 1
303871123 15 5
303870930 6 6
303870802 9 3
303870744 0 2
303870737 0 7
303870733 6 35
303870731 6 12
303870711 8 20
303870708 3 15
303870699 6 1
303870694 4 0
303870690 1 7
303870567 59 34
303870557 7 3
303870362 29 20
303870299 2 7
303870286 4 9
303870202 3 8
303870130 5 4
303869978 15 5
303869948 27 48
303869882 6 4
303869824 7 5
303869706 23 50
303869703 32 49
303869689 27 45
303869643 9 3
303869638 4 5
303869636 8 2
303869542 3 5
303869457 4 11
303869453 12 36
303869430 75 16
303869386 34 33
303869240 20 30
303869196 35 37
303869154 6 6
303869140 1 6
303869061 14 3
303868956 0 2
303868940 1 3
303868795 6 5
303868493 8 9
303868452 0 8
303868360 1 0
303868181 5 41
303868143 3 1
303867957 4 8
303867894 1 0
303866401 2 2
303866226 6 0
303865919 7 8
303865818 17 6
303865714 5 2
303865677 8 3
303865501 0 0
303865499 11 22
303865498 2 3
303865495 4 4
303865489 3 16
303865487 5 4
303865485 3 1
303865483 6 4
303865481 1 1
303865479 5 13
303865478 7 13
303865468 15 3
303865464 12 25
303865462 2 42
303865456 13 9
303865455 4 1
303865449 3 3
303865445 4 2
303865442 0 1
303865439 0 1
303865434 3 2
303865426 4 2
303865424 1 1
303865423 6 12
303865421 1 0
303865420 2 19
303865418 0 1
303865416 4 0
303865414 3 4
303865407 5 18
303865405 1 3
303865404 0 2
303865402 1 1
303865401 1 4
303865397 1 3
303865395 1 2
303865386 11 38
303865382 0 1
303865372 2 1
303865370 4 1
303865369 5 0
303865368 8 1
303865362 2 3
303865361 2 2
303865345 5 2
303865344 2 1
303865343 2 1
303865335 0 1
303865332 7 6
303865331 8 10
303865321 3 0
303865320 6 1
303865319 6 11
303865318 16 5
303865316 13 5
303865315 9 4
303865314 6 1
303865311 15 3
303865309 3 24
303865306 5 4
303865302 1 4
303865294 0 3
303865292 1 6
303865291 5 9
303865284 22 12
303865282 6 27
303865279 15 7
303865278 6 6
303865276 3 7
303865274 6 28
303865273 1 8
303865272 8 20
303865271 7 2
303865270 9 4
303865268 45 67
303865266 3 2
303865264 6 27
303865263 10 25
303865261 5 10
303865256 4 4
303865255 6 2
303865252 3 2
303865251 4 2
303865250 1 2
303865249 4 1
303865248 3 4
303865247 6 2
303865243 4 3
303865242 1 5
303865239 6 20
303865238 2 2
303865234 2 1
303865232 6 4
303865230 1 2
303865227 6 4
303865224 1 1
303865222 8 7
303865218 14 5
303865216 1 0
303865215 15 13
303865213 10 8
303865212 3 1
303865210 4 0
303865203 12 1
303865197 9 1
303865194 0 0
303865193 9 0
303865192 11 3
303865189 4 10
303865188 4 13
303865186 10 17
303865182 5 0
303865180 13 1
303865173 12 14
303865172 85 30
303865170 19 3
303865169 16 0
303865167 9 0
303865164 0 0
303865162 2 5
303865161 10 0
303865158 11 3
303865154 2 4
303865151 51 7
303865148 1 24
303865147 1 0
303865145 0 0
303865143 12 28
303865139 26 0
303865134 11 5
303865133 36 12
303865127 4 1
303865119 2 28
303865118 6 38
303865117 1 21
303865110 27 20
303865100 12 23
303865096 4 31
303865093 6 1
303865092 34 7
303865091 2 2
303865084 10 26
303865083 50 38
303865080 1 0
303865079 13 4
303865077 46 26
303865073 1 1
303865071 9 5
303865070 20 13
303865068 10 1
303865062 0 0
303865059 21 10
303865052 1 0
303865050 0 0
303865048 2 1
303865047 0 0
303865044 35 12
303865039 2 2
303865035 2 0
303865034 9 15
303865029 18 5
303865026 0 1
303865024 27 7
303865021 30 7
303865020 2 1
303865014 14 31
303865009 25 23
303865007 18 13
303865002 2 21
303865000 13 29
303864994 13 9
303864992 4 4
303864988 12 5
303864982 14 11
303864975 1 5
303864974 0 5
303864972 6 3
303864971 0 8
303864970 25 7
303864961 8 2
303864960 11 17
303864953 4 36
303864951 7 15
303864948 8 14
303864944 36 39
303864942 0 2
303864939 1 2
303864936 39 27
303864933 4 40
303864930 5 2
303864925 11 23
303864924 11 8
303864920 15 40
303864918 9 3
303864915 26 88
303864914 18 44
303864913 6 37
303864912 30 6
303864911 36 60
303864910 39 7
303864905 7 62
303864904 15 8
303864902 6 31
303864901 15 3
303864900 23 3
303864899 25 7
303864898 48 39
303864892 11 1
303864885 6 1
303864883 3 4
303864881 5 1
303864878 8 1
303864876 11 6
303864874 6 2
303864872 6 9
303864870 1 0
303864868 7 2
303864867 7 1
303864865 6 9
303864863 8 7
303864860 16 18
303864859 19 15
303864857 7 15
303864855 8 2
303864853 7 20
303864852 39 31
303864850 4 1
303864848 7 7
303864847 5 3
303864846 62 45
303864845 5 2
303864843 6 1
303864842 4 5
303864840 3 5
303864839 11 21
303864838 21 55
303864837 6 5
303864836 25 13
303864835 4 15
303864834 15 4
303864833 7 3
303864829 22 7
303864828 2 3
303864827 4 4
303864822 1 1
303864821 8 2
303864819 4 1
303864817 2 2
303864815 14 4
303864813 1 3
303864812 31 71
303864810 16 32
303864808 156 9
303864807 8 17
303864805 9 11
303864803 5 7
303864799 6 6
303864796 13 31
303864793 7 5
303864789 27 25
303864788 9 47
303864786 4 2
303864779 5 12
303864778 8 1
303864773 4 2
303864772 6 9
303864770 7 8
303864768 2 1
303864765 35 13
303864761 2 0
303864756 2 1
303864755 12 10
303864754 2 2
303864752 9 1
303864751 14 40
303864750 1 0
303864747 46 32
303864744 10 9
303864738 11 9
303864735 15 23
303864731 13 2
303864729 14 6
303864728 39 15
303864726 82 12
303864725 4 4
303864724 9 9
303864723 8 19
303864722 13 10
303864721 11 8
303864719 11 21
303864710 0 1
303864709 7 1
303864704 0 4
303864701 42 14
303864693 6 28
303864687 4 31
303864686 2 3
303864685 11 14
303864680 1 6
303864679 13 6
303864678 5 9
303864676 10 2
303864673 0 2
303864669 1 2
303864666 29 16
303864661 3 3
303864659 46 75
303864658 3 3
303864657 15 39
303864655 0 1
303864653 2 18
303864646 23 7
303864645 9 7
303864642 27 20
303864640 42 8
303864639 2 0
303864638 42 3
303864637 13 5
303864636 0 0
303864632 42 11
303864631 0 0
303864630 2 2
303864628 0 0
303864627 0 0
303864626 0 0
303864625 3 1
303864624 3 1
303864623 11 5
303864621 25 6
303864620 2 0
303864616 11 6
303864615 3 0
303864614 10 19
303864613 2 0
303864612 3 1
303864611 10 7
303864608 5 0
303864607 9 19
303864606 10 12
303864605 11 9
303864604 7 1
303864602 9 3
303864601 7 1
303864600 13 2
303864599 7 0
303864596 19 5
303864595 11 21
303864594 11 3
303864593 1 0
303864592 6 5
303864590 0 12
303864586 3 15
303864585 9 5
303864584 3 0
303864583 0 16
303864580 4 11
303864579 16 9
303864578 7 0
303864574 9 2
303864573 0 1
303864572 9 16
303864568 11 4
303864567 27 38
303864566 5 7
303864565 18 17
303864562 10 8
303864560 7 7
303864559 18 4
303864558 7 4
303864555 0 20
303864554 12 5
303864553 3 0
303864552 9 5
303864550 34 11
303864549 3 3
303864547 4 1
303864541 4 2
303864540 25 33
303864539 50 67
303864538 6 6
303864537 16 4
303864535 7 1
303864534 17 29
303864532 4 1
303864529 10 11
303864528 14 13
303864527 4 3
303864526 5 2
303864525 0 1
303864524 5 19
303864522 12 17
303864521 3 1
303864520 42 11
303864519 7 1
303864518 13 4
303864516 19 4
303864515 28 25
303864514 3 13
303864513 20 3
303864510 30 6
303864508 6 17
303864507 3 4
303864506 4 11
303864503 11 7
303864502 21 46
303864501 8 18
303864500 7 12
303864499 10 48
303864498 18 35
303864497 6 1
303864496 17 27
303864495 17 32
303864494 6 0
303864492 2 1
303864491 24 32
303864490 15 32
303864489 0 6
303864487 6 1
303864485 29 47
303864484 8 4
303864482 51 45
303864481 1 23
303864480 7 5
303864479 4 1
303864478 23 23
303864476 4 2
303864475 11 2
303864474 11 30
303864473 11 32
303864472 6 2
303864471 11 32
303864470 11 8
303864469 4 2
303864468 5 0
303864467 7 3
303864466 23 4
303864465 8 3
303864463 1 7
303864462 10 3
303864461 5 2
303864460 5 21
303864458 3 3
303864457 15 17
303864456 17 15
303864453 52 27
303864452 4 4
303864451 9 3
303864450 31 6
303864448 12 2
303864447 7 8
303864443 20 6
303864442 6 2
303864440 6 3
303864438 12 8
303864437 3 8
303864436 40 48
303864432 8 3
303864431 0 1
303864430 12 7
303864429 83 25
303864426 27 74
303864425 4 6
303864424 0 1
303864422 10 1
303864421 3 3
303864420 36 70
303864417 10 30
303864416 61 59
303864413 8 4
303864412 7 4
303864411 8 13
303864409 8 4
303864407 47 36
303864403 20 6
303864402 6 28
303864401 9 5
303864400 17 5
303864398 13 3
303864397 9 3
303864390 21 3
303864388 7 0
303864387 27 5
303864386 3 2
303864385 8 5
303864384 5 1
303864383 5 2
303864381 2 4
303864380 12 0
303864379 0 0
303864378 9 1
303864377 26 5
303864376 12 2
303864374 0 0
303864371 16 4
303864368 23 52
303864367 60 38
303864365 10 5
303864364 5 0
303864363 1 0
303864358 2 3
303864357 17 11
303864356 11 2
303864354 4 1
303864353 2 22
303864351 16 3
303864348 8 2
303864344 1 3
303864342 27 0
303864341 0 1
303864340 27 13
303864339 22 18
303864338 4 32
303864336 26 12
303864333 16 13
303864330 3 2
303864328 4 0
303864327 3 0
303864326 1 1
303864322 5 4
303864321 13 5
303864312 25 8
303864310 5 8
303864309 8 5
303864306 5 1
303864305 5 0
303864304 5 1
303864303 1 13
303864302 14 4
303864300 3 3
303864298 3 1
303864296 3 1
303864295 7 5
303864294 2 1
303864293 4 1
303864292 5 1
303864291 5 1
303864290 8 12
303864289 52 15
303864288 73 60
303864286 33 36
303864285 31 34
303864283 21 7
303864282 2 4
303864281 0 1
303864280 13 4
303864279 5 18
303864277 11 10
303864275 51 48
303864274 49 35
303864273 7 5
303864272 5 10
303864271 5 6
303864266 12 7
303864265 27 3
303864264 14 3
303864263 21 20
303864262 12 7
303864261 18 4
303864259 28 4
303864258 0 1
303864257 11 10
303864256 23 11
303864255 30 9
303864254 4 2
303864252 5 16
303864249 4 2
303864247 2 2
303864245 3 23
303864244 2 1
303864243 0 12
303864242 0 2
303864241 0 10
303864238 3 1
303864237 0 12
303864236 0 15
303864234 1 19
303864232 3 0
303864230 6 0
303864228 4 0
303864227 18 50
303864225 1 0
303864223 5 0
303864222 3 0
303864221 1 21
303864219 4 1
303864218 2 31
303864217 5 0
303864216 4 0
303864215 6 40
303864214 4 1
303864213 4 22
303864211 3 1
303864210 3 20
303864209 1 1
303864207 2 1
303864206 8 26
303864205 2 1
303864203 2 1
303864202 0 0
303864201 14 6
303864200 4 29
303864199 3 32
303864197 1 0
303864196 1 0
303864193 1 0
303864192 7 29
303864191 1 0
303864190 1 1
303864189 10 5
303864188 0 0
303864187 0 0
303864186 3 0
303864185 13 33
303864184 7 0
303864183 3 0
303864181 4 39
303864179 4 40
303864178 1 0
303864177 8 41
303864176 0 1
303864175 26 39
303864174 2 1
303864172 2 1
303864171 5 7
303864170 2 1
303864169 12 47
303864168 27 63
303864162 8 31
303864161 3 1
303864160 2 19
303864159 21 39
303864157 6 1
303864156 5 18
303864153 1 1
303864151 10 18
303864149 14 43
303864148 0 6
303864146 22 9
303864138 1 3
303864134 9 0
303864130 3 4
303864128 1 5
303864122 7 6
303864121 0 0
303864120 0 0
303864119 5 11
303864118 0 0
303864117 2 1
303864116 24 22
303864115 0 0
303864113 0 0
303864112 0 0
303864111 0 0
303864110 0 0
303864109 0 0
303864108 0 0
303864107 0 0
303864106 0 0
303864103 0 0
303864102 3 2
303864101 5 28
303864099 1 0
303864098 1 0
303864097 7 3
303864096 1 0
303864094 10 0
303864093 6 1
303864092 1 0
303864091 0 0
303864090 1 0
303864089 0 0
303864087 0 0
303864086 0 0
303864085 7 6
303864084 48 38
303864083 12 10
303864078 2 1
303864076 3 1
303864075 0 1
303864074 1 2
303864073 1 1
303864072 46 32
303864071 1 1
303864070 4 0
303864069 6 31
303864066 9 1
303864064 0 0
303864063 4 0
303864062 0 0
303864061 0 0
303864060 0 0
303864059 2 0
303864058 2 0
303864057 1 2
303864056 2 0
303864055 0 0
303864054 0 0
303864053 0 0
303864052 0 0
303864051 0 0
303864050 0 0
303864049 2 0
303864048 2 0
303864047 0 0
303864045 15 13
303864044 0 0
303864043 1 0
303864042 0 2
303864040 2 0
303864039 0 0
303864038 3 1
303864037 25 6
303864036 27 32
303864035 0 0
303864034 5 12
303864033 0 0
303864032 0 0
303864031 0 0
303864029 0 0
303864028 0 3
303864027 0 0
303864026 0 0
303864025 0 0
303864024 2 1
303864022 10 0
303864021 0 0
303864019 7 13
303864014 11 27
303864013 4 11
303864012 36 7
303864011 25 7
303864009 15 18
303864008 2 0
303864007 21 47
303864006 16 17
303864004 14 9
303864001 16 20
303863996 49 42
303863994 4 1
303863993 51 16
303863988 10 1
303863987 11 3
303863986 1 0
303863984 40 31
303863980 3 1
303863978 3 2
303863976 4 2
303863975 8 3
303863974 2 2
303863973 5 2
303863972 1 4
303863971 22 2
303863970 8 6
303863969 5 6
303863968 13 16
303863966 13 21
303863964 2 2
303863962 9 3
303863959 3 1
303863958 2 3
303863954 10 1
303863952 6 1
303863950 22 11
303863947 4 1
303863944 13 3
303863943 6 6
303863940 7 1
303863938 2 1
303863937 5 3
303863936 2 1
303863935 3 0
303863929 3 1
303863924 13 3
303863923 0 1
303863922 14 12
303863921 2 8
303863920 13 9
303863918 33 26
303863917 7 9
303863912 43 41
303863911 2 0
303863908 5 9
303863906 19 3
303863904 15 8
303863903 5 1
303863901 4 1
303863900 1 1
303863896 2 3
303863895 2 1
303863888 23 3
303863887 3 1
303863885 4 1
303863882 1 0
303863881 15 7
303863876 3 1
303863874 1 0
303863871 7 6
303863870 34 28
303863869 3 4
303863867 3 3
303863859 10 9
303863857 10 11
303863855 6 2
303863854 5 4
303863853 0 7
303863852 14 7
303863851 7 1
303863850 43 39
303863848 41 45
303863847 0 1
303863846 8 3
303863845 15 1
303863843 6 7
303863842 19 10
303863840 16 13
303863836 11 7
303863834 1 2
303863832 1 2
303863830 7 23
303863828 1 2
303863827 10 13
303863826 3 4
303863825 5 6
303863824 1 1
303863822 35 9
303863821 1 2
303863818 1 3
303863817 3 5
303863816 1 1
303863815 11 4
303863814 11 30
303863811 26 20
303863810 4 2
303863808 3 20
303863804 36 25
303863803 5 6
303863802 3 1
303863800 5 3
303863799 9 3
303863798 2 2
303863797 3 1
303863794 15 20
303863793 3 1
303863792 10 3
303863788 5 2
303863785 18 4
303863783 12 10
303863782 8 2
303863781 4 1
303863780 5 3
303863779 9 5
303863777 9 3
303863774 8 1
303863773 10 1
303863772 11 5
303863771 15 7
303863770 1 17
303863769 0 5
303863767 10 8
303863766 13 4
303863763 6 2
303863762 0 6
303863761 6 3
303863760 18 4
303863759 6 3
303863758 7 6
303863757 330 37
303863756 8 4
303863755 5 3
303863753 25 9
303863751 3 2
303863750 12 5
303863746 15 6
303863745 1 1
303863744 15 6
303863743 12 28
303863742 2 12
303863741 4 2
303863740 11 7
303863739 4 2
303863738 4 1
303863736 3 10
303863730 5 4
303863728 21 14
303863726 3 1
303863725 54 45
303863724 6 3
303863723 3 7
303863721 12 4
303863719 11 23
303863718 7 3
303863717 3 7
303863716 11 6
303863715 0 4
303863714 0 7
303863713 63 8
303863710 0 4
303863709 15 10
303863707 18 31
303863706 8 0
303863705 30 3
303863704 5 3
303863703 0 2
303863700 1 1
303863699 7 3
303863698 0 1
303863696 2 1
303863695 1 1
303863694 25 19
303863693 2 5
303863691 6 10
303863690 2 10
303863687 0 2
303863686 27 5
303863682 17 12
303863681 12 6
303863680 17 19
303863679 17 9
303863678 6 6
303863677 9 0
303863676 6 7
303863674 6 2
303863673 1 0
303863668 9 4
303863667 2 1
303863665 4 16
303863663 4 3
303863662 3 4
303863660 1 9
303863658 1 9
303863657 24 17
303863656 25 8
303863655 7 2
303863654 11 3
303863653 16 7
303863652 8 7
303863651 5 1
303863650 11 2
303863649 7 14
303863647 4 0
303863646 26 15
303863645 10 5
303863644 9 2
303863643 3 1
303863640 15 2
303863639 3 1
303863638 20 20
303863637 0 0
303863636 2 0
303863634 11 2
303863633 5 10
303863632 1 0
303863630 9 2
303863629 19 2
303863628 1 3
303863625 21 2
303863624 12 5
303863623 4 1
303863622 75 7
303863621 0 5
303863619 9 2
303863617 7 1
303863616 21 6
303863615 7 5
303863614 9 6
303863611 2 1
303863610 6 2
303863607 2 3
303863605 2 3
303863604 29 10
303863602 77 7
303863600 16 3
303863599 4 3
303863598 46 1
303863597 5 1
303863594 2 8
303863592 5 2
303863589 79 10
303863588 107 8
303863587 23 6
303863586 9 0
303863585 9 27
303863583 15 1
303863582 6 2
303863581 21 8
303863579 7 12
303863578 10 20
303863577 0 6
303863575 8 1
303863574 53 3
303863573 2 28
303863572 11 8
303863570 25 4
303863569 5 6
303863568 7 8
303863567 32 2
303863565 0 3
303863564 11 4
303863563 58 8
303863562 10 22
303863561 17 18
303863558 2 4
303863557 7 6
303863556 32 12
303863555 2 2
303863553 9 26
303863551 8 9
303863550 17 3
303863548 26 6
303863547 9 5
303863545 2 6
303863544 2 3
303863542 38 17
303863540 38 25
303863539 21 11
303863538 6 13
303863537 8 3
303863536 19 8
303863534 22 8
303863533 1 5
303863530 8 24
303863529 49 35
303863528 32 22
303863525 11 3
303863524 17 5
303863523 8 14
303863522 5 4
303863521 10 9
303863519 7 15
303863518 3 4
303863517 6 15
303863515 4 3
303863514 37 24
303863513 16 3
303863512 16 5
303863511 17 4
303863509 6 4
303863508 47 42
303863507 17 8
303863506 2 3
303863505 7 3
303863504 3 1
303863502 6 8
303863500 3 4
303863499 2 1
303863498 13 3
303863496 1 2
303863494 10 10
303863493 10 7
303863492 10 4
303863491 5 2
303863489 3 5
303863486 6 7
303863485 6 6
303863484 8 7
303863482 59 9
303863481 13 2
303863480 11 5
303863479 7 6
303863477 23 18
303863475 15 10
303863473 1 1
303863471 2 1
303863470 20 11
303863469 3 1
303863468 4 1
303863465 6 3
303863464 1 2
303863463 8 2
303863462 1 19
303863461 50 43
303863460 9 6
303863458 12 23
303863456 1 2
303863455 1 2
303863454 4 1
303863452 30 36
303863451 8 1
303863450 2 1
303863448 8 21
303863447 11 6
303863445 1 3
303863444 15 7
303863443 8 2
303863442 6 4
303863441 30 9
303863440 15 16
303863439 0 3
303863437 1 4
303863436 1 1
303863434 42 39
303863433 0 0
303863432 14 10
303863431 0 4
303863430 12 1
303863429 7 22
303863428 2 1
303863427 14 3
303863425 1 1
303863423 4 28
303863422 1 0
303863420 15 9
303863419 1 1
303863417 12 7
303863416 7 21
303863412 0 2
303863410 48 32
303863409 43 44
303863408 7 9
303863407 24 13
303863406 8 7
303863405 5 0
303863404 1 0
303863403 2 21
303863402 2 1
303863401 30 3
303863400 8 2
303863399 15 9
303863397 6 4
303863395 0 3
303863394 3 0
303863392 26 22
303863391 6 3
303863390 19 15
303863389 3 1
303863388 0 2
303863387 5 18
303863386 2 1
303863385 2 1
303863384 5 2
303863383 10 2
303863382 0 1
303863380 50 42
303863379 4 1
303863378 8 5
303863377 3 1
303863375 1 2
303863373 2 2
303863372 0 2
303863371 0 2
303863367 25 7
303863365 1 8
303863364 1 3
303863363 36 27
303863361 0 1
303863359 2 6
303863358 4 2
303863356 3 9
303863355 18 7
303863354 26 11
303863353 9 25
303863352 6 1
303863350 4 8
303863349 0 1
303863347 6 2
303863346 2 4
303863343 15 36
303863341 8 1
303863340 2 1
303863339 3 1
303863338 10 2
303863337 1 7
303863336 0 3
303863335 32 6
303863333 3 2
303863332 71 12
303863331 13 18
303863330 7 9
303863328 6 2
303863327 223 37
303863325 33 4
303863324 19 2
303863323 5 1
303863322 2 5
303863321 7 0
303863320 3 1
303863319 4 2
303863318 23 7
303863316 70 7
303863314 2 1
303863312 13 5
303863311 3 4
303863310 9 5
303863309 27 22
303863308 4 1
303863307 4 1
303863306 4 2
303863304 74 12
303863303 38 33
303863302 2 2
303863301 8 7
303863300 3 9
303863299 3 2
303863298 4 4
303863296 1 2
303863295 11 7
303863293 6 2
303863292 20 5
303863291 15 3
303863290 3 5
303863289 15 10
303863288 4 1
303863287 24 22
303863286 31 26
303863285 752 145
303863284 7 6
303863282 55 43
303863281 4 2
303863280 57 7
303863279 7 6
303863277 22 34
303863276 9 5
303863275 6 5
303863274 6 4
303863273 3 4
303863271 4 2
303863270 19 9
303863269 4 5
303863268 22 3
303863267 0 11
303863266 27 23
303863265 17 1
303863264 3 1
303863263 0 1
303863262 2 7
303863259 2 0
303863258 37 33
303863257 93 12
303863256 39 40
303863255 21 13
303863254 95 19
303863253 195 6
303863252 5 9
303863250 6 3
303863249 3 2
303863248 1 1
303863247 22 7
303863246 2 3
303863245 4 3
303863244 2 2
303863243 1 1
303863242 257 36
303863241 1917 375
303863240 8 2
303863239 19 7
303863238 2 1
303863237 22 8
303863234 35 33
303863233 1 3
303863232 23 24
303863231 1 3
303863230 1 1
303863229 5 6
303863228 8 4
303863227 5 1
303863226 22 20
303863225 27 41
303863224 7 4
303863221 19 36
303863219 1 1
303863217 4 2
303863216 2 2
303863215 4 5
303863214 49 2
303863209 38 26
303863208 2 4
303863205 3 7
303863204 17 8
303863203 11 14
303863202 1 0
303863201 1 3
303863199 146 7
303863198 12 4
303863196 2 2
303863195 3 2
303863193 2 0
303863192 13 49
303863191 3 0
303863190 2 3
303863189 6 15
303863188 7 21
303863187 11 34
303863186 2 0
303863185 26 16
303863184 2 2
303863183 5 2
303863182 5 27
303863181 10 0
303863180 5 2
303863179 36 27
303863178 0 1
303863177 3 38
303863176 3 3
303863175 1 1
303863174 1 1
303863173 11 3
303863172 2 4
303863171 23 4
303863170 7 2
303863169 4 2
303863168 7 4
303863167 4 3
303863165 2 5
303863163 1 3
303863162 5 4
303863160 7 4
303863159 6 1
303863157 32 11
303863156 5 9
303863155 7 5
303863154 6 2
303863153 15 5
303863152 2 1
303863151 19 4
303863150 155 25
303863148 2 1
303863147 9 2
303863146 2 1
303863145 33 17
303863144 15 38
303863143 5 1
303863142 3 6
303863141 4 1
303863140 2 10
303863137 72 8
303863136 4 1
303863135 218 7
303863134 12 6
303863133 352 51
303863131 8 6
303863130 2 3
303863129 87 6
303863128 3 2
303863127 34 18
303863126 19 39
303863125 2 0
303863123 160 14
303863122 4 2
303863119 1 3
303863118 854 121
303863117 5 3
303863116 0 4
303863115 2 1
303863114 6 4
303863113 9 2
303863112 8 28
303863111 2 7
303863110 52 10
303863109 372 39
303863108 93 13
303863107 21 3
303863106 27 4
303863104 4 1
303863102 0 5
303863101 3 1
303863099 10 31
303863098 1 1
303863097 235 25
303863096 19 4
303863095 2 1
303863094 4 4
303863093 13 1
303863092 4 1
303863091 16 4
303863090 20 3
303863089 14 16
303863088 4 2
303863087 5 2
303863086 5 3
303863085 3 1
303863084 2 1
303863083 1 3
303863082 22 6
303863081 4 3
303863080 19 3
303863079 1 0
303863078 195 23
303863077 29 19
303863076 4 3
303863075 8 3
303863074 2 3
303863072 18 3
303863070 2 8
303863068 6 1
303863067 4 1
303863066 136 16
303863065 1 1
303863064 181 24
303863063 237 19
303863062 94 11
303863061 21 48
303863060 2 0
303863059 1 0
303863058 9 2
303863057 2136 304
303863056 7 3
303863055 5 4
303863054 79 6
303863053 138 7
303863052 35 18
303863050 50 17
303863049 95 6
303863047 0 3
303863046 0 1
303863045 4 8
303863044 6 6
303863043 9 3
303863042 6 8
303863041 6 4
303863040 4 7
303863038 21 9
303863037 139 10
303863036 5 3
303863035 126 11
303863034 3 2
303863033 3 0
303863032 3 2
303863031 43 52
303863030 1 1
303863029 2 1
303863028 4 0
303863027 1 2
303863026 8 0
303863025 70 5
303863024 0 0
303863023 0 11
303863020 4 0
303863017 1 2
303863016 79 7
303863015 5 0
303863014 107 22
303863013 4 4
303863011 38 56
303863009 63 8
303863008 143 12
303863007 20 3
303863006 17 5
303863005 12 44
303863003 10 2
303863001 101 6
303863000 32 37
303862999 0 9
303862998 1 0
303862997 21 4
303862996 8 10
303862995 110 11
303862994 2 5
303862992 81 3
303862991 3 8
303862990 146 17
303862989 21 16
303862988 1 2
303862987 0 7
303862986 118 10
303862984 6 5
303862983 1 0
303862982 29 38
303862980 186 12
303862979 2 2
303862978 5 5
303862977 3 0
303862975 6 2
303862974 2 5
303862973 7 50
303862972 0 1
303862971 3 6
303862970 19 3
303862969 1 2
303862968 1 2
303862967 3 4
303862966 0 2
303862965 16 14
303862964 5 4
303862962 22 22
303862961 2 0
303862960 1 5
303862958 87 7
303862957 8 8
303862956 1 4
303862955 3 15
303862954 3 1
303862953 4 5
303862952 9 2
303862950 172 12
303862949 7 2
303862948 1 0
303862947 1 2
303862946 15 6
303862945 3 5
303862944 6 4
303862943 22 12
303862942 5 1
303862941 78 8
303862939 7 6
303862937 43 19
303862935 0 2
303862932 7 2
303862931 8 3
303862930 91 7
303862929 7 28
303862928 2 0
303862927 110 5
303862926 6 4
303862925 47 17
303862923 6 3
303862922 112 8
303862921 1 4
303862920 6 3
303862919 104 12
303862918 0 10
303862917 5 5
303862916 80 17
303862914 3 4
303862913 160 12
303862912 3 3
303862911 109 15
303862910 6 3
303862908 37 16
303862906 10 4
303862905 3 3
303862904 184 19
303862903 6 3
303862902 1 1
303862901 5 2
303862900 2 4
303862899 2 1
303862898 1 2
303862897 141 10
303862896 4 3
303862894 2 1
303862892 1 3
303862891 2 1
303862889 3 3
303862888 22 5
303862887 1 1
303862886 1 0
303862885 4 2
303862884 174 39
303862883 32 11
303862882 14 21
303862881 11 16
303862880 1 1
303862879 24 15
303862878 203 32
303862877 1 6
303862876 2 1
303862875 2 2
303862874 7 2
303862873 19 15
303862872 2 0
303862871 6 1
303862870 22 4
303862869 1 1
303862868 16 12
303862867 7 2
303862866 7 2
303862864 9 45
303862863 1 0
303862862 38 11
303862861 11 2
303862860 4 3
303862859 26 4
303862858 22 9
303862856 248 52
303862855 1 6
303862854 14 7
303862853 8 2
303862852 7 3
303862851 61 8
303862850 6 4
303862849 1 2
303862848 1 1
303862846 295 29
303862845 6 3
303862844 0 3
303862843 17 12
303862842 26 15
303862841 8 11
303862840 22 44
303862839 108 9
303862838 0 1
303862837 6 4
303862836 94 14
303862835 290 29
303862834 6 42
303862833 2 0
303862832 7 2
303862830 7 43
303862829 314 78
303862828 1 2
303862827 6 5
303862826 0 1
303862824 2 2
303862823 0 1
303862822 15 4
303862821 20 2
303862820 0 1
303862819 1278 145
303862818 13 57
303862817 4 1
303862816 82 12
303862815 1 1
303862814 9 4
303862813 4 1
303862812 27 4
303862811 41 20
303862810 181 25
303862809 8 4
303862808 4 2
303862807 1592 84
303862806 3 0
303862805 830 113
303862804 116 26
303862803 1 1
303862801 16 12
303862800 176 23
303862799 2 3
303862798 12 26
303862797 5 10
303862796 0 1
303862795 9 5
303862794 1 1
303862793 0 2
303862792 68 9
303862791 10 5
303862790 17 7
303862788 11 7
303862786 19 6
303862785 4 3
303862784 104 19
303862783 2 3
303862782 616 61
303862781 85 9
303862780 2 3
303862779 180 14
303862778 11 14
303862777 16 5
303862776 21 6
303862775 3 8
303862774 12 5
303862773 7 10
303862772 18 5
303862771 2 2
303862770 0 2
303862769 114 19
303862767 8 5
303862766 6 35
303862765 3 0
303862764 6 2
303862763 7 7
303862761 13 4
303862760 180 25
303862759 26 4
303862758 1 1
303862757 11 8
303862754 3 1
303862753 12 4
303862752 1 2
303862751 6 4
303862750 8 6
303862749 1 0
303862748 132 26
303862747 16 1
303862746 1 0
303862745 84 8
303862744 128 18
303862743 0 18
303862742 7 2
303862741 9 9
303862740 119 5
303862738 1 4
303862737 10 1
303862736 6 12
303862735 0 1
303862734 2 0
303862732 7 1
303862731 24 5
303862730 148 7
303862729 1 2
303862728 4 1
303862727 110 11
303862725 1 2
303862724 7 1
303862723 10 3
303862722 2 7
303862721 11 1
303862720 539 88
303862719 25 13
303862718 6 7
303862717 21 7
303862715 22 9
303862714 1 2
303862713 28 12
303862712 4 18
303862711 19 5
303862710 2 2
303862708 17 4
303862707 3 7
303862706 4 1
303862705 8 3
303862704 5 2
303862703 91 13
303862702 1 1
303862701 8 1
303862700 0 2
303862699 4 2
303862698 0 6
303862696 563 97
303862695 7 6
303862693 625 92
303862692 11 7
303862691 64 20
303862689 36 16
303862688 88 17
303862687 5 0
303862686 0 3
303862685 63 11
303862683 293 59
303862682 503 79
303862680 8 5
303862679 76 23
303862678 5 0
303862677 0 0
303862676 4 0
303862675 6 6
303862674 4 4
303862673 2 5
303862671 6 1
303862670 10 6
303862669 12 3
303862668 57 11
303862666 0 4
303862664 158 27
303862663 109 25
303862662 5 6
303862661 1269 242
303862660 0 1
303862659 0 0
303862658 349 84
303862657 7 3
303862655 1 6
303862654 0 0
303862652 7 1
303862650 540 92
303862649 7 0
303862647 159 18
303862646 773 154
