303956977 0 0
303941999 0 0
303938146 1 0
303863893 0 1
303856852 0 0
303856388 0 0
303801839 3 7
303800288 1 0
303799195 0 0
303736111 1 0
303735992 1 0
303735808 1 0
303724772 1 0
303680805 1 0
303679049 0 0
303678962 0 0
303678959 0 0
303672256 0 0
303671589 22 6
303669439 2 0
303669277 0 0
303669224 0 0
303669192 2 0
303666104 7 0
303661175 1 0
303661014 0 0
303652873 0 0
303652570 1 0
303652559 2 0
303622998 10 2
303613018 2 7
303586755 0 0
303583348 7 4
303583104 1 0
303580252 13 1
303579682 8 10
303579673 0 0
303577797 15 1
303576104 3 15
303575369 0 2
303574474 6 0
303574414 8 2
303572190 0 0
303569911 7 0
303569878 2 3
303568475 3 10
303565876 0 0
303565403 3 0
303565254 1 0
303558684 1 0
303534704 2 0
303522041 0 3
303507889 0 0
303507817 4 0
303507618 0 2
303507616 3 1
303507518 2 1
303506957 2 0
303506912 3 15
303506847 8 11
303506356 4 4
303503691 22 0
303502915 15 8
303502140 8 41
303501167 6 1
303499688 1 0
303499102 2 0
303499020 25 1
303498897 3 0
303498816 5 0
303498702 1 0
303498680 3 0
303498370 16 1
303497503 10 0
303497224 2 1
303497191 9 1
303497174 5 0
303496674 3 0
303496638 12 6
303496586 4 0
303495860 23 6
303495407 1 0
303495206 21 5
303495152 8 4
303494918 6 7
303494859 3 0
303494692 10 10
303493447 5 3
303492806 0 0
303492056 0 0
303491903 7 11
303491900 0 0
303491863 2 1
303491847 4 0
303491811 7 0
303491777 2 0
303491745 1 0
303491428 0 0
303491419 1 0
303491356 4 0
303490664 0 1
303490020 1 0
303489449 3 0
303489100 0 0
303488919 7 5
303487901 8 1
303486042 4 0
303485900 0 0
303476888 1 0
303476678 1 0
303475609 2 0
303474143 1 3
303474118 22 0
303474113 2 0
303474092 3 17
303474090 4 9
303474006 0 1
303473970 15 6
303473940 11 36
303473904 9 0
303473898 1 0
303473890 0 11
303473885 0 0
303473835 0 3
303473409 3 0
303473401 11 0
303473321 35 19
303473208 5 0
303472986 2 0
303472759 0 1
303472537 8 13
303472280 33 17
303472000 3 47
303471824 1 1
303471654 8 0
303471651 2 0
303471643 6 0
303471606 16 2
303471541 14 34
303471271 31 20
303471263 2 0
303471102 1 1
303470811 14 3
303470638 2 44
303470370 17 2
303469955 1 2
303469947 1 1
303469169 5 33
303466406 0 1
303464231 1 0
303462339 7 38
303459394 33 15
303457851 0 60
303457376 12 3
303457292 0 6
303456908 30 16
303456376 0 3
303456349 21 9
303455624 0 4
303455492 24 7
303455024 0 0
303454827 6 0
303454822 1 0
303451376 5 50
303448583 2 0
303448439 7 49
303448328 11 2
303448274 52 20
303448046 4 18
303447971 39 18
303447894 0 0
303447681 23 13
303447636 0 0
303447570 2 0
303447500 0 11
303447190 6 1
303447189 25 14
303447179 10 0
303447104 15 4
303447096 1 0
303447037 25 11
303446900 7 4
303446645 3 0
303446437 11 2
303446302 1 2
303446287 0 1
303446283 0 1
303446282 0 0
303445670 9 8
303445664 30 12
303445659 27 18
303445026 20 11
303444982 2 38
303444969 0 26
303444688 4 20
303443573 6 0
303443415 1 0
303442251 22 13
303441697 1 0
303440797 1 1
303440732 21 12
303440695 17 7
303440421 2 0
303439291 9 2
303439274 17 7
303436127 8 0
303435800 2 0
303435530 0 0
303435522 0 0
303435263 24 9
303434966 8 1
303434843 0 18
303434837 1 15
303434777 44 1
303434757 0 3
303434750 0 3
303434632 12 0
303434577 6 0
303434554 11 2
303434516 0 2
303434364 31 3
303434331 0 0
303434304 10 4
303434173 16 64
303433699 2 2
303433601 12 54
303433377 11 6
303432893 2 5
303432883 1 2
303432695 3 1
303432655 7 45
303432613 15 2
303432599 0 0
303432409 1 0
303431764 8 6
303431717 1 0
303430878 12 7
303430591 5 0
303430576 3 2
303430374 2 5
303430275 0 0
303430242 8 1
303430223 11 0
303430217 4 1
303430198 6 0
303430192 17 0
303430175 8 0
303430166 5 0
303430154 5 0
303430149 11 0
303430136 13 1
303430124 17 0
303430092 2 1
303430066 7 0
303430048 5 0
303430024 8 0
303429988 5 1
303429978 4 0
303429969 23 0
303429936 16 0
303429888 11 0
303429866 2 1
303429851 7 1
303429849 20 0
303429824 12 0
303429744 3 0
303429689 7 0
303429648 7 0
303429594 19 9
303429509 11 4
303429393 0 0
303429250 26 6
303429243 13 6
303427907 13 0
303427454 20 0
303426857 5 0
303426486 20 7
303426087 12 0
303425772 4 0
303425675 10 0
303425618 21 0
303425518 0 1
303425516 14 0
303425334 9 1
303425275 18 0
303425182 7 20
303425169 24 0
303424278 1 1
303424131 36 10
303423590 10 60
303422918 18 6
303421991 0 0
303421569 26 2
303421279 1 1
303420519 1 24
303420189 5 1
303419768 13 1
303419736 25 9
303419699 0 0
303419264 7 1
303417996 11 0
303417734 7 0
303417355 28 3
303416946 3 0
303416638 0 0
303414458 6 0
303414343 7 0
303414263 10 0
303414008 19 0
303413026 6 0
303412923 8 0
303412886 15 9
303412882 0 1
303412878 2 0
303412877 21 5
303412876 2 1
303412871 2 0
303412865 2 0
303412846 15 6
303412837 13 8
303412831 1 17
303412828 20 8
303412826 0 1
303412818 2 25
303412805 7 11
303412803 17 3
303412793 10 36
303412783 33 12
303412781 13 2
303412775 2 0
303412728 25 14
303412710 21 12
303412709 18 9
303412701 2 0
303412686 11 2
303412682 0 9
303412679 11 3
303412675 2 0
303412673 2 3
303412672 0 6
303412666 0 0
303412665 12 1
303412664 0 0
303412661 5 0
303412656 0 0
303412654 7 17
303412648 26 0
303412645 12 0
303412642 19 9
303412639 0 2
303412638 0 0
303412636 20 9
303412635 18 9
303412634 10 0
303412632 1 0
303412631 0 1
303412630 8 1
303412627 11 5
303412626 6 0
303412623 16 7
303412616 0 3
303412613 0 2
303412610 1 0
303412600 8 1
303412599 18 7
303412597 5 0
303412594 5 2
303412590 0 0
303412576 0 0
303412575 19 0
303412573 0 0
303412572 7 1
303412567 1 0
303412566 25 10
303412560 6 0
303412559 6 0
303412558 16 0
303412555 10 0
303412551 6 0
303412548 15 5
303412546 5 69
303412540 0 0
303412536 0 0
303412534 2 1
303412531 1 1
303412528 0 2
303412527 27 9
303412526 23 7
303412524 7 0
303412523 8 0
303412521 18 0
303412519 4 0
303412518 3 0
303412516 2 0
303412515 2 1
303412512 18 1
303412507 16 0
303412506 20 6
303412501 32 9
303412500 4 0
303412496 9 0
303412495 5 0
303412494 30 12
303412493 8 12
303412492 0 0
303412490 0 2
303412489 0 2
303412487 11 1
303412485 10 2
303412484 19 1
303412478 2 0
303412475 27 7
303412473 2 54
303412463 2 0
303412460 10 1
303412452 2 0
303412447 15 8
303412445 10 2
303412442 17 2
303412427 2 0
303412424 5 3
303412422 0 0
303412418 10 5
303412412 8 1
303412407 2 0
303412405 1 0
303412404 9 0
303412403 15 2
303412401 8 0
303412399 22 2
303412397 4 4
303412395 4 3
303412388 15 3
303412384 2 0
303412383 5 3
303412381 4 1
303412380 18 5
303412378 15 7
303412377 22 3
303412376 8 1
303412374 1 0
303412369 9 0
303412367 20 8
303412364 4 0
303412362 5 2
303412361 11 1
303412360 3 18
303412359 2 1
303412358 1 2
303412349 17 3
303412346 5 0
303412345 19 4
303412343 19 5
303412334 1 14
303412333 14 2
303412332 1 9
303412329 6 0
303412327 7 29
303412325 9 36
303412324 4 1
303412322 19 8
303412316 22 10
303412313 26 2
303412308 2 0
303412303 15 5
303412301 15 0
303412298 0 2
303412297 13 37
303412294 13 0
303412292 16 3
303412290 4 0
303412289 5 10
303412287 21 5
303412285 20 13
303412281 6 1
303412277 20 2
303412276 21 16
303412274 2 2
303412270 21 14
303412268 0 0
303412266 1 2
303412265 4 3
303412259 1 1
303412257 0 0
303412256 2 0
303412255 1 2
303412254 1 3
303412253 14 108
303412251 2 2
303412248 2 0
303412247 24 12
303412246 0 0
303412243 0 1
303412239 2 0
303412235 22 8
303412231 35 13
303412230 5 90
303412226 0 0
303412224 0 0
303412223 20 0
303412220 8 75
303412205 4 0
303412203 1 0
303412202 52 7
303412198 0 0
303412197 22 5
303412196 13 4
303412195 34 6
303412194 9 1
303412193 2 0
303412192 0 1
303412189 9 1
303412188 17 0
303412187 6 0
303412181 10 6
303412179 36 6
303412176 0 0
303412175 2 0
303412167 18 5
303412164 11 1
303412158 16 2
303412156 19 10
303412155 0 0
303412154 1 56
303412147 15 4
303412146 2 31
303412139 21 2
303412137 4 45
303412130 30 1
303412128 16 4
303412122 21 13
303412119 25 0
303412117 8 1
303412107 1 0
303412105 4 2
303412102 6 0
303412086 22 9
303412085 7 0
303412063 3 24
303412062 11 0
303412053 3 1
303412050 18 6
303412044 0 0
303412031 13 0
303412030 8 1
303412029 9 9
303412016 1 0
303412015 12 1
303412014 2 1
303412012 1 3
303412009 8 2
303412008 17 4
303412007 13 0
303412006 23 3
303412005 2 0
303412004 8 7
303411997 12 3
303411995 10 0
303411994 14 3
303411993 1 1
303411991 14 39
303411988 7 3
303411987 10 0
303411986 2 2
303411984 0 0
303411983 3 0
303411982 0 0
303411979 15 8
303411978 8 12
303411974 9 0
303411973 16 11
303411972 15 3
303411971 15 8
303411970 5 16
303411967 8 14
303411966 3 21
303411965 10 1
303411964 15 8
303411959 4 15
303411958 12 1
303411957 2 52
303411956 17 8
303411954 27 6
303411952 7 1
303411951 7 0
303411950 2 0
303411947 10 1
303411946 12 1
303411945 0 0
303411944 12 4
303411943 17 6
303411942 22 6
303411941 19 5
303411939 8 1
303411938 0 0
303411937 31 2
303411936 26 2
303411935 19 7
303411934 1 2
303411932 7 5
303411930 0 0
303411928 2 0
303411927 0 0
303411923 1 0
303411922 1 0
303411921 10 1
303411920 4 0
303411918 11 0
303411917 5 24
303411915 1 0
303411914 21 8
303411913 14 0
303411912 0 0
303411911 2 0
303411909 28 7
303411908 2 0
303411907 10 1
303411906 23 7
303411903 10 7
303411902 19 12
303411900 4 29
303411898 0 0
303411896 16 3
303411895 5 4
303411894 2 2
303411893 6 0
303411891 7 17
303411889 13 16
303411887 17 8
303411885 9 0
303411884 7 0
303411883 2 0
303411882 1 0
303411881 15 7
303411880 12 0
303411879 2 0
303411878 6 3
303411876 7 5
303411874 0 0
303411872 13 23
303411871 10 8
303411870 0 0
303411869 10 1
303411868 2 0
303411865 9 19
303411864 104 4
303411863 23 1
303411856 18 0
303411855 17 10
303411853 7 6
303411849 10 19
303411848 6 3
303411846 17 4
303411841 11 15
303411837 13 3
303411834 14 1
303411833 1 0
303411832 1 0
303411830 8 0
303411829 1 1
303411824 22 12
303411822 8 1
303411821 1 0
303411820 3 0
303411818 0 0
303411816 0 0
303411814 13 6
303411813 16 8
303411811 0 0
303411809 17 0
303411806 2 1
303411805 13 0
303411804 10 4
303411802 195 3
303411798 35 0
303411797 23 0
303411795 3 6
303411794 25 19
303411792 14 8
303411790 9 0
303411786 15 1
303411780 14 11
303411777 20 0
303411775 27 47
303411772 19 6
303411770 0 0
303411769 8 40
303411767 5 3
303411763 8 5
303411762 0 3
303411761 20 0
303411759 2 7
303411757 7 0
303411756 47 1
303411755 0 1
303411753 2 0
303411751 37 4
303411750 16 2
303411749 16 1
303411748 4 0
303411746 8 0
303411745 19 5
303411744 15 12
303411742 13 1
303411739 0 40
303411738 16 3
303411737 1 2
303411733 0 0
303411732 0 0
303411730 13 1
303411729 9 0
303411724 9 0
303411722 1 0
303411720 130 1
303411716 15 2
303411715 0 1
303411713 37 1
303411711 2 0
303411710 0 1
303411709 19 9
303411708 4 1
303411707 3 5
303411706 25 16
303411704 13 0
303411701 9 1
303411699 4 7
303411697 3 0
303411696 17 0
303411694 14 0
303411693 2 0
303411691 17 12
303411690 9 0
303411689 2 0
303411687 8 0
303411686 1 0
303411685 10 0
303411684 23 13
303411680 2 2
303411679 4 11
303411675 19 11
303411674 0 1
303411672 2 0
303411671 6 1
303411670 1 0
303411668 20 12
303411665 9 43
303411664 15 11
303411663 13 0
303411662 13 4
303411661 12 40
303411660 12 0
303411659 27 9
303411658 7 0
303411657 0 0
303411655 12 2
303411654 0 0
303411653 15 13
303411652 0 0
303411650 15 0
303411649 0 0
303411648 0 0
303411646 11 0
303411643 18 7
303411642 23 0
303411641 19 4
303411640 6 1
303411639 8 1
303411638 9 1
303411636 21 0
303411634 13 0
303411631 26 0
303411628 9 0
303411627 14 3
303411626 13 0
303411625 18 0
303411622 2 0
303411621 6 0
303411620 19 14
303411619 10 0
303411618 13 0
303411617 7 67
303411616 4 0
303411615 6 0
303411612 1 0
303411611 11 0
303411610 5 0
303411609 16 0
303411608 0 0
303411607 16 3
303411605 9 8
303411603 19 0
303411602 11 0
303411599 18 0
303411596 9 0
303411595 13 0
303411594 128 1
303411593 11 0
303411592 1 40
303411591 9 0
303411590 124 0
303411589 20 0
303411587 3 0
303411586 11 0
303411585 25 13
303411584 4 0
303411583 1 0
303411582 9 0
303411581 21 0
303411579 0 7
303411575 97 1
303411574 11 0
303411573 27 8
303411572 0 0
303411571 1 0
303411570 8 0
303411569 1 0
303411567 13 0
303411565 0 0
303411563 11 0
303411558 18 9
303411557 11 1
303411556 20 11
303411555 9 0
303411553 11 1
303411551 10 0
303411550 18 3
303411549 9 1
303411548 20 7
303411547 20 0
303411546 16 7
303411545 17 4
303411542 2 4
303411539 18 9
303411538 7 10
303411537 19 0
303411536 8 0
303411535 0 0
303411534 5 1
303411533 6 0
303411532 7 0
303411531 0 0
303411530 9 0
303411529 22 7
303411526 19 4
303411525 21 5
303411524 0 0
303411522 21 2
303411521 14 1
303411520 169 4
303411518 6 4
303411517 13 0
303411516 1 0
303411515 16 0
303411514 29 1
303411510 17 1
303411509 16 0
303411508 16 3
303411507 12 2
303411506 4 0
303411503 16 0
303411501 146 5
303411500 9 1
303411499 20 1
303411497 5 2
303411495 8 1
303411494 8 1
303411493 18 1
303411492 6 0
303411491 10 1
303411490 7 1
303411489 5 0
303411488 5 0
303411487 13 4
303411486 13 1
303411485 4 0
303411484 17 0
303411482 15 1
303411481 4 0
303411480 16 1
303411479 9 2
303411478 6 0
303411477 16 0
303411472 117 2
303411471 9 0
303411470 13 0
303411469 14 0
303411467 60 1
303411466 13 0
303411465 4 0
303411462 134 2
303411461 25 1
303411460 1 0
303411458 22 4
303411457 9 1
303411456 5 63
303411454 214 3
303411453 16 48
303411451 11 0
303411450 2 0
303411447 19 1
303411446 109 3
303411444 0 1
303411443 16 1
303411441 16 89
303411440 29 5
303411439 1 25
303411437 1 26
303411436 1 0
303411435 91 5
303411434 5 2
303411432 4 3
303411430 12 4
303411428 26 2
303411427 2 0
303411426 14 1
303411425 24 4
303411424 183 4
303411422 8 2
303411421 1 0
303411419 19 2
303411418 0 0
303411416 18 3
303411415 18 3
303411412 12 0
303411410 0 0
303411408 11 6
303411407 19 8
303411404 8 0
303411403 10 6
303411402 8 6
303411401 13 0
303411400 9 0
303411399 1 2
303411398 114 1
303411397 8 6
303411396 10 6
303411394 9 0
303411393 186 2
303411392 0 0
303411391 148 4
303411390 18 0
303411389 2 6
303411388 21 24
303411387 146 5
303411384 14 3
303411382 15 1
303411381 1 0
303411379 339 2
303411378 16 0
303411377 0 0
303411376 14 0
303411375 2 2
303411374 9 4
303411371 43 4
303411370 0 0
303411369 13 0
303411366 9 5
303411365 13 4
303411364 5 5
303411363 5 4
303411362 11 1
303411360 13 5
303411359 15 2
303411358 10 24
303411353 11 19
303411352 219 20
303411348 11 1
303411347 14 0
303411345 6 2
303411344 1 0
303411343 13 0
303411342 2 1
303411341 6 2
303411340 1 0
303411339 8 3
303411338 6 3
303411337 0 0
303411336 5 2
303411335 5 26
303411333 7 4
303411332 5 5
303411331 8 5
303411329 12 0
303411328 12 3
303411326 75 3
303411325 10 4
303411324 13 0
303411322 11 0
303411321 0 0
303411320 10 0
303411319 9 2
303411318 0 0
303411317 10 3
303411315 14 0
303411313 9 0
303411312 6 1
303411311 0 0
303411310 13 0
303411309 13 5
303411308 13 2
303411307 6 21
303411306 26 3
303411304 11 0
303411300 20 0
303411299 8 4
303411298 9 3
303411297 67 5
303411295 0 23
303411292 7 3
303411291 10 1
303411290 270 2
303411289 8 1
303411288 2 1
303411287 0 0
303411285 17 0
303411284 17 0
303411283 184 1
303411281 9 1
303411279 7 12
303411277 26 15
303411276 3 22
303411275 269 1
303411274 49 1
303411273 9 7
303411272 6 6
303411271 12 7
303411270 8 6
303411268 1 8
303411267 9 5
303411266 10 7
303411265 7 6
303411264 2 1
303411263 8 4
303411261 6 5
303411260 8 0
303411259 7 1
303411258 7 0
303411257 11 4
303411256 17 1
303411255 13 0
303411254 8 2
303411252 15 1
303411251 76 2
303411249 0 0
303411248 9 0
303411246 6 0
303411245 9 1
303411244 0 0
303411243 13 0
303411242 55 2
303411240 10 0
303411238 9 5
303411237 0 0
303411236 0 0
303411235 12 0
303411234 10 2
303411233 7 2
303411232 5 0
303411230 6 6
303411229 4 29
303411228 6 2
303411227 10 0
303411226 215 5
303411225 0 16
303411224 8 0
303411223 0 0
303411222 2 0
303411221 5 2
303411220 11 1
303411219 16 1
303411218 1 0
303411217 15 1
303411216 13 0
303411215 12 0
303411212 225 17
303411210 9 0
303411209 11 0
303411207 14 2
303411205 8 0
303411204 17 0
303411203 9 3
303411202 0 5
303411201 167 0
303411199 11 0
303411198 11 1
303411196 1 0
303411195 2 11
303411193 6 2
303411192 2 1
303411190 0 0
303411189 20 1
303411188 11 3
303411187 10 0
303411186 1 0
303411184 9 0
303411183 18 1
303411182 10 4
303411181 167 3
303411180 14 0
303411179 0 0
303411178 9 2
303411177 6 10
303411176 6 3
303411175 8 0
303411172 1 0
303411171 154 4
303411168 18 7
303411167 12 0
303411166 12 0
303411165 10 0
303411164 6 0
303411163 5 4
303411162 1 0
303411161 10 2
303411159 13 1
303411158 10 8
303411157 19 0
303411156 0 0
303411155 3 6
303411154 15 2
303411153 0 0
303411152 14 0
303411151 11 0
303411150 12 0
303411148 6 1
303411147 4 0
303411146 0 0
303411145 175 1
303411144 13 6
303411143 15 4
303411142 9 2
303411141 16 19
303411140 8 2
303411139 7 4
303411138 14 0
303411137 116 3
303411135 10 0
303411134 7 3
303411133 12 4
303411132 22 2
303411131 15 0
303411130 11 3
303411129 305 8
303411128 0 0
303411127 3 27
303411126 85 3
303411124 9 3
303411123 8 1
303411122 133 1
303411120 10 0
303411118 9 1
303411117 19 5
303411116 11 1
303411115 9 1
303411114 132 4
303411113 16 0
303411112 4 2
303411111 3 0
303411109 6 3
303411108 2 0
303411107 6 4
303411106 80 0
303411105 8 2
303411104 5 1
303411103 10 5
303411102 10 3
303411100 96 1
303411099 3 2
303411098 7 0
303411097 17 1
303411096 3 3
303411095 4 4
303411094 2 2
303411093 12 0
303411092 15 0
303411090 1 0
303411089 84 0
303411088 2 0
303411087 121 0
303411083 21 0
303411082 1 0
303411081 10 3
303411080 12 0
303411078 7 0
303411077 5 1
303411076 176 3
303411075 14 0
303411072 10 2
303411071 0 0
303411070 11 9
303411069 13 1
303411068 7 0
303411067 13 0
303411065 12 1
303411064 10 6
303411063 18 7
303411061 20 1
303411060 220 4
303411059 1023 50
303411058 16 1
303411056 10 0
303411055 215 4
303411054 12 5
303411053 6 0
303411051 233 1
303411050 13 1
303411049 0 0
303411048 6 8
303411047 10 8
303411046 7 0
303411045 2 5
303411044 7 14
303411042 0 1
303411041 15 0
303411040 12 0
303411039 6 6
303411038 14 0
303411037 16 0
303411036 22 32
303411035 11 0
303411034 3 4
303411033 11 1
303411032 11 0
303411031 11 0
303411030 307 4
303411029 1 0
303411028 0 0
303411027 15 1
303411026 1 0
303411025 93 2
303411024 14 0
303411022 0 0
303411021 6 7
303411020 12 0
303411019 14 0
303411018 19 0
303411017 11 0
303411016 11 2
303411015 7 6
303411014 10 0
303411013 9 0
303411012 0 0
303411011 9 0
303411010 2 0
303411009 0 0
303411008 267 2
303411007 6 6
303411006 7 1
303411005 11 0
303411004 0 16
303411003 2 0
303411002 12 0
303411001 7 6
303411000 9 0
303410999 0 0
303410998 4 33
303410997 5 7
303410996 15 0
303410995 13 0
303410993 17 0
303410991 0 0
303410990 127 24
303410989 15 0
303410988 2 54
303410987 14 4
303410985 0 0
303410984 4 1
303410983 9 1
303410982 7 1
303410981 3 0
303410980 10 0
303410979 170 4
303410978 10 0
303410977 8 1
303410975 0 0
303410974 2 10
303410972 0 0
303410971 0 0
303410970 12 0
303410969 7 0
303410968 318 16
303410967 6 69
303410966 9 0
303410965 1 0
303410964 150 7
303410963 1 0
303410962 75 0
303410961 4 0
303410960 9 7
303410959 242 6
303410958 4 2
303410957 12 1
303410956 8 1
303410954 0 0
303410953 12 0
303410952 11 1
303410951 0 0
303410949 250 3
303410948 5 1
303410947 6 7
303410945 12 1
303410944 6 51
303410943 12 0
303410942 282 5
303410941 2 56
303410940 152 2
303410939 3 0
303410937 11 0
303410936 1 0
303410935 9 3
303410934 17 1
303410933 10 0
303410931 397 51
303410928 1 0
303410927 0 1
303410926 313 26
303410925 73 2
303410924 0 1
303410923 8 8
303410922 3 3
303410921 13 8
303410920 313 2
303410919 84 2
303410918 0 0
303410917 0 5
303410916 7 2
303410915 1 3
303410913 11 1
303410912 14 1
303410911 14 1
303410910 0 0
303410909 0 0
303410908 7 5
303410906 8 0
303410905 130 2
303410904 224 1
303410902 9 0
303410901 161 1
303410900 8 1
303410899 12 0
303410898 2 0
303410897 0 0
303410896 415 5
303410895 8 0
303410894 0 0
303410893 278 4
303410892 1 7
303410891 2292 395
303410889 0 0
303410888 1899 387
303410887 0 3
303410886 9 1
303410885 6 4
303410884 9 6
303410882 5 10
303410879 9 1
303410878 260 4
303410877 7 8
303410876 9 7
303410875 11 9
303410874 7 9
303410873 1 0
303410872 1 0
303410871 19 0
303410868 8 5
303410867 55 0
303410866 17 2
303410865 7 0
303410864 7 10
303410863 15 7
303410860 5 1
303410859 11 4
303410858 6342 430
303410857 450 16
303410856 0 0
303410855 0 0
303410853 21 23
303410852 5 6
303410851 15 0
303410850 0 0
303410849 7 6
303410848 7 7
303410847 9 0
303410846 3 9
303410845 7 0
303410844 256 4
303410843 6 2
303410842 1 0
303410841 11 8
303410840 6 1
303410839 10 0
303410838 192 1
303410837 15 7
303410836 246 5
303410834 9 12
303410833 1599 73
303410831 9 1
303410829 7 0
303410827 3392 382
303410826 11 1
303410825 8 0
303410824 15 1
303410823 10 1
303410822 122 2
303410821 12 58
303410820 4 9
303410819 13 0
303410817 7 7
303410816 234 4
303410815 205 2
303410813 300 6
303410812 0 1
303410811 983 12
303410810 0 1
303410809 2 11
303410808 156 2
303410807 169 2
303410805 7 6
303410804 4 7
303410803 2 6
303410802 12 0
303410801 10 5
303410800 0 0
303410798 11 0
303410796 0 1
303410795 2 33
303410794 7 6
303410792 1 8
303410791 2 3
303410790 0 44
303410789 193 10
303410788 192 4
303410785 7 4
303410784 2 6
303410783 9 1
303410782 822 13
303410781 9 9
303410780 0 1
303410779 1 3
303410778 7 1
303410777 201 8
303410776 0 0
303410775 0 0
303410774 10 0
303410773 1047 12
303410772 292 7
303410771 11 0
303410770 7 2
303410769 1 3
303410768 1 47
303410767 9 0
303410765 17 0
303410764 114 7
303410762 403 5
303410761 4 1
303410760 9 0
303410758 11 0
303410755 1 52
303410752 7 0
303410751 226 5
303410750 15 0
303410749 11 0
303410748 166 4
303410747 2 0
303410746 2 0
303410745 4 0
303410744 4 0
303410743 5 3
303410742 1 0
303410741 6 0
303410740 12 0
303410739 1 0
303410738 5 3
303410736 9 2
303410735 10 0
303410733 6 0
303410731 748 30
303410730 375 6
303410729 212 2
303410728 12 0
303410727 346 7
303410726 414 32
303410725 136 3
303410724 10 0
303410723 10 3
303410722 9 0
303410720 12 0
303410719 8 3
303410718 1818 28
303410717 14 0
303410715 7 0
303410714 12 0
303410713 11 0
303410712 403 10
303410711 3 3
303410710 1 4
303410709 938 17
303410708 4 0
303410707 1 0
303410706 0 0
303410703 0 1
303410702 6 2
303410701 9 0
303410700 2 2
303410699 95 2
303410698 4 2
303410697 4 1
303410696 5 0
303410694 1135 31
303410693 4 2
303410692 3 2
303410691 0 0
303410689 3 10
303410687 384 4
303410686 1 1
303410685 10 1
303410684 0 0
303410682 1 4
303410681 0 0
303410680 1 0
303410678 13 1
303410677 0 0
303410676 1 0
303410674 3 0
303410673 4 0
303410672 6 0
303410671 36 1
303410670 0 1
303410669 7 0
303410668 688 19
303410667 12 0
303410665 6 1
303410664 303 10
303410663 232 49
303410662 10 0
303410661 9 0
303410660 11 3
303410658 4 21
303410657 10 0
303410656 16 0
303410655 10 0
303410654 0 9
303410653 29 1
303410651 9 4
303410650 50 18
303410649 2 2
303410648 3 2
303410647 2 2
303410646 6 1
303410645 8 0
303410644 7 6
303410643 4 0
303410642 0 1
303410641 3 0
303410640 4 0
303410639 0 0
303410637 1 2
303410636 5 0
303410634 9 0
303410632 0 3
303410631 3 2
303410630 1 0
303410628 248 16
303410626 5 1
303410625 9 0
303410624 0 0
303410623 2 0
303410622 0 9
303410621 12 1
303410620 2 0
303410619 14 0
303410618 521 5
303410617 22 2
303410616 3 2
303410615 0 0
303410614 0 0
303410613 3 1
303410612 16 0
303410611 0 0
303410610 0 6
303410609 7 0
303410608 6 0
303410607 0 0
303410606 14 0
303410605 1 4
303410604 6 0
303410603 5 0
303410602 288 7
303410601 0 0
303410600 8 2
303410599 9 3
303410598 2 0
303410596 0 0
303410595 6 0
303410594 11 0
303410593 6 0
303410592 659 125
303410591 1 0
303410590 2 11
303410589 1 0
303410588 6 0
303410587 1 0
303410586 5 0
303410585 0 0
303410584 342 4
303410583 1 0
303410582 0 2
303410581 10 0
303410578 11 0
303410577 2 1
303410576 8 2
303410574 0 0
303410573 0 0
303410571 1 1
303410570 3 0
303410569 124 2
303410568 10 1
303410567 0 0
303410566 0 0
303410565 3 0
303410564 0 0
303410563 6 0
303410560 228 3
303410559 9 1
303410558 0 0
303410556 0 0
303410555 10 0
303410554 0 4
303410553 4 1
303410552 0 5
303410551 5 0
303410550 3 0
303410549 4 0
303410548 1 2
303410547 4 0
303410545 0 0
303410544 5 0
303410543 8 0
303410542 2 0
303410541 2 1
303410540 1196 17
303410539 6 12
303410538 3 0
303410536 1 0
303410535 2 0
303410534 7 0
303410533 0 1
303410532 0 0
303410529 2 0
303410525 0 1
303410524 6 8
303410523 1 1
303410522 0 0
303410521 4 1
