303956903 1 0
303952453 0 0
303950650 2 0
303941747 0 0
303941213 0 0
303937730 0 0
303901290 1 3
303865081 1 0
303864517 0 0
303863158 0 0
303863138 0 0
303856831 3 1
303804360 2 0
303798106 1 0
303798095 0 0
303798091 0 0
303798086 0 0
303796102 0 0
303795946 0 1
303761211 1 1
303749640 0 0
303744946 1 0
303741633 0 0
303741632 0 0
303741389 1 0
303735997 0 0
303733669 1 0
303733645 1 0
303733644 0 1
303733636 0 0
303723046 0 0
303685015 0 0
303671832 3 0
303670024 0 0
303669979 0 0
303668423 4 0
303664426 2 0
303657856 4 0
303638993 2 2
303629278 3 0
303629203 1 1
303588212 1 0
303586679 1 2
303586295 0 2
303586102 0 7
303585867 0 0
303559771 1 1
303559766 4 0
303498885 2 0
303495138 0 0
303493999 1 1
303485207 7 1
303473625 2 0
303473623 1 0
303412312 0 3
303412311 0 3
303411564 6 0
303410127 1 0
303410114 1 5
303382880 7 0
303359759 0 0
303325809 0 0
303324678 0 23
303324093 12 8
303324081 10 1
303319234 0 1
303318624 0 0
303317318 0 0
303315180 4 0
303250834 1 1
303250258 0 0
303249774 13 0
303247189 0 0
303243510 2 1
303239510 2 2
303235503 0 1
303219640 1 1
303202444 5 0
303147245 1 0
303147179 0 1
303121566 5 0
303115709 6 1
303077825 0 0
303077683 2 0
303076873 5 1
303072642 5 3
303072601 0 0
303068990 4 30
303068352 7 2
303005672 1 0
302988115 4 1
302987379 1 2
302987177 5 0
302986031 0 0
302980457 0 0
302980442 1 0
302978870 1 6
302978362 8 1
302978322 3 3
302970832 0 0
302949351 3 0
302946073 3 2
302894219 4 6
302893878 6 0
302886849 6 0
302884091 3 0
302883828 1 0
302883743 2 1
302870803 22 1
302860437 21 1
302831956 0 0
302830455 1 0
302818269 6 0
302817060 1 0
302814475 4 0
302812058 0 28
302810639 1 0
302808136 0 0
302796256 0 0
302796254 0 0
302776116 0 0
302775998 0 0
302775538 0 1
302744065 1 0
302731093 0 0
302730986 11 0
302729085 1 0
302728261 8 0
302728249 0 0
302726461 0 2
302726425 0 0
302725586 2 1
302725457 0 0
302722049 0 1
302721580 0 0
302721570 4 6
302645174 0 0
302645000 12 3
302644410 2 3
302643166 7 0
302643165 4 0
302643155 5 1
302640199 1 35
302636336 9 0
302634223 0 0
302570940 14 1
302569382 9 0
302569379 11 1
302569180 3 2
302567107 0 0
302567099 7 2
302565220 0 0
302523740 2 0
302497532 2 0
302497406 1 0
302497165 1 33
302496708 9 2
302496217 3 8
302491604 1 1
302491602 0 2
302491277 4 0
302491267 5 0
302491266 0 1
302491264 1 2
302490978 26 1
302490373 0 2
302489304 2 19
302487598 0 3
302485814 10 0
302485656 1 0
302478580 5 2
302476744 14 1
302476730 6 5
302476721 4 0
302475594 5 0
302475588 8 0
302443623 2 1
302442415 1 1
302411716 3 0
302404013 5 0
302404010 7 0
302402177 3 1
302402115 8 2
302401639 4 0
302401353 6 0
302400127 29 2
302399291 3 1
302390976 5 28
302388635 1 3
302363853 8 76
302363848 4 62
302363750 10 58
302360356 3 1
302347599 0 0
302328441 0 0
302328349 17 2
302327369 13 3
302322757 7 2
302316781 3 0
302316589 0 0
302316305 2 5
302316151 4 12
302315889 29 0
302314471 4 0
302314284 2 0
302312907 10 4
302310880 15 25
302307337 7 1
302307318 0 0
302307075 0 0
302306155 8 0
302301895 2 0
302301301 23 0
302265622 9 4
302252414 1 0
302252202 3 1
302238376 9 7
302237545 26 3
302237437 2 1
302236107 7 0
302236038 0 0
302236034 0 0
302232546 0 0
302232438 20 3
302232342 22 2
302231772 6 0
302231043 2 1
302227234 1 0
302219120 0 0
302195377 10 0
302191760 7 32
302181715 14 0
302181711 6 2
302181707 1 0
302181706 1 0
302181705 2 0
302180608 4 1
302180543 7 13
302180321 3 0
302179463 10 1
302179015 4 0
302178381 11 2
302176091 4 0
302174406 27 0
302174250 2 1
302174232 23 5
302173799 0 0
302172647 1 29
302172347 0 0
302161635 8 0
302133487 1 1
302124532 1 20
302119932 0 3
302119334 2 0
302118315 2 1
302117352 21 1
302117020 6 1
302106470 13 2
302106469 1 0
302106465 6 3
302093292 2 0
302092466 1 3
302085552 2 0
302085550 3 0
302079824 0 0
302078974 16 0
302078510 1 0
302078508 3 2
302078497 2 6
302078260 37 3
302078164 16 1
302078079 1 4
302077646 0 0
302073822 3 1
302073819 2 0
302063964 3 1
302044409 6 1
302040247 4 35
302035592 0 0
302035586 14 1
302035534 7 2
302031867 14 31
302031864 3 17
302031762 2 1
302031340 1 3
302030338 1 0
302030154 11 2
302028578 12 5
302028560 8 0
302028081 32 0
302027538 7 0
302026500 2 0
302008834 6 9
301976808 0 0
301975922 5 0
301971636 19 1
301971444 0 0
301971320 0 0
301967717 32 0
301966269 16 0
301965017 4 1
301964832 5 21
301964073 8 8
301958748 2 2
301925044 0 0
301924986 6 0
301919960 0 0
301919818 17 2
301919122 3 12
301918028 15 3
301912917 0 0
301903257 1 0
301901565 10 1
301901561 6 2
301901550 28 2
301901522 17 3
301864346 0 0
301864343 5 2
301864307 4 7
301864280 5 2
301864135 0 0
301859262 29 1
301858941 4 0
301858938 3 1
301857919 8 1
301857614 3 0
301857601 4 3
301854599 5 1
301851807 16 0
301849226 27 2
301849210 15 4
301847557 0 0
301840061 28 1
301810027 0 0
301809830 1 0
301807030 1 0
301801673 9 2
301799112 4 0
301799069 0 0
301799059 10 0
301799005 1 2
301798832 5 0
301798662 25 2
301798645 5 1
301798482 0 0
301798227 4 2
301798224 1 2
301798223 4 0
301798220 13 0
301798192 11 2
301798143 3 0
301797991 2 0
301796898 2 1
301796889 3 0
301795996 3 0
301794789 17 1
301794044 6 0
301793582 2 1
301793439 4 22
301792388 7 1
301791264 9 0
301791223 1 2
301789614 4 2
301789583 2 6
301789279 6 0
301789273 15 1
301789271 5 2
301787367 3 22
301787348 2 22
301786669 1 0
301779982 3 1
301778784 29 0
301776783 2 0
301764095 0 25
301759422 3 1
301755185 3 2
301740485 0 0
301738206 2 0
301738203 6 2
301736645 1 0
301726897 4 0
301726516 1 0
301726303 0 1
301726066 6 0
301726029 5 0
301725889 1 0
301725653 1 0
301724865 1 0
301724832 3 4
301724831 7 9
301724355 0 0
301723080 4 0
301722925 0 0
301722886 1 1
301718676 0 3
301718674 0 4
301718157 11 2
301717854 0 0
301717712 0 0
301717643 3 4
301717397 0 0
301717366 0 4
301717356 8 0
301717115 0 3
301716992 0 0
301716872 0 0
301716834 6 4
301716682 4 2
301716679 12 24
301716677 7 5
301716454 0 0
301716439 3 3
301716299 6 29
301716264 1 0
301716172 4 0
301715917 11 5
301715684 1 1
301715190 0 0
301715104 1 0
301714977 1 0
301714927 2 8
301714720 18 26
301714197 4 0
301714038 29 4
301713571 10 9
301712135 16 2
301710872 31 1
301710865 2 0
301710860 24 1
301706602 3 0
301705491 24 2
301705347 1 1
301705047 0 5
301704495 21 3
301704218 4 0
301703849 5 0
301702385 6 0
301699795 27 7
301696563 0 0
301684470 0 0
301665023 3 3
301663450 0 1
301663448 0 1
301663446 15 3
301663443 15 1
301662455 2 1
301661887 8 0
301661835 0 0
301661071 8 0
301659596 0 0
301659101 0 0
301658715 6 0
301656765 28 6
301656252 0 3
301651762 0 0
301651293 0 5
301651271 0 0
301651216 1 41
301651122 27 0
301651076 2 0
301650691 4 0
301650641 2 1
301650392 45 2
301650388 33 12
301650313 7 27
301650122 11 4
301649594 7 3
301648918 0 0
301648868 0 0
301648823 21 0
301648117 6 10
301647069 2 0
301647051 27 2
301646978 2 4
301646911 5 56
301646805 5 3
301646709 24 1
301646549 7 1
301646400 21 0
301646046 6 4
301645753 2 1
301645564 14 2
301645444 1 0
301644751 0 0
301644651 6 2
301644365 1 1
301643833 2 1
301643819 29 2
301643736 0 0
301643622 0 0
301643561 7 7
301643418 5 0
301642972 7 2
301642622 0 0
301642559 4 13
301642383 0 0
301642379 0 0
301642071 1 1
301641891 0 0
301641738 1 1
301641727 30 1
301640844 0 1
301639186 7 2
301638204 0 0
301638200 0 0
301637889 4 1
301637806 30 3
301636010 0 0
301631754 3 1
301631473 33 2
301630526 1 0
301629499 0 0
301629496 1 0
301628723 14 2
301627577 23 1
301627570 28 3
301626491 4 2
301621928 0 0
301619379 51 1
301618708 5 0
301618455 30 1
301618021 0 0
301614073 4 15
301611677 1 0
301611470 8 1
301611457 20 0
301607713 1 0
301606477 47 1
301605787 26 1
301602778 27 5
301598712 3 0
301597470 13 9
301597280 7 0
301597253 2 1
301597212 17 1
301597076 6 0
301595839 2 1
301595462 3 0
301592122 16 2
301589704 0 0
301586167 1 0
301586163 6 9
301585991 1 5
301585880 0 0
301585645 12 1
301585608 22 0
301585557 0 0
301585546 10 1
301585483 15 2
301585286 18 1
301585284 38 1
301585229 18 0
301585109 6 0
301585077 0 0
301584988 1 0
301584981 13 2
301584769 5 1
301584749 3 6
301584741 12 5
301584734 3 0
301584675 5 0
301584662 1 0
301584604 12 0
301584602 4 2
301584544 3 0
301584404 6 0
301584392 19 1
301584286 15 1
301584243 15 0
301584224 2 0
301584221 1 0
301584159 21 0
301584051 6 0
301584001 10 0
301583994 15 0
301583320 2 0
301583290 5 0
301582849 0 0
301582449 11 0
301582426 0 0
301582337 6 0
301582039 15 0
301582035 15 6
301581915 25 2
301581907 8 1
301581902 7 0
301581830 15 1
301581639 9 3
301581626 0 0
301581592 4 11
301581495 0 0
301581469 1 0
301581428 0 0
301581427 0 0
301581371 7 0
301581353 9 2
301581327 8 4
301581279 21 4
301581268 5 0
301581209 14 0
301581086 14 1
301581050 0 0
301581011 25 2
301580968 3 2
301580873 6 0
301580744 2 2
301580739 1 0
301580714 4 0
301580508 2 0
301580386 0 2
301580312 0 0
301580184 16 3
301580179 20 0
301580143 1 8
301579988 0 0
301579876 1 0
301579769 6 17
301579612 2 2
301579562 7 30
301579490 18 1
301579126 3 0
301579068 5 0
301579055 9 0
301578801 4 5
301578797 4 0
301578720 0 0
301578642 0 0
301578616 0 0
301578601 0 0
301578443 20 1
301578394 5 0
301578190 3 0
301578155 25 1
301578086 1 0
301577881 1 0
301577736 11 2
301577509 1 0
301577161 16 1
301577088 13 1
301576973 4 76
301576890 4 0
301576535 2 0
301576530 0 0
301576496 1 1
301576453 14 2
301576109 3 1
301576064 0 0
301575903 22 3
301575795 0 0
301575459 3 6
301575345 0 0
301574815 0 1
301574733 14 14
301573767 12 9
301573525 32 2
301572618 5 0
301571498 32 0
301569092 25 0
301568868 3 0
301568752 2 0
301568653 22 2
301568417 5 0
301568415 7 8
301567860 7 15
301566970 7 4
301566875 0 0
301566783 0 0
301566672 21 0
301566669 4 1
301566307 20 2
301566201 7 1
301566061 20 3
301565151 11 22
301564052 2 22
301563941 4 1
301563789 2 1
301563366 7 0
301562865 2 0
301559472 26 4
301554786 1 0
301554782 9 2
301554494 0 0
301554401 4 23
301554245 1 0
301554184 7 27
301554055 46 0
301553795 4 0
301553364 7 105
301553111 3 0
301553033 3 1
301552896 1 0
301552833 21 7
301552190 46 1
301551226 0 0
301550979 8 7
301550776 6 35
301550696 7 30
301550650 4 0
301550609 5 31
301550489 10 0
301550399 11 0
301550090 7 2
301549983 3 1
301549565 20 2
301548485 5 0
301548458 0 0
301548428 1 13
301548412 3 0
301548375 0 0
301548290 10 8
301547955 1 0
301547757 10 0
301547749 1 2
301547739 0 0
301547731 27 1
301547719 14 0
301547712 11 1
301547650 10 1
301547487 15 1
301547480 2 0
301547455 16 4
301547116 0 0
301547043 12 0
301546969 3 7
301545941 9 0
301545754 22 1
301545751 6 1
301545390 1 1
301545382 1 0
301545379 4 0
301545142 12 2
301544964 13 1
301544816 1 0
301544316 4 0
301544127 1 0
301540668 34 1
301539226 0 0
301538798 3 0
301535746 1 0
301535744 2 0
301535712 4 1
301535685 9 43
301535666 5 1
301535604 19 0
301535299 0 1
301535217 1 0
301535188 10 3
301535143 28 1
301534988 0 0
301534732 1 1
301534718 34 3
301534633 1 0
301534590 21 5
301534582 15 0
301534576 4 0
301534574 13 1
301534571 8 0
301534377 6 13
301534165 4 0
301534156 13 1
301534152 3 1
301534098 44 3
301534055 7 0
301533906 3 1
301533899 35 0
301533807 0 4
301533803 3 1
301533795 24 4
301533760 8 2
301533508 0 0
301532922 1 0
301532756 28 7
301532723 22 6
301531530 34 5
301531475 0 1
301530214 19 2
301530143 0 30
301529904 3 38
301529851 8 0
301529552 2 4
301528927 0 0
301528777 3 0
301528647 3 0
301527599 12 0
301527214 730 10
301526794 3 2
301524020 6 1
301523612 0 0
301523381 23 4
301523360 0 0
301523358 7 19
301523315 0 0
301523257 0 0
301523237 7 28
301523207 5 1
301523189 3 0
301523141 0 0
301523101 0 0
301523072 10 5
301523040 0 0
301523012 27 1
301522990 13 2
301522971 1 3
301522931 0 0
301522915 1 6
301522884 14 15
301522855 0 0
301522854 0 0
301522809 0 0
301522804 1 0
301522796 2 0
301522793 6 1
301522788 0 0
301522771 7 0
301522728 3 0
301522725 1 0
301522641 1 0
301522636 1 0
301522625 6 2
301522584 23 7
301522570 1 0
301522569 1 0
301522563 0 0
301522552 21 3
301522525 2 0
301522523 23 1
301522503 0 0
301522488 0 0
301522481 18 13
301522464 33 0
301522463 16 4
301522462 0 0
301522459 44 0
301522451 4 1
301522433 5 5
301522432 0 0
301522430 7 0
301522421 5 1
301522413 5 1
301522405 17 9
301522403 2 0
301522401 5 0
301522395 0 0
301522373 19 2
301522365 0 0
301522355 24 0
301522354 2 4
301522346 14 2
301522328 5 1
301522327 7 3
301522302 2 0
301522298 4 0
301522281 16 0
301522280 13 1
301522236 0 0
301522218 0 0
301522207 6 1
301522191 11 19
301522187 0 0
301522174 5 0
301522166 3 4
301522164 1 1
301522159 4 0
301522156 23 1
301522147 9 1
301522136 16 3
301522133 10 4
301522112 0 0
301522089 22 2
301522060 18 1
301522054 18 1
301522034 0 0
301522007 47 1
301521992 5 0
301521990 3 3
301521979 7 3
301521978 2 0
301521977 2 0
301521976 0 0
301521956 5 3
301521954 1 1
301521948 0 0
301521932 1 0
301521923 21 26
301521913 7 3
301521907 3 0
301521906 26 13
301521899 14 15
301521885 0 0
301521848 15 0
301521816 1 0
301521794 5 3
301521771 19 1
301521755 19 0
301521753 6 27
301521685 9 2
301521681 0 1
301521676 0 0
301521671 2 1
301521667 38 1
301521642 0 0
301521623 16 2
301521610 1 0
301521606 1 0
301521592 0 0
301521589 1 1
301521576 10 3
301521556 0 0
301521555 0 0
301521550 9 0
301521535 4 1
301521508 0 0
301521493 11 51
301521486 34 18
301521480 0 2
301521448 0 0
301521442 2 3
301521385 1 0
301521373 45 1
301521354 9 1
301521293 0 0
301521277 2 9
301521261 25 5
301521253 3 0
301521252 4 0
301521251 3 0
301521250 11 6
301521247 0 0
301521244 22 1
301521193 23 2
301521153 3 0
301521146 8 2
301521145 3 5
301521125 56 2
301521094 3 5
301521081 16 0
301521077 0 0
301521038 27 1
301521025 5 0
301520986 2 0
301520984 0 1
301520980 0 0
301520974 13 1
301520964 0 0
301520947 0 2
301520944 0 0
301520921 10 6
301520914 5 1
301520912 2 0
301520873 0 0
301520858 8 0
301520838 8 23
301520821 9 1
301520754 4 0
301520743 3 0
301520740 3 6
301520739 3 0
301520734 17 3
301520729 4 0
301520687 30 1
301520683 26 3
301520660 14 0
301520657 30 1
301520651 16 26
301520624 2 58
301520611 1 0
301520606 14 2
301520605 5 0
301520604 14 0
301520564 7 0
301520525 0 0
301520485 12 3
301520482 0 0
301520434 44 4
301520418 8 0
301520416 18 4
301520372 7 2
301520333 3 5
301520311 5 2
301520303 1 0
301520276 21 5
301520271 1 0
301520261 1 0
301520241 26 0
301520229 6 2
301520154 2 56
301520141 10 10
301520047 3 31
301519970 2 0
301519960 9 3
301519954 14 2
301519932 11 3
301519928 31 1
301519909 16 2
301519870 5 1
301519837 41 6
301519792 0 0
301519741 7 3
301519669 11 0
301519662 4 1
301519647 2 0
301519517 7 2
301519496 7 0
301519423 27 0
301519332 27 0
301519284 7 0
301519253 1 0
301519143 13 2
301519039 0 0
301518980 0 0
301518936 1 0
301518885 0 2
301518861 0 1
301518764 0 0
301518725 10 1
301518601 17 1
301518537 0 0
301518338 0 0
301518331 5 4
301518330 5 12
301518326 4 5
301518324 4 6
301518301 2 2
301518292 0 0
301518290 0 0
301518262 1 0
301518250 0 0
301518241 9 17
301518222 2 1
301518215 36 1
301518207 17 1
301518199 17 4
301518197 0 0
301518195 10 1
301518189 1 0
301518185 0 0
301518181 5 1
301518175 0 13
301518169 4 12
301518151 3 0
301518117 13 0
301518116 0 0
301518114 0 0
301518112 5 0
301518111 4 0
301518106 0 0
301518105 0 0
301518098 0 0
301518097 6 0
301518096 4 0
301518088 0 0
301518075 0 4
301518069 0 0
301518067 0 0
301518066 7 2
301518035 3 0
301518031 2 0
301518008 10 48
301518006 1 0
301517988 2 0
301517982 0 0
301517977 9 3
301517972 2 68
301517970 30 2
301517955 15 2
301517944 1 0
301517937 6 0
301517931 27 1
301517923 3 1
301517922 0 0
301517905 2 6
301517903 1 0
301517899 0 1
301517897 0 0
301517894 0 0
301517892 8 0
301517889 6 7
301517887 11 0
301517874 4 0
301517866 6 19
301517845 32 5
301517838 13 0
301517835 0 0
301517833 2 9
301517828 0 0
301517818 3 0
301517816 0 2
301517815 28 9
301517814 26 9
301517810 3 1
301517770 0 1
301517767 13 5
301517764 0 0
301517763 1 19
301517762 0 0
301517757 2 16
301517750 27 8
301517736 0 1
301517719 0 0
301517712 0 0
301517711 6 4
301517710 0 0
301517708 0 0
301517704 0 1
301517691 0 0
301517690 1 2
301517679 1 0
301517675 0 0
301517654 3 1
301517650 0 0
301517633 1 6
301517629 11 0
301517625 1 5
301517624 6 7
301517620 17 1
301517614 0 0
301517611 0 0
301517609 0 0
301517606 2 36
301517589 4 3
301517574 0 0
301517566 0 0
301517558 0 0
301517529 0 1
301517528 0 0
301517527 0 0
301517521 0 0
301517517 0 1
301517494 0 0
301517493 2 1
301517492 0 0
301517476 49 5
301517474 32 6
301517472 11 4
301517465 14 0
301517464 4 0
301517463 4 1
301517457 17 4
301517444 14 1
301517439 0 1
301517435 1 9
301517424 0 0
301517421 0 0
301517409 32 0
301517406 0 0
301517403 14 0
301517395 9 0
301517391 1 0
301517383 1 0
301517382 0 0
301517366 2 0
301517365 16 0
301517345 23 1
301517344 8 4
301517343 38 1
301517340 0 4
301517332 1 0
301517331 20 5
301517328 6 0
301517325 0 2
301517323 6 2
301517321 0 1
301517313 8 1
301517306 0 1
301517301 0 1
301517282 14 2
301517281 17 2
301517276 0 0
301517274 18 1
301517270 0 2
301517269 30 40
301517268 0 0
301517260 14 40
301517250 0 0
301517245 0 0
301517244 0 0
301517242 1 0
301517239 4 0
301517238 1 0
301517232 1 7
301517228 12 1
301517227 12 2
301517226 2 0
301517224 0 0
301517222 4 2
301517221 14 6
301517215 32 4
301517209 1 2
301517208 6 7
301517206 15 1
301517205 10 1
301517199 11 2
301517185 18 0
301517184 11 1
301517182 17 6
301517176 18 8
301517167 244 15
301517165 25 13
301517164 15 7
301517160 12 11
301517150 13 4
301517149 2 1
301517132 8 33
301517124 14 0
301517123 14 0
301517119 2 2
301517110 1 1
301517109 2 1
301517108 13 1
301517093 7 9
301517087 19 1
301517081 0 0
301517072 3 1
301517071 13 0
301517064 1 21
301517057 1 0
301517036 11 1
301517033 10 2
301517029 3 0
301517027 0 0
301517011 0 2
301517009 3 0
301517001 0 2
301516997 0 2
301516996 0 0
301516995 0 0
301516992 21 10
301516990 2 0
301516976 0 0
301516963 13 1
301516962 16 4
301516957 0 0
301516955 2 24
301516953 7 16
301516952 0 0
301516949 25 0
301516947 6 0
301516942 3 0
301516941 0 3
301516936 0 0
301516934 0 0
301516931 6 1
301516917 3 5
301516916 0 0
301516910 0 0
301516907 1 0
301516903 12 1
301516861 0 0
301516855 5 3
301516836 1 3
301516833 2 0
301516832 7 2
301516829 1 2
301516828 1 1
301516827 0 2
301516825 0 2
301516824 5 12
301516819 0 1
301516814 4 3
301516809 13 4
301516805 22 2
301516803 1 0
301516799 47 1
301516798 9 0
301516796 0 15
301516791 3 17
301516790 7 3
301516786 0 0
301516778 3 1
301516777 1 6
301516771 4 0
301516769 0 0
301516768 2 3
301516755 6 12
301516747 0 0
301516744 0 3
301516739 0 0
301516732 3 0
301516728 1 5
301516727 0 0
301516725 21 18
301516720 4 19
301516713 0 0
301516711 11 14
301516708 6 1
301516703 18 2
301516694 0 1
301516693 0 2
301516684 0 5
301516672 7 13
301516669 1 6
301516668 7 4
301516665 8 6
301516664 2 0
301516661 0 0
301516660 0 1
301516659 1 4
301516657 11 1
301516654 3 5
301516653 8 3
301516652 0 0
301516649 5 1
301516647 3 6
301516646 191 6
301516641 18 3
301516631 5 1
301516630 19 2
301516627 0 12
301516620 3 1
301516616 4 2
301516605 0 2
301516603 13 2
301516598 1 0
301516577 0 3
301516576 21 1
301516572 0 5
301516568 0 1
301516563 19 4
301516561 20 7
301516556 6 1
301516555 3 25
301516552 4 1
301516550 10 1
301516545 0 2
301516543 0 1
301516540 1 3
301516538 3 1
301516530 6 3
301516524 2 5
301516518 0 8
301516516 2 1
301516514 47 9
301516513 1 2
301516512 0 1
301516510 0 4
301516508 22 9
301516506 1 2
301516504 0 2
301516502 0 1
301516498 1 1
301516486 24 7
301516477 4 1
301516473 0 0
301516463 0 2
301516456 10 64
301516450 6 4
301516443 16 4
301516436 26 3
301516423 5 3
301516421 5 10
301516418 7 6
301516415 1 4
301516400 20 4
301516393 24 6
301516392 8 0
301516387 4 3
301516384 21 3
301516377 2 2
301516372 14 1
301516370 1 0
301516368 0 0
301516367 1 1
301516366 3 0
301516363 10 3
301516357 1 12
301516356 1 1
301516350 26 2
301516349 17 0
301516344 1 1
301516340 0 0
301516338 7 0
301516334 11 2
301516332 0 1
301516326 2 1
301516319 3 0
301516317 1 4
301516308 1 4
301516303 22 1
301516296 5 1
301516294 20 1
301516291 5 0
301516282 0 1
301516274 18 1
301516272 0 3
301516271 18 1
301516270 12 12
301516266 0 5
301516265 0 0
301516262 10 0
301516258 0 6
301516255 1 1
301516254 1 5
301516251 4 0
301516248 2 3
301516246 0 0
301516243 10 45
301516230 2 1
301516228 28 7
301516227 1 8
301516224 4 18
301516222 0 3
301516220 1 2
301516217 1 4
301516212 0 1
301516208 4 0
301516205 12 1
301516201 1 0
301516200 1 3
301516198 32 3
301516186 0 0
301516162 3 0
301516157 3 0
301516155 26 3
301516148 31 3
301516141 1 2
301516131 2 9
301516129 0 1
301516127 2 1
301516126 0 0
301516116 0 0
301516115 1 0
301516112 2 41
301516106 1 0
301516099 6 1
301516094 10 3
301516091 0 0
301516090 0 2
301516085 3 1
301516082 6 7
301516078 4 26
301516077 0 1
301516075 1 0
301516073 0 1
301516068 1 0
301516067 31 2
301516066 25 3
301516065 6 1
301516058 2 1
301516050 3 0
301516046 5 0
301516043 2 1
301516042 0 0
301516020 0 0
301516016 1 0
301516015 0 0
301516011 37 4
301516010 9 0
301516008 1 0
301516006 0 0
301515992 0 0
301515990 0 0
301515977 0 0
301515975 5 21
301515973 0 0
301515972 2 0
301515969 0 0
301515954 3 6
301515953 0 0
301515952 0 1
301515942 6 0
301515941 1 0
301515939 6 1
301515935 0 0
301515928 0 0
301515925 0 0
301515924 1 0
301515922 1 0
301515916 22 27
301515903 0 0
301515902 1 1
301515900 1 0
301515897 0 0
301515895 24 1
301515893 36 7
301515889 1 0
301515888 18 4
301515887 7 0
301515886 0 0
301515884 5 0
301515882 24 2
301515880 7 0
301515871 0 0
301515870 0 0
301515869 0 1
301515863 0 0
301515861 0 0
301515858 19 0
301515857 0 0
301515850 0 0
301515842 7 24
301515838 0 0
301515831 0 0
301515829 16 2
301515827 0 0
301515820 1 0
301515818 1 1
301515814 4 1
301515812 1 0
301515809 6 1
301515808 5 51
301515805 0 1
301515798 11 0
301515795 7 35
301515794 1 0
301515790 1 1
301515782 5 0
301515779 1 5
301515778 2 3
301515775 2 0
301515772 3 1
301515768 5 2
301515766 0 1
301515762 9 2
301515759 4 36
301515752 3 1
301515751 6 0
301515741 0 1
301515733 1 2
301515717 2 1
301515716 2 0
301515715 11 0
301515703 30 3
301515696 1 0
301515694 16 0
301515692 2 0
301515691 0 1
301515686 0 0
301515684 0 0
301515683 1 0
301515682 0 0
301515681 28 1
301515677 3 18
301515675 0 0
301515672 0 1
301515670 0 0
301515668 0 0
301515666 0 2
301515653 29 2
301515648 1 0
301515634 0 1
301515632 0 0
301515631 4 0
301515626 0 2
301515621 2 0
301515611 15 43
301515604 2 2
301515603 3 2
301515589 0 1
301515587 0 3
301515585 5 0
301515581 8 1
301515580 5 3
301515576 2 0
301515573 9 60
301515572 0 0
301515571 21 1
301515570 0 0
301515563 9 41
301515549 0 0
301515548 0 0
301515547 30 1
301515543 3 0
301515534 0 2
301515524 2 0
301515523 6 8
301515520 11 60
301515515 2 0
301515510 0 4
301515501 0 0
301515499 0 1
301515497 17 2
301515496 0 1
301515492 0 1
301515489 19 3
301515487 24 1
301515482 2 0
301515476 13 36
301515474 0 2
301515473 4 3
301515472 2 2
301515465 1 3
301515463 2 44
301515459 38 28
301515455 3 1
301515452 1 0
301515451 3 1
301515449 2 0
301515448 31 1
301515441 6 2
301515438 1 35
301515431 23 2
301515423 0 2
301515413 0 5
301515400 11 14
301515399 2 0
301515398 0 0
301515395 17 2
301515392 0 0
301515391 2 0
301515388 0 4
301515385 2 3
301515381 2 3
301515378 4 5
301515377 0 3
301515368 11 0
301515366 2 0
301515362 2 0
301515360 6 0
301515356 1 0
301515355 31 0
301515354 2 0
301515351 0 0
301515349 9 2
301515348 4 2
301515347 0 0
301515346 0 0
301515345 18 39
301515343 17 0
301515335 14 2
301515328 2 2
301515325 15 0
301515324 27 2
301515323 2 0
301515318 5 0
301515314 8 2
301515313 3 30
301515312 2 0
301515310 4 0
301515308 1 0
301515307 0 0
301515306 6 1
301515301 0 0
301515297 2 0
301515289 1 1
301515283 21 28
301515279 0 1
301515271 0 0
301515266 46 4
301515262 2 4
301515244 12 1
301515243 4 2
301515242 0 3
301515237 19 2
301515218 0 0
301515212 2 1
301515209 0 0
301515206 32 9
301515203 17 1
301515202 5 1
301515201 3 0
301515198 11 1
301515191 5 14
301515185 27 2
301515181 1 0
301515177 0 0
301515170 1 5
301515169 0 0
301515168 6 1
301515164 0 1
301515160 27 3
301515155 0 1
301515151 5 2
301515146 11 2
301515145 4 0
301515140 0 0
301515139 0 0
301515134 21 1
301515133 6 13
301515123 10 47
301515111 7 11
301515085 0 2
301515081 0 0
301515080 1 1
301515078 22 2
301515072 14 6
301515055 0 0
301515040 15 2
301515039 4 0
301515034 3 1
301515029 20 1
301515025 3 1
301515023 0 0
301515014 2 8
301515012 7 2
301515011 12 1
301515010 4 3
301514998 23 2
301514997 0 0
301514977 2 2
301514974 6 3
301514960 1 2
301514958 58 8
301514942 42 6
301514935 31 0
301514932 15 0
301514930 5 4
301514923 18 1
301514910 12 2
301514908 18 0
301514904 9 31
301514903 6 9
301514902 13 42
301514899 0 1
301514891 25 0
301514890 6 3
301514886 2 0
301514877 4 12
301514876 0 0
301514867 1 1
301514865 336 62
301514864 7 2
301514863 5 0
301514859 26 3
301514852 1 2
301514850 0 0
301514847 12 1
301514845 7 2
301514838 1 0
301514834 1 0
301514828 11 0
301514826 2 1
301514825 404 52
301514824 2 0
301514823 13 0
301514821 31 2
301514820 4 4
301514818 22 27
301514807 0 1
301514806 1 5
301514801 0 0
301514796 0 0
301514787 0 0
301514785 0 0
301514784 2 0
301514781 1 1
301514778 8 2
301514774 0 1
301514773 1 3
301514771 1 0
301514765 1 0
301514760 1 1
301514753 1 2
301514747 3 0
301514742 27 0
301514739 39 45
301514735 4 6
301514732 5 20
301514730 16 1
301514725 10 2
301514724 4 3
301514718 5 1
301514717 9 4
301514715 43 9
301514698 2 0
301514695 1 0
301514691 4 0
301514688 3 4
301514675 27 0
301514674 6 0
301514660 1 2
301514650 2 0
301514644 4 0
301514640 7 25
301514638 6 33
301514637 10 0
301514635 1 6
301514627 3 89
301514621 2 6
301514620 10 2
301514618 5 0
301514616 14 4
301514614 2 21
301514611 6 18
301514610 8 3
301514609 13 7
301514593 7 0
301514592 8 0
301514591 27 9
301514577 17 1
301514574 0 1
301514572 0 0
301514570 0 0
301514569 1 0
301514568 16 3
301514566 16 8
301514565 0 3
301514560 8 8
301514559 1 0
301514556 12 22
301514552 0 2
301514550 8 1
301514540 1 13
301514539 3 3
301514536 4 0
301514532 9 1
301514527 14 3
301514526 2 20
301514524 0 0
301514521 15 9
301514515 0 0
301514513 2 0
301514504 4 0
301514502 25 2
301514500 6 2
301514498 1 4
301514487 6 2
301514485 0 0
301514479 25 0
301514472 1 2
301514470 0 2
301514469 0 2
301514464 15 2
301514459 0 1
301514457 14 0
301514455 9 2
301514450 1 1
301514444 0 0
301514443 0 0
301514442 4 0
301514441 0 3
301514440 0 1
301514434 18 7
301514423 1 0
301514421 19 3
301514414 4 37
301514400 2 1
301514399 9 27
301514393 3 2
301514388 3 0
301514382 0 1
301514380 5 4
301514363 0 0
301514361 1 0
301514360 2 3
301514357 1 2
301514356 2 0
301514354 5 0
301514351 0 0
301514350 0 0
301514345 3 2
301514342 24 1
301514339 0 0
301514334 20 5
301514324 3 3
301514323 1 0
301514319 12 1
301514317 33 10
301514312 22 2
301514304 14 71
301514301 8 30
301514299 1 0
301514297 4 10
301514294 1 0
301514293 0 0
301514292 0 0
301514289 515 16
301514287 19 0
301514284 30 0
301514279 0 0
301514277 0 1
301514276 8 32
301514274 2 0
301514273 13 20
301514272 4 8
301514265 2 5
301514262 3 0
301514259 0 1
301514258 31 0
301514256 2 0
301514254 0 0
301514253 613 40
301514251 2 0
301514248 61 0
301514247 6 0
301514240 0 0
301514239 1 1
301514236 7 3
301514232 4 4
301514231 17 41
301514230 0 0
301514229 1 0
301514223 0 0
301514218 4 0
301514215 19 1
301514211 0 0
301514210 0 0
301514209 10 13
301514207 15 3
301514203 16 3
301514197 17 5
301514196 0 0
301514193 27 28
301514191 3 0
301514190 0 1
301514187 0 0
301514183 0 0
301514179 0 1
301514178 12 1
301514170 8 31
301514167 1 1
301514163 0 0
301514161 0 1
301514160 0 2
301514159 29 3
301514157 1 3
301514154 0 0
301514152 0 1
301514148 4 0
301514146 3 0
301514140 2 1
301514139 0 3
301514137 13 61
301514136 9 31
301514134 17 4
301514131 1 1
301514130 6 41
301514129 0 5
301514122 1 1
301514119 7 2
301514112 1 0
301514105 0 0
301514096 3 0
301514095 11 32
301514089 0 0
301514080 8 8
301514078 0 0
301514077 31 0
301514071 1 0
301514069 0 0
301514068 4 4
301514063 2 2
301514058 2 0
301514055 27 3
301514053 12 2
301514051 8 0
301514046 1 0
301514044 18 1
301514040 106 5
301514036 0 0
301514035 0 2
301514032 7 1
301514023 12 0
301514021 1 1
301514020 32 2
301514017 0 5
301514011 1 0
301514006 5 1
301514003 17 0
301513996 5 40
301513995 1 0
301513994 1 1
301513993 5 0
301513992 9 32
301513990 0 1
301513989 1 2
301513988 13 5
301513987 13 2
301513986 2 1
301513985 2 0
301513984 17 15
301513983 1 2
301513981 3 1
301513980 0 3
301513979 9 8
301513977 0 1
301513975 7 3
301513972 0 0
301513971 0 2
301513967 0 0
301513950 2 1
301513948 0 1
301513945 2 1
301513940 5 1
301513939 2 0
301513937 2 0
301513933 1 2
301513932 1 2
301513930 4 11
301513928 12 5
301513927 5 1
301513924 49 3
301513921 2 3
301513920 1 1
301513919 4 2
301513917 14 2
301513916 0 1
301513911 5 20
301513908 92 2
301513902 368 13
301513901 6 6
301513898 1 1
301513897 1 1
301513896 4 0
301513895 55 7
301513893 27 3
301513892 277 19
301513891 2 0
301513888 9 2
301513886 48 3
301513885 3 9
301513880 5 1
301513870 4 6
301513869 1 0
301513868 16 63
301513866 0 3
301513862 0 0
301513861 0 0
301513858 28 3
301513857 0 3
301513856 3 0
301513855 2 1
301513854 1 4
301513853 0 1
301513851 2 3
301513850 4 0
301513840 0 0
301513839 17 3
301513838 0 1
301513837 1 1
301513836 0 1
301513834 1 0
301513832 20 3
301513829 1 0
301513828 0 1
301513826 37 3
301513819 41 17
301513813 0 0
301513810 0 1
301513804 14 16
301513801 1 0
301513794 6 1
301513792 13 3
301513791 0 0
301513789 14 0
301513788 10 1
301513787 32 1
301513786 1 0
301513784 0 0
301513782 0 0
301513779 10 1
301513773 0 0
301513771 2 0
301513762 32 0
301513760 3 6
301513758 6 37
301513756 7 0
301513755 5 0
301513753 17 1
301513750 5 1
301513749 0 0
301513742 0 0
301513730 0 0
301513727 16 1
301513721 1 2
301513720 9 5
301513718 0 1
301513717 12 43
301513715 1 1
301513714 1 0
301513713 0 0
301513712 4 52
301513711 8 42
301513706 0 0
301513703 9 111
301513702 2 2
301513701 25 2
301513700 0 0
301513695 0 0
301513691 0 0
301513689 30 55
301513681 0 0
301513679 0 0
301513677 39 3
301513673 0 1
301513672 7 0
301513670 15 1
301513669 5 0
301513663 0 0
301513661 7 2
301513659 3 50
301513655 1 1
301513649 0 0
301513648 6 0
301513642 11 48
301513641 4 0
301513638 7 1
301513634 3 31
301513633 1 0
301513630 0 0
301513627 0 0
301513625 19 1
301513624 4 3
301513622 0 0
301513620 1 1
301513615 34 2
301513614 8 50
301513612 0 0
301513609 3 0
301513608 254 1
301513606 5 0
301513605 0 0
301513603 0 1
301513599 5 1
301513598 0 0
301513593 17 47
301513592 14 8
301513590 20 1
301513584 3 1
301513578 14 1
301513569 631 14
301513566 16 58
301513564 16 9
301513563 20 2
301513561 25 1
301513560 2 0
301513551 10 1
301513549 37 5
301513543 6 0
301513536 5 11
301513535 4 0
301513528 1 30
301513527 1 0
301513523 0 0
301513520 0 0
301513519 1 0
301513517 9 1
301513515 2 0
301513510 1 0
301513507 17 1
301513506 23 0
301513505 14 1
301513496 0 0
301513495 4 0
301513491 0 0
301513488 1 0
301513487 0 0
301513483 0 0
301513481 0 0
301513479 11 0
301513478 0 0
301513468 0 0
301513466 0 0
301513461 1 1
301513460 0 2
301513459 24 2
301513454 14 3
301513453 296 13
301513448 27 11
301513446 0 0
301513444 0 1
301513442 0 0
301513439 1 0
301513437 1 1
301513436 0 0
301513433 6 1
301513428 2 0
301513424 2 0
301513421 23 5
301513415 0 1
301513413 0 1
301513412 237 7
301513411 5 1
301513410 12 37
301513409 1 0
301513406 0 0
301513405 1 5
301513404 43 5
301513399 5 9
301513396 0 3
301513391 1 0
301513389 0 0
301513388 0 0
301513386 1 0
301513384 0 0
301513383 0 18
301513381 24 3
301513380 20 0
301513377 22 2
301513375 15 6
301513371 498 63
301513369 0 3
301513361 4 2
301513359 2 2
301513353 1 1
301513344 1 2
301513342 3 1
301513331 3 1
301513329 6 5
301513326 4 6
301513322 1 1
301513321 1 1
301513320 3 1
301513317 7 1
301513315 5 1
301513313 6 45
301513310 16 3
301513306 9 2
301513305 5 24
301513302 4 1
301513297 5 1
301513291 6 5
301513286 6 3
301513277 13 19
301513276 19 4
301513275 21 2
301513271 1 3
301513263 40 2
301513260 14 68
301513255 0 1
301513252 4 5
301513249 21 5
301513240 2 1
301513237 5 1
301513236 6 1
301513235 5 48
301513232 8 2
301513230 1 1
301513229 18 23
301513225 17 2
301513222 0 2
301513220 1300 29
301513217 9 2
301513215 0 1
301513213 0 1
301513210 3 1
301513207 19 11
301513205 18 29
301513203 0 2
301513200 0 2
301513199 1679 77
301513198 7 4
301513197 0 1
301513196 5 4
301513195 2 0
301513194 27 3
301513188 22 9
301513187 1 1
301513184 1 0
301513164 0 0
301513162 1 0
301513161 1 0
301513158 17 36
301513153 3 9
301513152 1 0
301513150 1 17
301513145 0 0
301513141 1 3
301513135 0 0
301513125 7 81
301513124 1 4
301513123 24 48
301513114 19 2
301513106 32 4
301513104 21 53
301513102 1 4
301513101 0 5
301513097 0 0
301513095 8 9
301513089 0 3
301513087 0 4
301513086 3 4
301513085 4 12
301513084 2 5
301513083 15 2
301513081 7 2
301513079 29 12
301513076 6 30
301513070 2 3
301513069 0 0
301513068 11 0
301513067 0 1
301513063 4 2
301513062 0 1
301513061 3 1
301513060 0 2
301513058 3 12
301513051 2 3
301513048 4 0
301513044 4 8
301513040 21 3
301513037 176 5
301513035 1 1
301513034 0 1
301513031 0 0
301513026 6 0
301513025 0 0
301513023 3 0
301513019 0 0
301513018 22 4
301513015 2 0
301513014 1 2
301513011 2 0
301513009 1 2
301513004 0 0
301513002 0 3
301512991 3 0
301512986 2 2
301512984 2 66
301512981 4 6
301512978 1 0
301512975 12 26
301512974 7 18
301512971 2 1
301512968 0 2
301512967 9 21
301512966 12 1
301512965 0 0
301512962 0 0
301512961 23 1
301512960 0 0
301512957 4 30
301512955 0 1
301512950 5 1
301512948 1 0
301512945 1 0
301512938 1 0
301512926 1 0
301512925 81 2
301512923 10 31
301512921 0 0
301512920 2 0
301512908 1 0
301512907 5 32
301512905 11 32
301512904 0 0
301512900 11 34
301512893 0 0
301512882 0 0
301512880 2 0
301512876 0 0
301512871 0 8
301512864 7 25
301512856 3 0
301512849 0 3
301512843 0 0
301512840 4 15
301512839 4 20
301512821 24 2
301512811 0 0
301512798 2 0
301512792 0 0
301512771 0 1
301512765 13 2
301512747 0 0
301512741 0 0
301512740 12 0
301512735 0 0
301512730 1 0
301512725 38 9
301512722 10 0
301512718 2 0
301512717 22 20
301512711 0 6
301512708 1 0
301512705 8 53
301512702 0 0
301512697 0 0
301512693 0 8
301512685 1 0
301512677 170 5
301512672 0 0
301512657 22 2
301512635 5 23
301512622 9 32
301512615 0 4
301512613 0 4
301512611 0 3
301512609 0 3
301512607 0 3
301512604 0 1
301512602 29 3
301512601 7 0
301512599 2 0
301512597 0 0
301512596 3 1
301512595 33 17
301512592 34 4
301512589 3 3
301512587 4 2
301512582 2 1
301512578 2 0
301512577 7 3
301512560 1 26
301512553 8 35
301512548 687 17
301512527 2 0
301512526 8 0
301512517 17 32
301512510 5 1
301512509 2 0
301512491 1 1
301512476 39 1
301512468 1 2
301512466 29 3
301512457 2 18
301512456 36 4
301512452 2 0
301512449 13 0
301512447 1 0
301512440 6 0
301512433 5 2
301512424 1 0
301512423 7 43
301512422 18 2
301512419 1 0
301512403 2 0
301512402 0 0
301512399 5 0
301512394 23 8
301512382 0 0
301512377 0 1
301512376 5 0
301512372 36 1
301512363 9 0
301512362 1 3
301512354 15 1
301512352 11 5
301512350 1 7
301512348 14 1
301512346 1 5
301512345 6 0
301512337 1 0
301512324 5 4
301512322 22 1
301512316 1 0
301512303 0 18
301512293 4 22
301512290 380 6
301512279 8 0
301512271 12 10
301512268 2 0
301512267 1 0
301512266 7 19
301512265 2 5
301512261 2 0
301512259 0 0
301512249 0 0
301512246 0 0
301512244 1095 81
301512242 0 0
301512240 0 0
301512237 2 1
301512234 8 3
301512233 0 0
301512232 0 0
301512228 1069 20
301512227 7 1
301512215 0 0
301512213 4 0
301512208 0 0
301512207 5 0
301512200 32 2
301512181 11 5
301512174 6 5
301512151 23 11
301512149 5 1
301512142 2 0
301512135 1 0
301512127 4 4
301512125 0 0
301512112 19 2
301512107 8 0
301512101 15 2
301512099 3 0
301512098 17 10
301512092 3 1
301512087 0 0
301512079 0 0
301512078 27 0
301512075 3 1
301512072 1 0
301512071 2 0
301512070 534 8
301512068 3 16
301512056 11 3
301512047 5 2
301512038 4 0
301512029 0 0
301512027 1 0
301512021 0 0
301512019 1 0
301512017 15 1
301512016 18 2
301512013 9 8
301512012 4 1
301512000 1 0
301511996 3 0
301511995 0 1
301511993 0 0
301511987 0 0
301511983 0 0
301511982 8 0
301511981 0 0
301511980 7 0
301511975 0 1
301511974 0 1
301511972 12 4
301511968 1 1
301511960 10 2
301511952 0 0
301511945 3 0
301511941 2 0
301511940 0 0
301511935 40 3
301511926 8 3
301511924 0 0
301511923 0 0
301511921 18 2
301511919 2 0
301511916 0 0
301511915 0 0
301511914 2 3
301511909 0 0
301511906 13 12
301511904 2 0
301511902 7 2
301511897 563 11
301511896 0 0
301511895 0 7
301511892 0 7
301511889 1 1
301511886 5 16
301511876 45 1
301511872 9 1
301511870 3665 30
301511868 12 3
301511863 7 4
301511861 16 3
301511859 19 1
301511857 36 0
301511855 0 3
301511848 0 0
301511846 3 0
301511845 4 0
301511842 4 1
301511839 0 0
301511838 2 0
301511837 0 1
301511836 1 1
301511828 1410 18
301511819 0 1
301511815 4 0
301511812 3 2
301511806 1 1
301511804 0 1
301511803 3 29
301511800 23 2
301511792 0 0
301511791 0 0
301511790 0 0
301511782 12 2
301511774 31 2
301511772 2 0
301511771 5 0
301511767 2 0
301511760 8 0
301511754 25 5
301511748 1089 8
301511747 0 1
301511743 1 0
301511742 0 1
301511741 23 4
301511735 1 0
301511734 0 0
301511732 2 0
301511730 3 1
301511728 8 3
301511722 0 0
301511721 4 0
301511717 6 0
301511711 0 0
301511708 4 0
301511705 32 1
301511701 27 1
301511694 476 18
301511689 2 18
301511685 6 3
301511683 0 1
301511682 8 1
301511677 19 0
301511673 3 37
301511672 5 3
301511671 5 2
301511663 0 1
301511661 0 0
301511657 19 13
301511656 4 22
301511653 9 3
301511651 0 2
301511643 5 19
301511642 3 11
301511639 1 2
301511634 8 1
301511632 2 26
301511630 1 0
301511626 4 18
301511625 15 3
301511623 2 3
301511620 6 5
301511618 506 18
301511616 4 0
301511609 2 3
301511607 2 1
301511606 0 0
301511604 16 2
301511603 6 1
301511598 4 18
301511591 13 4
301511587 13 0
301511579 0 0
301511570 35 1
301511566 22 10
301511560 6 0
301511556 33 16
301511550 0 3
301511549 3 0
301511547 4 0
301511539 5 0
301511525 4 0
301511523 6 0
301511522 0 1
301511520 5 0
301511519 0 0
301511510 9 0
301511503 1 0
301511502 2 0
301511499 3 0
301511494 2 2
301511487 7 1
301511483 23 1
301511482 0 0
301511479 0 0
301511476 3 0
301511474 0 0
301511471 3 3
301511463 0 0
301511457 6 7
301511447 0 0
301511445 44 2
301511441 3 0
301511434 7 0
301511429 7 0
301511417 5 4
301511414 7 0
301511406 0 0
301511405 16 2
301511402 8 3
301511396 32 0
301511394 7 0
301511393 0 0
301511391 5 0
301511387 16 4
301511386 4 0
301511385 9 1
301511378 3 2
301511368 2 0
301511367 1376 9
301511363 5 27
301511359 522 26
301511356 4 5
301511355 0 0
301511345 0 0
301511344 23 10
301511333 0 0
301511332 0 0
301511330 3 1
301511326 0 1
301511324 2 0
301511321 0 7
301511317 4 13
301511313 13 3
301511306 9 0
301511299 4 3
301511295 23 1
301511294 3 4
301511293 0 0
301511286 14 0
301511283 3 0
301511281 10 23
301511279 0 2
301511270 1 20
301511269 0 0
301511259 8 1
301511253 1 0
301511250 3 19
301511248 0 0
301511231 20 2
301511230 1 0
301511226 0 0
301511225 2 15
301511224 20 4
301511223 2 1
301511222 7 0
301511218 0 0
301511215 4 22
301511211 1 0
301511203 1 0
301511177 2 0
301511174 246 24
301511171 0 0
301511168 2 59
301511165 5 0
301511163 1 3
301511154 3 0
301511152 7 28
301511143 0 0
301511139 13 2
301511136 0 0
301511132 0 0
301511129 0 1
301511127 6 14
301511120 1 0
301511119 7 17
301511114 6 0
301511112 5 2
301511111 5 0
301511104 1 4
301511103 8 15
301511102 2 0
301511101 0 5
301511095 4 0
301511092 28 7
301511080 5 30
301511078 1 3
301511076 0 1
301511075 1 1
301511061 13 1
301511053 5 0
301511052 0 0
301511041 12 7
301511040 1 0
301511036 12 8
301511026 3 0
301511024 7 4
301511021 2 12
301511015 3 10
301511008 3 0
301511006 6 46
301511004 280 4
301511003 2 0
301511001 0 0
301510992 6 1
301510990 0 0
301510982 35 1
301510975 1 0
301510966 24 8
301510965 3 4
301510963 0 2
301510962 0 1
301510961 7 0
301510946 5 0
301510945 0 2
301510938 3 0
301510937 5 1
301510929 1 0
301510923 0 0
301510922 0 0
301510914 1 2
301510906 2 0
301510905 12 16
301510904 7 2
301510900 0 4
301510898 0 0
301510894 0 3
301510890 246 6
301510888 1 0
301510879 0 0
301510878 147 6
301510869 33 0
301510867 10 44
301510865 0 0
301510864 1 0
301510848 0 0
301510845 4 2
301510836 0 0
301510834 12 1
301510831 0 2
301510829 4 0
301510827 4 1
301510826 1938 240
301510810 28 10
301510806 3 2
301510802 7 34
301510801 0 2
301510796 35 17
301510793 0 0
301510788 1 0
301510787 0 0
301510785 4 0
301510782 3 0
301510778 6 0
301510776 9 41
301510767 5 1
301510766 0 0
301510762 5 0
301510758 0 0
301510755 11 56
301510748 5 3
301510739 1 0
301510738 4 28
301510735 3 0
301510730 0 2
301510728 7 0
301510723 26 2
301510718 1 4
301510715 8 0
301510712 1 0
301510711 10 26
301510709 4 5
301510704 5 2
301510702 0 1
301510700 570 4
301510686 3 0
301510683 1 0
301510682 2 0
301510679 0 0
301510668 5 22
301510667 2 0
301510664 1150 8
301510657 0 0
301510655 1 7
301510651 1 0
301510650 1624 54
301510647 2 0
301510636 989 6
301510627 1 1
301510623 5 0
301510617 1 0
301510616 545 8
301510612 4 0
301510611 0 0
301510606 2 0
301510595 24 0
301510590 9 3
301510587 2 0
301510584 19 5
301510582 4 1
301510579 5 2
301510578 1 25
301510570 8 0
301510569 0 0
301510567 3 0
301510562 2 0
301510555 7 1
301510550 0 0
301510547 7 0
301510537 0 0
301510527 15 1
301510524 0 0
301510519 0 0
301510517 2 1
301510515 15 31
301510507 2 0
301510496 155 20
301510488 0 0
301510487 0 0
301510486 0 0
301510478 7 19
301510476 0 0
301510473 10 2
301510471 2 4
301510469 10 67
301510468 0 0
301510466 1 0
301510464 11 20
301510463 3 0
301510460 7 5
301510458 300 5
301510456 3 3
301510451 0 1
301510450 11 36
301510448 2 0
301510447 1 1
301510442 25 1
301510439 0 0
301510432 7 48
301510429 23 1
301510422 3 0
301510420 18 32
301510417 1 8
301510413 0 0
301510412 23 1
301510410 8 26
301510407 0 0
301510405 1 0
301510403 0 0
301510400 2 2
301510398 4 0
301510387 8 4
301510382 7 18
301510380 4 24
301510375 4 0
301510374 1 4
301510368 0 0
301510367 8 0
301510366 5 14
301510364 5 23
301510362 476 12
301510361 0 2
301510359 5 0
301510353 5 21
301510352 14 3
301510350 5 1
301510349 1 1
301510348 2 0
301510347 0 0
301510345 1 0
301510333 9 2
301510332 2 1
301510331 0 0
301510330 1 3
301510320 6 1
301510319 0 0
301510314 0 3
301510312 6 0
301510305 0 0
301510301 9 1
301510298 21 1
301510297 0 0
301510289 6 2
301510288 2 11
301510285 0 0
301510284 1 0
301510283 0 0
301510281 13 21
301510280 2 1
301510273 6 5
301510268 0 0
301510261 1 0
301510257 2 1
301510254 1 2
301510253 0 0
301510251 0 1
301510250 5 4
301510244 10 20
301510239 6 1
301510228 9 42
301510226 5 1
301510220 2 0
301510219 0 0
301510217 1 8
301510216 810 95
301510207 10 2
301510206 2 2
301510201 0 1
301510182 3 1
301510177 2 56
301510176 17 2
301510173 0 0
301510166 1 0
301510164 2 5
301510161 3 0
301510159 2 1
301510156 5 2
301510152 0 0
301510150 1 4
301510140 2 1
301510139 1 0
301510138 1 1
301510136 0 0
301510135 0 0
301510132 3 5
301510127 0 0
301510126 0 0
301510123 1 0
301510122 0 0
301510121 0 1
301510118 0 0
301510117 0 0
301510109 0 0
301510105 1 2
301510101 15 20
301510100 0 1
301510099 3 20
301510096 0 0
301510095 6 4
301510094 0 0
301510092 24 7
301510091 4 1
301510089 0 0
301510087 0 0
301510081 11 7
301510072 11 1
301510071 11 4
301510057 4 1
301510056 2 1
301510052 12 3
301510048 5 4
301510039 426 7
301510032 256 26
301510026 2 0
301510016 1 0
301510015 31 2
301510010 1 2
301510005 0 0
301510001 0 0
301509995 61 16
301509994 30 4
301509981 3 0
301509980 1 1
301509977 26 1
301509975 0 5
301509974 0 0
301509969 0 0
301509967 16 27
301509966 0 0
301509963 0 1
301509960 1 0
301509949 22 2
301509946 9 28
301509943 1 7
301509941 12 2
301509940 2 0
301509939 0 0
301509934 28 3
301509928 10 18
301509927 0 0
301509918 0 0
301509915 1 0
301509908 3 0
301509907 1 1
301509901 4 1
301509899 4 0
301509898 5 2
301509893 3 2
301509888 23 0
301509887 8 1
301509884 7 29
301509880 1355 8
301509872 4 11
301509870 1116 28
301509865 3 0
301509862 2 2
301509860 0 0
301509856 4 28
301509855 1230 93
301509852 11 2
301509845 17 3
301509831 0 1
301509830 5 6
301509828 2 8
301509827 6 0
301509824 1 0
301509821 4 3
301509815 7 1
301509814 1144 54
301509813 14 4
301509807 5 20
301509804 4 1
301509803 1 1
301509792 1790 27
301509788 745 12
301509787 1 1
301509786 1 16
301509784 1 0
301509777 5 5
301509776 1 2
301509755 386 118
301509752 1 3
301509751 926 42
301509750 1 1
301509747 1 13
301509745 9 2
301509738 5 0
301509733 6 0
301509727 1 0
301509726 60 2
301509725 2432 21
301509723 20 24
301509718 11 1
301509715 6 1
301509712 5 1
301509711 0 0
301509693 5 0
301509689 0 0
301509688 0 1
301509686 2 8
301509683 0 0
301509678 6 0
301509677 2 0
301509676 3 0
301509673 2 0
301509669 8 0
301509667 22 3
301509662 19 3
301509661 0 0
301509660 5 23
301509657 1 0
301509654 2 2
301509653 1 0
301509652 2 0
301509648 1 1
301509646 1 19
301509645 4 0
301509642 6 21
301509640 1 0
301509639 0 0
301509638 1 0
301509637 1 0
301509634 1 1
301509626 2 0
301509625 1016 12
301509623 0 0
301509622 7 0
301509621 3 2
301509614 438 12
301509612 5 1
301509609 0 1
301509607 0 1
301509603 1 0
301509602 1 0
301509597 0 0
301509592 1 0
301509586 3 2
301509581 0 0
301509580 13 2
301509576 2 0
301509574 12 18
301509569 2 1
301509563 2 2
301509562 2 12
301509560 2 0
301509559 0 0
301509555 0 0
301509546 2 8
301509541 5 1
301509539 3 1
301509537 4 0
301509535 8 3
301509533 0 0
301509529 0 0
301509528 1 0
301509525 4 11
301509524 0 0
301509523 2 0
301509520 0 0
301509518 347 2
301509515 0 0
301509506 9 4
301509505 0 0
301509504 2 0
301509496 0 0
301509495 0 1
301509494 0 0
301509491 7 27
301509483 1 0
301509482 3 0
301509480 216 20
301509473 1 5
301509471 0 0
301509469 0 0
301509467 2 15
301509464 4 7
301509463 1 4
301509462 2 0
301509457 2 0
301509455 4 0
301509447 1 0
301509446 6 7
301509445 3 0
301509440 9 0
301509435 1 15
301509433 0 0
301509429 0 0
301509427 0 0
301509426 1 0
301509423 14 0
301509422 2 0
301509419 1 1
301509418 1 0
301509414 12 2
301509411 0 1
301509408 0 0
301509392 2 1
301509391 0 0
301509388 2 0
301509385 1 2
301509381 5 7
301509380 2 1
301509375 16 2
301509374 6 0
301509372 0 0
301509371 2 0
301509370 6 1
301509369 546 3
301509368 4 1
301509365 0 0
301509364 7 2
301509360 0 0
301509356 0 0
301509353 2 1
301509348 5 1
301509345 25 8
301509339 9 3
301509338 0 1
301509334 10 6
301509330 0 0
301509326 0 0
301509322 5 5
301509321 0 0
301509320 1 1
301509308 5 0
301509305 27 13
301509304 7 1
301509303 30 1
301509302 4 0
301509296 1 3
301509281 2 9
301509280 0 0
301509278 8 4
301509275 4 1
301509273 5 2
301509263 2221 23
301509262 1 0
301509261 0 8
301509259 0 0
301509258 4 5
301509256 1748 22
301509254 4 0
301509251 0 0
301509246 2 3
301509245 0 0
301509237 0 1
301509235 8 1
301509233 5 4
301509231 7 0
301509225 3 0
301509223 32 29
301509219 0 0
301509218 1 0
301509215 2 0
301509210 1 0
301509204 4 0
301509202 2 2
301509197 347 6
301509196 2 11
301509188 0 0
301509187 8 3
301509183 6 0
301509182 1 27
301509178 0 0
301509177 1 0
301509176 0 3
301509174 5 0
301509172 0 6
301509165 0 0
301509160 0 0
301509158 6 2
301509153 11 2
301509152 0 0
301509150 0 0
301509149 8 0
301509148 1 0
301509147 0 0
301509145 2 0
301509143 0 0
301509140 1 0
301509139 334 6
301509136 3 0
301509132 2 0
301509125 0 1
301509124 1 1
301509122 9 9
301509120 1 0
301509118 2 0
301509115 0 1
301509111 0 0
301509104 1 1
301509103 0 3
301509095 0 0
301509091 0 0
301509090 0 0
301509087 1 1
301509082 0 0
301509081 2 0
301509078 1 0
301509073 6 0
301509063 10 2
301509059 8 7
301509054 5 0
301509051 2 10
301509050 0 3
301509048 1 0
301509045 0 0
301509043 0 0
301509041 21 1
301509040 0 0
301509039 1 0
301509037 1 1
301509033 3 1
301509030 4 4
301509029 0 0
301509022 5 0
301509020 0 6
301509011 4 0
301509009 1 0
301509002 3 8
301509001 22 0
301509000 7 3
301508999 10 2
301508997 0 0
301508996 0 1
301508991 3 1
301508990 0 1
301508988 0 0
301508987 0 0
301508980 2 4
301508975 0 0
301508974 5 0
301508971 9 19
301508969 0 9
301508968 6 0
301508966 9 0
301508959 2 1
301508958 4 0
301508956 10 3
301508954 1 0
301508952 3 4
301508950 7 4
301508946 0 0
301508943 17 0
301508940 3 1
301508938 0 1
301508937 7 0
301508935 4 1
301508933 0 0
301508929 14 2
301508928 1190 5
301508926 0 6
301508925 0 0
301508923 0 0
301508920 2 1
301508919 0 0
301508916 0 0
301508915 3 0
301508909 19 1
301508902 1 1
301508899 1 2
301508898 0 1
301508895 0 1
301508891 2 0
301508887 3 0
301508886 3 1
301508884 0 0
301508877 1 2
301508869 11 3
301508867 1 0
301508863 1 3
301508862 1 0
301508856 0 0
301508852 5 1
301508850 0 0
301508844 1 0
301508842 16 0
301508841 0 0
301508838 22 1
301508837 1592 21
301508829 6 8
301508819 12 3
301508805 675 16
301508804 2 1
301508799 10 3
301508798 1 0
301508796 0 0
301508794 0 6
301508793 1 1
301508790 0 1
301508784 0 1
301508781 9 2
301508779 0 0
301508775 0 1
301508772 4153 22
301508764 1 3
301508762 4 1
301508761 3 1
301508760 0 0
301508756 1 0
301508754 0 0
301508751 2 0
301508749 2 0
301508748 6 0
301508747 3 0
301508746 0 5
301508740 5 4
301508738 2 0
301508737 2 6
301508734 2 0
301508732 1954 21
301508729 18 4
301508723 8 0
301508722 10 1
301508719 3 8
301508708 0 0
301508707 3 0
301508705 0 1
301508703 1 0
301508702 3 0
301508701 5 0
301508699 2 0
301508697 7 1
301508690 2 0
301508688 12 2
301508687 0 1
301508684 0 6
301508681 1 0
301508679 1 0
301508674 3 2
301508670 0 1
301508668 0 0
301508663 7 10
301508661 8 1
301508655 3 0
301508652 1 0
301508643 1 0
301508641 0 1
301508638 9 1
301508629 0 0
301508627 6 1
301508626 0 0
301508621 7 2
301508620 5 3
301508619 25 20
301508616 4 0
301508611 5 7
301508610 4 0
301508609 1 0
301508604 1 0
301508598 1 0
301508595 0 0
301508591 4 4
301508590 2 0
301508586 4 0
301508585 2 2
301508573 6 0
301508571 0 0
301508564 1 14
301508557 1 0
301508555 8 3
301508549 4 2
301508542 2 1
301508538 3 1
301508537 12 5
301508536 1 0
301508532 3 1
301508529 2 0
301508527 0 0
301508526 3 7
301508525 1 2
301508521 0 4
301508520 6 13
301508519 4 0
301508516 1 2
301508512 0 0
301508506 0 0
301508504 0 1
301508503 1 0
301508497 0 0
301508496 4 12
301508491 5 0
301508485 5 0
301508481 6 1
301508475 4 0
301508474 0 0
301508473 0 0
301508465 3 2
301508461 6 0
301508458 0 0
301508456 3 2
301508454 2 3
301508443 3 4
301508442 7 9
301508436 1 1
301508433 2 2
301508429 2 1
301508426 0 0
301508413 1 0
301508409 6 1
301508407 2 1
301508400 2 7
301508395 1 2
301508393 1 0
301508385 4 1
301508380 2 0
301508379 0 0
301508372 0 1
301508369 1 0
301508365 953 25
301508358 1 2
301508356 3 7
301508355 2 0
301508352 10 1
301508345 159 4
301508334 5 2
301508333 0 0
301508325 2 5
301508323 3 2
301508319 0 0
301508315 1 0
301508309 13 13
301508304 6 4
301508301 0 0
301508298 6 0
301508296 2 0
301508293 1 1
301508292 6 2
301508288 1 0
301508285 6 1
301508283 110 5
301508282 0 0
301508279 1 3
301508275 0 0
301508274 0 1
301508263 0 0
301508262 1286 30
301508259 7 3
301508256 9 3
301508254 3 0
301508253 4 4
301508252 5 1
301508250 0 1
301508249 1 0
301508244 2 0
301508238 2 39
301508237 3 1
301508236 2 1
301508229 4 1
301508226 2 0
301508220 0 0
301508219 2 1
301508218 0 0
301508217 0 0
301508216 2476 43
301508215 1 0
301508214 3 3
301508209 0 0
301508202 1 4
301508201 0 0
301508197 0 0
301508193 10 0
301508192 0 0
301508191 2 2
301508188 9 0
301508187 1 0
301508177 1 4
301508171 0 3
301508167 2 2
301508161 0 2
301508160 6 0
301508157 1 1
301508156 0 0
301508145 4 2
301508144 13 1
301508141 0 0
301508139 11 3
301508138 0 1
301508129 1138 15
301508120 1 0
301508116 5 0
301508103 3 1
301508095 9 3
301508093 6 0
301508091 12 4
301508078 16 0
301508073 8 1
301508070 4 1
301508068 7 2
301508066 4 2
301508065 700 14
301508064 0 0
301508061 1 0
301508059 3 1
301508054 7 16
301508046 3 1
301508035 0 0
301508034 7 0
301508031 2 2
301508030 2 2
301508027 0 0
301508026 1 1
301508024 13 0
301508020 0 1
301508014 10 2
301508009 3 1
301508006 2 4
301508004 0 1
301507996 0 0
301507994 3 2
301507992 0 2
301507989 1 2
301507985 0 1
301507984 6 3
301507983 0 0
301507980 4 0
301507961 3 2
301507959 3 1
301507957 3 2
301507954 13 1
301507945 3 2
301507944 6 0
301507943 0 2
301507942 0 0
301507941 1488 57
301507928 4 3
301507921 0 0
301507919 11 4
301507914 1 2
301507913 7 1
301507904 1220 26
301507903 9 2
301507896 4 1
301507893 15 2
301507892 0 0
301507891 1 0
301507890 0 0
301507886 0 0
301507883 5 1
301507877 1 2
301507875 4 1
301507874 10 4
301507868 0 1
301507866 19 0
301507858 0 0
301507854 1378 16
301507835 7 2
301507831 4 2
301507826 1 1
301507825 0 1
301507823 1910 16
301507821 4 0
301507820 4 0
301507819 1 0
301507816 2 0
301507815 6 1
301507811 5 0
301507810 0 0
301507799 4 2
301507794 2 0
301507791 0 0
301507786 0 2
301507784 1510 7
301507783 0 0
301507782 2 2
301507781 2 1
301507780 0 0
301507779 1 1
301507769 2 0
301507766 6 14
301507765 3 0
301507762 2 18
301507760 1 0
301507756 485 10
301507752 5 0
301507751 933 40
301507746 3 0
301507743 0 8
301507739 10 2
301507732 2 5
301507727 1 2
301507724 5 0
301507716 0 0
301507714 4 1
301507713 0 0
301507712 3 1
301507711 7 1
301507707 1 2
301507704 0 0
301507702 10 1
301507697 4 2
301507695 0 0
301507694 1 0
301507693 6 1
301507687 5493 139
301507686 0 1
301507685 2 1
301507680 2414 23
301507673 1 0
301507669 13 0
301507665 0 0
301507664 0 1
301507660 1 1
301507657 6 1
301507655 0 0
301507652 3 1
301507645 1 0
301507644 0 0
301507633 3 0
301507631 0 0
301507614 1 1
301507613 1 0
301507610 1 0
301507599 0 0
301507596 829 23
301507595 17 6
301507593 2 0
301507592 0 0
301507589 0 1
301507587 0 0
301507580 0 0
301507573 0 2
301507569 0 0
301507568 944 25
301507566 5 3
301507563 1 1
301507560 0 0
301507556 4 0
301507552 1 0
301507551 2 0
301507547 2 1
301507545 0 0
301507544 1 1
301507536 0 0
301507534 2 0
301507533 7 0
301507532 0 0
301507526 0 0
301507521 2 1
301507518 1 1
301507515 15 6
301507510 10 0
301507504 3 2
301507502 5 1
301507498 2 0
301507496 5 0
301507493 2 0
301507485 9904 276
301507484 0 6
301507483 0 0
301507478 0 0
301507472 2021 15
301507467 1 0
301507465 5 0
301507453 1 0
301507452 477 15
301507442 1 1
301507440 0 1
301507439 1 0
301507434 5 2
301507429 0 9
301507426 6 2
301507424 9 0
301507423 2 3
301507422 0 1
301507420 4 1
301507419 0 2
301507411 2 2
301507408 1 2
301507407 0 9
301507406 3 1
301507398 0 1
301507397 0 1
301507396 0 1
301507392 7 1
301507388 6 3
301507387 7 1
301507376 1 0
301507365 0 2
301507364 0 0
301507362 0 5
301507358 0 0
301507348 9 0
301507346 5 0
301507342 2 0
301507339 0 0
301507338 2 1
301507335 1 0
301507326 0 0
301507323 1 0
301507317 0 4
301507308 19 7
301507305 4 1
301507304 0 2
301507302 1 0
301507298 1 0
301507297 1 4
301507294 0 0
301507288 1 0
301507283 2 0
301507282 0 0
301507276 0 0
301507274 5 0
301507273 0 3
301507266 0 0
301507265 1 0
301507263 2 0
301507261 0 1
301507260 1 0
301507257 3 2
301507255 1 0
301507253 0 1
301507251 0 0
301507249 1 0
301507248 0 0
301507246 1 0
301507241 1 0
301507240 10 2
301507237 0 0
301507235 0 0
301507234 2 0
301507233 6 3
301507231 1 0
301507220 4 1
301507218 20 2
301507214 0 0
301507213 0 0
301507210 2 1
301507206 6 1
301507200 0 3
301507199 0 1
301507187 0 0
301507183 21 1
301507168 6 2
301507166 0 0
301507165 5 0
301507161 2 0
301507156 0 1
301507155 3 1
301507154 0 0
301507152 557 8
301507149 0 0
301507146 7 4
301507138 3 1
301507133 1 0
301507132 7 0
301507131 0 2
301507123 0 0
301507122 0 0
301507117 6 1
301507116 5167 796
301507113 2 15
301507112 4 0
301507099 3 0
301507097 1 0
301507095 3 1
301507093 2 0
301507092 1 0
301507091 1319 16
301507089 3 0
301507085 14 1
301507082 1 0
301507080 4 0
301507070 2 0
301507068 1 0
301507065 8 0
301507063 2 2
301507061 34 74
301507060 0 1
301507058 0 1
301507057 9 0
301507051 4 0
301507050 0 0
301507049 8 9
301507041 3 0
301507040 1158 55
301507039 9 0
301507032 1 0
301507028 11 2
301507025 1 0
301507024 0 0
301507023 0 0
301507022 0 0
301507018 0 0
301507015 0 0
301507014 0 0
301507008 0 0
301507003 3 2
301507001 1900 129
301506995 0 0
301506990 0 0
301506982 3 1
301506980 0 0
301506978 3 87
301506971 0 1
301506960 8 2
301506954 0 0
301506953 1 2
301506950 3 0
301506949 1 3
301506944 1 1
301506942 122 41
301506941 0 0
301506939 1 0
301506937 10 1
301506936 0 0
301506925 1314 87
301506924 0 0
301506922 13 3
301506920 1 0
301506909 1 2
301506906 5 1
301506900 0 0
301506898 1 0
301506897 1 1
301506889 6 1
301506888 3 0
301506887 1 1
301506884 7 10
301506882 0 0
301506880 7 0
301506876 3 0
301506869 0 0
301506868 0 0
301506862 3 3
301506855 5 0
301506840 0 0
301506835 0 1
301506833 3339 80
301506823 0 0
301506815 6 0
301506811 917 18
301506808 1 1
301506807 0 0
301506804 2 2
301506798 4 0
301506793 0 1
301506785 2 0
301506784 13 2
301506783 6 0
301506782 7 1
301506781 5 1
301506777 1 0
301506775 0 0
301506763 2 1
301506755 3 0
301506749 0 0
301506746 0 0
301506740 9 2
301506739 2 4
301506737 7 0
301506733 0 0
301506726 8 0
301506723 1 0
301506720 1 1
301506718 1 0
301506715 4 0
301506712 0 2
301506710 438 3
301506708 0 0
301506705 0 3
301506702 0 2
301506701 0 0
301506697 0 0
301506691 4 32
301506685 0 0
301506684 0 0
301506679 0 0
301506678 16 1
301506670 5 1
301506669 14 2
301506663 0 0
301506662 13 3
301506659 9 1
301506655 0 3
301506653 3 0
301506652 17 2
301506650 424 11
301506643 0 0
301506641 2 2
301506638 1 2
301506634 1 1
301506631 1 0
301506630 1 0
301506626 1 1
301506624 0 0
301506609 4 0
301506602 0 0
301506598 0 0
301506594 0 0
301506591 14 2
301506587 0 0
301506584 4 0
301506583 7 0
301506572 5 0
301506568 0 0
301506567 0 3
301506565 1 0
301506561 2 8
301506545 1 2
301506544 7 1
301506540 0 0
301506535 0 0
301506529 0 0
301506528 4 0
301506521 0 0
301506505 0 3
301506504 1 0
301506503 0 0
301506498 0 1
301506488 2 1
301506483 1 0
301506479 3574 110
301506478 2392 50
301506475 1 0
301506472 4 1
301506471 3 2
301506467 2 0
301506458 5 0
301506454 5 0
301506449 4 0
301506434 1038 6
301506433 1 0
301506430 9 1
301506426 1 2
301506425 1 0
301506419 3 0
301506417 0 0
301506413 7 0
301506412 1 0
301506404 0 0
301506402 2 0
301506395 0 0
301506393 1 1
301506392 1688 90
301506382 0 1
301506375 1 0
301506370 0 1
301506369 0 0
301506362 5 1
301506361 3 0
301506356 0 1
301506354 5 0
301506353 0 0
301506350 18 0
301506349 0 0
301506341 3 1
301506336 0 0
301506335 0 0
301506332 2 0
301506326 0 0
301506322 0 0
301506317 0 1
301506314 6 1
301506313 0 0
301506308 1 1
301506305 5 3
301506301 0 0
301506298 0 0
301506295 8 0
301506294 0 0
301506288 2 0
301506284 4 5
301506282 5 0
301506278 4 5
301506261 0 1
301506257 11 0
301506248 1 0
301506245 5 1
301506241 6 0
301506239 7 2
301506233 0 0
301506228 1 1
301506217 14 2
301506214 6 0
301506212 0 0
301506211 0 0
301506199 3 1
301506198 0 0
301506185 13 1
301506175 0 0
301506168 0 0
301506154 4 0
301506153 1 0
301506143 1 8
301506139 5 0
301506131 18 1
301506130 1 0
301506128 1 0
301506124 9 2
301506119 2 0
301506116 0 0
301506107 3 6
301506092 1 1
301506083 0 0
301506064 2 0
301506063 2 1
301506062 1 0
301506058 1 0
301506056 1587 43
301506039 7 0
301506031 0 0
301506023 0 0
301506018 0 0
301506015 1 1
301506012 2 0
301506008 1 1
301505997 3609 72
301505994 10 0
301505989 2 2
301505985 2 0
301505978 3 0
301505977 1057 64
301505974 0 0
301505970 0 0
301505963 10 10
301505962 5665 157
301505961 1 3
301505960 2 0
301505948 0 0
301505936 0 0
301505934 4 0
301505926 0 0
301505923 0 0
301505921 1 0
301505919 0 1
301505918 3 0
301505906 2 0
301505905 8 0
301505902 1 0
301505897 0 0
301505882 0 0
301505881 0 0
301505878 2 0
301505876 0 4
301505873 1 0
301505868 1 1
301505861 3 0
301505859 10 3
301505857 17 0
301505854 2 0
301505851 1 0
301505843 0 0
301505837 0 0
301505833 1 1
301505829 1 0
301505826 3 0
301505825 0 0
301505822 12 2
301505821 10 0
301505817 0 0
301505816 0 0
301505814 0 0
301505812 4 1
301505810 6 0
301505809 470 12
301505805 1 1
301505802 0 0
301505794 6 1
301505790 5 0
301505774 5424 62
301505772 3 2
301505770 0 0
301505768 6 0
301505756 0 0
301505753 4 0
301505749 3 2
301505748 0 0
301505747 2 0
301505735 0 0
301505733 0 1
301505732 0 0
301505731 0 0
301505729 0 0
301505726 0 1
301505725 0 4
301505724 1 1
301505721 1 1
301505720 10 3
301505719 0 0
301505716 6914 247
301505714 8 1
301505709 2 0
301505704 477 11
301505703 680 22
301505702 0 1
301505701 2 1
301505695 0 0
301505693 0 1
301505690 0 0
301505684 1 0
301505683 336 10
301505682 1 0
301505681 6 2
301505679 2 3
301505678 2 0
301505677 0 1
301505674 2 3
301505672 2 1
301505670 7 12
301505657 0 2
301505654 0 0
301505652 0 0
301505649 2 0
301505644 0 0
301505643 5 27
301505639 0 1
301505636 0 1
301505626 3 0
301505624 8 0
301505622 4 8
301505620 2 1
301505617 0 0
301505616 0 2
301505614 0 0
301505610 0 2
301505608 2 0
301505599 0 0
301505584 1 1
301505582 8 0
301505579 3 4
301505578 0 0
301505574 7 1
301505573 6 2
301505571 1 0
301505569 1 0
301505568 0 0
301505566 3 1
301505565 0 2
301505564 0 1
301505563 1 0
301505562 6 4
301505561 0 0
301505560 0 0
301505554 6 4
301505553 0 0
301505552 0 0
301505549 0 1
301505547 1 0
301505546 0 0
301505544 2 0
301505542 6 1
301505541 0 60
301505540 6 4
301505536 2 1
301505531 10 1
301505528 2 0
301505527 4 0
301505526 0 0
301505524 6 0
301505523 0 0
301505522 3 1
301505519 1 0
301505518 0 0
301505513 0 1
301505511 0 0
301505510 3 1
301505508 0 5
301505505 0 0
301505503 0 0
301505502 0 0
301505501 4 0
301505499 2 0
301505494 0 2
301505491 4183 209
301505490 2 0
301505488 2 2
301505485 1 1
301505484 2 1
301505483 0 1
301505482 0 0
301505481 0 0
301505480 0 0
301505478 0 2
301505477 0 0
301505476 1 0
301505469 0 0
301505468 1708 27
301505466 0 0
301505461 0 0
301505458 4 2
301505455 0 1
301505452 0 0
301505451 0 6
301505449 2 1
301505444 6 0
301505441 8 2
301505440 0 2
301505438 2 0
301505435 1 0
301505433 9 2
301505429 1 5
301505428 0 0
301505426 0 1
301505424 10 2
301505419 0 0
301505418 4 1
301505417 0 0
301505410 0 1
301505407 1 0
301505402 1 1
301505401 1 0
301505395 3 1
301505394 5 1
301505388 6 1
301505383 1 0
301505379 0 0
301505378 0 0
301505376 0 1
301505374 0 1
301505373 0 2
301505372 2 3
301505371 1 1
301505370 4 1
301505368 1 1
301505366 0 1
301505364 1 1
301505360 0 0
301505358 0 1
301505357 2 1
301505355 0 0
301505348 1 0
301505343 2 1
301505341 4 0
301505339 2 0
301505338 2 1
301505336 1 0
301505334 0 0
301505333 1 0
301505332 9083 222
301505331 0 0
301505330 1 1
301505329 1 29
301505328 0 2
301505326 2 3
301505325 0 0
301505324 3 1
301505323 2 1
301505322 0 0
301505321 10 3
301505318 0 0
301505315 6 1
301505314 9 1
301505313 4 3
301505312 2 1
301505311 0 0
301505310 0 1
301505309 1 2
301505305 0 1
301505304 5 1
301505303 0 0
301505302 3 5
301505301 1 1
301505300 0 0
301505299 14337 304
301505297 1 0
301505296 0 1
301505295 6 1
301505294 1 0
301505292 0 1
301505291 1 0
301505290 0 0
301505289 0 2
301505288 1 0
301505287 0 0
301505286 0 2
301505285 9 2
301505284 1 1
301505283 0 1
301505282 0 0
301505281 0 2
301505280 4 8
301505279 0 1
301505278 7 2
301505277 0 0
301505275 1 2
301505274 1 1
301505273 1 0
301505272 0 2
301505271 1 1
301505270 2 1
301505268 0 1
301505267 1 1
301505266 1 1
301505265 0 1
301505264 0 0
301505262 4 1
301505260 1 1
301505258 2 2
301505257 0 0
301505255 1 0
301505254 3 4
301505252 0 0
301505251 0 0
301505250 2 2
301505249 0 0
301505248 6 3
301505247 2 2
301505246 1 2
301505245 1 2
301505243 1 0
301505242 1 1
301505240 3 2
301505239 3 1
301505237 1 2
301505235 4 3
301505234 3 1
301505233 0 5
301505231 6 1
301505230 1 2
301505229 0 1
301505228 1 0
301505226 0 1
301505225 0 2
301505224 0 0
301505223 6 3
301505221 1 1
301505220 4 2
301505219 0 0
301505218 0 6
301505217 1 1
301505215 0 3
301505214 8 3
301505212 4 14
301505209 1 4
301505208 0 4
301505207 1 2
301505206 0 5
301505205 0 2
301505204 0 6
301505203 3898 148
301505201 1 3
301505200 10 2
301505199 3 3
301505198 1 1
301505197 0 1
301505196 0 1
301505195 0 0
301505194 1 3
301505193 3 6
301505192 0 3
301505191 0 4
301505190 1 1
301505189 0 1
301505188 0 0
301505187 2 3
301505186 1 1
301505185 1 3
301505184 0 1
301505183 0 2
301505182 0 0
301505181 0 0
301505180 2 2
301505179 0 2
301505178 3 7
301505176 0 1
301505174 0 1
301505173 1 3
301505171 0 5
301505170 5 2
301505169 0 0
301505168 3 3
301505167 2 2
301505166 2 2
301505165 2 3
301505164 2 2
301505163 2 3
301505162 3 4
301505160 5 6
