303941427 0 0
303940752 0 0
303940750 0 0
303938368 0 0
303934054 0 0
303890768 0 0
303864717 0 1
303863317 1 0
303863200 0 1
303859130 1 2
303857395 1 0
303856315 1 0
303824328 0 0
303824175 0 0
303814983 4 0
303813691 0 0
303804969 0 1
303804965 0 0
303804958 0 0
303804943 5 0
303804895 0 0
303802025 1 0
303800365 2 0
303799527 2 1
303799525 1 0
303796811 2 0
303795583 0 3
303792406 2 0
303790678 4 1
303764308 5 1
303754172 2 0
303753811 0 0
303740610 10 10
303740310 0 0
303738404 1 0
303737221 0 0
303735730 0 0
303733457 19 3
303722862 0 0
303711030 6 0
303706262 1 0
303704598 21 4
303684280 0 0
303672803 1 0
303672471 0 0
303671585 0 20
303671400 0 0
303671374 14 0
303671239 0 0
303670959 0 0
303669041 1 0
303669036 1 7
303668332 2 0
303666121 11 0
303665298 11 1
303665065 2 0
303656020 4 0
303642055 2 0
303638032 28 4
303634246 3 14
303621340 4 30
303620658 1 0
303619321 1 3
303613126 12 1
303609607 0 0
303587784 6 0
303587636 5 1
303587634 1 1
303587388 6 8
303587321 2 1
303587320 0 1
303587313 18 1
303587267 3 1
303586719 1 0
303586525 15 0
303586404 2 0
303586386 2 0
303586383 10 0
303585942 0 8
303585689 1 0
303585544 2 0
303585503 12 2
303585332 4 0
303584889 25 5
303584238 4 1
303584145 0 0
303583987 4 0
303583935 0 2
303583791 0 0
303583612 5 4
303583332 18 5
303582820 1 0
303582581 28 10
303582092 6 0
303582088 7 1
303582067 6 0
303581081 7 1
303580885 13 2
303580760 23 1
303580607 5 3
303580594 1 0
303580442 3 0
303579948 4 2
303579931 1 3
303579717 16 1
303579683 27 0
303579475 1 76
303579307 5 1
303579280 31 5
303579115 6 1
303579084 1 0
303578931 8 49
303578898 16 11
303578750 4 1
303578404 2 1
303578269 8 1
303578078 20 33
303577758 4 0
303577506 0 0
303577381 0 0
303577353 4 0
303577217 8 0
303577001 1 5
303576896 40 25
303576797 36 4
303576720 0 1
303576604 8 0
303576584 10 2
303576575 3 0
303576569 3 24
303576515 4 0
303576486 1 1
303576470 29 7
303576400 29 14
303576281 0 1
303576178 26 20
303576066 12 13
303576000 1 0
303575597 9 0
303575538 6 19
303575391 0 4
303574958 8 8
303574227 3 0
303573952 0 0
303573946 0 0
303573561 7 1
303572970 0 1
303572273 1 2
303572185 22 4
303571908 15 3
303571851 23 11
303571698 19 0
303571619 20 2
303571565 0 0
303571542 18 6
303571524 4 0
303571377 5 0
303570512 3 2
303570296 14 2
303570261 3 0
303570145 15 15
303570011 0 0
303569764 0 0
303569474 6 0
303569421 1 1
303569280 4 0
303569173 12 1
303569102 4 75
303569090 2 0
303568989 8 1
303568763 3 1
303568658 1 0
303568497 8 1
303568473 22 1
303568379 0 0
303565496 14 0
303565400 1 1
303564595 20 6
303564223 1 0
303563834 0 0
303562715 10 67
303561372 32 4
303560897 12 0
303560557 0 24
303560168 0 0
303560060 0 0
303560042 0 3
303559963 2 0
303559959 2 13
303559757 5 2
303559755 1 0
303559612 8 1
303559544 2 7
303559297 1 1
303559121 0 0
303559104 31 5
303559039 7 0
303558972 19 1
303558854 0 1
303558827 45 5
303558715 7 8
303558701 0 3
303558518 33 8
303558449 23 1
303558390 2 1
303558289 23 14
303557920 21 0
303557830 3 43
303557748 5 4
303557737 10 1
303556615 3 1
303556011 1 42
303555841 26 4
303555762 15 4
303555695 16 2
303555655 19 3
303554963 14 4
303554608 12 0
303554496 9 0
303553296 15 4
303546526 11 1
303546236 14 7
303546224 10 7
303546205 11 1
303546122 2 0
303546110 5 0
303546002 23 21
303545960 1 4
303545902 5 0
303545876 2 1
303545827 14 0
303545760 17 5
303545656 7 5
303545434 11 1
303545360 18 5
303545180 3 0
303545160 7 0
303544915 1 0
303544912 17 0
303544887 18 5
303544108 7 0
303543099 1 8
303542880 1 0
303540421 48 28
303539260 24 5
303539129 0 0
303538923 0 0
303538917 3 0
303538780 42 17
303538746 0 0
303538723 8 0
303538707 17 18
303538390 6 97
303538336 22 13
303538326 18 8
303538324 22 8
303538024 6 3
303537678 17 4
303536620 0 1
303536051 21 3
303536009 15 1
303535999 0 0
303535041 11 3
303534933 22 7
303534380 22 6
303533896 23 2
303533347 22 5
303532498 29 2
303531274 15 3
303530411 1 0
303527583 3 1
303527464 12 2
303527057 18 5
303526961 21 2
303526925 31 2
303526872 0 0
303526870 3 1
303526845 11 1
303526712 13 2
303526696 0 5
303526684 4 6
303526659 2 3
303526577 11 2
303526519 1 0
303526326 0 17
303526286 0 2
303526282 2 99
303526179 4 0
303526158 3 0
303526096 8 1
303526037 1 1
303525915 8 2
303525868 0 1
303525805 14 3
303525632 8 37
303525582 3 5
303525557 12 1
303525315 7 0
303525308 4 0
303525196 20 2
303524881 1 4
303524727 21 2
303524326 5 0
303524319 1 1
303524267 42 3
303524265 40 22
303524231 18 1
303524145 4 0
303524085 1 0
303523552 7 6
303523348 30 1
303523196 20 2
303523015 10 1
303522910 4 0
303522793 3 0
303522684 7 0
303522673 12 1
303522645 22 3
303522639 13 0
303522629 3 0
303522619 5 0
303522616 6 1
303522465 56 7
303522435 4 68
303522182 0 3
303522122 0 0
303522066 2 0
303521865 14 2
303521714 38 3
303521711 6 3
303521380 43 9
303520950 4 1
303520926 28 19
303520209 6 6
303520084 1 0
303519942 5 14
303519936 42 26
303519624 0 0
303519553 44 0
303519482 0 1
303519259 8 0
303519197 0 0
303519182 3 0
303519114 2 1
303519068 7 0
303518987 5 0
303518945 19 0
303518822 22 1
303518816 39 3
303518800 16 6
303518698 19 0
303518648 13 0
303518592 12 0
303518476 43 4
303518420 16 5
303518341 2 0
303517924 15 7
303517783 9 1
303517741 0 0
303517659 16 0
303517574 0 0
303517519 16 3
303517293 8 0
303516916 5 0
303516717 19 0
303516697 3 0
303516658 6 0
303516541 4 0
303516502 16 0
303516480 5 18
303515901 26 0
303515616 17 1
303515428 11 0
303515388 41 3
303515267 4 1
303515222 19 0
303514436 17 2
303514246 4 1
303513972 7 4
303513956 1 0
303513714 2 16
303513444 4 1
303513087 0 0
303511947 8 1
303510381 14 2
303510227 6 10
303510095 5 0
303509969 9 3
303509963 15 18
303509897 5 0
303509874 3 0
303509778 8 0
303509700 6 2
303509645 1 1
303508682 26 19
303508410 13 0
303508368 10 42
303508021 0 0
303507970 0 0
303507919 0 1
303507915 13 0
303507914 4 15
303507910 5 0
303507906 10 1
303507902 8 0
303507899 12 1
303507892 2 6
303507891 15 3
303507888 1 0
303507887 9 0
303507879 0 0
303507874 7 6
303507871 6 3
303507866 4 1
303507862 13 0
303507861 5 1
303507859 9 0
303507854 1 1
303507848 3 0
303507847 24 7
303507831 2 0
303507830 3 9
303507823 23 8
303507821 0 0
303507820 5 7
303507819 0 0
303507809 1 1
303507804 6 0
303507800 20 13
303507790 12 1
303507779 0 1
303507778 0 1
303507777 3 0
303507767 0 0
303507757 33 1
303507756 3 43
303507754 15 13
303507753 9 1
303507751 5 0
303507750 16 13
303507736 17 8
303507730 37 18
303507716 29 5
303507714 26 3
303507707 0 0
303507701 0 30
303507695 21 4
303507688 23 23
303507683 45 6
303507680 1 7
303507675 26 5
303507664 8 6
303507658 6 18
303507657 1 2
303507655 5 7
303507649 13 21
303507647 14 7
303507646 19 3
303507645 14 1
303507641 11 7
303507639 0 6
303507638 14 30
303507636 6 3
303507635 15 6
303507633 5 2
303507631 4 2
303507626 27 4
303507624 1 1
303507621 5 26
303507617 18 11
303507614 8 4
303507609 5 0
303507606 0 1
303507601 0 1
303507598 12 2
303507594 4 1
303507593 0 4
303507592 1 2
303507591 16 3
303507589 8 3
303507588 1 0
303507586 15 0
303507583 20 5
303507581 2 1
303507578 15 2
303507577 29 4
303507575 1 1
303507573 8 3
303507569 2 1
303507565 22 0
303507564 2 7
303507549 2 4
303507545 2 1
303507544 1 1
303507536 8 8
303507535 0 4
303507533 29 0
303507532 18 3
303507529 15 1
303507527 1 71
303507515 16 2
303507513 24 1
303507504 1 3
303507502 6 6
303507496 4 7
303507492 23 1
303507484 7 64
303507482 0 1
303507481 18 1
303507475 22 20
303507452 0 5
303507440 5 0
303507434 2 5
303507433 2 1
303507431 12 5
303507423 11 3
303507420 0 4
303507382 15 2
303507374 5 5
303507370 0 27
303507361 0 1
303507360 25 8
303507359 19 2
303507358 19 5
303507356 20 4
303507355 4 4
303507353 0 2
303507346 33 5
303507340 15 1
303507335 15 1
303507334 20 2
303507333 18 6
303507327 14 90
303507319 11 13
303507315 0 0
303507314 2 4
303507313 0 0
303507312 0 0
303507311 0 0
303507302 26 5
303507301 17 3
303507299 27 4
303507293 14 2
303507285 6 2
303507284 12 2
303507279 5 3
303507273 7 2
303507272 24 5
303507268 9 234
303507267 16 7
303507266 11 21
303507254 23 5
303507246 24 1
303507244 25 1
303507239 23 6
303507232 27 1
303507228 11 21
303507226 12 16
303507224 5 1
303507223 27 12
303507221 13 35
303507211 3 1
303507209 21 7
303507205 13 1
303507204 7 1
303507203 33 4
303507202 8 0
303507199 10 2
303507198 5 4
303507191 6 11
303507188 1 0
303507186 18 1
303507185 13 3
303507183 0 43
303507182 10 0
303507177 0 0
303507174 8 9
303507170 0 0
303507168 11 2
303507165 0 0
303507164 0 2
303507161 5 40
303507160 9 108
303507159 1 4
303507157 16 3
303507156 67 10
303507150 89 2
303507149 9 0
303507148 30 3
303507146 33 7
303507145 1 0
303507142 57 17
303507141 0 3
303507139 24 12
303507136 6 4
303507130 6 27
303507129 4 7
303507114 0 2
303507111 13 4
303507110 8 4
303507108 9 0
303507105 26 11
303507104 0 5
303507103 36 13
303507100 36 27
303507099 10 22
303507097 36 30
303507095 18 39
303507094 17 5
303507092 11 2
303507090 69 6
303507086 1 0
303507081 19 1
303507080 31 1
303507079 39 6
303507075 2 0
303507065 25 3
303507064 16 2
303507060 1 0
303507059 56 15
303507057 2 1
303507051 50 11
303507049 37 13
303507040 26 25
303507039 23 2
303507024 16 1
303507021 12 2
303507019 7 2
303507015 0 1
303507012 5 119
303507011 9 1
303507008 3 1
303507004 24 0
303507002 7 143
303507001 12 1
303507000 10 0
303506998 27 1
303506997 43 1
303506994 21 6
303506993 12 0
303506991 24 1
303506989 5 1
303506988 18 0
303506987 0 0
303506986 0 8
303506983 5 0
303506982 5 1
303506981 36 24
303506980 0 0
303506978 1 0
303506977 0 0
303506975 0 1
303506972 4 9
303506966 126 7
303506964 0 0
303506942 1 8
303506941 19 0
303506940 17 5
303506937 2 0
303506935 10 1
303506934 15 2
303506932 26 2
303506927 12 4
303506926 4 0
303506925 5 1
303506923 7 80
303506922 13 6
303506919 8 29
303506916 0 0
303506915 0 0
303506914 30 298
303506906 15 38
303506905 6 18
303506903 0 2
303506902 25 45
303506894 11 129
303506893 37 3
303506878 25 9
303506875 1 4
303506874 25 5
303506873 2 2
303506868 1 59
303506866 22 3
303506861 25 2
303506855 6 6
303506850 362 16
303506845 4 0
303506823 27 66
303506822 66 5
303506820 5 118
303506819 3 118
303506818 25 4
303506812 9 52
303506809 13 2
303506807 9 1
303506800 8 48
303506798 2 1
303506791 1 1
303506788 6 0
303506786 101 1
303506785 85 2
303506783 38 0
303506780 3 38
303506779 5 2
303506777 0 0
303506772 7 110
303506765 22 5
303506764 0 1
303506760 9 0
303506759 21 31
303506758 24 5
303506757 14 6
303506753 16 3
303506752 0 0
303506751 13 0
303506746 1 0
303506744 1 0
303506739 5 44
303506738 3 0
303506737 49 10
303506736 40 0
303506733 17 8
303506731 5 31
303506729 1 0
303506728 22 12
303506727 2 0
303506726 2 24
303506724 0 5
303506723 3 41
303506720 4 13
303506718 0 3
303506717 0 6
303506716 41 8
303506712 3 34
303506711 9 0
303506710 2 0
303506709 32 7
303506708 27 3
303506706 3 9
303506704 1 0
303506703 14 5
303506702 6 0
303506701 0 0
303506699 10 1
303506696 9 3
303506695 0 0
303506694 22 0
303506693 11 7
303506692 5 122
303506689 8 2
303506686 33 4
303506684 23 8
303506681 33 4
303506680 33 10
303506679 12 3
303506673 19 2
303506672 1 1
303506671 3 1
303506670 21 3
303506668 6 4
303506667 5 2
303506666 1 0
303506664 34 4
303506663 11 2
303506662 13 15
303506661 3 50
303506660 1 0
303506656 6 4
303506654 23 0
303506649 8 0
303506648 19 2
303506647 7 26
303506646 1 43
303506645 13 11
303506644 13 22
303506642 29 4
303506640 171 26
303506639 5 3
303506638 13 7
303506635 1 0
303506634 5 34
303506630 58 1
303506629 4 57
303506628 11 1
303506626 12 8
303506623 7 14
303506620 16 0
303506619 15 23
303506618 4 0
303506617 17 1
303506612 0 0
303506611 6 1
303506610 9 0
303506607 21 20
303506601 15 4
303506598 55 13
303506593 5 0
303506592 0 18
303506588 0 18
303506587 18 1
303506586 16 2
303506582 28 3
303506581 9 1
303506577 11 2
303506576 3 15
303506573 17 1
303506571 2 55
303506570 14 1
303506569 14 1
303506566 8 0
303506565 9 0
303506562 18 1
303506561 10 1
303506559 4 1
303506554 5 1
303506553 6 1
303506551 9 2
303506550 0 0
303506549 0 0
303506548 8 1
303506547 3 2
303506544 17 4
303506543 9 2
303506538 21 0
303506537 98 3
303506535 3 1
303506529 0 0
303506528 11 1
303506523 12 0
303506522 0 0
303506520 5 44
303506518 9 127
303506514 3 1
303506513 17 6
303506509 14 1
303506504 1 11
303506502 15 14
303506500 1 4
303506498 22 9
303506489 4 5
303506488 4 30
303506482 23 6
303506481 5 3
303506480 8 1
303506478 4 1
303506477 9 1
303506471 16 3
303506470 13 1
303506469 0 0
303506468 23 8
303506467 0 62
303506466 36 4
303506462 25 0
303506460 9 0
303506458 0 0
303506455 6 1
303506449 2 60
303506447 19 12
303506446 24 5
303506440 11 6
303506437 43 0
303506434 0 0
303506433 13 36
303506430 12 8
303506429 13 9
303506424 12 1
303506423 126 2
303506421 9 1
303506420 33 3
303506419 45 1
303506415 1 0
303506414 2 9
303506412 37 0
303506411 44 2
303506410 0 1
303506409 20 2
303506406 16 6
303506405 1 0
303506399 5 1
303506398 0 1
303506397 43 4
303506393 28 2
303506392 3 0
303506389 16 2
303506388 0 0
303506386 26 7
303506383 14 29
303506379 18 11
303506377 0 0
303506376 14 8
303506375 423 11
303506374 10 10
303506371 10 40
303506365 53 4
303506364 5 0
303506363 13 0
303506362 14 3
303506355 13 0
303506353 1 0
303506350 43 6
303506349 9 0
303506348 0 13
303506345 0 0
303506343 1 0
303506342 1 0
303506340 4 0
303506338 16 43
303506335 16 0
303506334 6 1
303506332 12 1
303506331 11 34
303506330 11 1
303506327 5 1
303506326 6 0
303506325 1 1
303506324 0 0
303506322 16 1
303506319 7 0
303506317 12 0
303506313 26 5
303506312 0 0
303506311 32 3
303506310 8 1
303506307 35 1
303506305 3 2
303506302 132 9
303506301 5 0
303506299 106 2
303506298 11 0
303506294 255 9
303506293 14 32
303506292 36 4
303506289 10 0
303506288 4 12
303506287 38 2
303506286 30 0
303506278 0 0
303506275 11 46
303506274 6 0
303506272 12 0
303506268 19 3
303506267 96 2
303506265 26 5
303506263 389 8
303506262 17 0
303506261 9 15
303506260 14 0
303506258 7 1
303506256 11 1
303506254 8 0
303506253 334 12
303506252 21 5
303506251 13 0
303506250 16 7
303506249 5 0
303506244 2 7
303506243 2 0
303506242 18 0
303506241 7 3
303506239 26 9
303506237 27 35
303506236 64 2
303506234 22 1
303506233 15 3
303506232 6 0
303506231 9 6
303506229 9 1
303506228 6 0
303506227 6 0
303506226 9 0
303506224 14 5
303506223 28 1
303506222 12 1
303506220 12 3
303506218 3 3
303506217 8 1
303506215 9 0
303506212 12 3
303506211 8 5
303506207 292 37
303506205 3 0
303506204 15 0
303506202 7 1
303506200 9 4
303506199 13 0
303506196 1 14
303506195 0 1
303506190 1 1
303506185 0 0
303506184 6 4
303506183 4 5
303506182 3 0
303506180 2 14
303506175 0 0
303506168 0 0
303506166 9 2
303506164 6 0
303506163 6 4
303506162 10 0
303506158 3 0
303506157 6 8
303506156 1 25
303506155 13 1
303506154 0 0
303506153 6 7
303506152 0 1
303506151 0 0
303506150 8 0
303506149 1 23
303506147 1 0
303506146 10 0
303506145 0 0
303506143 7 0
303506141 2 1
303506140 4 1
303506139 13 2
303506136 7 0
303506135 12 2
303506134 6 0
303506132 0 26
303506131 0 0
303506130 17 3
303506128 0 26
303506126 0 0
303506125 8 2
303506124 72 7
303506121 30 3
303506119 11 4
303506117 0 14
303506115 0 0
303506114 1 26
303506113 9 0
303506112 11 1
303506111 6 8
303506110 0 0
303506109 6 1
303506108 17 0
303506107 9 0
303506106 0 0
303506105 10 0
303506104 2 0
303506103 12 5
303506102 2 3
303506100 1 1
303506098 13 1
303506097 9 2
303506096 10 2
303506095 8 5
303506094 13 5
303506093 0 1
303506091 10 1
303506090 5 0
303506088 9 1
303506086 9 4
303506085 157 4
303506083 10 1
303506082 0 25
303506079 0 0
303506075 2 24
303506073 2 0
303506072 13 2
303506069 1 0
303506068 9 3
303506067 8 1
303506065 2 2
303506063 124 5
303506062 3 23
303506061 16 3
303506060 2 0
303506059 0 14
303506056 15 11
303506055 0 1
303506052 0 1
303506050 8 1
303506049 0 51
303506047 0 1
303506046 8 2
303506044 14 0
303506042 7 1
303506039 7 1
303506038 0 0
303506037 21 59
303506034 5 2
303506033 1 0
303506031 7 1
303506029 17 2
303506027 5 0
303506026 0 0
303506025 0 0
303506024 0 0
303506023 0 25
303506022 4 13
303506021 0 1
303506019 6 1
303506018 13 6
303506017 1 0
303506014 24 5
303506013 1 0
303506012 10 1
303506011 37 6
303506009 200 19
303506008 15 1
303506007 1 0
303506006 32 8
303506005 1 0
303506004 0 30
303506003 1 1
303506002 5 0
303506001 1 4
303506000 247 21
303505996 6 9
303505994 3 3
303505992 0 0
303505990 3 0
303505989 1 1
303505988 2 1
303505987 10 5
303505986 16 3
303505985 2 28
303505984 0 0
303505983 1 0
303505982 5 96
303505980 9 1
303505979 18 4
303505978 6 1
303505977 10 6
303505976 7 5
303505973 3 0
303505972 4 1
303505970 5 3
303505969 12 1
303505967 1 40
303505966 2 1
303505964 10 0
303505963 2 0
303505962 7 0
303505961 8 0
303505959 14 0
303505957 9 4
303505956 6 0
303505955 5 0
303505954 0 0
303505953 6 0
303505952 2 0
303505951 2 1
303505950 7 0
303505948 5 0
303505947 13 14
303505946 6 2
303505943 2 1
303505942 9 0
303505941 5 0
303505940 10 29
303505939 13 10
303505938 1 1
303505937 5 0
303505935 6 0
303505934 3 1
303505933 5 0
303505932 17 0
303505931 8 3
303505930 9 0
303505929 18 12
303505928 6 0
303505927 2 0
303505926 7 3
303505925 0 0
303505924 6 7
303505922 25 3
303505919 0 36
303505918 1 0
303505917 2 2
303505916 0 0
303505913 10 0
303505912 7 19
303505911 9 1
303505908 2 0
303505906 1 1
303505905 7 1
303505904 0 0
303505903 0 0
303505901 13 4
303505899 0 1
303505898 19 5
303505897 7 2
303505896 13 1
303505895 15 5
303505894 98 2
303505893 3 0
303505892 8 4
303505891 1 0
303505890 3 0
303505889 8 0
303505888 24 5
303505887 13 2
303505886 9 1
303505885 14 1
303505884 9 3
303505883 7 0
303505881 1 0
303505880 10 4
303505879 15 0
303505878 7 0
303505877 0 35
303505875 8 1
303505874 1 0
303505872 8 6
303505871 1 1
303505870 15 0
303505869 13 4
303505868 8 8
303505867 0 0
303505865 5 1
303505864 2 28
303505862 8 47
303505861 0 14
303505860 0 0
303505859 2 74
303505857 0 0
303505855 14 9
303505853 3 0
303505852 2 1
303505850 1 0
303505848 6 1
303505847 8 3
303505846 0 37
303505845 3 62
303505844 1 37
303505843 0 1
303505840 19 3
303505839 6 0
303505838 2 3
303505837 0 38
303505836 22 0
303505835 21 3
303505833 8 1
303505831 17 5
303505830 13 4
303505829 0 0
303505828 9 1
303505827 0 0
303505826 4 44
303505825 4 0
303505822 2 0
303505821 0 0
303505819 1 0
303505818 6 1
303505817 13 1
303505815 14 0
303505813 12 0
303505812 15 1
303505811 3 1
303505810 3 1
303505809 6 67
303505808 15 0
303505806 2 0
303505805 1 0
303505804 17 5
303505803 2 2
303505802 4 6
303505801 1 1
303505799 24 16
303505798 26 2
303505796 11 1
303505795 1 0
303505794 9 1
303505793 0 0
303505792 21 7
303505791 5 60
303505789 1 2
303505787 9 4
303505786 10 4
303505785 12 3
303505780 8 0
303505779 8 2
303505777 6 0
303505776 9 0
303505775 17 1
303505774 0 0
303505772 3 43
303505770 14 6
303505769 0 0
303505768 9 3
303505765 8 0
303505764 9 5
303505763 0 0
303505762 5 0
303505761 4 13
303505760 1 0
303505759 10 0
303505756 5 5
303505754 8 2
303505753 332 5
303505752 58 6
303505751 5 0
303505747 8 2
303505745 8 4
303505744 3 0
303505743 4 3
303505740 0 0
303505739 2 41
303505738 11 7
303505737 12 2
303505736 0 0
303505735 11 4
303505732 14 0
303505731 3 1
303505729 3 38
303505728 226 61
303505725 2 0
303505724 4 6
303505723 21 1
303505721 4 1
303505718 1 0
303505716 20 13
303505715 9 21
303505714 1 41
303505713 12 0
303505711 13 4
303505710 13 6
303505709 5 0
303505706 3 29
303505705 2 0
303505703 13 0
303505700 7 2
303505699 25 10
303505698 13 0
303505697 12 0
303505696 9 1
303505695 7 1
303505694 0 0
303505692 1 25
303505691 60 8
303505690 5 1
303505688 6 2
303505687 1 0
303505684 2 0
303505682 12 5
303505681 13 0
303505680 8 0
303505679 7 0
303505677 3 51
303505676 0 1
303505675 10 3
303505674 0 1
303505672 6 2
303505671 17 1
303505669 0 20
303505667 3 1
303505666 351 5
303505664 0 1
303505663 12 2
303505662 5 0
303505661 11 1
303505660 11 4
303505659 17 3
303505658 6 67
303505657 2 3
303505656 209 14
303505654 9 1
303505653 7 0
303505652 126 7
303505651 3 17
303505650 16 3
303505648 7 61
303505647 8 2
303505645 1 0
303505644 16 1
303505642 12 1
303505641 12 1
303505640 8 3
303505639 6 0
303505635 37 35
303505634 22 0
303505633 164 4
303505632 12 0
303505631 2 0
303505630 2 0
303505629 14 1
303505628 31 0
303505626 288 16
303505625 8 2
303505624 15 0
303505623 2 0
303505620 1 0
303505617 4 2
303505616 17 1
303505615 11 3
303505614 1 0
303505612 13 0
303505611 7 55
303505610 5 0
303505609 8 1
303505608 8 0
303505606 11 2
303505605 7 2
303505601 11 2
303505600 2 2
303505599 1 2
303505597 2 1
303505596 2 1
303505595 4 3
303505594 0 3
303505593 1 0
303505592 17 2
303505591 653 14
303505590 9 0
303505589 14 4
303505588 2 0
303505587 8 3
303505586 19 2
303505585 6 1
303505584 11 1
303505582 246 74
303505581 7 56
303505580 3 0
303505579 248 5
303505578 10 5
303505576 5 2
303505574 0 0
303505573 6 12
303505571 8 49
303505570 5 1
303505569 533 6
303505568 0 0
303505567 8 5
303505565 220 4
303505564 7 2
303505563 5 1
303505562 7 37
303505561 9 0
303505560 0 3
303505559 10 39
303505558 20 0
303505557 14 1
303505555 0 0
303505554 4 2
303505552 9 0
303505551 0 2
303505550 8 1
303505548 302 4
303505546 5 1
303505545 0 0
303505542 21 2
303505541 212 9
303505540 6 0
303505539 24 3
303505537 1 1
303505535 5 5
303505534 32 7
303505533 8 13
303505531 4 0
303505530 10 2
303505529 1 17
303505528 1 1
303505527 0 0
303505526 14 0
303505525 14 1
303505524 0 1
303505523 9 0
303505521 4 0
303505520 33 2
303505519 1 3
303505518 0 1
303505515 7 1
303505514 472 7
303505510 57 18
303505508 9 27
303505507 13 1
303505505 12 1
303505504 11 2
303505503 0 0
303505502 0 1
303505501 322 10
303505500 0 0
303505499 29 12
303505498 0 1
303505497 11 1
303505496 5 2
303505495 18 3
303505494 277 35
303505493 0 0
303505492 5 1
303505489 26 3
303505488 12 0
303505486 4 41
303505485 45 1
303505484 8 0
303505483 6 1
303505482 20 1
303505481 2 6
303505480 10 1
303505478 7 1
303505477 16 1
303505476 8 0
303505475 1 0
303505474 3 0
303505473 328 3
303505471 9 0
303505470 5 1
303505468 15 1
303505467 11 1
303505466 1 0
303505465 21 3
303505464 2 0
303505463 0 0
303505462 16 11
303505461 11 21
303505460 21 5
303505458 4 2
303505457 4 1
303505456 2 1
303505453 21 11
303505452 3 0
303505451 4 41
303505450 1 0
303505449 647 5
303505448 7 1
303505446 11 2
303505444 11 1
303505443 0 0
303505442 12 4
303505441 21 4
303505440 20 3
303505439 6 3
303505437 410 4
303505436 5 50
303505435 4 4
303505433 6 0
303505430 561 16
303505427 6 1
303505426 15 1
303505424 260 5
303505422 20 1
303505420 3 1
303505419 4 1
303505418 10 0
303505417 3 0
303505416 2 0
303505413 7 1
303505412 2 3
303505411 402 3
303505409 4 1
303505408 1 1
303505407 0 0
303505406 7 0
303505405 1 4
303505404 5 0
303505403 2 0
303505402 5 0
303505400 2 17
303505399 5 0
303505398 17 2
303505397 148 2
303505396 7 0
303505395 174 3
303505394 8 15
303505393 7 0
303505392 7 5
303505391 4 0
303505389 8 7
303505388 4 2
303505387 7 0
303505386 3 0
303505385 126 5
303505384 0 0
303505382 0 1
303505381 7 3
303505380 3 1
303505379 14 5
303505378 1 5
303505376 6 2
303505374 8 0
303505373 3 0
303505372 1 3
303505371 0 0
303505370 4 2
303505369 7 3
303505368 2 0
303505365 0 1
303505363 4 8
303505362 2 2
303505361 6 2
303505360 14 0
303505359 6 0
303505358 2 3
303505355 343 9
303505354 10 1
303505353 9 6
303505352 530 8
303505351 4 5
303505350 3 7
303505348 15 1
303505347 2 28
303505346 2 1
303505345 4 0
303505344 5 0
303505343 2 1
303505341 12 1
303505340 13 3
303505338 1 1
303505337 11 2
303505336 14 1
303505333 5 2
303505332 16 0
303505331 0 0
303505330 3 48
303505329 9 0
303505328 6 1
303505327 17 7
303505326 17 5
303505325 2 1
303505324 11 6
303505322 19 4
303505321 11 6
303505319 10 3
303505318 0 0
303505317 2 3
303505316 0 10
303505315 6 0
303505312 5 0
303505310 7 0
303505309 17 4
303505308 3 1
303505307 12 4
303505306 5 1
303505305 6 0
303505304 0 0
303505303 5 1
303505302 13 5
303505301 4 1
303505300 0 0
303505299 20 3
303505298 0 0
303505297 7 1
303505296 10 2
303505295 3 0
303505294 0 1
303505293 4 2
303505292 0 0
303505291 3 22
303505290 12 1
303505288 0 20
303505286 0 0
303505285 260 3
303505284 8 2
303505283 5 45
303505282 1 14
303505281 1 8
303505280 5 0
303505279 14 4
303505276 5 2
303505275 1 1
303505274 17 2
303505273 12 2
303505272 8 5
303505271 15 0
303505270 5 2
303505269 5 0
303505268 12 0
303505267 0 0
303505264 0 2
303505263 0 0
303505262 11 4
303505261 14 4
303505260 0 1
303505259 3 1
303505258 7 1
303505257 3 1
303505256 1 8
303505255 455 30
303505254 167 4
303505253 2571 120
303505252 0 1
303505251 804 26
303505249 13 2
303505248 17 1
303505247 8 3
303505246 9 6
303505245 2 0
303505244 348 21
303505243 263 6
303505242 1 1
303505241 2 0
303505240 9 2
303505237 18 4
303505235 3 1
303505234 355 8
303505233 398 86
303505232 0 2
303505231 1 0
303505230 0 0
303505229 3046 278
303505227 2 0
303505225 1325 43
303505224 15 2
303505223 25 6
303505222 11 1
303505221 36 9
303505219 2137 75
303505218 459 11
303505215 2440 86
303505214 571 7
303505213 0 1
303505211 3346 292
303505210 7 1
303505209 1 1
303505206 6 1
303505205 2 1
303505202 227 7
303505201 0 0
303505200 914 9
303505199 11 4
303505198 9 101
303505196 3 1
303505195 10 5
303505194 2 3
303505193 2 0
303505192 11 4
303505191 4 2
303505190 11 2
303505189 485 20
303505186 12 4
303505185 0 4
303505183 722 9
303505182 303 8
303505181 1519 93
303505180 8 1
303505179 4 1
303505176 10 1
303505174 7 2
303505173 1 0
303505172 4 3
303505169 1 0
303505168 350 8
303505166 6 4
303505165 10 3
303505163 2 0
303505161 8 0
303505160 220 7
303505159 5 0
303505158 160 3
303505157 1 3
303505156 1 2
303505155 298 8
303505154 325 12
303505153 2 0
303505152 1 0
303505151 0 1
303505149 4 2
303505148 433 6
303505147 6 0
303505145 0 4
303505143 4 1
303505141 7 1
303505140 7 5
303505139 2 0
303505138 1 0
303505137 4 2
303505136 4 7
303505135 3 13
303505134 2 0
303505133 9 2
303505132 3 0
303505131 2 0
303505130 7 4
303505129 12 8
303505128 448 6
303505127 9 5
303505126 4 3
303505125 1196 36
303505124 9 0
303505122 1 0
303505120 10 0
303505118 3 1
303505117 1 0
303505116 0 0
303505115 4 3
303505114 6 0
303505112 10 4
303505109 166 9
303505108 4 53
303505107 1 1
303505106 4 4
303505105 11 5
303505104 6 4
303505103 5 5
303505101 2 8
303505099 3 1
303505098 3 1
303505097 2 7
303505096 0 0
303505095 275 15
303505094 2 1
303505093 4 5
303505092 2 0
303505090 4 3
303505089 2 1
303505088 8 3
303505086 1 1
303505084 0 0
303505083 4 0
303505081 11 7
303505080 1 0
303505079 11 3
303505078 2 4
303505076 0 6
303505075 0 0
303505074 5 0
303505073 0 7
303505072 3 1
303505071 9 1
303505070 4 0
303505068 2 2
303505065 3 2
303505064 2 4
303505062 0 0
303505061 2 0
303505059 1 0
303505058 8 0
303505057 0 3
303505056 0 2
303505055 2 1
303505054 6 1
303505053 1 1
303505052 1 1
303505051 1 1
303505050 8 0
303505049 5 2
303505047 6 10
303505045 360 6
303505044 0 1
303505043 9 2
303505042 0 2
303505041 12 2
303505040 0 1
303505039 0 2
303505037 3806 51
303505036 10 1
303505034 8 6
303505033 0 0
303505032 3 5
303505030 619 1
303505029 1 3
303505028 6 1
303505026 0 0
303505025 1 0
303505024 444 7
303505023 105 6
303505022 7 0
303505021 1 1
303505019 1 2
303505017 11 1
303505015 3 3
303505014 1 13
303505013 0 1
303505012 4 5
303505011 7 3
303505010 9 4
303505009 1 2
303505008 0 1
303505007 0 1
303505006 7 0
303505004 7 4
303505003 8 1
303505002 0 0
303505001 13 0
303505000 1 0
303504999 4 4
303504998 141 11
303504997 4 1
303504996 2 7
303504995 1 0
303504994 0 0
303504993 2 2
303504992 6 0
303504991 3 0
303504990 12 1
303504989 1253 112
303504988 0 0
303504987 13 4
303504986 0 0
303504985 2 0
303504984 0 1
303504983 0 0
303504981 3 4
303504980 93 3
303504979 9 2
303504978 0 4
303504977 9 1
303504976 187 20
303504975 14 0
303504974 0 0
303504973 8 2
303504972 4 5
303504971 6 1
303504970 2 0
303504969 1 1
303504967 1 28
303504966 0 0
303504965 6 2
303504964 9 2
303504963 433 2
303504962 6 2
303504960 10 1
303504958 4 5
303504955 5 1
303504954 0 0
303504953 5 2
303504952 2 6
303504950 8 1
303504949 10 3
303504948 8 0
303504947 1 0
303504946 4 0
303504943 4 1
303504942 6 8
303504941 0 0
303504940 0 0
303504939 2 20
303504937 0 4
303504936 1 0
303504935 4 1
303504934 4 3
303504933 0 0
303504932 1 0
303504930 5 1
303504928 4 6
303504926 958 47
303504925 347 12
303504924 2 2
303504923 3 3
303504922 1 0
303504921 2 2
303504920 3 2
303504919 1 2
303504918 1 0
303504917 4 4
303504916 1 2
303504915 1 0
303504914 6 1
303504913 2 4
303504912 1 2
303504911 2 0
303504910 1 0
303504908 8 2
303504907 0 0
303504906 1 0
303504905 5 1
303504904 6 0
303504903 0 0
303504902 6 5
303504901 0 0
303504900 5 1
303504899 9 3
303504898 0 3
303504895 3 0
303504894 5 1
303504893 1356 53
303504892 14 6
303504891 1 1
303504890 3 3
303504886 7 3
303504885 6 1
303504884 1 4
303504883 0 0
303504882 9 7
303504881 2 5
303504880 3 1
303504879 0 0
303504878 1 2
303504877 1 3
303504876 0 0
303504873 3 2
303504872 2 0
303504869 5 2
303504868 3 3
303504867 6 1
303504866 3 3
303504865 4 3
303504864 1 0
303504863 3791 33
303504861 0 10
303504860 2 4
303504858 3 5
303504857 0 0
303504856 0 0
303504855 0 0
303504854 2 0
303504853 2 2
303504852 12 3
303504850 3 0
303504848 5 0
303504847 4 1
303504846 1 0
303504845 7 0
303504844 3 1
303504843 2 0
303504842 0 4
303504841 3 1
303504840 2 0
303504839 1 0
303504838 1 0
303504836 5 5
303504835 2 1
303504834 0 0
303504832 6 2
303504831 3 3
303504830 2 0
303504829 5 1
303504828 0 3
303504827 3 5
303504826 1 2
303504825 3 0
303504824 0 4
303504823 1 0
303504821 8 8
303504820 0 0
303504819 7 0
303504818 11 3
303504817 4 2
303504816 2 0
303504815 3 4
303504814 1 9
303504813 1 0
303504812 3 0
303504811 0 11
303504809 4 0
303504807 3 0
303504806 7 5
303504805 0 0
303504804 1 3
303504803 10 6
303504802 2009 34
303504801 8 2
303504800 5 2
303504799 8 1
303504798 1 0
303504796 1 3
303504794 7 1
303504793 3 1
303504792 0 2
303504791 2 3
303504790 7 0
303504789 0 3
303504788 0 0
303504787 5 0
303504786 2 1
303504785 2 2
303504784 3 3
303504783 0 0
303504782 2 1
303504781 0 0
303504779 0 2
303504778 1 2
303504776 1 0
303504773 9 0
303504771 4 2
303504770 8 2
303504769 4 2
303504768 1 2
303504766 0 9
303504765 0 0
303504764 3 0
303504763 2 2
303504761 1162 38
303504760 1 1
303504759 1 15
303504758 0 0
303504757 0 12
303504756 3 0
303504755 8 2
303504754 1 0
303504753 3 2
303504752 0 1
303504750 7 0
303504749 2 1
303504748 2 2
303504747 0 0
303504746 4 1
303504745 3 1
303504744 0 9
303504743 4 1
303504742 0 0
303504740 0 3
303504739 3 0
303504738 0 0
303504737 0 2
303504736 0 1
303504735 11 2
303504734 7 3
303504733 4 2
303504732 3 1
303504731 0 0
303504730 3 2
303504729 2 1
303504728 2 3
303504727 1 2
303504726 4 1
303504725 2 0
303504724 6 2
303504722 1 1
303504721 4 0
303504720 1 6
303504719 3 2
303504718 0 0
303504717 0 2
303504715 3 3
303504714 0 0
303504712 1 0
303504711 0 1
303504710 0 15
303504709 0 2
303504707 0 11
303504706 0 2
303504705 0 0
303504704 1 0
303504703 1 1
303504699 0 2
303504698 1 2
303504697 0 16
303504696 0 2
303504695 2 3
303504694 0 3
303504692 0 3
303504691 0 6
303504690 0 2
303504688 7 5
