303956605 0 0
303937633 0 0
303851414 2 0
303799689 0 0
303799682 1 0
303799675 1 0
303799659 0 0
303799294 0 0
303799293 0 0
303799286 3 0
303799219 0 0
303797959 0 0
303744709 3 0
303744706 1 0
303744687 0 0
303744464 1 0
303743903 4 1
303740263 0 0
303736875 0 0
303733351 2 0
303727432 0 1
303724340 1 5
303672030 3 0
303671715 1 0
303671712 4 0
303664526 1 8
303654299 2 0
303653707 0 0
303652609 1 0
303587152 0 0
303587114 3 0
303584327 0 0
303578831 0 0
303577593 2 0
303572473 0 0
303572419 2 0
303571703 2 0
303525122 5 2
303506794 0 0
303494327 2 0
303494318 0 0
303494310 2 0
303472160 1 0
303472129 0 0
303426718 0 0
303412459 0 0
303412065 4 0
303412064 4 0
303411334 3 0
303408441 2 0
303407395 1 0
303407273 1 0
303407260 4 0
303405170 2 0
303404626 1 0
303395634 1 0
303370739 5 0
303360969 2 0
303325270 1 0
303325023 1 0
303322670 3 0
303311562 3 0
303311499 9 1
303309391 0 0
303299320 4 0
303297761 4 0
303295308 3 0
303295290 0 0
303295263 5 0
303295244 1 0
303267875 7 1
303267863 16 0
303252049 4 0
303251198 0 0
303251108 0 0
303251101 5 0
303251083 1 0
303251065 2 9
303250808 5 2
303250644 0 0
303250469 1 1
303249732 1 1
303248812 1 0
303248811 3 0
303248271 1 0
303244732 6 0
303243349 4 0
303242148 1 0
303242028 0 0
303242002 0 3
303239627 5 0
303239595 1 0
303239562 1 7
303239011 15 0
303238829 20 2
303238526 5 0
303238512 6 3
303237111 13 0
303236950 4 0
303236523 0 1
303236208 0 0
303235043 1 0
303232386 8 0
303219160 3 0
303219152 12 0
303209450 3 0
303200592 4 0
303193756 3 2
303193290 5 0
303190664 15 0
303182810 3 0
303182801 1 0
303182786 0 0
303182781 2 0
303182761 9 0
303182744 0 0
303182627 4 0
303181463 3 0
303181452 4 0
303181399 7 0
303177271 3 0
303176238 9 0
303165373 1 0
303164236 0 0
303164168 0 0
303163924 3 0
303163822 4 0
303163809 1 0
303163800 7 2
303163721 2 0
303163679 9 0
303163670 0 0
303163611 6 0
303163596 1 0
303163555 1 0
303163549 1 0
303163532 14 0
303163469 8 0
303163438 9 3
303163425 3 0
303163292 40 0
303163215 6 0
303163197 0 0
303163190 3 0
303163128 1 0
303162966 11 3
303162878 0 0
303162842 0 0
303162802 5 1
303162753 1 0
303162730 8 0
303162695 3 0
303162649 0 0
303162554 7 0
303162495 20 0
303162459 9 0
303162330 17 1
303162309 11 4
303162265 1 0
303162197 0 1
303162109 4 35
303161991 6 0
303161971 2 0
303161939 4 0
303161648 14 1
303161641 6 0
303161584 11 1
303161543 7 0
303161339 7 2
303161172 0 1
303161002 0 0
303160835 9 3
303160372 0 0
303160088 4 14
303160060 6 0
303160045 1 0
303160042 5 0
303160040 0 0
303160037 0 0
303159975 1 27
303159966 13 1
303159944 2 0
303159938 0 0
303159934 4 5
303159927 38 9
303159918 1 21
303159916 3 0
303159883 0 0
303159805 0 0
303159733 0 0
303159704 0 0
303159655 2 0
303159570 9 0
303159526 30 2
303159494 16 0
303159485 10 1
303159428 0 0
303159417 4 11
303159416 8 13
303159370 8 0
303159361 14 19
303159215 10 5
303159133 1 0
303159098 0 0
303159070 9 49
303158964 21 0
303158858 19 37
303158806 3 27
303158648 4 14
303158646 0 0
303158609 4 2
303158430 1 2
303158408 9 16
303158338 0 0
303158288 10 1
303158283 1 0
303158217 10 0
303158015 2 0
303158009 8 13
303157997 12 0
303157956 7 38
303157952 17 8
303157895 13 10
303157810 4 22
303157774 7 1
303157723 22 0
303157712 13 1
303157691 14 0
303157690 6 26
303157659 2 0
303157655 5 0
303157634 17 1
303157605 0 0
303157512 2 3
303157508 2 0
303157495 6 0
303157484 6 1
303157447 14 0
303157423 0 1
303157395 31 1
303157268 2 1
303157081 0 1
303157071 2 0
303157068 2 1
303157066 0 16
303156941 0 0
303156889 3 3
303156799 5 1
303156787 4 1
303156554 2 1
303156509 3 0
303156506 14 1
303156501 5 1
303156486 12 0
303156475 7 1
303156474 3 33
303156466 1 20
303156457 3 1
303156453 0 0
303156428 17 0
303156403 4 2
303156370 5 15
303156367 5 32
303156364 3 0
303156355 5 0
303156353 0 0
303156350 9 0
303156343 5 1
303156333 2 0
303156327 5 1
303156320 1 0
303156316 11 10
303156305 1 0
303156300 1 0
303156299 1 1
303156295 11 0
303156229 3 5
303156213 13 1
303156185 8 0
303156177 15 9
303156151 18 1
303156139 6 4
303156123 24 2
303156117 3 1
303156108 13 1
303156101 6 43
303156090 7 39
303156083 6 40
303156061 0 1
303156056 0 1
303156026 6 6
303156021 0 0
303155999 2 19
303155989 4 0
303155987 3 3
303155938 5 1
303155880 8 0
303155877 17 12
303155875 17 0
303155868 20 2
303155829 14 1
303155828 11 2
303155809 4 11
303155765 13 6
303155761 5 7
303155733 13 2
303155731 7 37
303155717 1 0
303155716 12 0
303155715 4 34
303155692 23 5
303155681 1 26
303155679 2 0
303155657 33 0
303155649 13 2
303155647 10 0
303155644 3 0
303155638 0 1
303155613 0 10
303155567 0 0
303155557 11 0
303155541 2 33
303155522 9 1
303155513 5 1
303155505 0 6
303155502 4 18
303155496 0 0
303155490 3 0
303155488 8 0
303155479 5 1
303155473 0 0
303155451 1 1
303155445 0 1
303155430 5 31
303155417 0 2
303155414 0 16
303155410 1 0
303155395 1 10
303155379 1 1
303155378 10 3
303155377 5 16
303155373 6 2
303155359 0 0
303155358 4 20
303155353 1 39
303155344 9 0
303155339 5 0
303155311 6 9
303155295 14 0
303155286 23 1
303155277 8 0
303155275 0 2
303155274 6 0
303155247 3 20
303155237 19 33
303155232 0 0
303155227 11 0
303155224 8 0
303155217 0 1
303155206 3 1
303155188 1 13
303155181 14 3
303155155 2 0
303155153 2 0
303155140 17 4
303155118 8 0
303155115 6 0
303155107 4 0
303155087 7 13
303155079 0 0
303155075 19 1
303155072 4 0
303155068 8 4
303155067 7 0
303155064 10 1
303155063 2 0
303155052 0 0
303155049 1 3
303155041 0 0
303155009 7 1
303155006 1 0
303155002 1 1
303154990 10 1
303154989 2 0
303154981 2 17
303154979 0 0
303154960 21 1
303154942 17 0
303154926 6 4
303154901 4 2
303154885 22 0
303154877 3 1
303154876 23 0
303154855 8 0
303154849 5 0
303154843 4 1
303154836 38 11
303154835 0 1
303154792 0 0
303154784 13 7
303154782 8 7
303154758 12 1
303154750 7 1
303154746 4 0
303154738 2 34
303154734 8 2
303154730 4 20
303154723 12 2
303154709 10 0
303154704 13 2
303154701 0 0
303154695 15 2
303154669 0 0
303154664 0 0
303154660 2 0
303154658 11 0
303154657 13 61
303154654 1 1
303154639 3 5
303154631 7 0
303154618 1 0
303154612 21 3
303154609 2 1
303154607 1 0
303154604 6 0
303154603 0 0
303154600 0 0
303154593 3 0
303154560 3 1
303154557 4 0
303154555 15 4
303154552 0 0
303154547 1 0
303154546 10 0
303154544 4 0
303154536 15 1
303154533 8 1
303154527 3 1
303154524 6 24
303154514 0 0
303154507 0 0
303154504 28 7
303154502 5 16
303154485 0 0
303154476 0 0
303154457 18 2
303154456 3 10
303154430 4 3
303154388 1 0
303154382 7 0
303154352 1 3
303154338 6 0
303154336 6 1
303154331 9 5
303154314 7 2
303154312 0 0
303154282 27 1
303154281 15 1
303154277 0 0
303154259 18 7
303154237 8 0
303154229 7 0
303154228 0 0
303154224 5 20
303154191 12 2
303154186 4 8
303154185 6 0
303154182 5 0
303154179 0 0
303154173 10 1
303154172 18 3
303154171 0 0
303154167 0 0
303154161 9 0
303154151 39 0
303154150 6 0
303154142 14 2
303154136 1 0
303154125 16 1
303154112 12 0
303154105 0 0
303154102 36 1
303154099 6 63
303154097 1 3
303154091 5 59
303154087 10 8
303154081 2 0
303154058 6 0
303154054 6 10
303154048 0 35
303154044 2 0
303154038 1 1
303154015 7 25
303153989 19 2
303153970 0 0
303153965 1 2
303153963 10 0
303153957 0 3
303153950 1 0
303153946 7 3
303153932 0 0
303153931 1 4
303153928 7 3
303153920 1 5
303153917 0 0
303153861 17 4
303153859 13 3
303153857 1 0
303153853 4 46
303153847 0 5
303153840 7 5
303153835 2 42
303153833 2 26
303153830 0 2
303153826 2 0
303153819 1 51
303153815 2 0
303153806 9 27
303153801 10 0
303153792 0 0
303153785 10 5
303153772 1 5
303153771 27 8
303153743 0 1
303153731 0 0
303153703 5 0
303153696 12 1
303153692 1 2
303153691 4 2
303153689 7 0
303153677 27 7
303153671 7 2
303153670 7 3
303153663 10 6
303153662 2 7
303153651 1 1
303153634 2 7
303153628 3 0
303153618 12 1
303153615 9 0
303153611 5 21
303153600 18 0
303153575 21 0
303153565 8 3
303153554 64 2
303153550 3 13
303153509 0 0
303153506 8 0
303153504 10 1
303153500 14 1
303153494 6 0
303153493 6 1
303153490 34 0
303153484 27 0
303153482 6 44
303153481 0 0
303153480 55 9
303153477 20 0
303153475 26 1
303153472 13 4
303153465 0 0
303153435 13 1
303153432 28 1
303153427 0 0
303153422 0 0
303153415 25 11
303153406 0 0
303153391 0 0
303153389 26 1
303153388 2 1
303153384 5 1
303153373 0 0
303153370 24 1
303153365 0 0
303153364 7 26
303153359 16 0
303153356 11 5
303153352 23 15
303153344 5 36
303153324 0 0
303153319 9 0
303153316 40 0
303153314 11 0
303153311 4 19
303153299 16 4
303153287 11 1
303153276 9 8
303153271 6 0
303153268 2 39
303153264 2 0
303153259 7 2
303153253 28 0
303153248 5 7
303153245 11 25
303153243 7 1
303153238 0 1
303153224 0 1
303153216 24 1
303153211 6 1
303153209 6 1
303153201 5 0
303153200 10 12
303153198 25 1
303153197 111 1
303153196 12 5
303153182 1 0
303153174 29 22
303153171 0 0
303153167 8 40
303153166 0 0
303153165 2 25
303153164 3 26
303153159 34 2
303153155 0 0
303153150 12 32
303153128 30 1
303153105 5 5
303153103 3 1
303153100 60 0
303153093 2 1
303153090 8 1
303153089 3 0
303153072 42 1
303153045 3 3
303153033 1 3
303153017 39 1
303153014 1 16
303153006 14 2
303153001 3 25
303152991 10 5
303152985 13 7
303152974 31 1
303152968 6 8
303152963 9 35
303152957 37 1
303152944 2 0
303152940 2 0
303152929 12 0
303152925 9 4
303152924 29 0
303152921 1 0
303152918 16 0
303152913 0 0
303152909 16 4
303152901 22 3
303152891 7 1
303152874 6 3
303152865 9 0
303152863 12 0
303152855 12 0
303152854 19 0
303152836 7 0
303152826 15 2
303152819 11 0
303152814 10 11
303152806 0 0
303152773 2 16
303152772 7 0
303152771 9 0
303152768 2 1
303152764 11 1
303152762 18 1
303152755 20 0
303152753 22 0
303152746 5 0
303152738 0 1
303152736 8 13
303152731 18 1
303152716 11 0
303152714 6 0
303152704 4 0
303152699 0 0
303152693 2 0
303152674 4 0
303152667 14 0
303152663 38 15
303152662 31 17
303152657 7 2
303152653 11 1
303152636 7 12
303152629 3 1
303152625 18 1
303152592 16 0
303152591 19 8
303152584 14 6
303152583 19 3
303152544 10 5
303152528 0 0
303152525 19 3
303152491 12 1
303152473 10 1
303152457 14 2
303152454 7 2
303152445 0 0
303152443 0 0
303152442 5 2
303152434 9 6
303152424 4 15
303152422 6 2
303152421 7 3
303152417 2 1
303152415 13 1
303152414 20 2
303152409 0 0
303152408 1 0
303152399 26 1
303152394 11 19
303152391 1 1
303152379 9 4
303152377 17 3
303152373 23 1
303152371 12 0
303152363 15 3
303152355 11 1
303152348 19 0
303152338 4 2
303152328 0 0
303152326 3 1
303152321 3 0
303152316 13 3
303152314 10 1
303152310 8 0
303152308 0 4
303152303 9 0
303152302 0 0
303152295 7 1
303152276 8 15
303152268 12 2
303152259 3 40
303152246 2 1
303152245 1 0
303152241 9 1
303152226 6 1
303152221 12 38
303152218 2 27
303152210 1 3
303152208 13 1
303152205 3 1
303152204 6 1
303152202 0 0
303152199 1 2
303152192 26 1
303152191 15 0
303152179 3 0
303152167 6 16
303152166 5 19
303152156 22 1
303152149 14 4
303152146 3 57
303152143 15 1
303152138 16 1
303152137 22 0
303152128 25 56
303152120 4 0
303152113 8 0
303152111 4 0
303152107 6 0
303152103 19 2
303152099 15 2
303152090 3 0
303152087 10 0
303152082 1 0
303152080 27 1
303152072 3 0
303152069 4 3
303152065 24 4
303152058 1 1
303152054 0 1
303152053 3 3
303152049 0 0
303152047 1 1
303152046 8 1
303152044 1 1
303152040 16 4
303152033 1 1
303152004 2 1
303151988 0 1
303151987 0 3
303151979 1 1
303151967 32 0
303151958 10 0
303151954 6 4
303151948 0 0
303151947 12 0
303151945 36 1
303151935 5 0
303151925 15 7
303151922 2 34
303151921 0 14
303151920 379 3
303151908 9 2
303151905 3 37
303151901 0 2
303151899 4 1
303151891 21 2
303151886 3 47
303151885 0 0
303151862 7 0
303151850 1 40
303151844 11 17
303151843 2 1
303151836 19 0
303151832 7 0
303151817 2 2
303151801 8 0
303151800 23 1
303151795 4 8
303151794 14 7
303151792 0 0
303151783 6 70
303151777 15 0
303151772 3 41
303151767 24 3
303151766 3 1
303151757 48 8
303151755 3 2
303151746 1 10
303151744 2 3
303151737 1 0
303151733 16 0
303151729 38 2
303151728 10 2
303151725 0 0
303151721 2 2
303151700 29 3
303151697 19 2
303151691 13 1
303151689 38 2
303151683 17 13
303151679 21 1
303151676 12 3
303151667 2 1
303151665 4 47
303151658 15 0
303151657 0 0
303151655 17 2
303151651 1 1
303151633 0 0
303151625 10 0
303151624 0 0
303151614 0 0
303151611 16 0
303151609 0 0
303151605 18 1
303151584 10 29
303151583 48 5
303151569 9 59
303151565 18 0
303151562 36 10
303151554 1 0
303151546 3 1
303151539 4 43
303151537 0 0
303151536 19 0
303151533 0 2
303151523 1 0
303151509 1 1
303151501 20 1
303151493 18 60
303151492 4 0
303151491 7 48
303151486 8 6
303151484 0 0
303151481 8 1
303151479 1 0
303151477 10 0
303151475 0 0
303151472 19 1
303151467 2 0
303151466 8 0
303151462 9 1
303151460 2 0
303151456 23 10
303151453 6 16
303151452 4 1
303151443 14 0
303151435 1 1
303151432 16 4
303151431 0 0
303151425 14 13
303151424 4 1
303151417 14 0
303151406 1 0
303151392 1 5
303151379 13 0
303151377 17 1
303151368 3 1
303151356 23 1
303151353 29 6
303151346 3 1
303151341 7 0
303151339 18 1
303151335 13 1
303151333 8 0
303151325 9 13
303151323 3 15
303151321 12 2
303151317 27 0
303151315 0 1
303151312 5 0
303151311 7 0
303151310 2 0
303151308 1 0
303151306 13 19
303151302 28 0
303151292 190 26
303151290 2 0
303151287 4 65
303151286 16 0
303151284 11 0
303151281 8 45
303151277 15 0
303151276 27 0
303151262 9 0
303151257 4 44
303151255 7 21
303151254 1 2
303151244 4 2
303151241 0 1
303151238 11 7
303151234 2 0
303151223 14 0
303151222 8 0
303151216 5 20
303151204 1 1
303151203 9 101
303151200 8 0
303151195 13 3
303151189 9 0
303151185 17 0
303151182 2 0
303151178 8 1
303151176 8 0
303151172 1 0
303151165 5 1
303151164 11 0
303151159 7 1
303151147 10 0
303151138 8 0
303151136 0 0
303151132 11 0
303151126 21 0
303151107 14 0
303151103 0 0
303151100 1 0
303151099 9 9
303151096 1 1
303151093 3 0
303151092 9 1
303151081 17 6
303151078 2 0
303151077 36 2
303151072 12 0
303151071 1 1
303151069 5 9
303151066 90 1
303151063 136 3
303151057 14 0
303151049 3 0
303151044 0 3
303151043 10 0
303151041 8 0
303151039 43 1
303151034 3 0
303151032 0 0
303151030 222 13
303151028 5 1
303151006 0 0
303151001 3 0
303150995 36 2
303150993 0 0
303150988 7 6
303150986 0 0
303150981 14 0
303150980 12 0
303150970 10 1
303150967 11 25
303150966 8 22
303150962 0 0
303150957 10 3
303150950 16 1
303150947 5 0
303150946 13 0
303150944 0 0
303150943 0 1
303150939 3 0
303150937 6 1
303150936 3 0
303150932 0 0
303150926 4 11
303150924 0 0
303150918 35 1
303150913 8 0
303150912 9 0
303150908 0 0
303150907 24 0
303150906 11 0
303150904 14 0
303150901 33 4
303150895 6 0
303150888 7 0
303150876 10 0
303150868 19 6
303150865 48 5
303150864 9 45
303150863 72 6
303150858 0 0
303150854 0 0
303150849 18 5
303150847 0 0
303150846 5 0
303150845 0 0
303150843 0 0
303150836 11 62
303150832 6 0
303150827 0 0
303150822 0 0
303150819 5 0
303150812 13 3
303150810 17 0
303150807 0 0
303150805 11 5
303150804 13 1
303150800 0 0
303150799 1 0
303150797 9 90
303150795 2 1
303150790 9 6
303150783 8 0
303150777 0 0
303150772 13 48
303150766 1 1
303150764 25 2
303150761 9 2
303150751 0 1
303150750 1 1
303150747 0 1
303150739 0 1
303150722 16 4
303150718 79 0
303150714 2 1
303150708 36 1
303150706 21 0
303150703 15 1
303150702 16 49
303150693 29 0
303150690 1 0
303150682 11 81
303150672 12 0
303150662 24 3
303150659 6 14
303150649 2 3
303150646 8 10
303150638 0 3
303150636 0 4
303150635 2 1
303150632 1 1
303150628 10 0
303150619 1 0
303150610 1 0
303150596 8 9
303150594 10 0
303150593 3 0
303150590 6 0
303150588 12 12
303150584 1 4
303150581 0 0
303150577 26 0
303150569 3 0
303150567 25 0
303150564 2 1
303150561 3 36
303150552 5 6
303150551 23 7
303150550 0 0
303150549 0 3
303150547 7 1
303150535 1 0
303150531 35 1
303150530 129 17
303150519 0 0
303150518 6 10
303150515 0 4
303150510 9 0
303150507 5 14
303150504 18 0
303150503 40 2
303150502 64 5
303150501 0 0
303150496 0 0
303150494 0 1
303150488 7 0
303150486 8 0
303150484 0 0
303150483 93 10
303150480 1 0
303150478 3 0
303150474 0 0
303150473 13 0
303150470 1 0
303150463 2 1
303150462 9 12
303150459 4 1
303150456 18 5
303150451 6 14
303150445 17 0
303150428 2 0
303150425 14 12
303150418 1 0
303150388 0 0
303150384 7 16
303150380 10 1
303150377 7 3
303150368 32 1
303150364 0 2
303150362 12 1
303150357 8 0
303150334 5 23
303150332 1 0
303150331 0 0
303150329 7 1
303150325 7 26
303150318 0 0
303150306 0 0
303150305 5 12
303150300 30 0
303150295 0 0
303150292 13 3
303150290 7 0
303150289 8 0
303150288 30 5
303150285 20 0
303150283 26 3
303150282 24 5
303150279 5 0
303150278 8 2
303150275 105 2
303150274 6 1
303150272 8 1
303150270 34 3
303150265 10 0
303150264 1 0
303150261 14 0
303150260 31 4
303150255 59 1
303150248 13 0
303150247 1 5
303150225 67 6
303150221 13 7
303150218 27 2
303150212 5 1
303150198 2 0
303150191 0 0
303150190 2 0
303150188 164 12
303150177 18 2
303150174 115 10
303150172 80 3
303150170 7 1
303150165 10 1
303150164 16 0
303150158 31 1
303150156 9 46
303150151 2 0
303150146 17 1
303150142 4 1
303150137 181 8
303150129 5 3
303150127 25 1
303150123 25 1
303150119 88 7
303150104 7 30
303150102 22 0
303150098 80 2
303150079 0 0
303150073 5 72
303150071 1 166
303150069 14 2
303150068 17 1
303150066 1 31
303150060 0 0
303150059 6 121
303150056 7 0
303150055 114 5
303150052 0 0
303150050 6 175
303150046 2 0
303150045 8 305
303150044 1 0
303150042 4 1
303150041 2 243
303150039 113 3
303150038 1 125
303150034 17 0
303150032 0 0
303150030 2 248
303150023 0 0
303150020 3 109
303150019 2 84
303150012 1 102
303150009 0 0
303149994 0 116
303149991 104 5
303149983 2 195
303149966 2 93
303149953 0 83
303149945 7 23
303149931 28 3
303149915 2 142
303149903 3 127
303149902 2 117
303149895 7 1
303149894 22 2
303149892 2 87
303149890 8 3
303149888 0 0
303149886 1 106
303149880 4 144
303149877 2 116
303149863 9 238
303149853 4 35
303149850 0 0
303149801 20 2
303149798 1 0
303149792 2 1
303149789 10 3
303149780 0 1
303149777 1 2
303149762 6 0
303149756 3 0
303149730 20 0
303149718 1 3
303149677 14 42
303149676 17 0
303149673 2 0
303149672 3 1
303149668 0 1
303149664 7 23
303149663 4 0
303149661 5 0
303149630 8 4
303149617 1 0
303149601 15 3
303149581 1 0
303149559 6 28
303149544 2 0
303149540 12 0
303149527 3 16
303149502 20 2
303149487 0 1
303149478 15 0
303149477 0 8
303149443 0 0
303149439 23 1
303149423 13 9
303149417 3 10
303149415 5 3
303149413 17 2
303149412 2 0
303149409 3 0
303149399 241 5
303149390 3 4
303149387 8 0
303149381 1 0
303149374 8 0
303149372 5 18
303149358 0 0
303149357 2 0
303149346 0 23
303149335 3 0
303149332 12 0
303149329 1 0
303149322 0 0
303149318 2 0
303149316 4 10
303149300 0 0
303149296 6 8
303149293 3 0
303149291 4 0
303149274 1 10
303149262 7 0
303149261 18 0
303149252 0 0
303149250 14 27
303149243 0 1
303149238 1 0
303149235 7 2
303149233 11 11
303149222 1 0
303149215 0 0
303149210 0 0
303149209 5 5
303149207 16 6
303149202 7 0
303149193 1 14
303149192 16 0
303149184 4 1
303149183 1 0
303149180 15 0
303149168 5 4
303149155 1 1
303149154 1 0
303149146 9 1
303149129 4 1
303149127 30 0
303149126 5 7
303149103 3 4
303149102 3 1
303149100 3 0
303149094 18 10
303149078 18 14
303149077 9 1
303149074 1 0
303149051 12 0
303149035 31 0
303149026 4 25
303149002 0 0
303148987 0 0
303148984 12 2
303148978 39 2
303148974 1 3
303148972 2 1
303148956 8 11
303148946 7 3
303148944 11 3
303148935 7 0
303148931 10 0
303148924 0 0
303148917 19 0
303148914 4 8
303148876 9 3
303148866 2 37
303148864 0 0
303148847 11 4
303148839 2 1
303148836 1 1
303148833 14 0
303148826 0 0
303148806 243 14
303148794 14 4
303148761 3 0
303148755 0 0
303148738 2 0
303148731 0 1
303148718 6 0
303148716 5 11
303148711 0 0
303148687 2 127
303148669 13 1
303148668 95 2
303148665 4 0
303148655 34 3
303148648 1 0
303148629 5 7
303148625 21 0
303148617 0 0
303148611 4 0
303148597 1 0
303148589 10 85
303148588 29 5
303148574 21 0
303148563 7 1
303148537 1 0
303148530 0 0
303148509 24 1
303148506 2 1
303148496 1 11
303148493 1 12
303148489 237 10
303148467 5 0
303148466 11 3
303148460 0 0
303148449 11 2
303148445 17 2
303148441 10 0
303148422 0 0
303148416 0 0
303148409 3 15
303148401 8 6
303148399 0 0
303148397 0 0
303148388 8 5
303148383 9 3
303148372 15 7
303148359 5 15
303148349 37 9
303148345 1 3
303148335 0 0
303148325 21 0
303148304 0 1
303148303 31 2
303148294 10 12
303148286 1 0
303148277 4 2
303148269 8 3
303148261 0 0
303148260 4 2
303148255 17 4
303148212 18 25
303148204 3 5
303148200 5 0
303148194 5 0
303148192 1 1
303148172 433 6
303148155 4 0
303148151 18 2
303148149 5 1
303148136 2 1
303148121 1 0
303148113 2 0
303148106 28 0
303148101 6 6
303148095 3 0
303148092 10 3
303148089 0 1
303148080 7 5
303148075 76 1
303148070 4 1
303148067 15 0
303148032 0 1
303148030 390 6
303148017 1 1
303148003 262 6
303147997 9 2
303147994 32 3
303147986 18 0
303147961 306 5
303147955 4 0
303147951 0 1
303147941 8 3
303147938 1 0
303147936 22 0
303147928 2 0
303147924 7 0
303147918 1 8
303147912 13 0
303147907 4 0
303147898 23 1
303147896 9 2
303147877 159 1
303147876 1 0
303147873 11 0
303147861 8 4
303147849 18 2
303147845 7 1
303147844 7 4
303147842 10 2
303147835 2 0
303147829 0 0
303147826 2 5
303147809 291 21
303147787 14 7
303147779 4 0
303147775 3 0
303147754 0 2
303147746 0 1
303147743 6 2
303147726 12 9
303147718 8 0
303147705 5 0
303147704 1 0
303147700 1 0
303147699 4 1
303147695 14 15
303147687 9 1
303147686 5 0
303147682 11 6
303147675 2 0
303147664 1 0
303147663 7 0
303147662 10 5
303147650 3 1
303147640 1 0
303147639 11 0
303147627 8 1
303147615 0 0
303147613 0 0
303147609 4 0
303147608 0 0
303147598 320 5
303147596 8 1
303147593 5 0
303147592 1 1
303147590 7 7
303147572 0 0
303147561 0 0
303147547 9 0
303147539 16 8
303147538 2 0
303147531 0 0
303147526 1 1
303147515 5 0
303147514 2 2
303147509 0 3
303147508 9 1
303147495 3 0
303147490 18 0
303147478 6 3
303147475 4 1
303147460 0 0
303147450 358 1
303147446 5 4
303147436 181 11
303147433 0 0
303147430 3 3
303147409 2 1
303147407 2 0
303147400 2 1
303147394 1 0
303147383 12 5
303147381 0 0
303147364 0 1
303147361 15 5
303147355 8 1
303147338 3 0
303147334 5 0
303147333 0 0
303147332 0 1
303147331 9 0
303147320 0 0
303147318 4 1
303147317 0 0
303147306 5 0
303147301 8 1
303147299 11 1
303147290 4 1
303147276 0 0
303147275 15 4
303147267 1 0
303147247 1 0
303147238 0 0
303147234 0 1
303147229 7 0
303147225 5 0
303147216 6 2
303147207 2 0
303147205 0 0
303147197 0 0
303147196 0 0
303147193 0 0
303147191 2 0
303147190 0 0
303147184 17 1
303147168 175 2
303147164 0 0
303147136 14 1
303147130 21 5
303147129 0 0
303147126 14 2
303147120 23 6
303147106 364 5
303147103 0 0
303147102 4 30
303147093 1 0
303147090 2 0
303147089 6 12
303147087 1 0
303147086 4 1
303147085 7 2
303147083 0 0
303147075 381 3
303147066 12 1
303147059 244 2
303147056 12 0
303147051 5 8
303147048 28 2
303147041 12 1
303147038 3 1
303147035 32 2
303147020 341 3
303147010 11 0
303147007 9 0
303146995 12 2
303146994 2 1
303146993 6 0
303146992 0 5
303146991 5 1
303146987 2 0
303146981 0 1
303146974 0 0
303146967 24 1
303146948 5 9
303146941 6 0
303146939 4 42
303146938 13 17
303146929 0 0
303146920 11 8
303146919 1 0
303146913 1 0
303146912 0 0
303146896 2 0
303146892 9 0
303146861 7 1
303146860 7 0
303146856 9 0
303146853 36 0
303146852 0 0
303146849 9 4
303146842 0 0
303146838 4 0
303146829 1 1
303146828 7 4
303146814 0 0
303146812 0 1
303146798 0 6
303146787 2 0
303146777 6 0
303146764 0 0
303146762 2 1
303146759 0 1
303146753 3 10
303146742 0 1
303146737 3 1
303146736 5 5
303146732 0 6
303146726 0 0
303146714 235 28
303146707 5 8
303146693 8 3
303146689 1 0
303146688 10 1
303146680 5 8
303146675 3 0
303146672 0 0
303146663 1 0
303146657 125 21
303146642 12 0
303146641 9 1
303146638 2 0
303146635 0 0
303146627 10 0
303146626 6 0
303146623 0 1
303146598 1 0
303146582 5 0
303146561 0 0
303146557 10 0
303146553 5 3
303146552 13 8
303146536 0 0
303146533 541 3
303146529 1 0
303146525 204 10
303146505 6 0
303146501 6 0
303146477 20 0
303146463 15 1
303146459 13 4
303146444 0 0
303146441 0 0
303146431 14 2
303146430 28 0
303146399 2 1
303146394 1 0
303146384 8 1
303146378 5 8
303146375 7 15
303146368 1 0
303146358 7 8
303146346 10 2
303146330 0 1
303146324 8 3
303146321 8 0
303146318 0 0
303146302 7 1
303146289 0 0
303146283 0 0
303146282 11 19
303146273 6 0
303146270 2 6
303146264 0 0
303146258 0 0
303146244 3 0
303146231 0 0
303146223 3 0
303146220 1 0
303146219 6 1
303146217 4 0
303146210 0 0
303146204 10 9
303146192 27 1
303146183 0 0
303146175 2 1
303146174 5 5
303146137 3 4
303146135 15 8
303146130 0 1
303146128 8 2
303146119 4 0
303146116 2 0
303146110 2 0
303146106 2 0
303146100 6 0
303146096 8 4
303146091 0 0
303146077 8 4
303146054 10 0
303146053 46 1
303146048 12 2
303146042 13 2
303146036 0 0
303146030 4 10
303146022 17 0
303146019 15 4
303146005 1 0
303146000 6 0
303145992 25 11
303145989 1 0
303145988 0 0
303145980 1 0
303145975 0 0
303145969 4 0
303145965 3 0
303145957 2 4
303145953 5 2
303145949 13 6
303145935 6 3
303145925 0 0
303145918 6 5
303145912 4 6
303145896 0 0
303145893 13 0
303145892 2 0
303145890 6 1
303145888 10 12
303145886 31 5
303145881 9 11
303145879 5 0
303145868 8 0
303145863 1 0
303145859 7 1
303145846 32 2
303145839 7 5
303145833 0 0
303145831 7 7
303145823 10 0
303145820 1 0
303145813 801 8
303145805 0 0
303145798 4 4
303145791 0 0
303145766 7 32
303145762 2 0
303145747 4 3
303145746 0 0
303145745 164 3
303145744 13 0
303145734 4 5
303145732 0 4
303145728 6 7
303145724 6 2
303145718 11 3
303145710 4 3
303145703 0 0
303145698 6 2
303145697 11 6
303145694 908 10
303145693 4 0
303145684 11 2
303145683 1 0
303145677 7 0
303145668 4 3
303145666 6 0
303145664 6 1
303145661 0 1
303145652 0 21
303145650 4 0
303145649 10 3
303145647 2 2
303145635 2 6
303145624 5 2
303145620 2 0
303145619 6 0
303145617 5 8
303145603 0 0
303145596 3 0
303145594 2 0
303145583 5 1
303145578 6 5
303145575 3 1
303145572 7 5
303145566 1 2
303145564 1 0
303145555 35 0
303145528 4 0
303145514 0 0
303145501 10 4
303145490 1 1
303145484 10 16
303145480 4 0
303145474 3 2
303145470 0 0
303145456 3 0
303145454 202 1
303145450 6 6
303145444 3 0
303145442 0 0
303145441 4 1
303145440 10 0
303145423 0 0
303145421 1 0
303145420 386 3
303145417 0 0
303145415 0 0
303145411 9 4
303145410 4 0
303145408 0 0
303145406 3 1
303145404 23 1
303145402 0 0
303145396 4 9
303145395 0 0
303145382 24 1
303145375 20 0
303145352 5 0
303145349 0 0
303145340 0 1
303145330 5 0
303145328 2 0
303145325 8 2
303145324 1 0
303145322 0 1
303145316 13 3
303145312 0 0
303145305 21 0
303145290 5 3
303145288 3 0
303145276 9 0
303145269 14 4
303145267 2 0
303145234 9 5
303145222 3 0
303145220 0 0
303145217 1 0
303145210 0 0
303145200 6 14
303145191 6 52
303145183 7 5
303145177 22 0
303145176 2 3
303145160 0 13
303145157 3 0
303145155 4 11
303145150 1 0
303145143 1 3
303145128 5 7
303145126 0 0
303145125 1 0
303145118 7 5
303145115 1 2
303145103 10 3
303145096 0 0
303145089 13 7
303145087 4 3
303145080 2 0
303145067 0 0
303145057 7 5
303145054 2 0
303145051 1 1
303145041 1 1
303145035 6 8
303145034 5 0
303145024 2 2
303145003 5 8
303145002 0 0
303144991 986 12
303144980 1 0
303144965 3 1
303144958 7 9
303144957 5 8
303144953 4 1
303144945 6 0
303144936 22 1
303144928 0 0
303144923 9 12
303144903 3 0
303144897 2 0
303144893 2 0
303144885 2 0
303144869 1 1
303144868 201 19
303144866 358 10
303144865 228 13
303144862 7 9
303144858 0 0
303144849 4 1
303144828 0 0
303144815 3 6
303144803 29 2
303144799 5 0
303144784 7 4
303144782 0 0
303144775 256 19
303144764 8 8
303144756 11 0
303144749 4 3
303144745 0 0
303144744 3 0
303144741 1 1
303144738 2 0
303144728 9 1
303144725 34 2
303144724 7 2
303144721 2 2
303144713 1 0
303144711 1 1
303144704 2 0
303144698 5 0
303144697 1 3
303144691 4 21
303144687 7 3
303144683 7 6
303144681 7 0
303144676 8 0
303144673 0 0
303144667 0 0
303144666 7 9
303144664 3 1
303144663 789 27
303144632 0 0
303144622 0 1
303144621 3 0
303144605 0 0
303144596 37 2
303144572 9 0
303144571 0 0
303144567 7 19
303144559 5 6
303144552 2 0
303144548 3 30
303144546 0 0
303144540 0 0
303144520 107 5
303144516 0 0
303144509 3 1
303144505 17 0
303144504 1 0
303144502 12 3
303144475 0 0
303144470 6 0
303144459 0 0
303144454 503 7
303144447 3 0
303144445 0 5
303144444 995 11
303144433 28 1
303144419 3 1
303144395 14 2
303144394 2 0
303144392 2 0
303144385 25 0
303144381 2 1
303144377 0 0
303144367 2 0
303144365 3 3
303144360 24 0
303144345 8 0
303144341 1 6
303144334 4 0
303144316 0 0
303144308 0 0
303144304 10 2
303144287 11 4
303144285 3 38
303144272 7 3
303144268 900 82
303144262 2 1
303144258 8 0
303144253 5 2
303144243 0 0
303144239 0 0
303144233 0 6
303144219 0 0
303144215 1 0
303144213 93 1
303144207 446 6
303144204 22 0
303144202 2 0
303144178 0 1
303144170 37 0
303144167 1 0
303144166 0 0
303144155 0 0
303144151 0 0
303144138 31 1
303144122 0 0
303144117 8 20
303144113 2 5
303144107 290 26
303144106 1 0
303144100 9 2
303144084 2 1
303144076 792 51
303144065 6 2
303144048 14 6
303144046 13 0
303144038 14 2
303144032 10 2
303144029 6 0
303144027 0 18
303144020 4 1
303144017 5 3
303144016 6 4
303144012 1 1
303144011 0 1
303144005 25 0
303144000 0 1
303143986 28 0
303143978 10 1
303143951 0 0
303143950 1 1
303143939 0 2
303143934 1 0
303143929 122 3
303143902 11 4
303143899 4 0
303143898 17 0
303143888 0 0
303143885 0 0
303143879 8 2
303143873 4 0
303143865 3 0
303143861 3 1
303143858 11 0
303143855 0 0
303143851 0 1
303143847 5 0
303143844 0 0
303143838 1 0
303143836 0 0
303143825 2 1
303143823 10 2
303143805 3 2
303143800 6 0
303143793 0 0
303143787 3 0
303143786 16 0
303143777 7 14
303143775 0 14
303143772 24 6
303143769 492 9
303143767 3 1
303143761 2 9
303143758 1 0
303143753 130 0
303143744 3 2
303143728 0 0
303143727 0 0
303143703 0 0
303143686 2 2
303143678 215 3
303143671 6 1
303143657 3 0
303143656 0 0
303143655 4 0
303143653 7 4
303143644 1 3
303143629 1 2
303143624 0 0
303143613 296 5
303143610 1 1
303143606 1 1
303143586 1 0
303143583 2 63
303143582 7 0
303143573 387 31
303143567 13 18
303143566 24 4
303143564 677 46
303143559 2 1
303143556 5 2
303143545 3 0
303143509 1 1
303143504 3 10
303143502 3 0
303143488 4 31
303143466 3 0
303143462 5 6
303143460 0 0
303143436 4 9
303143425 6 15
303143408 5 2
303143390 0 0
303143373 156 1
303143372 2 0
303143365 7 2
303143364 25 1
303143363 669 57
303143349 2 1
303143330 2 0
303143326 3 5
303143318 0 0
303143317 134 3
303143313 2 1
303143311 6 1
303143266 3 0
303143262 0 0
303143254 1 162
303143249 18 7
303143248 0 0
303143246 17 0
303143245 19 0
303143242 2 2
303143241 4 1
303143238 1 0
303143237 497 5
303143234 0 1
303143210 0 0
303143209 9 45
303143208 733 15
303143203 3 1
303143197 1 9
303143193 358 3
303143183 4 1
303143172 1 0
303143162 0 0
303143157 7 1
303143156 6 9
303143149 7 1
303143143 3 4
303143142 17 0
303143133 0 0
303143130 0 0
303143119 3 0
303143097 3 1
303143095 4 25
303143094 13 0
303143093 4 2
303143087 606 11
303143065 2 0
303143063 1 4
303143057 1 1
303143044 5 1
303143042 2 0
303143040 2 0
303143036 1 0
303143024 8 11
303143011 7 3
303143005 95 4
303143002 0 0
303142988 0 14
303142984 0 0
303142979 19 0
303142976 1 0
303142975 0 0
303142960 14 3
303142956 1 0
303142951 2 0
303142948 0 0
303142941 1 0
303142936 0 0
303142935 10 2
303142906 273 20
303142887 7 1
303142884 13 2
303142881 603 14
303142866 342 3
303142863 7 8
303142851 5 190
303142842 5 70
303142833 1 0
303142832 8 0
303142823 18 3
303142817 12 5
303142804 0 0
303142792 0 0
303142778 8 0
303142767 534 8
303142766 1 1
303142759 13 4
303142744 3 16
303142735 8 0
303142731 22 2
303142728 0 0
303142727 9 0
303142725 186 3
303142722 3 2
303142702 1 0
303142696 723 5
303142694 1 1
303142688 16 0
303142672 7 10
303142645 11 4
303142640 1 0
303142630 1 0
303142628 7 1
303142627 7 0
303142618 0 0
303142616 6 6
303142611 3 0
303142604 3 1
303142595 10 5
303142589 0 0
303142587 1 1
303142582 7 2
303142574 11 4
303142573 2 2
303142566 0 0
303142565 247 1
303142564 2 0
303142555 1 1
303142549 976 24
303142543 9 0
303142540 0 0
303142532 0 0
303142524 0 0
303142523 0 0
303142518 0 1
303142515 20 0
303142510 0 0
303142508 0 0
303142506 1 0
303142496 4 0
303142494 0 0
303142486 3 1
303142481 0 0
303142480 6 28
303142477 7 29
303142472 3 0
303142470 0 0
303142467 5 5
303142463 4 0
303142459 0 0
303142456 4 22
303142450 7 1
303142420 1 0
303142417 8 0
303142403 26 2
303142393 2 2
303142388 224 2
303142363 4 0
303142361 0 1
303142352 4 139
303142351 3 57
303142339 8 0
303142324 6 1
303142304 10 1
303142301 10 4
303142299 451 3
303142293 0 1
303142289 4 3
303142288 0 1
303142281 0 0
303142276 1 0
303142275 0 1
303142267 4 0
303142255 5 0
303142243 9 0
303142240 0 0
303142235 10 0
303142224 4 0
303142223 11 0
303142218 6 1
303142217 2 0
303142215 8 11
303142214 0 0
303142211 0 1
303142209 0 0
303142198 4 47
303142197 6 3
303142195 3 1
303142192 11 0
303142191 31 7
303142180 3 0
303142179 7 2
303142175 17 2
303142170 10 5
303142168 2 1
303142158 0 23
303142140 7 0
303142137 0 0
303142124 1000 14
303142103 2 0
303142101 5 0
303142100 653 6
303142098 564 5
303142069 1 0
303142061 0 8
303142049 5 1
303142046 31 8
303142045 9 7
303142030 0 0
303142025 5 0
303142012 12 29
303142003 15 10
303141999 2 4
303141993 0 2
303141987 1 0
303141963 4 1
303141956 3 0
303141949 9 0
303141941 0 4
303141938 3 0
303141931 6 1
303141928 7 1
303141924 6 1
303141895 5 0
303141894 5 5
303141883 2 0
303141877 4 0
303141872 1 0
303141854 19 1
303141848 9 0
303141846 329 21
303141830 1 0
303141828 4 1
303141824 1 0
303141804 590 12
303141796 22 8
303141790 2266 98
303141754 3 0
303141746 8 1
303141743 1 1
303141740 6 1
303141722 0 0
303141721 1 0
303141706 7 1
303141704 8 11
303141690 2 1
303141688 4 2
303141680 2 1
303141679 0 0
303141670 15 10
303141665 2 2
303141660 446 2
303141656 1 3
303141647 1982 163
303141624 3 3
303141616 0 0
303141612 7 0
303141594 0 0
303141586 11 2
303141577 0 0
303141569 13 21
303141563 2 0
303141556 3 0
303141552 0 0
303141540 0 1
303141534 0 0
303141531 0 0
303141527 3 0
303141524 2 0
303141523 1 1
303141508 0 0
303141505 5 0
303141489 7 5
303141482 779 49
303141462 0 0
303141457 2 0
303141456 1 0
303141449 0 1
303141448 0 2
303141443 1 1
303141442 39 0
303141431 3 1
303141428 1 1
303141426 6 2
303141416 421 15
303141400 1 0
303141396 7 0
303141391 1 0
303141383 0 0
303141380 9 2
303141378 11 5
303141367 420 19
303141363 11 6
303141361 2 0
303141355 418 6
303141335 2656 86
303141303 4397 191
303141297 14 1
303141282 0 0
303141273 1 2
303141272 1 0
303141247 6 10
303141245 13 0
303141240 2 1
303141218 1 0
303141215 1 1
303141204 24 8
303141203 6 0
303141193 11 0
303141192 11 1
303141190 10 5
303141182 5 1
303141179 2 1
303141176 2 0
303141170 2 4
303141168 3 0
303141166 1 0
303141150 11 0
303141146 0 0
303141144 8 11
303141141 9 5
303141134 3 1
303141128 0 1
303141123 4 0
303141118 4 1
303141117 3 0
303141093 0 0
303141087 0 0
303141084 0 0
303141079 1 0
303141071 2 0
303141068 11 5
303141058 7 17
303141057 6 4
303141053 3 2
303141043 4 0
303141033 3 2
303141019 6 1
303141012 2 1
303141009 1 0
303141007 1 0
303141006 6 4
303140975 10 6
303140961 7 4
303140953 1 2
303140947 5 2
303140936 2572 42
303140916 2 0
303140895 832 3
303140884 1 2
303140880 0 0
303140879 0 0
303140868 0 1
303140856 5 1
303140852 9 66
303140845 647 21
303140841 5 1
303140840 3 0
303140834 5 5
303140810 9 5
303140806 28 14
303140799 23 10
303140793 4 2
303140789 2 0
303140770 3 1
303140762 3 3
303140744 5 2
303140741 2 1
303140734 0 2
303140733 0 1
303140719 5 3
303140710 2 1
303140674 1 2
303140672 9 1
303140667 3 2
303140661 30 10
303140657 3 0
303140653 0 1
303140651 5 0
303140634 3 1
303140633 4 0
303140619 1 7
303140611 4 0
303140609 15 2
303140605 3393 139
303140602 9 6
303140599 13 2
303140593 2188 41
303140586 3 1
303140583 1 4
303140582 1 1
303140579 3 1
303140566 5 1
303140560 1 1
303140549 5 1
303140547 10 4
303140542 0 1
303140539 3 0
303140524 1 0
303140523 4 3
303140521 2 18
303140513 1 4
303140499 2 3
303140494 11 7
303140491 7 4
303140489 5 3
303140479 1254 28
303140470 5 1
303140445 10 3
303140444 2 5
303140439 5 3
303140438 1709 52
303140431 4 3
303140428 16 4
303140424 4 8
303140413 5 3
303140408 1 3
303140399 6 3
303140393 3 3
303140392 1 1
303140388 8 2
303140386 15 4
303140361 8 3
303140358 1463 42
303140352 3 4
303140351 506 4
303140350 13 33
303140349 46 16
303140344 5 2
303140342 1 4
303140333 9 7
303140321 2 4
303140320 11 8
303140316 0 4
303140315 1 2
303140314 11 5
303140309 1308 24
303140307 5 3
303140291 9 4
303140290 0 3
303140283 6 5
303140280 0 3
303140275 0 4
303140271 1 2
303140264 1 5
303140261 5 6
303140260 4 3
303140253 6 7
303140251 668 25
303140249 2 3
303140248 5 1
303140246 8 1
303140245 1 1
303140242 1 1
303140240 1 2
303140238 1 2
303140236 2 2
303140235 2 1
303140229 3 1
303140227 1 1
303140218 0 1
303140212 536 6
303140207 1602 86
303140202 4 1
303140197 2742 90
303140192 1 2
303140188 1 1
303140186 8 4
303140182 1 2
303140176 12 7
303140174 3 1
303140171 3 1
303140170 1 4
303140168 2 1
303140162 0 4
303140148 1 2
303140139 4 1
303140135 0 1
303140132 9 2
303140129 1 2
303140121 1 3
303140118 1 1
303140112 0 1
303140110 4 2
303140108 0 1
303140106 5 2
303140105 0 4
303140101 0 2
303140094 0 1
303140091 1 2
303140089 13 6
303140084 1 1
303140079 1 1
303140077 7 1
303140073 18 7
303140072 0 1
303140052 426 1
303140050 6 7
303140043 4 1
303140037 0 1
303140014 2 10
303140010 4 1
303140003 1 1
303139994 2 1
303139992 1513 45
303139991 1 1
303139986 1 2
303139985 2 1
303139979 0 2
303139978 2 2
303139975 15 2
303139973 0 1
303139966 0 1
303139962 0 2
303139948 325 5
303139944 0 1
303139937 3 2
303139936 1 2
303139934 16 6
303139929 1 2
303139923 4 2
303139922 3 1
303139916 0 1
303139915 5 2
303139913 3120 217
303139901 3 1
303139894 13 2
303139889 0 2
303139883 1 1
303139881 0 1
303139880 1 2
303139877 1 1
303139875 1 2
303139872 0 1
303139869 1 1
303139855 8 2
303139852 1 1
303139848 2 2
303139844 0 1
303139843 1 4
303139837 1 1
303139835 4 3
303139834 936 11
303139820 1 2
303139818 1 3
303139812 4 2
303139808 1 2
303139800 2 1
303139787 2 1
303139781 0 1
303139777 0 1
303139774 0 1
303139773 1 2
303139764 1 2
303139757 0 1
303139755 1 1
303139753 6 1
303139744 3 3
303139743 2 2
303139738 0 1
303139735 0 3
303139717 0 1
303139714 1 1
303139710 3 2
303139708 2 2
303139700 4 3
303139697 4 3
303139696 0 2
303139695 1 1
303139694 0 2
303139691 1 2
303139683 0 1
303139681 1 2
303139675 4 2
303139672 0 1
303139667 0 2
303139657 0 1
303139652 0 1
303139650 0 2
303139648 1 1
303139646 1 2
303139643 0 1
303139639 1 1
303139630 0 1
303139629 0 1
303139623 0 1
303139621 0 2
303139614 5 3
303139610 1 2
303139607 0 1
303139600 4 2
303139596 0 2
303139594 2 1
303139592 0 1
303139589 1 2
303139581 0 1
303139573 2 1
303139566 0 1
303139540 0 2
303139535 1 2
303139514 8 6
303139513 0 1
303139512 1 1
303139510 0 1
303139490 0 1
303139487 4 1
303139485 0 1
303139465 3 1
303139459 5 1
303139458 0 1
303139456 1 2
303139426 0 2
303139418 1 2
303139410 1 2
303139408 0 1
303139392 0 1
303139362 0 1
303139351 0 1
303139348 1 1
303139338 0 1
303139331 1 2
303139320 0 1
303139315 0 1
303139304 1 1
303139296 1 1
303139281 4 2
303139278 0 1
303139276 0 1
303139275 1 2
303139271 0 1
303139268 4 2
303139265 0 1
303139251 1 1
303139229 1 2
303139228 758 95
303139209 2 1
303139204 0 1
303139194 1 2
303139183 0 2
303139170 1 4
