303957259 1 0
303955998 2 0
303949990 0 0
303945401 2 0
303941478 1 0
303941249 0 0
303941012 0 0
303940470 1 0
303933924 1 0
303865115 0 1
303864077 3 0
303862580 3 0
303862437 1 0
303862105 5 0
303862066 3 0
303860135 2 0
303859187 0 1
303859089 7 1
303858728 0 0
303856675 1 0
303856639 4 0
303856506 4 0
303856353 1 0
303855999 0 0
303854029 1 0
303853964 1 0
303824170 1 0
303824163 0 0
303824150 3 1
303813124 1 0
303813115 0 0
303805172 2 0
303804941 4 0
303804328 0 11
303803777 1 2
303803186 1 0
303802613 1 0
303800189 2 0
303799683 0 3
303798777 1 0
303797778 0 1
303797625 9 0
303797435 1 0
303797171 5 2
303796765 0 0
303796549 0 0
303795290 2 14
303790648 1 0
303764302 1 0
303763803 18 0
303763030 1 0
303744787 1 0
303744778 1 0
303744470 2 0
303744404 1 2
303743925 4 0
303743086 10 1
303740499 4 0
303739996 1 6
303738014 7 0
303738009 8 0
303737192 0 0
303737001 2 0
303736901 1 0
303736019 3 0
303736015 0 0
303735600 1 0
303734955 0 1
303734878 3 1
303734371 2 0
303734192 5 2
303734189 0 51
303733851 6 1
303733843 1 0
303733832 9 2
303733066 1 0
303732745 2 1
303731126 3 0
303727353 0 0
303724501 6 0
303723004 5 0
303722666 6 1
303722080 10 0
303722050 0 0
303719983 0 0
303711022 17 1
303698095 9 2
303696724 5 1
303695689 2 0
303695654 2 5
303685019 0 1
303672861 3 1
303672775 3 1
303672710 1 0
303672679 8 0
303672651 0 0
303672616 0 0
303672451 9 2
303672440 0 0
303672385 0 0
303672369 5 2
303671988 0 0
303671685 0 4
303671660 2 3
303671251 4 0
303671250 1 0
303671234 10 0
303670693 4 1
303670687 1 0
303670642 3 8
303669335 2 3
303668923 8 1
303668448 0 0
303666609 1 0
303666145 1 0
303666143 0 0
303666138 5 1
303665943 2 23
303665776 1 0
303665766 1 0
303665765 4 1
303665354 5 1
303665341 4 0
303665333 7 2
303665257 13 0
303665179 3 0
303664981 15 0
303664902 10 0
303663534 0 0
303663366 2 0
303663312 3 1
303663025 0 0
303662863 0 0
303662271 16 0
303660782 0 0
303658746 11 0
303658731 5 32
303656673 9 0
303656001 0 0
303655122 0 10
303654684 0 0
303653781 2 0
303651402 6 4
303651397 2 1
303640172 10 1
303637891 6 6
303620589 3 1
303620261 0 0
303619910 2 2
303619005 0 0
303618229 0 5
303617113 0 0
303610577 0 0
303610196 4 1
303610185 15 2
303610170 10 10
303610139 6 1
303609611 0 0
303608293 0 0
303607360 0 0
303603104 7 6
303597909 6 3
303587790 1 1
303587619 6 5
303587599 5 5
303587566 2 0
303587532 5 3
303587311 10 1
303587300 22 0
303587121 4 0
303587118 2 0
303587089 6 0
303587072 5 24
303587058 4 1
303587029 1 2
303587012 4 6
303586956 15 2
303586674 5 1
303586581 3 1
303586538 47 22
303586532 3 35
303586516 11 2
303586329 6 1
303586042 3 1
303585929 0 0
303585850 6 1
303585735 6 1
303585729 0 1
303585449 1 6
303585410 2 0
303585241 3 0
303585071 2 0
303584806 6 36
303584470 3 45
303584120 0 0
303583972 10 2
303583969 7 0
303583954 2 1
303583951 18 2
303583543 11 0
303582838 1 7
303582817 5 1
303582815 1 1
303582814 1 0
303582109 0 2
303581723 11 0
303581389 20 1
303581065 10 0
303581041 6 3
303580592 0 10
303580586 2 0
303580585 1 0
303580444 18 0
303580325 8 0
303580268 4 1
303580257 0 0
303580009 0 1
303580005 4 1
303579934 6 5
303579242 1 0
303579201 3 0
303578863 5 4
303578751 4 0
303578520 13 1
303578514 1 0
303578416 3 0
303578316 5 1
303578305 3 1
303578294 18 0
303578215 4 2
303578192 13 0
303577876 3 0
303577845 10 0
303577829 12 2
303577794 0 0
303577760 13 1
303577275 1 0
303577259 5 2
303577247 3 1
303576788 0 0
303576735 6 1
303576725 4 2
303576718 5 2
303576711 9 0
303576686 3 0
303576629 35 2
303576594 0 1
303576371 11 5
303576057 9 1
303575916 8 1
303575635 6 7
303575625 5 1
303575528 3 7
303575445 4 0
303575081 11 5
303574771 7 0
303574502 0 0
303573980 11 1
303573974 1 6
303573956 1 6
303573937 29 1
303573806 0 0
303573313 7 2
303573279 3 0
303573270 5 0
303573156 7 1
303572237 0 0
303570022 25 3
303570019 4 0
303569937 2 0
303565308 5 1
303565270 12 0
303565197 16 0
303565143 2 0
303565030 5 4
303564976 1 0
303564812 0 0
303564770 2 0
303564187 6 2
303563918 1 0
303560111 16 1
303560085 10 1
303559998 14 0
303559956 7 1
303559946 6 1
303559852 5 3
303559747 3 1
303559742 10 2
303559733 7 0
303559730 0 3
303559611 0 1
303559597 1 0
303559474 2 1
303559003 9 1
303557337 6 0
303557125 33 4
303556656 8 4
303556610 2 3
303555346 1 0
303546474 0 0
303546103 5 1
303546094 2 0
303546080 1 13
303545866 0 0
303545490 0 0
303544393 0 0
303543766 20 1
303542360 9 0
303539358 3 1
303538706 0 1
303538344 0 0
303538179 5 0
303536870 13 0
303536618 0 0
303536598 0 2
303535332 3 1
303527597 1 11
303526789 5 1
303526761 4 1
303526691 0 0
303526517 11 4
303525917 2 2
303525587 2 0
303525581 0 0
303525479 41 3
303525387 12 2
303524809 12 2
303524790 0 4
303524195 0 0
303523933 2 2
303523931 3 1
303523887 12 1
303522790 4 0
303522779 0 2
303522776 36 3
303522768 2 0
303522764 0 1
303522760 0 0
303522755 1 2
303522737 3 1
303521297 2 0
303521251 11 0
303520956 1 1
303519864 11 1
303519634 4 1
303519517 3 2
303516910 2 2
303516650 5 1
303511471 5 1
303509625 3 0
303507876 0 0
303507855 44 8
303507829 7 1
303507798 0 0
303507796 6 2
303507742 10 0
303507729 28 4
303507672 5 1
303507670 15 1
303507637 0 0
303507630 33 4
303507625 1 0
303507622 6 1
303507603 2 1
303507600 2 1
303507596 2 42
303507563 2 1
303507560 3 1
303507554 4 0
303507551 7 1
303507541 12 3
303507501 2 1
303507471 0 3
303507469 1 0
303507466 0 0
303507464 11 1
303507438 6 6
303507393 0 0
303507379 2 2
303507376 4 0
303507352 5 0
303507350 2 0
303507345 4 0
303507339 0 0
303507337 0 0
303507332 6 0
303507331 30 2
303507316 12 1
303507310 5 1
303507305 5 2
303507303 6 0
303507298 6 2
303507264 19 1
303507243 2 0
303507222 5 1
303507214 10 1
303507187 0 7
303507184 0 0
303507178 10 1
303507175 29 3
303507169 23 2
303507163 22 2
303507143 4 2
303507140 14 2
303507135 2 26
303507133 1 3
303507132 2 2
303507131 27 2
303507128 1 18
303507127 8 1
303507126 3 71
303507122 3 17
303507085 0 0
303507058 2 1
303507038 1 2
303507017 1 1
303507016 0 1
303507005 6 2
303506999 4 0
303506979 35 1
303506933 4 1
303506930 7 54
303506921 17 4
303506920 7 2
303506917 1 5
303506910 16 17
303506892 3 0
303506886 2 0
303506879 12 1
303506876 15 0
303506832 1 0
303506831 2 0
303506814 4 0
303506804 10 5
303506792 0 15
303506787 28 8
303506771 7 0
303506730 2 0
303506722 3 3
303506691 0 0
303506675 0 0
303506658 4 0
303506657 1 1
303506655 0 1
303506643 7 4
303506641 1 2
303506636 2 1
303506613 2 2
303506609 23 2
303506608 3 0
303506606 1 0
303506599 7 2
303506596 11 7
303506594 8 2
303506591 28 2
303506564 8 2
303506563 1 83
303506558 7 0
303506542 0 0
303506527 0 0
303506526 29 0
303506515 8 7
303506497 1 0
303506494 1 1
303506476 3 4
303506453 6 3
303506451 11 2
303506448 28 0
303506431 1 0
303506417 0 0
303506380 1 21
303506378 18 1
303506373 19 0
303506358 4 0
303506357 0 0
303506266 2 1
303506257 29 4
303506213 3 2
303506201 0 1
303506193 4 2
303506186 28 1
303506181 13 2
303506171 25 1
303506169 0 1
303506159 3 2
303506077 7 3
303506076 10 2
303506054 32 1
303505960 2 2
303505923 12 2
303505915 37 2
303505907 4 0
303505900 0 0
303505866 19 1
303505863 21 1
303505854 5 0
303505851 2 0
303505842 0 0
303505832 2 2
303505820 3 8
303505797 18 1
303505781 1 1
303505778 9 2
303505773 4 37
303505771 4 0
303505757 3 2
303505748 10 2
303505622 5 1
303505604 0 3
303505575 2 2
303505553 7 1
303505516 6 0
303505491 2 0
303505383 2 1
303505366 6 3
303505287 8 0
303505203 2 0
303505197 1 0
303505184 161 5
303505171 20 2
303505164 25 1
303505123 3 33
303505066 3 0
303505063 3 0
303504875 1 3
303504837 0 0
303504713 1 0
303504702 8 0
303504693 0 0
303504683 13 1
303504681 0 0
303504675 0 0
303504674 0 1
303504672 0 1
303504671 3 0
303504669 10 1
303504651 3 3
303504629 3 2
303504605 14 0
303504586 7 1
303504576 0 1
303504557 22 0
303504556 13 1
303504545 15 9
303504542 5 2
303504516 4 0
303504515 0 0
303504503 1 1
303504489 7 0
303504487 3 0
303504482 10 0
303504481 6 1
303504466 0 0
303504457 0 0
303504451 5 1
303504449 9 3
303504445 4 0
303504442 8 3
303504430 1 1
303504397 5 3
303504380 0 0
303504378 0 0
303504326 5 2
303504325 35 5
303504320 0 0
303504305 6 3
303504285 1 0
303504284 3 1
303504267 0 0
303504251 3 2
303504249 0 0
303504234 21 5
303504230 0 2
303504182 5 7
303504163 13 14
303504148 0 0
303504139 6 3
303504107 0 0
303504094 2 2
303504086 39 6
303504073 6 1
303504069 24 2
303504067 0 2
303504042 0 0
303504029 5 2
303504027 1 3
303504006 3 0
303503996 0 0
303503989 5 0
303503988 7 3
303503986 5 0
303503970 4 0
303503968 0 0
303503959 6 0
303503952 0 0
303503930 0 0
303503921 0 0
303503907 1 1
303503848 10 9
303503844 7 0
303503821 0 0
303503794 1 3
303503755 0 1
303503753 4 0
303503745 1 0
303503731 5 0
303503642 0 0
303503541 0 0
303503502 1 0
303503500 1 0
303503474 50 3
303503459 8 1
303503443 12 3
303503435 8 2
303503398 0 1
303503384 0 0
303503336 4 0
303503325 19 1
303503271 5 1
303503270 4 1
303503252 23 3
303503243 20 3
303503240 15 0
303503202 8 0
303503201 1 43
303503179 0 0
303503131 0 0
303503109 2 0
303502974 6 1
303502969 34 9
303502945 0 1
303502889 0 2
303502884 1 0
303502876 0 0
303502844 0 0
303502826 9 2
303502809 23 1
303502789 10 2
303502708 9 3
303502639 0 0
303502596 30 1
303502584 12 3
303502583 0 0
303502546 3 1
303502543 10 3
303502483 1 3
303502467 1 0
303502441 8 0
303502436 1 1
303502410 9 4
303502399 8 4
303502392 0 0
303502355 1 1
303502350 1 1
303502338 1 0
303502326 4 2
303502313 7 4
303502297 7 3
303502296 1 1
303502213 7 4
303502208 4 2
303502190 5 1
303502189 3 0
303502183 25 11
303502180 23 3
303502139 21 1
303502110 1 0
303502027 2 8
303502012 4 0
303502010 12 1
303502007 6 5
303501999 4 0
303501930 0 0
303501881 8 5
303501831 6 6
303501738 5 4
303501711 11 4
303501640 5 3
303501503 6 0
303501471 0 0
303501392 15 4
303501380 7 1
303501378 4 19
303501368 3 0
303501365 0 0
303501318 1 0
303501312 10 25
303501307 8 5
303501302 2 0
303501299 3 1
303501295 1 0
303501291 17 4
303501285 1 1
303501277 10 5
303501268 1 1
303501262 15 1
303501256 3 40
303501246 10 3
303501245 17 1
303501240 13 3
303501226 1 2
303501224 7 12
303501196 2 19
303501195 6 0
303501190 7 0
303501188 1 0
303501162 3 14
303501141 1 2
303501121 0 1
303501119 0 2
303501116 12 5
303501113 1 1
303501109 7 18
303501107 17 8
303501090 0 0
303501089 4 2
303501079 7 2
303501002 4 0
303500990 9 1
303500989 1 0
303500984 7 38
303500983 7 1
303500982 8 1
303500977 3 0
303500975 5 0
303500974 5 0
303500973 9 1
303500970 6 0
303500951 14 4
303500945 1 0
303500944 0 0
303500916 0 2
303500906 0 1
303500896 6 2
303500890 10 1
303500877 0 0
303500873 4 0
303500865 3 43
303500864 1 3
303500862 22 4
303500853 13 6
303500849 1 0
303500841 0 0
303500824 1 0
303500809 17 1
303500804 3 11
303500803 7 0
303500790 0 3
303500788 9 3
303500778 17 1
303500777 1 0
303500763 6 1
303500757 4 1
303500747 2 42
303500739 6 0
303500734 4 1
303500733 10 2
303500731 0 12
303500716 2 18
303500709 23 2
303500701 15 1
303500700 9 3
303500692 30 1
303500691 7 0
303500688 16 0
303500685 15 0
303500677 11 1
303500675 52 3
303500669 41 4
303500666 1 0
303500651 2 13
303500649 11 4
303500639 2 4
303500636 12 0
303500628 12 0
303500622 3 0
303500618 16 1
303500617 0 1
303500606 9 1
303500605 2 1
303500601 5 0
303500593 8 2
303500581 7 3
303500562 8 2
303500561 6 1
303500545 5 3
303500542 8 2
303500535 8 3
303500529 14 4
303500520 3 2
303500512 4 5
303500509 10 2
303500500 8 1
303500499 2 1
303500498 0 0
303500482 1 0
303500475 0 0
303500470 15 1
303500469 30 6
303500434 13 0
303500422 4 1
303500421 0 0
303500417 6 0
303500415 5 4
303500411 0 0
303500408 5 1
303500402 10 0
303500397 0 0
303500396 0 0
303500387 9 0
303500385 1 22
303500378 8 0
303500343 9 1
303500330 0 0
303500311 4 1
303500274 0 0
303500270 0 0
303500263 4 1
303500258 13 2
303500252 6 1
303500249 6 2
303500191 1 0
303500189 1 1
303500188 5 64
303500181 15 17
303500158 1 4
303500140 3 1
303500133 1 2
303500130 4 4
303500106 3 34
303500091 1 2
303500074 2 1
303500072 0 2
303500053 18 1
303500051 18 4
303500050 4 1
303500041 1 0
303500039 0 12
303500036 0 0
303500031 0 3
303500028 0 0
303500027 17 1
303500024 5 0
303500019 1 1
303500017 9 0
303500000 0 1
303499983 7 1
303499953 6 1
303499948 4 6
303499918 1 0
303499915 2 0
303499898 2 0
303499896 5 67
303499881 12 5
303499862 1 0
303499850 9 27
303499849 2 1
303499843 1 1
303499828 0 3
303499820 7 1
303499810 1 7
303499808 7 1
303499802 9 2
303499764 7 2
303499756 2 13
303499752 5 33
303499750 3 4
303499742 4 2
303499695 16 43
303499693 26 27
303499683 2 1
303499680 6 1
303499670 10 3
303499663 11 3
303499640 7 1
303499627 7 5
303499617 6 2
303499612 2 1
303499587 10 6
303499584 0 5
303499579 0 1
303499570 7 1
303499561 16 25
303499554 10 2
303499548 2 0
303499544 1 0
303499533 5 1
303499527 0 0
303499516 3 1
303499514 2 0
303499511 0 0
303499476 6 0
303499475 2 3
303499473 9 0
303499460 15 1
303499448 10 1
303499442 2 0
303499437 2 0
303499435 7 2
303499433 2 0
303499423 18 3
303499404 2 0
303499400 2 0
303499391 2 0
303499390 2 0
303499387 3 0
303499382 3 0
303499375 2 2
303499362 3 0
303499359 3 40
303499352 1 1
303499349 10 1
303499331 10 3
303499306 5 1
303499305 7 2
303499295 2 0
303499290 9 2
303499274 7 72
303499271 13 4
303499256 11 2
303499254 5 50
303499248 14 2
303499247 18 1
303499246 6 58
303499245 3 0
303499244 5 0
303499241 33 6
303499239 7 1
303499235 4 1
303499227 18 2
303499217 10 2
303499207 10 2
303499203 17 3
303499195 8 0
303499160 1 1
303499137 3 40
303499119 9 2
303499118 45 1
303499115 0 3
303499098 9 1
303499092 2 0
303499091 2 1
303499084 12 3
303499082 37 3
303499069 18 1
303499068 9 2
303499055 2 3
303499048 2 5
303499039 10 1
303499027 1 3
303499000 18 2
303498999 2 40
303498993 0 47
303498992 6 1
303498989 1 0
303498985 1 0
303498983 6 3
303498972 7 4
303498964 0 0
303498963 2 0
303498960 4 0
303498954 9 0
303498951 3 2
303498948 2 2
303498944 5 0
303498942 5 1
303498926 2 3
303498924 0 0
303498922 9 4
303498921 1 0
303498920 0 0
303498915 0 0
303498913 4 2
303498912 1 0
303498907 2 1
303498906 1 0
303498899 2 0
303498892 1 0
303498888 2 0
303498872 3 0
303498864 13 51
303498860 0 0
303498857 2 0
303498852 3 5
303498844 0 0
303498832 0 0
303498818 2 1
303498812 1 0
303498803 7 3
303498801 3 0
303498800 18 40
303498797 7 3
303498788 10 41
303498784 5 1
303498782 3 1
303498778 1 20
303498773 1 4
303498763 1 1
303498762 10 0
303498761 3 1
303498760 14 4
303498755 22 6
303498751 4 20
303498749 3 1
303498744 26 19
303498727 8 2
303498718 2 1
303498712 2 0
303498710 4 31
303498708 13 3
303498696 5 2
303498687 3 0
303498679 3 0
303498677 4 2
303498657 6 1
303498654 18 8
303498646 0 0
303498642 6 0
303498639 3 0
303498634 1 1
303498629 0 2
303498627 7 2
303498626 3 0
303498625 6 0
303498606 2 0
303498602 9 3
303498600 1 0
303498598 5 2
303498581 15 11
303498558 0 4
303498523 0 0
303498518 0 6
303498517 7 4
303498516 1 3
303498512 1 4
303498511 2 3
303498510 0 6
303498509 0 5
303498507 0 7
303498504 5 5
303498499 11 0
303498494 7 3
303498484 39 4
303498481 4 3
303498475 63 7
303498470 7 3
303498464 5 3
303498461 3 3
303498457 13 4
303498450 0 2
303498445 1 13
303498443 7 0
303498442 8 5
303498440 6 22
303498430 8 5
303498422 31 2
303498419 1 15
303498411 1 1
303498410 35 0
303498397 2 3
303498396 0 0
303498395 4 37
303498393 4 1
303498392 3 8
303498387 24 2
303498383 8 4
303498371 56 6
303498358 28 6
303498354 19 2
303498346 2 0
303498343 1 9
303498330 45 6
303498324 7 2
303498320 4 2
303498314 1 0
303498313 1 1
303498309 0 0
303498307 6 33
303498303 10 0
303498295 0 11
303498294 0 3
303498290 6 4
303498286 8 3
303498271 1 3
303498269 22 16
303498267 26 9
303498251 7 33
303498229 0 1
303498223 0 3
303498205 1 1
303498199 0 2
303498197 6 3
303498196 3 1
303498194 1 1
303498192 2 3
303498190 5 32
303498189 4 26
303498187 4 3
303498163 33 6
303498161 20 14
303498159 2 2
303498152 2 5
303498143 3 3
303498128 2 1
303498125 1 1
303498124 5 1
303498123 0 2
303498118 2 3
303498115 0 2
303498112 2 1
303498107 4 3
303498106 8 3
303498102 3 5
303498091 4 2
303498088 8 2
303498086 2 2
303498079 1 1
303498076 2 1
303498072 12 3
303498070 13 4
303498063 0 1
303498057 4 3
303498047 1 1
303498042 3 1
303498035 0 1
303498028 31 6
303498020 5 3
303498017 2 1
303498015 8 3
303498009 2 19
303498007 2 1
303498006 0 3
303497996 6 26
303497994 17 4
303497982 0 7
303497975 3 0
303497969 0 2
303497952 0 2
303497950 3 0
303497939 4 2
303497934 6 7
303497931 7 2
303497928 0 0
303497926 3 2
303497922 7 9
303497921 4 19
303497915 0 0
303497912 6 3
303497892 4 0
303497891 26 1
303497882 4 0
303497879 6 0
303497875 13 5
303497872 1 2
303497870 2 3
303497867 4 0
303497866 37 5
303497847 9 2
303497842 2 3
303497839 27 3
303497831 4 4
303497830 4 0
303497827 0 0
303497819 0 0
303497809 8 2
303497808 1 0
303497806 0 0
303497804 1 0
303497800 2 0
303497788 0 0
303497786 2 0
303497781 20 3
303497777 3 0
303497770 2 16
303497768 6 0
303497765 2 0
303497764 1 0
303497761 21 1
303497758 0 0
303497753 8 5
303497739 5 4
303497733 7 0
303497731 3 20
303497710 8 1
303497707 1 7
303497706 4 4
303497695 0 0
303497693 0 0
303497686 1 11
303497678 46 9
303497672 4 2
303497668 27 1
303497654 2 0
303497651 0 0
303497640 8 1
303497636 1 8
303497633 4 3
303497615 4 2
303497610 2 0
303497596 1 9
303497584 9 4
303497579 15 3
303497575 4 3
303497572 2 2
303497567 1 0
303497564 5 2
303497554 55 4
303497550 0 2
303497548 3 0
303497544 7 0
303497543 3 2
303497540 4 3
303497537 0 0
303497535 1 0
303497526 0 0
303497507 0 0
303497499 1 1
303497491 1 8
303497489 9 3
303497477 0 1
303497474 6 9
303497469 4 3
303497465 3 16
303497455 4 2
303497450 3 44
303497449 16 2
303497447 7 3
303497446 3 2
303497443 10 20
303497439 13 20
303497425 0 4
303497412 10 2
303497405 12 6
303497402 6 2
303497399 10 3
303497376 4 36
303497372 3 0
303497371 1 0
303497370 0 0
303497363 1 1
303497360 6 27
303497359 14 4
303497340 67 5
303497322 11 3
303497312 5 2
303497306 5 3
303497305 7 2
303497302 32 1
303497299 0 4
303497296 3 3
303497294 1 2
303497285 4 3
303497276 4 3
303497270 4 4
303497267 9 3
303497262 4 3
303497261 0 1
303497256 4 3
303497254 2 23
303497253 3 0
303497248 6 3
303497247 7 5
303497241 5 3
303497239 24 4
303497237 0 2
303497226 15 10
303497225 11 4
303497221 1 2
303497220 1 5
303497211 5 2
303497210 3 1
303497203 5 23
303497202 6 3
303497196 27 3
303497192 0 2
303497189 3 1
303497187 13 61
303497179 1 2
303497173 3 9
303497166 3 2
303497164 25 3
303497155 4 4
303497143 0 2
303497135 0 2
303497128 2 4
303497126 0 3
303497125 24 48
303497123 0 2
303497121 1 1
303497117 1 1
303497116 2 1
303497113 0 3
303497111 0 0
303497110 6 8
303497108 4 7
303497105 1 7
303497101 2 4
303497097 2 0
303497084 0 0
303497081 1 0
303497078 4 2
303497055 0 0
303497052 0 0
303497042 3 3
303497037 50 4
303497031 3 0
303497029 1 0
303497027 7 20
303497021 1 1
303497018 7 1
303497015 2 3
303497014 0 1
303497006 12 1
303496999 3 2
303496995 0 0
303496990 18 0
303496986 6 6
303496977 5 1
303496974 4 25
303496972 0 3
303496966 4 1
303496961 0 1
303496959 9 2
303496954 2 1
303496950 5 2
303496944 28 6
303496941 4 34
303496931 1 0
303496930 1 0
303496921 28 8
303496920 6 1
303496917 8 1
303496916 6 2
303496915 0 0
303496914 15 7
303496913 0 0
303496902 4 2
303496900 1 0
303496896 5 5
303496889 3 10
303496888 1 0
303496884 3 2
303496882 25 2
303496858 1 1
303496855 5 1
303496854 2 2
303496848 41 3
303496846 4 2
303496840 14 2
303496830 23 0
303496816 3 1
303496807 1 1
303496806 3 31
303496802 1 0
303496797 6 1
303496792 34 3
303496788 2 1
303496781 9 0
303496773 0 0
303496768 31 1
303496767 0 0
303496760 4 1
303496757 1 3
303496753 7 1
303496739 4 5
303496731 5 1
303496728 36 3
303496724 16 3
303496721 17 3
303496717 15 3
303496709 5 2
303496698 7 1
303496697 1 0
303496694 0 0
303496692 4 1
303496684 7 4
303496677 7 3
303496675 0 0
303496665 8 0
303496661 1 0
303496656 4 0
303496652 0 0
303496644 0 1
303496643 6 4
303496628 17 3
303496625 7 3
303496623 15 4
303496622 4 5
303496609 35 2
303496608 0 0
303496606 15 2
303496604 6 4
303496599 1 0
303496596 6 2
303496594 9 2
303496591 15 35
303496590 1 0
303496585 1 0
303496584 5 13
303496579 0 0
303496572 8 4
303496569 5 1
303496568 7 0
303496552 7 2
303496549 20 25
303496548 3 2
303496540 10 3
303496538 1 3
303496535 9 3
303496515 0 0
303496514 37 4
303496498 3 4
303496496 2 4
303496494 3 3
303496487 0 0
303496483 3 4
303496474 0 0
303496469 22 0
303496468 21 1
303496466 24 4
303496461 4 3
303496448 5 77
303496445 0 0
303496410 2 0
303496408 6 2
303496400 12 6
303496392 46 2
303496384 2 40
303496379 4 0
303496377 9 5
303496370 17 8
303496363 9 2
303496361 20 4
303496360 10 4
303496359 27 3
303496352 30 11
303496348 33 2
303496338 2 2
303496337 9 5
303496320 1 0
303496318 4 2
303496317 8 6
303496306 7 3
303496305 7 15
303496304 6 2
303496302 1 2
303496299 5 2
303496297 3 1
303496295 6 3
303496294 16 3
303496291 0 0
303496289 9 3
303496277 0 0
303496265 13 1
303496251 8 6
303496249 3 1
303496246 29 43
303496243 5 3
303496237 20 5
303496235 3 3
303496234 2 1
303496223 5 3
303496205 1 0
303496190 18 2
303496177 13 0
303496174 2 30
303496170 4 26
303496168 0 0
303496158 2 1
303496156 0 0
303496154 16 4
303496150 1 3
303496148 0 0
303496147 0 0
303496146 1 26
303496145 3 2
303496140 2 5
303496139 0 0
303496133 3 2
303496132 2 1
303496128 19 2
303496125 10 0
303496116 7 4
303496114 1 0
303496109 2 4
303496108 5 2
303496103 2 0
303496101 13 5
303496094 16 7
303496089 1 0
303496084 13 2
303496079 1 0
303496077 12 1
303496073 6 1
303496070 2 3
303496066 31 1
303496063 0 0
303496049 0 0
303496047 8 30
303496041 3 14
303496039 17 4
303496034 51 2
303496031 5 1
303496010 4 18
303496005 3 3
303495987 4 0
303495982 17 19
303495977 17 4
303495971 0 0
303495964 34 2
303495958 17 8
303495942 16 3
303495941 0 0
303495936 38 1
303495932 1 0
303495928 2 6
303495923 0 0
303495914 0 0
303495907 12 10
303495896 0 0
303495877 23 1
303495876 12 2
303495872 10 3
303495854 45 9
303495850 21 5
303495839 0 0
303495838 12 0
303495833 1 0
303495832 0 3
303495826 21 8
303495822 13 39
303495819 3 14
303495818 7 6
303495813 4 4
303495811 5 1
303495809 2 46
303495807 0 0
303495806 29 6
303495802 14 5
303495800 0 0
303495798 21 1
303495797 6 5
303495792 1 1
303495785 8 0
303495784 0 0
303495778 14 0
303495775 13 3
303495774 4 3
303495769 1 0
303495768 1 0
303495766 5 10
303495762 6 28
303495759 4 5
303495753 5 0
303495750 5 2
303495749 6 1
303495745 3 3
303495744 5 0
303495743 5 4
303495741 4 4
303495739 2 4
303495735 4 3
303495733 4 3
303495732 4 2
303495723 3 0
303495718 13 1
303495717 5 0
303495714 3 1
303495712 3 3
303495710 30 2
303495704 2 1
303495702 11 5
303495698 0 0
303495697 5 2
303495695 4 3
303495690 15 3
303495689 3 3
303495685 25 0
303495681 1 0
303495675 3 0
303495672 13 0
303495670 1 2
303495658 7 2
303495656 12 0
303495644 7 2
303495640 6 0
303495626 17 2
303495622 3 2
303495619 9 2
303495613 4 6
303495600 2 2
303495595 24 5
303495594 38 3
303495588 14 6
303495576 27 0
303495573 2 1
303495572 17 11
303495569 1 1
303495564 4 10
303495542 0 1
303495534 5 13
303495532 3 4
303495525 12 1
303495520 8 1
303495518 2 5
303495512 1 4
303495503 6 44
303495496 8 43
303495492 4 2
303495483 0 2
303495475 5 19
303495468 6 47
303495461 7 15
303495458 11 3
303495448 14 3
303495447 10 4
303495440 9 6
303495430 6 4
303495428 34 4
303495417 2 2
303495415 15 4
303495412 18 4
303495403 4 0
303495399 27 0
303495395 16 12
303495386 9 3
303495383 2 0
303495375 16 1
303495359 7 4
303495354 2 1
303495341 7 6
303495338 12 1
303495332 2 1
303495330 3 1
303495329 3 3
303495320 4 20
303495318 19 2
303495314 7 3
303495313 6 3
303495302 16 0
303495292 8 1
303495279 16 2
303495269 2 1
303495268 7 3
303495261 18 6
303495260 2 13
303495258 1 3
303495257 2 1
303495250 3 1
303495247 14 1
303495234 0 0
303495232 10 3
303495231 2 45
303495226 5 0
303495220 27 4
303495219 3 0
303495216 5 1
303495212 3 0
303495207 11 3
303495202 4 0
303495197 14 3
303495178 14 2
303495172 3 6
303495151 15 3
303495150 3 3
303495142 4 45
303495140 15 2
303495137 233 10
303495128 2 0
303495117 11 3
303495104 8 2
303495099 3 0
303495093 8 2
303495082 13 2
303495071 2 0
303495068 2 43
303495065 10 2
303495054 1 0
303495053 27 11
303495052 1 41
303495050 7 2
303495044 3 4
303495040 0 1
303495038 7 4
303495037 5 0
303495034 8 0
303495029 1 6
303495028 3 3
303495027 4 4
303495022 1 0
303495009 8 2
303495008 12 17
303495006 6 2
303495005 31 0
303495000 1 2
303494998 3 0
303494996 4 0
303494994 3 8
303494992 6 2
303494990 1 0
303494989 6 0
303494983 5 2
303494965 0 1
303494963 13 1
303494960 11 7
303494959 5 37
303494948 1 6
303494938 11 43
303494937 2 0
303494921 6 1
303494917 0 2
303494911 105 1
303494904 2 0
303494903 9 2
303494902 2 0
303494900 5 21
303494898 16 2
303494891 9 0
303494887 0 3
303494886 3 0
303494881 11 1
303494875 2 0
303494870 4 21
303494865 6 3
303494864 2 0
303494862 5 2
303494850 7 0
303494848 7 2
303494846 4 2
303494844 14 2
303494843 3 0
303494832 9 1
303494831 25 0
303494821 6 0
303494818 20 0
303494814 20 9
303494813 6 2
303494810 3 7
303494806 24 4
303494805 0 0
303494796 0 0
303494792 5 0
303494787 2 0
303494785 2 2
303494756 2 0
303494749 1 3
303494747 4 0
303494744 0 0
303494741 1 0
303494739 9 16
303494737 37 2
303494728 16 4
303494716 10 3
303494714 28 2
303494705 2 0
303494704 4 2
303494703 6 0
303494700 0 5
303494695 9 36
303494689 12 2
303494688 15 4
303494684 10 4
303494682 27 0
303494681 9 8
303494670 11 28
303494668 9 25
303494664 5 10
303494662 1 2
303494661 8 5
303494657 2 2
303494655 6 1
303494654 5 0
303494649 6 2
303494646 12 2
303494643 2 2
303494640 16 6
303494638 10 2
303494632 3 6
303494626 5 2
303494624 5 0
303494622 1 0
303494621 3 9
303494620 1 0
303494619 2 0
303494618 1 16
303494613 3 0
303494612 38 5
303494606 5 7
303494602 17 1
303494595 14 3
303494594 2 0
303494591 8 1
303494586 136 19
303494584 4 2
303494582 2 0
303494573 7 1
303494568 2 19
303494560 1 31
303494558 2 19
303494553 10 9
303494551 6 0
303494549 13 1
303494542 7 2
303494535 8 3
303494534 5 5
303494528 14 1
303494527 0 3
303494516 13 0
303494514 7 2
303494512 4 0
303494511 3 29
303494499 7 2
303494494 7 1
303494492 2 0
303494490 29 14
303494487 11 3
303494486 4 0
303494485 11 49
303494479 21 15
303494468 1 12
303494466 1 2
303494462 9 5
303494458 5 0
303494454 5 0
303494452 5 3
303494449 18 3
303494433 26 11
303494423 1 0
303494420 5 37
303494417 27 2
303494406 1 0
303494402 14 3
303494401 8 23
303494400 3 2
303494394 2 0
303494385 3 0
303494378 22 6
303494375 7 54
303494368 28 11
303494366 10 3
303494360 14 6
303494356 19 14
303494355 3 0
303494354 9 2
303494353 10 3
303494351 18 1
303494348 305 26
303494342 8 1
303494334 1 1
303494331 0 0
303494330 31 5
303494324 9 8
303494320 7 2
303494299 0 6
303494296 7 1
303494290 2 0
303494284 4 0
303494276 0 6
303494271 7 1
303494265 13 1
303494257 0 0
303494252 5 0
303494250 7 0
303494235 1 1
303494210 14 3
303494208 65 1
303494204 10 6
303494194 28 6
303494190 6 1
303494182 9 1
303494175 13 1
303494174 4 1
303494161 1 0
303494160 286 62
303494154 2 0
303494152 14 3
303494148 9 3
303494137 1 1
303494134 1 0
303494117 17 1
303494090 10 29
303494089 0 4
303494085 14 4
303494084 2 0
303494083 9 3
303494082 1 1
303494077 2 2
303494064 0 1
303494063 8 4
303494058 30 4
303494057 8 1
303494052 3 3
303494043 25 5
303494034 5 4
303494029 17 16
303494026 23 0
303494016 2 3
303494015 5 2
303494006 44 6
303494000 0 0
303493994 0 1
303493985 2 2
303493983 14 5
303493982 12 3
303493976 17 3
303493974 2 0
303493968 9 6
303493967 0 3
303493966 6 4
303493964 24 5
303493962 2 3
303493959 2 0
303493957 4 2
303493954 0 0
303493950 6 0
303493942 6 9
303493931 6 2
303493929 4 1
303493924 1 0
303493922 10 1
303493917 1 17
303493915 4 1
303493914 17 7
303493913 1 2
303493908 10 1
303493905 4 16
303493903 9 1
303493896 1 2
303493887 10 1
303493881 0 0
303493873 1 0
303493852 1 1
303493851 15 1
303493847 0 0
303493839 0 1
303493838 0 1
303493833 6 3
303493828 2 0
303493824 0 0
303493822 9 2
303493816 0 1
303493815 9 8
303493774 21 0
303493773 2 0
303493770 10 2
303493765 0 1
303493761 4 3
303493752 13 0
303493731 10 1
303493724 4 13
303493718 6 1
303493712 4 0
303493705 11 1
303493703 0 0
303493682 10 12
303493680 2 1
303493667 10 0
303493661 5 0
303493659 1 0
303493656 12 3
303493647 1 1
303493638 3 9
303493636 2 31
303493629 1 0
303493627 12 1
303493622 5 3
303493619 16 3
303493605 12 2
303493603 4 1
303493601 1 1
303493599 9 2
303493598 6 1
303493596 0 0
303493591 2 0
303493587 1 1
303493584 1 29
303493582 1 1
303493580 2 0
303493579 2 2
303493570 12 2
303493568 0 1
303493567 3 0
303493566 1 27
303493560 20 6
303493559 4 5
303493557 5 0
303493555 2 0
303493547 32 3
303493545 7 1
303493536 127 7
303493531 33 2
303493525 10 0
303493518 5 9
303493516 9 1
303493513 165 4
303493505 23 29
303493492 30 6
303493489 17 0
303493486 0 2
303493450 0 6
303493446 3 2
303493445 11 0
303493429 5 1
303493415 4 1
303493413 9 0
303493396 2 0
303493393 2 0
303493390 0 1
303493364 7 0
303493351 14 1
303493350 10 5
303493340 18 0
303493322 22 14
303493318 5 0
303493302 1 0
303493298 4 0
303493280 0 0
303493268 1 0
303493265 4 7
303493254 1 0
303493237 0 0
303493225 8 2
303493224 9 2
303493218 3 3
303493217 2 3
303493208 15 0
303493202 2 0
303493199 13 6
303493196 1 0
303493195 1 1
303493193 15 3
303493190 8 0
303493178 2 1
303493156 0 0
303493152 22 2
303493150 0 0
303493137 7 3
303493136 31 5
303493099 1 1
303493076 10 5
303493055 0 0
303493042 15 3
303493038 8 1
303493033 7 1
303493014 5 1
303492982 2 0
303492978 8 2
303492976 9 3
303492970 36 1
303492966 0 0
303492953 27 1
303492943 4 2
303492941 0 0
303492940 12 3
303492939 4 1
303492933 3 2
303492930 3 1
303492928 6 2
303492921 4 41
303492911 5 4
303492898 11 6
303492894 1 0
303492892 14 1
303492888 0 0
303492887 1 0
303492882 14 1
303492878 1 0
303492874 8 0
303492873 13 2
303492859 4 6
303492853 8 8
303492847 10 1
303492823 3 6
303492804 20 4
303492774 1 0
303492770 1 0
303492764 162 19
303492760 1 0
303492757 12 3
303492756 5 1
303492750 12 2
303492746 3 6
303492745 1 0
303492722 0 0
303492714 20 2
303492708 3 0
303492687 2 0
303492674 12 2
303492656 1 0
303492655 8 2
303492645 8 2
303492644 5 1
303492611 12 28
303492580 7 2
303492577 1 0
303492573 8 0
303492570 1 0
303492556 18 1
303492552 4 1
303492533 15 7
303492519 3 0
303492518 49 3
303492509 2 0
303492506 3 31
303492471 39 4
303492469 650 50
303492466 552 48
303492442 2 0
303492440 19 3
303492438 3 1
303492437 10 0
303492436 2 0
303492429 4 1
303492427 5 1
303492413 2 1
303492403 9 1
303492400 1 0
303492397 3 1
303492393 8 1
303492391 13 2
303492384 21 4
303492377 8 11
303492354 0 0
303492351 1 0
303492347 3 11
303492341 10 1
303492325 10 2
303492322 6 0
303492314 2 1
303492273 1 12
303492272 23 41
303492262 0 0
303492261 16 2
303492255 0 0
303492237 0 0
303492234 1 0
303492224 1 0
303492217 4 35
303492215 8 2
303492213 0 0
303492202 4 0
303492189 1 0
303492180 2 1
303492179 17 1
303492169 12 1
303492162 1 0
303492160 5 3
303492152 4 6
303492147 1 0
303492146 2 10
303492137 1 1
303492125 7 1
303492107 4 1
303492098 1346 24
303492092 6 0
303492087 26 6
303492078 25 9
303492069 9 2
303492063 20 53
303492036 2 2
303492018 4 0
303492012 1 0
303492011 23 14
303492005 9 4
303491997 4 3
303491995 16 37
303491992 1 0
303491990 11 3
303491989 11 1
303491962 5 1
303491952 6 0
303491951 7 1
303491937 13 1
303491924 0 0
303491921 0 0
303491910 7 1
303491908 4 3
303491907 1 1
303491896 52 7
303491893 2 37
303491889 3 1
303491873 8 5
303491868 6 2
303491867 0 1
303491860 11 2
303491857 1 1
303491855 16 5
303491829 12 5
303491826 2 3
303491819 3 6
303491800 2 0
303491793 5 0
303491776 0 0
303491760 0 30
303491758 3 5
303491752 292 19
303491747 5 0
303491735 19 13
303491727 261 20
303491726 9 4
303491696 8 4
303491693 1 1
303491688 0 0
303491683 23 0
303491678 12 4
303491671 0 0
303491665 3 0
303491638 2 0
303491620 9 6
303491619 10 3
303491613 0 0
303491599 3 0
303491595 20 4
303491590 0 5
303491581 0 1
303491573 6 0
303491559 12 4
303491558 1 1
303491542 2 0
303491534 4 1
303491527 4 0
303491519 20 1
303491517 2 1
303491503 8 5
303491500 1 0
303491489 0 0
303491484 32 1
303491474 0 0
303491472 13 3
303491442 11 3
303491437 11 1
303491436 8 0
303491434 3 10
303491427 7 3
303491418 23 4
303491417 15 4
303491402 7 0
303491390 5 0
303491386 11 0
303491376 19 11
303491373 1 0
303491359 9 25
303491350 6 0
303491343 16 3
303491340 0 0
303491338 17 1
303491336 1 0
303491325 6 0
303491322 0 0
303491317 0 0
303491313 2 3
303491311 5 0
303491297 21 8
303491295 13 2
303491292 4 0
303491273 7 2
303491272 2 1
303491256 4 3
303491253 6 1
303491252 4 0
303491225 3 1
303491211 40 1
303491210 0 1
303491180 5 2
303491174 2 55
303491162 0 1
303491158 6 1
303491153 17 2
303491152 18 3
303491151 5 0
303491146 2 1
303491142 9 2
303491140 4 0
303491136 25 2
303491135 0 0
303491125 12 2
303491122 3 1
303491115 4 2
303491100 7 2
303491079 5 2
303491067 0 0
303491064 170 22
303491057 0 0
303491052 5 2
303491051 13 3
303491038 12 1
303491027 5 3
303491023 25 1
303491022 5 2
303491021 3 6
303491018 4 1
303491017 7 2
303491009 8 2
303490999 3 1
303490993 9 3
303490989 2 0
303490978 14 29
303490974 5 2
303490973 41 6
303490962 10 1
303490959 3 1
303490955 2 1
303490939 1 0
303490937 0 2
303490935 9 2
303490934 1 0
303490933 12 20
303490930 7 1
303490928 5 1
303490923 16 1
303490916 3 1
303490911 1 1
303490906 2 0
303490892 4 1
303490878 9 2
303490876 19 0
303490873 11 2
303490860 8 1
303490855 3 0
303490845 3 1
303490840 4 1
303490839 14 3
303490838 3 0
303490819 1 0
303490813 5 1
303490812 1 1
303490806 3 0
303490803 6 2
303490800 3 1
303490799 3 1
303490794 15 1
303490793 1 0
303490773 5 2
303490768 2 1
303490766 2 0
303490765 13 2
303490762 7 0
303490756 1 0
303490746 5 1
303490731 15 0
303490728 3 0
303490725 10 2
303490709 6 1
303490706 6 2
303490703 4 9
303490702 42 2
303490700 7 1
303490693 402 24
303490680 1 14
303490674 1 0
303490673 2 2
303490668 3 9
303490665 1 0
303490648 169 15
303490638 3 1
303490636 8 0
303490623 7 1
303490622 1 0
303490617 22 0
303490616 4 21
303490609 5 1
303490604 5 2
303490602 2 1
303490587 10 1
303490569 1 0
303490567 4 1
303490562 16 49
303490561 2 0
303490559 3 0
303490553 3 2
303490551 6 2
303490533 12 15
303490528 6 1
303490522 1 0
303490518 3 0
303490503 3 0
303490499 2 0
303490498 11 0
303490490 251 46
303490483 6 1
303490481 9 0
303490479 6 0
303490477 13 41
303490471 4 0
303490469 4 0
303490464 4 2
303490457 1 0
303490449 3 1
303490446 3 0
303490445 20 6
303490417 10 0
303490413 1 0
303490404 1 1
303490398 2 0
303490376 2 0
303490375 3 1
303490346 295 61
303490344 5 0
303490333 10 4
303490332 24 3
303490331 1 0
303490303 5 0
303490300 396 84
303490299 1 1
303490298 4 0
303490291 1 0
303490270 1 0
303490264 6 1
303490254 6 0
303490251 30 2
303490244 9 1
303490235 5 0
303490228 2 0
303490211 2 0
303490197 4 1
303490180 3 1
303490177 8 0
303490172 0 1
303490169 8 1
303490167 2 0
303490156 5 1
303490150 6 0
303490149 1 0
303490134 10 1
303490128 5 0
303490117 6 1
303490115 419 66
303490111 2 0
303490089 1 7
303490084 0 0
303490080 9 0
303490077 11 21
303490070 2 0
303490069 0 0
303490064 5 0
303490053 3 1
303490051 3 1
303490027 1 0
303490023 3 1
303490018 0 0
303490014 5 0
303490001 0 0
303489994 7 2
303489990 3 0
303489968 5 0
303489967 6 1
303489946 19 0
303489943 7 1
303489940 0 0
303489926 9 4
303489915 3 2
303489903 2 0
303489899 6 1
303489890 0 3
303489887 25 1
303489879 4 17
303489873 0 0
303489862 5 0
303489858 27 4
303489837 8 0
303489833 30 0
303489824 3 0
303489817 9 1
303489796 1 0
303489794 1 0
303489786 2 0
303489785 11 2
303489775 6 1
303489774 0 0
303489773 1 0
303489761 7 1
303489758 3 0
303489746 2 0
303489742 8 2
303489733 0 0
303489729 421 24
303489726 2 1
303489721 2 0
303489709 5 2
303489705 5 1
303489697 5 2
303489694 0 0
303489692 3 6
303489690 1 0
303489686 2 1
303489672 2 2
303489668 13 14
303489666 6 0
303489662 4 2
303489652 4 0
303489645 27 2
303489642 26 0
303489637 4 4
303489605 2 1
303489600 3 2
303489596 8 0
303489590 394 2
303489588 5 0
303489587 3 2
303489586 1 0
303489570 4 1
303489568 9 4
303489559 5 1
303489553 5 0
303489542 3 0
303489524 95 5
303489520 4 2
303489519 0 0
303489508 12 5
303489507 3 0
303489504 0 0
303489501 5 0
303489495 4 2
303489491 0 0
303489481 6 5
303489471 3 0
303489458 3 2
303489451 8 1
303489442 3 1
303489441 1 0
303489437 6 38
303489436 4 2
303489433 29 3
303489429 3 0
303489414 4 3
303489411 3 2
303489402 0 0
303489398 3 2
303489381 9 0
303489374 0 0
303489365 3 2
303489357 3 0
303489356 0 0
303489353 8 2
303489348 2 3
303489346 1 0
303489333 24 3
303489323 2 0
303489322 6 2
303489321 22 0
303489319 32 1
303489313 6 0
303489310 2 0
303489299 273 2
303489295 5 1
303489290 6 3
303489287 2 1
303489286 4 0
303489282 5 1
303489280 11 1
303489272 1 0
303489270 1 1
303489259 7 3
303489258 10 9
303489241 1 0
303489232 1 0
303489229 16 6
303489214 0 0
303489209 28 0
303489204 2 0
303489202 1 5
303489188 0 1
303489187 0 0
303489182 5 0
303489177 0 1
303489175 4 3
303489174 5 3
303489164 1 0
303489163 6 0
303489161 19 6
303489139 3 1
303489137 7 1
303489120 6 3
303489119 4 1
303489118 11 3
303489097 11 3
303489083 6 1
303489077 18 0
303489076 5 3
303489071 5 2
303489062 6 3
303489061 5 0
303489046 10 0
303489035 205 19
303489022 7 3
303489019 4 2
303489018 33 0
303489016 7 2
303489015 4 4
303489012 353 3
303489002 4 0
303488993 7 4
303488990 5 0
303488984 2 1
303488975 9 4
303488971 7 4
303488970 6 1
303488964 9 5
303488953 6 0
303488946 3 1
303488941 1 0
303488931 17 0
303488927 1 0
303488917 6 0
303488913 0 1
303488905 2 1
303488896 0 1
303488884 9 4
303488867 7 0
303488862 5 1
303488857 4 1
303488856 14 3
303488852 7 3
303488851 2 0
303488848 4 4
303488835 26 15
303488829 6 2
303488814 1 1
303488810 11 3
303488801 5 0
303488800 5 1
303488792 6 0
303488785 8 1
303488773 8 0
303488772 12 3
303488769 5 0
303488764 7 2
303488761 0 0
303488760 1 0
303488752 1 0
303488749 5 0
303488739 6 2
303488729 6 0
303488728 20 0
303488725 8 0
303488723 9 2
303488720 0 0
303488714 9 1
303488711 0 0
303488700 8 0
303488678 9 4
303488677 6 35
303488676 23 0
303488671 30 0
303488660 6 1
303488650 1 1
303488649 12 0
303488644 3 0
303488637 3 1
303488635 6 2
303488623 0 1
303488608 2 0
303488607 0 0
303488602 6 1
303488601 1 0
303488597 2 1
303488592 2 1
303488583 1 1
303488577 231 21
303488573 5 0
303488566 7 3
303488559 9 1
303488553 0 28
303488550 2 0
303488545 3 0
303488529 0 0
303488523 2 0
303488521 4 1
303488517 0 0
303488514 2 0
303488510 0 14
303488497 0 11
303488488 10 1
303488487 0 0
303488481 1 0
303488477 1 1
303488473 4 3
303488466 2 2
303488447 19 0
303488443 6 4
303488433 0 0
303488431 8 1
303488427 6 2
303488423 0 0
303488415 3 0
303488410 12 3
303488388 0 0
303488386 3 2
303488382 8 0
303488374 4 0
303488359 25 1
303488355 0 0
303488347 3 1
303488326 22 0
303488316 8 1
303488307 9 0
303488305 3 0
303488289 4 0
303488281 16 1
303488271 4 30
303488263 13 4
303488246 6 0
303488245 2 1
303488236 3 0
303488227 2 1
303488217 3 1
303488205 2 0
303488204 1 0
303488203 1 0
303488196 0 0
303488171 3 9
303488164 3 2
303488159 5 1
303488157 27 0
303488135 160 7
303488126 9 0
303488122 2 0
303488120 2 14
303488117 2 2
303488113 17 1
303488110 2 0
303488103 33 1
303488078 0 0
303488075 17 0
303488072 2 0
303488065 7 0
303488048 2 0
303488045 4 0
303488037 3 1
303488031 11 2
303488020 3 0
303488011 4 1
303488009 0 0
303488006 1 0
303488005 6 7
303487994 5 1
303487986 2 0
303487980 4 19
303487974 3 7
303487973 8 1
303487956 0 0
303487931 1 10
303487925 4 1
303487922 1 1
303487915 20 0
303487910 7 2
303487907 18 0
303487904 0 0
303487899 3 1
303487898 7 0
303487887 4 0
303487877 23 3
303487812 1 1
303487810 4 2
303487803 9 7
303487788 4 3
303487774 630 3
303487772 1 0
303487768 7 3
303487755 9 3
303487754 1 0
303487752 27 0
303487746 0 0
303487739 8 2
303487737 7 0
303487720 1 4
303487713 21 0
303487702 1 0
303487669 1 0
303487659 7 2
303487645 15 3
303487640 10 2
303487639 3 1
303487635 10 1
303487622 6 1
303487618 4 1
303487604 12 0
303487592 6 0
303487582 2 1
303487577 0 0
303487561 4 0
303487554 2 1
303487549 22 0
303487545 2 1
303487525 2 0
303487523 2 1
303487515 3 4
303487486 24 8
303487474 4 2
303487451 1 0
303487448 0 0
303487422 13 17
303487421 6 2
303487416 12 0
303487410 8 2
303487407 15 0
303487399 7 1
303487388 5 2
303487325 3 0
303487317 1 0
303487309 7 3
303487307 9 4
303487300 0 12
303487297 0 0
303487296 1 1
303487288 0 1
303487280 11 6
303487272 4 2
303487271 0 1
303487264 14 5
303487261 0 0
303487244 9 0
303487199 13 2
303487191 1 0
303487185 8 1
303487181 4 1
303487177 0 0
303487170 0 2
303487165 320 2
303487163 6 1
303487147 0 0
303487145 0 0
303487120 1 1
303487118 6 0
303487116 7 1
303487105 166 8
303487087 5 2
303487078 1 0
303487061 13 2
303487045 4 1
303487039 11 7
303487038 9 1
303487029 5 0
303487000 18 0
303486972 18 2
303486939 8 3
303486926 3 0
303486923 10 0
303486922 172 23
303486919 0 0
303486910 7 0
303486895 4 2
303486893 2 1
303486884 0 0
303486878 7 1
303486875 7 0
303486871 0 0
303486864 0 0
303486857 9 2
303486852 0 0
303486848 5 1
303486847 6 0
303486844 4 15
303486833 419 88
303486832 8 1
303486818 0 0
303486817 5 0
303486814 5 1
303486812 9 1
303486800 6 1
303486798 4 2
303486784 3 1
303486769 0 0
303486755 7 0
303486754 15 2
303486744 2 1
303486714 2 2
303486693 4 0
303486686 4 1
303486685 23 5
303486664 8 2
303486661 0 0
303486657 0 1
303486646 6 1
303486644 4 2
303486637 6 1
303486635 4 2
303486634 7 2
303486630 5 0
303486621 11 1
303486620 1 0
303486585 4 0
303486576 2 0
303486565 4 0
303486557 0 0
303486551 2 1
303486549 0 2
303486539 4 1
303486537 4 0
303486526 6 0
303486525 1 0
303486514 2 1
303486498 5 1
303486485 5 0
303486467 6 0
303486464 0 0
303486456 1 3
303486450 3 0
303486426 6 1
303486403 0 0
303486402 3 1
303486377 1 2
303486375 4 1
303486370 0 0
303486350 3 0
303486339 3 1
303486333 24 1
303486316 23 7
303486311 4 1
303486294 8 0
303486285 7 2
303486277 4 14
303486262 15 0
303486260 4 1
303486258 4 0
303486257 5 0
303486254 0 0
303486252 2 0
303486244 0 0
303486240 0 0
303486229 5 1
303486225 6 0
303486210 1 9
303486208 0 0
303486205 4 1
303486204 37 0
303486191 0 0
303486164 1 0
303486155 8 1
303486137 2 0
303486128 14 1
303486126 0 0
303486122 2 16
303486117 4 1
303486116 28 1
303486110 19 0
303486107 4 0
303486106 5 0
303486086 0 0
303486078 0 0
303486062 0 0
303486058 1 0
303486048 0 0
303486037 2 5
303486035 4 1
303486034 4 1
303486013 2 1
303486009 0 0
303486006 4 0
303485996 2 2
303485993 3 0
303485991 307 8
303485968 24 2
303485958 0 2
303485954 0 5
303485931 1 3
303485920 0 3
303485919 7 6
303485908 5 1
303485893 1 0
303485883 5 2
303485868 13 0
303485864 5 1
303485851 1 2
303485845 3 0
303485798 4 2
303485784 13 1
303485781 7 3
303485779 10 1
303485776 373 7
303485774 4 1
303485754 9 1
303485742 5 2
303485741 7 0
303485725 8 0
303485718 395 6
303485712 1 0
303485711 4 2
303485709 9 4
303485708 1 2
303485707 4 1
303485699 0 2
303485692 1 2
303485689 5 1
303485688 32 2
303485682 5 0
303485678 15 0
303485666 3 0
303485655 0 0
303485651 8 2
303485648 6 0
303485642 3 0
303485636 2 0
303485624 39 16
303485621 3 0
303485599 3 15
303485593 4 0
303485586 0 8
303485583 4 0
303485575 3 23
303485574 0 1
303485569 5 1
303485563 1 0
303485535 9 1
303485527 2 0
303485524 15 0
303485512 2 0
303485509 5 2
303485507 2 0
303485495 8 2
303485481 5 0
303485478 10 2
303485459 5 0
303485457 0 0
303485454 1 0
303485439 7 0
303485395 7 0
303485379 16 3
303485367 0 0
303485362 21 4
303485361 4 0
303485354 0 0
303485337 4 0
303485334 185 11
303485332 1 0
303485315 0 0
303485309 10 0
303485304 5 2
303485298 6 0
303485287 6 0
303485283 499 8
303485262 0 0
303485256 2 0
303485252 3 0
303485247 2 0
303485246 5 0
303485232 4 0
303485229 0 0
303485221 6 0
303485219 21 1
303485218 6 39
303485208 4 0
303485202 0 0
303485197 5 5
303485193 0 0
303485184 2 0
303485179 4 0
303485175 3 0
303485166 7 0
303485163 18 0
303485148 13 2
303485143 3 1
303485118 0 0
303485114 0 0
303485113 3 0
303485112 5 0
303485109 3 0
303485108 0 1
303485101 4 0
303485100 0 1
303485087 3 0
303485066 12 3
303485044 2 1
303485041 4 1
303485034 4 3
303485029 0 0
303485015 21 5
303485006 1 1
303484998 452 12
303484988 2 2
303484974 4 0
303484969 6 0
303484966 6 0
303484964 6 0
303484948 6 0
303484942 1 0
303484937 0 0
303484935 3 0
303484934 0 2
303484933 16 3
303484930 3 0
303484923 0 0
303484915 1 0
303484893 11 0
303484881 2 0
303484879 9 1
303484876 5 23
303484857 1 0
303484839 4 1
303484838 1 0
303484827 6 0
303484817 0 2
303484809 5 1
303484800 0 0
303484799 3 0
303484797 8 1
303484776 3 2
303484757 5 1
303484754 9 3
303484746 7 1
303484738 15 0
303484729 3 1
303484720 7 105
303484718 624 36
303484717 6 2
303484706 0 2
303484700 2 1
303484697 4 1
303484682 8 1
303484679 3 1
303484670 0 0
303484669 0 0
303484667 4 0
303484666 39 3
303484644 1 1
303484643 0 0
303484640 13 0
303484613 0 3
303484608 1 4
303484600 7 3
303484584 0 0
303484558 5 0
303484549 245 12
303484546 3 1
303484545 5 2
303484543 5 0
303484542 0 2
303484537 9 2
303484534 5 4
303484530 870 68
303484523 0 55
303484520 1 11
303484519 11 0
303484517 11 2
303484508 5 1
303484489 9 1
303484480 6 17
303484477 4 0
303484471 3 0
303484466 7 12
303484460 0 0
303484456 36 0
303484438 11 1
303484437 3 0
303484435 1 25
303484429 1 0
303484427 5 1
303484402 0 0
303484395 8 5
303484386 0 3
303484375 1 1
303484372 6 3
303484371 8 6
303484353 3 4
303484352 5 0
303484351 7 3
303484332 40 4
303484319 2 1
303484318 7 0
303484314 6 3
303484296 3 1
303484280 0 0
303484276 21 0
303484256 1 23
303484236 2 0
303484218 15 2
303484200 4 3
303484198 12 1
303484192 0 0
303484190 4 3
303484189 12 0
303484166 0 0
303484136 3 4
303484129 14 4
303484125 12 4
303484123 0 3
303484109 372 12
303484094 0 0
303484090 5 2
303484087 7 4
303484053 14 0
303484048 0 0
303484035 14 0
303484032 0 0
303484009 14 5
303483998 3 42
303483975 3 1
303483968 163 11
303483947 2 2
303483946 1059 171
303483941 0 0
303483935 6 1
303483928 21 5
303483922 14 0
303483919 0 0
303483912 4 0
303483909 1 1
303483906 0 0
303483905 5 1
303483904 1 2
303483891 5 2
303483859 1 2
303483849 3 1
303483845 0 4
303483832 7 3
303483827 0 1
303483823 1 0
303483818 5 3
303483813 7 3
303483812 31 3
303483788 1 5
303483780 36 2
303483772 6 0
303483770 5 1
303483762 7 1
303483742 22 3
303483732 3 1
303483726 2 1
303483720 0 0
303483706 3 1
303483693 9 1
303483691 3 0
303483688 8 3
303483674 18 2
303483667 3 0
303483656 5 2
303483653 3 1
303483621 0 0
303483615 834 48
303483596 1 0
303483586 7 56
303483583 20 0
303483578 11 0
303483572 0 0
303483570 6 2
303483565 0 0
303483556 4 1
303483551 32 0
303483543 0 2
303483537 31 2
303483536 3 2
303483528 4 0
303483525 0 0
303483522 5 2
303483516 4 1
303483503 29 0
303483480 4 5
303483479 2 1
303483476 4 0
303483472 3 1
303483470 8 0
303483462 3 8
303483461 21 3
303483455 4 1
303483431 12 2
303483429 312 7
303483423 6 2
303483421 2 2
303483419 3 1
303483415 2 65
303483400 0 0
303483395 8 1
303483390 2 1
303483388 1 0
303483365 4 0
303483362 6 0
303483360 4 57
303483353 1 6
303483346 3 21
303483339 5 1
303483333 5 0
303483331 4 0
303483313 0 0
303483310 6 1
303483308 6 0
303483296 5 0
303483285 3 4
303483283 4 0
303483275 4 1
303483274 2 1
303483260 9 0
303483251 6 1
303483250 357 39
303483234 2 0
303483227 1 2
303483216 6 3
303483214 669 17
303483199 7 0
303483197 0 0
303483194 4 0
303483192 11 1
303483184 38 5
303483181 0 0
303483173 7 0
303483166 3 0
303483163 6 5
303483160 7 0
303483148 3 1
303483145 1 0
303483135 7 0
303483132 7 0
303483125 9 8
303483114 1 0
303483099 8 0
303483098 3 0
303483096 2 0
303483088 11 3
303483082 6 2
303483067 1 1
303483059 0 2
303483051 447 11
303483036 6 0
303483026 1 0
303483023 233 7
303483018 5 0
303483007 5 1
303482972 3 1
303482965 4 0
303482962 0 1
303482960 3 0
303482951 0 0
303482950 20 2
303482944 3 3
303482933 0 0
303482932 2 3
303482919 4 1
303482912 2 0
303482909 5 1
303482907 7 0
303482901 0 0
303482899 7 3
303482890 2 1
303482875 10 3
303482874 3 0
303482872 1 0
303482865 6 2
303482853 8 0
303482839 3 1
303482831 13 0
303482814 3 1
303482811 8 2
303482810 19 2
303482805 3 1
303482789 25 0
303482786 0 0
303482767 5 1
303482765 2 0
303482761 8 2
303482756 12 0
303482743 10 1
303482742 6 1
303482740 0 0
303482721 2 1
303482716 12 1
303482712 0 0
303482706 30 10
303482703 1 1
303482693 7 0
303482684 394 37
303482683 9 1
303482677 0 0
303482671 3 112
303482670 0 0
303482653 6 1
303482639 2 2
303482632 2033 192
303482607 1 1
303482594 7 3
303482579 12 4
303482564 9 3
303482559 0 0
303482547 6 2
303482545 4 1
303482536 8 0
303482531 5 0
303482529 1 1
303482527 11 0
303482516 186 3
303482514 8 2
303482503 475 39
303482499 2 1
303482497 1 0
303482495 2 3
303482490 27 2
303482481 3 2
303482477 1 1
303482469 2 0
303482449 12 1
303482447 1 0
303482445 8 0
303482444 4 1
303482427 7 5
303482419 10 0
303482397 5 1
303482394 11 0
303482376 14 0
303482373 5 2
303482371 5 0
303482365 2 3
303482361 6 0
303482349 0 1
303482338 9 1
303482329 1 1
303482323 2 3
303482321 4 0
303482299 26 0
303482279 4 5
303482276 3 1
303482266 0 0
303482264 3 1
303482262 9 0
303482246 0 0
303482226 4 1
303482223 2 0
303482211 4 3
303482205 10 0
303482202 0 0
303482200 3 1
303482194 1 1
303482183 3 0
303482174 3 1
303482170 22 1
303482162 0 3
303482154 8 3
303482152 8 1
303482148 3 2
303482129 2 1
303482127 0 0
303482109 2 1
303482090 11 4
303482084 0 0
303482082 4 4
303482072 1 2
303482048 4 2
303482047 3 1
303482043 1 11
303482041 0 0
303482024 28 2
303482017 0 0
303482010 2 6
303481997 0 0
303481992 1 0
303481982 4 2
303481974 0 0
303481961 0 0
303481960 12 1
303481949 1 3
303481946 16 2
303481939 0 0
303481936 0 0
303481934 1 3
303481930 2 1
303481929 4 3
303481917 0 1
303481906 511 36
303481888 1 0
303481887 4 2
303481886 16 0
303481885 4 6
303481859 2 3
303481825 10 1
303481822 1 3
303481791 1 3
303481786 0 0
303481784 2 6
303481777 1 0
303481759 1 3
303481758 18 1
303481755 13 3
303481751 12 5
303481744 6 3
303481735 4 2
303481716 0 4
303481704 4 2
303481696 4 0
303481675 9 3
303481673 3 2
303481670 6 2
303481668 3 0
303481663 6 0
303481660 0 0
303481634 3 2
303481632 12 1
303481631 0 0
303481630 3 3
303481629 7 3
303481626 4 0
303481620 3 4
303481610 0 0
303481606 6 0
303481599 2 0
303481598 3 3
303481594 3 2
303481586 6 2
303481584 9 1
303481583 8 0
303481581 613 40
303481574 0 0
303481573 4 1
303481570 25 3
303481565 4 4
303481557 0 0
303481554 1 0
303481543 4 2
303481529 0 0
303481527 5 1
303481517 4 3
303481511 3 1
303481509 10 2
303481508 3 1
303481507 4 2
303481504 3 2
303481501 7 0
303481497 7 1
303481493 7 0
303481489 309 5
303481478 8 2
303481471 4 2
303481469 12 2
303481459 0 0
303481443 8 1
303481420 670 22
303481419 0 1
303481410 6 0
303481398 153 18
303481378 1 2
303481375 2 1
303481357 2 3
303481333 6 2
303481326 19 1
303481319 0 0
303481290 2 2
303481282 8 3
303481280 0 7
303481277 0 0
303481255 0 0
303481253 1 0
303481251 2 1
303481250 0 0
303481240 603 5
303481233 3 0
303481232 4 2
303481231 5 2
303481224 5 4
303481217 1 3
303481214 0 2
303481207 3 2
303481206 32 14
303481205 0 0
303481187 7 2
303481186 1 0
303481183 0 0
303481178 1 2
303481171 3 1
303481170 0 0
303481164 2 9
303481159 1322 23
303481149 3 0
303481146 6 0
303481115 8 1
303481111 4 0
303481109 4 3
303481107 3 2
303481088 3 2
303481080 5 1
303481046 0 0
303481036 1 1
303481032 5 3
303481024 6 3
303481009 0 1
303481007 1 1
303481004 3 0
303481001 12 1
303480985 6 3
303480984 6 0
303480982 1 0
303480977 0 0
303480957 4 0
303480952 2 0
303480950 3 0
303480933 0 0
303480930 2 0
303480924 1 0
303480914 7 2
303480904 7 2
303480897 3 0
303480887 1 0
303480886 6 1
303480880 19 6
303480878 1 0
303480833 3 1
303480813 6 0
303480807 1 0
303480803 1 0
303480800 551 5
303480785 5 3
303480783 885 15
303480781 27 5
303480780 0 0
303480768 3 2
303480765 888 44
303480757 3 0
303480742 1 0
303480737 0 0
303480733 13 33
303480731 8 1
303480729 288 4
303480722 4 0
303480719 3 0
303480699 0 0
303480693 1 0
303480691 0 0
303480687 0 0
303480683 0 0
303480679 4 53
303480678 0 1
303480674 5 1
303480654 22 3
303480652 17 6
303480640 1464 48
303480634 7 2
303480633 0 0
303480631 0 0
303480624 7 3
303480619 3 0
303480612 0 0
303480602 1 0
303480601 444 4
303480595 6 0
303480587 0 0
303480584 0 0
303480577 4 1
303480572 1 1
303480569 1 0
303480565 1 3
303480560 1 1
303480558 7 0
303480545 21 3
303480542 0 0
303480533 4 0
303480527 5 1
303480521 1 0
303480515 0 0
303480510 10 3
303480509 23 10
303480506 1 1
303480496 16 0
303480492 9 3
303480488 566 9
303480482 0 0
303480474 8 6
303480471 3 3
303480470 4 0
303480466 16 4
303480462 4 0
303480460 1 0
303480448 1 0
303480419 0 0
303480418 4 0
303480406 3 0
303480403 11 5
303480380 2 1
303480378 4 1
303480377 0 0
303480372 1 1
303480363 1 1
303480362 3 2
303480361 6 0
303480358 9 3
303480353 0 0
303480332 9 3
303480327 1 2
303480317 0 0
303480294 3 1
303480290 1 1
303480288 4 3
303480278 0 0
303480261 1 1
303480260 6 3
303480258 0 2
303480252 1 0
303480243 30 2
303480232 1 6
303480224 12 1
303480212 0 0
303480208 0 0
303480194 0 6
303480191 0 2
303480186 615 10
303480185 5 1
303480181 13 2
303480178 4 3
303480167 2 1
303480163 25 4
303480159 2 1
303480157 31 11
303480140 7 2
303480119 10 1
303480117 2 0
303480112 1 0
303480097 5 1
303480094 5 3
303480087 1 0
303480086 1 2
303480085 5 1
303480079 4 0
303480077 2 45
303480064 0 0
303480054 8 1
303480047 4 2
303480044 0 0
303480036 1 0
303480035 2 2
303480027 1 0
303480003 739 71
303480002 1 0
303479999 12 1
303479993 1 3
303479988 0 0
303479986 4 2
303479957 3 1
303479955 7 2
303479949 3 1
303479946 0 0
303479944 5 3
303479941 3 23
303479940 3 1
303479938 5 1
303479930 7 28
303479917 5 0
303479905 3 2
303479897 1 2
303479888 0 0
303479880 601 46
303479875 2 1
303479864 8 0
303479859 0 0
303479852 233 17
303479850 0 0
303479848 6 1
303479839 0 0
303479836 3 0
303479831 5 2
303479809 5 1
303479790 5 0
303479786 0 0
303479779 4 1
303479777 4 4
303479766 9 5
303479752 68 8
303479744 6 4
303479741 7 1
303479735 1185 70
303479727 484 20
303479703 23 0
303479691 1 0
303479690 2 0
303479682 0 0
303479664 5 0
303479662 6 0
303479655 4 4
303479649 3 0
303479646 0 0
303479645 0 3
303479640 9 2
303479638 1 24
303479635 5 0
303479632 8 0
303479625 3 1
303479624 7 0
303479607 465 28
303479588 2 0
303479586 7 0
303479579 1 1
303479576 0 0
303479575 12 2
303479571 0 0
303479567 10 3
303479566 0 0
303479565 5 1
303479555 4 0
303479546 6 0
303479536 4 5
303479534 0 0
303479529 0 0
303479518 0 1
303479516 8 2
303479506 0 0
303479505 1 2
303479490 0 0
303479484 194 5
303479483 1 2
303479473 6 0
303479472 7 0
303479436 1 1
303479434 5 0
303479405 1 0
303479396 0 0
303479394 4 1
303479393 5 1
303479388 1 0
303479386 5 4
303479383 7 0
303479368 1 1
303479362 0 2
303479353 2 1
303479343 9 2
303479337 3 1
303479332 7 0
303479308 6 0
303479284 3 2
303479274 6 2
303479270 3 21
303479253 0 0
303479250 9 4
303479241 0 0
303479234 1 0
303479232 3 1
303479215 308 56
303479207 3 10
303479197 1 0
303479173 0 0
303479167 5 1
303479165 2 1
303479162 7 0
303479157 0 0
303479154 4 1
303479143 22 1
303479142 6 0
303479138 2 11
303479136 321 15
303479127 10 0
303479124 0 0
303479121 0 0
303479113 1 0
303479112 2 0
303479111 0 0
303479105 5 2
303479081 5 1
303479072 4 2
303479066 3 1
303479063 7 32
303479055 6 0
303479048 6 2
303479047 3 1
303479040 0 0
303479039 0 0
303479036 3 2
303479035 2 2
303479021 0 0
303479018 18 7
303479015 4 0
303478986 2 4
303478984 14 3
303478977 594 25
303478971 3 4
303478952 4 0
303478929 6 0
303478921 3 0
303478914 2 2
303478907 0 9
303478905 3 1
303478889 1781 136
303478869 3 1
303478867 575 36
303478864 3 0
303478847 6 4
303478846 15 1
303478836 2 1
303478835 5 0
303478832 3 0
303478823 0 0
303478819 1 0
303478813 10 3
303478808 384 27
303478801 0 17
303478797 4 4
303478793 0 1
303478791 2 1
303478764 1 0
303478756 8 1
303478749 3 1
303478734 0 2
303478727 5 3
303478716 3 0
303478709 4 4
303478708 2 0
303478702 0 0
303478700 6 3
303478698 348 18
303478682 1 0
303478679 2 1
303478647 2 0
303478633 25 3
303478627 7 2
303478624 5 1
303478612 1 0
303478608 6 3
303478598 1 0
303478595 5 0
303478594 1 0
303478589 4 26
303478575 1 0
303478567 5 0
303478561 538 41
303478560 322 3
303478543 941 45
303478541 9 1
303478526 2 6
303478520 6 5
303478519 2 0
303478491 549 80
303478487 6 1
303478454 1 18
303478449 11 1
303478436 2 0
303478432 686 34
303478425 7 0
303478421 7 0
303478415 6 1
303478399 8 3
303478394 2 1
303478372 9 0
303478368 4 0
303478366 247 16
303478365 8 0
303478360 6 0
303478339 6 0
303478323 6 0
303478322 5 0
303478314 4 0
303478302 1 0
303478294 1 2
303478293 5 3
303478287 3 1
303478269 5 0
303478248 4 1
303478236 4 3
303478234 8 1
303478230 270 15
303478223 4 0
303478221 5223 270
303478210 1 0
303478206 6 0
303478200 4 1
303478199 3 6
303478197 4 0
303478195 2 3
303478194 3 0
303478186 8 0
303478185 2 3
303478181 0 5
303478180 5 0
303478178 3915 392
303478174 4 0
303478163 10 5
303478159 5 0
303478151 3 0
303478141 0 0
303478137 5 0
303478133 1 0
303478127 2 1
303478124 26 1
303478111 4 166
303478087 0 1
303478084 4 2
303478080 0 0
303478069 1464 155
303478067 1 0
303478066 0 0
303478065 3 0
303478062 11 4
303478057 2 0
303478054 4 2
303478053 4 2
303478050 9 0
303478047 4 3
303478042 4 1
303478040 4 1
303478032 5 0
303478030 1247 24
303478028 0 0
303478023 4 0
303478018 0 0
303478016 5 1
303478015 8 1
303478014 8 1
303478013 2 2
303478010 0 0
303478005 2 2
303477998 20 2
303477997 1 21
303477989 7 0
303477988 2 1
303477981 3 1
303477977 7 3
303477971 0 0
303477967 8 1
303477955 5 13
303477946 2 6
303477940 3 0
303477939 0 0
303477930 2 0
303477923 9 5
303477917 1 1
303477912 1 0
303477911 3 2
303477907 7 0
303477906 2 3
303477893 5 3
303477887 0 0
303477883 0 0
303477877 0 0
303477873 3212 239
303477870 9 3
303477868 2 2
303477864 1 0
303477863 2 0
303477849 10 52
303477842 2 0
303477829 0 1
303477826 2 2
303477822 2 2
303477819 15 2
303477813 0 0
303477812 6 0
303477804 7 0
303477798 2 0
303477797 22 2
303477790 0 0
303477786 4 3
303477785 9 1
303477782 459 38
303477779 0 0
303477777 0 1
303477771 9 2
303477764 0 1
303477756 8 4
303477731 0 1
303477730 6 3
303477727 0 1
303477725 0 2
303477724 6 3
303477717 0 15
303477715 12 2
303477710 2653 145
303477703 1 2
303477700 9 3
303477697 4 2
303477691 0 0
303477690 7 2
303477689 20 1
303477685 7 3
303477682 7 4
303477664 462 33
303477655 0 0
303477650 3 18
303477644 25 2
303477636 5 4
303477633 5 1
303477632 2 10
303477630 6 3
303477627 0 0
303477567 7 0
303477560 0 1
303477557 0 0
303477556 15 1
303477553 0 0
303477552 0 0
303477546 438 6
303477544 1 0
303477537 8 2
303477533 2 17
303477529 10 2
303477526 2 0
303477522 7 4
303477520 3651 234
303477518 3 30
303477515 495 16
303477510 5 4
303477504 29 2
303477502 11 6
303477492 5 1
303477491 2 13
303477481 20 1
303477480 7 2
303477479 5 2
303477471 8 1
303477462 0 0
303477460 0 0
303477459 6 2
303477458 3 14
303477455 7 2
303477454 3 3
303477449 1 1
303477448 8 2
303477443 12 3
303477439 0 0
303477436 2 0
303477434 5 2
303477432 3 3
303477425 4 0
303477424 2 19
303477422 9 4
303477412 2 0
303477411 3 1
303477410 0 2
303477408 41 9
303477404 3 1
303477403 4 0
303477402 6 1
303477401 0 2
303477396 4 15
303477392 6 1
303477389 4 6
303477381 4 3
303477371 4 1
303477366 2 0
303477363 439 41
303477361 1 0
303477358 7 0
303477352 5 2
303477341 1 0
303477336 1 0
303477334 6 1
303477326 1 0
303477321 1 0
303477317 7 4
303477314 7 1
303477311 7 0
303477309 1 0
303477308 7 0
303477300 1 0
303477298 1 0
303477294 4 1
303477288 2 1
303477287 20 0
303477282 5 0
303477279 5 7
303477273 392 12
303477272 5 0
303477269 2 4
303477260 0 0
303477259 0 0
303477255 0 0
303477253 4 1
303477252 5 2
303477245 1 0
303477244 10 3
303477241 3 1
303477239 1 2
303477234 25 0
303477233 1 1
303477231 11 2
303477221 2 0
303477220 796 32
303477215 3 2
303477204 3 1
303477203 3 1
303477201 2 1
303477200 0 0
303477199 4 1
303477190 9 2
303477180 5 0
303477178 0 0
303477177 4 1
303477176 12 1
303477170 6 3
303477168 3 3
303477158 2 1
303477155 2 5
303477145 4 2
303477138 0 0
303477136 3 0
303477134 22 0
303477130 5 2
303477128 3 3
303477119 4 2
303477111 10 2
303477100 0 0
303477095 15 0
303477077 5 2
303477073 10 4
303477060 2 2
303477059 2 2
303477048 6 2
303477044 4 2
303477043 4 2
303477042 0 0
303477040 0 0
303477039 9 0
303477036 2 1
303477033 4 2
303477032 4 2
303477031 1 0
303477028 5 1
303477027 2 1
303477023 3 17
303477020 2 1
303477017 3 0
303477016 1 1
303477013 2 0
303477012 0 0
303477011 7 3
303477010 1 2
303477008 9 3
303477007 1 1
303477000 0 0
303476999 3 1
303476993 2 1
303476991 3 1
303476990 1 1
303476989 9 5
303476986 0 0
303476978 3 0
303476972 0 0
303476967 2 2
303476957 0 2
303476954 2 0
303476953 2 1
303476941 4 0
303476935 3 1
303476931 1 1
303476929 3 2
303476927 15 1
303476921 7 4
303476918 2186 235
303476908 19 1
303476906 0 0
303476897 4 1
303476896 19 2
303476895 7 5
303476892 4 1
303476886 1 0
303476883 2 3
303476881 4 1
303476876 10 4
303476875 0 0
303476874 631 23
303476872 2 5
303476868 4 0
303476860 3 1
303476855 3 0
303476847 7 0
303476834 0 0
303476831 0 0
303476829 544 25
303476826 0 0
303476825 3 25
303476823 4 2
303476820 0 1
303476812 2 4
303476797 2 2
303476791 5 4
303476787 0 1
303476784 479 46
303476779 5 3
303476778 5 4
303476777 0 1
303476776 0 4
303476770 4 2
303476766 6 5
303476764 0 4
303476761 13 1
303476759 5 1
303476758 3 0
303476757 2 2
303476741 2825 187
303476735 8 3
303476721 2 1
303476715 3 0
303476714 4 2
303476713 2 0
303476700 0 0
303476699 0 0
303476697 2 2
303476695 20 2
303476689 2 0
303476685 1 3
303476681 3 3
303476680 7 3
303476677 0 2
303476676 1 3
303476674 2 0
303476673 0 0
303476668 508 36
303476664 1611 79
303476662 11 0
303476660 13 4
303476654 3 1
303476647 3 1
303476646 4 0
303476642 3 1
303476641 5 1
303476635 0 1
303476633 1 3
303476632 18 3
303476630 1 1
303476618 2 0
303476615 0 0
303476609 3 1
303476608 1 4
303476606 3 3
303476597 7 1
303476596 0 2
303476594 2 2
303476590 4 1
303476589 7 4
303476587 4 3
303476580 4 2
303476577 0 9
303476575 6 3
303476570 3 2
303476566 1 5
303476564 1 4
303476545 2 3
303476544 0 2
303476538 1 1
303476534 3 2
303476531 0 6
303476527 18 2
303476526 5 16
303476522 7 1
303476518 2 6
303476516 6 4
303476514 4 6
303476512 4 1
303476510 5 1
303476504 8 0
303476501 0 2
303476500 2 1
303476493 0 2
303476491 3 0
303476490 7 5
303476479 0 1
303476477 1 1
303476476 6 5
303476469 2 0
303476468 4 1
303476452 1 5
303476449 0 3
303476448 1 1
303476447 4 1
303476445 0 1
303476444 0 0
303476441 2 1
303476430 5 1
303476425 7 0
303476422 0 0
303476418 4 1
303476413 0 3
303476408 2 4
303476406 4 1
303476405 1 4
303476403 0 2
303476401 2 0
303476394 1 0
303476393 2 3
303476392 1 1
303476382 4 3
303476380 0 1
303476370 0 0
303476366 2 4
303476357 2 1
303476351 1 10
303476350 2 4
303476347 3 5
303476340 5 4
303476339 577 46
303476336 2 4
303476333 2 1
303476327 0 0
303476326 3 5
303476322 0 1
303476318 0 1
303476312 0 1
303476311 27 6
303476307 3 3
303476301 4 5
303476297 0 1
303476286 3 4
303476285 4 5
303476283 7 2
303476281 3 2
303476270 19 2
303476269 7 0
303476263 3 1
303476258 3 6
303476253 3 4
303476251 3 4
303476247 4 1
303476245 7 1
303476242 5 2
303476236 1 2
303476229 8 1
303476226 0 0
303476225 3 4
303476222 0 1
303476220 4807 269
303476213 7 1
303476210 4 0
303476208 3 3
303476203 2 4
303476199 4 1
303476195 6 4
303476188 2 5
303476175 2 1
303476172 8 19
303476163 5 0
303476160 5682 315
303476159 4 1
303476155 4 5
303476154 12 0
303476149 0 1
303476148 0 5
303476145 1 2
303476143 17 4
303476141 1 2
303476130 0 0
303476126 3 3
303476123 4 2
303476122 4 1
303476119 2 6
303476115 1 1
303476113 5 1
303476112 2 0
303476103 4 4
303476101 1 1
303476076 17 6
303476073 5 15
303476072 2 1
303476066 1 2
303476054 10 0
303476045 3 2
303476041 0 0
303476040 7 0
303476030 5 6
303476026 3 2
303476013 10 6
303476004 0 0
303475987 3 1
303475980 114 8
303475978 42 4
303475976 3 1
303475972 1 4
303475971 2 3
303475961 1 4
303475958 8 4
303475950 2 1
303475945 10 5
303475940 6 2
303475937 8 1
303475933 1 7
303475932 0 6
303475930 2 0
303475926 0 0
303475912 2 1
303475909 5 7
303475908 7 3
303475905 1 0
303475904 4 7
303475900 4 3
303475888 3 2
303475883 24 5
303475880 4 1
303475876 5 2
303475875 0 9
303475869 3 3
303475864 5 6
303475863 4 4
303475855 0 0
303475843 7 1
303475841 2 2
303475839 5 1
303475837 8 4
303475835 5 4
303475829 6 6
303475826 4 1
303475820 2 1
303475807 1 1
303475805 1 0
303475804 1 0
303475798 3 1
303475793 11 0
303475791 4 3
303475790 0 0
303475783 3 2
303475771 0 2
303475769 3 2
303475765 3 1
303475755 3 1
303475751 1 2
303475747 0 0
303475746 2 3
303475745 1 12
303475739 5 1
303475738 1 0
303475729 3 1
303475727 4 0
303475723 0 1
303475712 2 3
303475706 1 1
303475689 4 2
303475680 2292 431
303475668 2 2
303475642 1 0
303475640 18 1
303475623 5 2
303475620 5 0
303475618 4 1
303475613 4 1
303475607 7 4
303475606 0 0
303475605 1 2
303475603 0 1
303475599 4 1
303475592 22 2
303475586 1 0
303475579 1 1
303475578 4 0
303475577 2 2
303475563 1 2
303475559 3 1
303475557 1 0
303475547 1 1
303475542 2 1
303475540 1 1
303475528 3 2
303475520 3 2
303475519 0 1
303475511 1 2
303475506 3 1
303475503 3 2
303475498 3 1
303475484 6 2
303475483 2 1
303475472 5 2
303475464 2 0
303475456 7 1
303475446 1 1
303475437 23 1
303475432 2 0
303475429 0 5
303475427 6 2
303475426 1 1
303475425 1 1
303475422 3 0
303475413 0 0
303475412 1 3
303475410 1 1
303475403 3 1
303475397 3 1
303475392 0 3
303475384 6 2
303475382 4 1
303475379 1 0
303475374 1 1
303475373 0 0
303475364 2 1
303475351 0 4
303475333 1 0
303475315 4 2
303475313 4 2
303475311 0 1
303475308 0 4
303475303 2 2
303475287 0 3
303475286 4 0
303475278 7 3
303475256 2 2
303475242 6 3
303475241 1 3
303475220 1 1
303475202 1 2
303475195 0 1
303475182 0 0
303475178 2 0
303475168 0 0
303475149 2 1
303475142 0 1
303475137 0 0
303475087 1 3
303475084 1 3
303475077 0 3
303475065 1 3
