303957921 0 0
303939284 0 0
303936625 0 0
303935819 1 0
303935640 0 0
303872641 2 0
303864888 0 0
303857962 3 1
303857724 0 0
303857196 0 0
303821126 0 0
303804847 0 0
303803683 3 0
303803678 3 0
303793596 2 0
303752137 2 0
303743733 1 0
303742412 1 0
303741475 1 0
303737959 4 0
303737124 0 0
303737100 4 0
303672297 1 0
303669793 1 0
303660216 0 0
303642283 0 0
303598409 2 1
303598155 3 0
303587801 4 0
303575489 2 0
303506707 6 3
303500936 1 0
303498765 6 0
303498747 3 0
303498699 3 0
303498666 11 0
303497120 1 0
303495025 3 0
303405011 4 0
303399258 13 0
303399182 12 1
303399013 4 0
303398869 0 1
303398834 5 0
303385004 0 1
303382833 8 0
303325018 2 0
303325016 5 0
303312337 3 4
303304807 3 0
303299339 4 0
303282326 0 0
303250698 2 0
303250697 0 1
303250694 3 0
303250267 0 0
303242085 1 1
303239076 9 0
303236613 1 0
303236564 2 4
303236342 7 0
303162788 4 0
303162149 9 0
303159895 0 0
303153900 3 0
303136707 2 0
303134041 5 0
303076429 4 2
303073682 5 0
303068616 13 0
303068604 8 0
303044993 5 0
303004450 11 2
302988213 5 0
302987152 0 0
302975814 4 0
302975219 4 1
302893286 0 0
302891523 6 0
302883769 0 0
302882534 6 0
302882530 6 0
302881409 11 0
302870245 1 0
302817627 3 0
302817624 4 0
302817620 10 0
302816527 24 0
302816506 1 0
302813331 1 0
302813125 3 0
302812751 12 1
302812385 3 0
302812097 3 0
302810902 15 0
302810603 3 0
302809795 0 0
302776181 0 0
302762999 5 0
302731146 0 0
302730235 4 11
302725426 0 0
302725369 8 1
302725320 11 0
302725109 31 0
302724416 4 0
302722749 10 0
302721846 6 0
302705383 9 0
302663321 0 8
302662440 5 1
302644960 1 0
302644692 6 0
302643785 29 0
302642907 29 5
302640207 1 5
302638140 7 0
302633346 0 1
302610200 3 3
302570580 12 0
302570301 14 1
302570288 17 0
302569889 4 0
302569093 5 1
302563641 56 0
302562524 12 1
302562520 11 0
302562514 15 0
302562498 6 0
302562488 11 0
302562486 9 1
302562483 11 0
302562481 8 0
302562479 2 0
302562477 5 1
302562475 10 0
302562470 4 0
302561643 0 26
302558426 0 0
302508246 6 0
302496466 6 0
302495968 3 0
302492497 5 1
302492496 7 0
302492495 5 1
302492490 5 0
302491460 12 0
302491121 1 0
302485664 6 0
302442186 9 0
302426781 6 0
302425089 1 0
302412921 3 0
302412914 12 1
302412910 7 0
302412908 3 0
302411405 8 3
302411297 0 1
302403042 14 1
302402549 6 0
302400912 0 1
302399988 16 0
302399251 7 0
302395344 37 1
302394114 6 0
302345175 15 0
302330060 5 1
302329759 5 0
302316792 13 0
302316718 17 0
302314911 8 0
302314654 28 0
302312438 14 0
302312377 0 0
302311132 3 0
302311038 3 0
302310274 31 0
302308504 5 0
302305120 31 0
302305085 13 0
302276066 6 2
302276057 3 0
302276050 5 0
302276044 15 1
302276036 12 0
302249060 12 0
302238694 26 1
302238531 4 5
302238479 3 8
302238446 9 0
302236587 10 0
302236576 0 0
302235249 60 1
302232489 8 0
302230947 5 0
302229057 14 0
302229055 1 0
302229050 21 0
302229044 9 0
302229040 5 0
302229032 13 0
302229031 2 0
302229028 2 0
302229022 1 0
302229018 13 2
302229017 10 0
302229011 4 0
302229006 7 0
302228951 3 0
302228939 6 0
302228928 0 0
302228922 0 0
302228914 9 0
302228904 6 0
302228901 15 0
302228898 0 0
302228370 7 0
302228354 13 1
302228289 5 0
302228257 6 0
302192012 0 0
302191239 7 0
302186245 26 0
302186200 2 0
302181718 4 1
302180891 6 0
302180477 6 0
302179421 22 0
302179420 1 0
302179418 9 0
302175695 31 1
302175313 10 0
302174689 14 4
302174628 8 0
302174335 17 0
302174333 2 0
302174327 3 0
302174284 0 0
302173096 0 0
302169227 14 0
302142414 16 0
302142405 1 0
302142390 12 0
302138480 0 0
302135919 0 0
302133163 35 7
302125844 41 0
302125738 0 0
302125654 0 0
302125385 1 0
302124645 6 0
302123565 33 1
302123560 10 0
302122909 1 0
302122350 3 0
302120789 14 0
302120782 27 0
302116421 15 0
302115589 5 0
302115181 30 0
302107786 22 1
302093942 3 0
302084433 22 0
302078526 23 0
302078485 2 10
302078483 10 1
302078472 15 0
302078106 4 1
302078103 9 0
302078096 7 0
302078032 10 0
302077852 2 0
302077723 9 1
302077672 10 0
302076490 8 0
302076486 1 1
302076477 2 22
302076470 2 0
302076461 8 0
302075840 6 0
302075810 3 0
302073958 11 47
302073538 7 0
302073530 5 0
302073505 5 1
302073383 18 0
302069976 17 0
302048936 9 0
302035528 16 0
302034392 13 0
302031883 0 0
302027756 12 1
302027745 3 0
302027278 29 0
302026693 13 0
302008994 16 0
302007462 0 0
301975570 0 1
301975418 19 2
301971892 20 0
301971544 27 69
301970877 4 2
301970708 1 0
301970415 5 0
301970408 15 1
301970400 12 0
301970311 14 0
301970292 2 0
301970285 8 1
301969431 3 1
301967846 20 0
301967447 1 0
301967328 12 1
301966925 14 0
301965505 16 2
301965401 1 0
301965260 5 0
301964266 1 2
301964173 8 0
301963046 7 1
301962589 5 1
301961193 20 0
301959262 11 0
301958751 13 2
301954427 0 0
301952723 12 0
301926734 30 0
301925504 18 6
301925227 12 0
301925226 16 0
301920623 0 0
301919475 17 0
301919469 29 0
301919468 13 1
301919465 0 0
301919462 4 0
301919458 4 0
301917899 22 3
301916541 5 0
301914762 18 0
301914156 30 2
301913996 2 0
301912955 6 0
301912058 27 0
301903341 10 0
301903103 0 0
301902934 2 1
301902435 15 0
301899153 11 0
301874637 1 0
301864444 13 0
301864424 40 8
301864406 18 0
301864155 27 0
301864142 17 0
301863973 3 0
301863750 7 0
301863622 8 5
301863597 4 1
301863393 10 0
301863392 14 0
301863390 9 0
301863389 6 4
301863382 4 0
301863351 6 0
301863097 0 0
301862539 31 0
301861450 1 0
301861384 0 4
301861254 1 0
301861200 13 0
301861055 12 0
301860947 5 11
301860740 17 22
301860461 0 0
301860137 5 0
301860136 29 1
301860135 0 0
301860132 4 0
301860107 9 2
301859902 2 0
301859810 0 0
301859808 3 30
301859768 0 0
301859766 0 6
301859492 1 4
301859447 0 0
301859438 0 20
301859373 2 0
301859342 0 1
301859269 13 0
301859266 0 0
301859089 3 0
301859088 5 0
301858910 13 0
301858873 12 2
301858863 2 0
301858858 16 0
301858854 6 0
301858853 2 0
301858793 5 0
301858301 18 0
301858296 9 0
301858276 18 0
301858273 15 0
301858267 19 0
301858261 2 0
301858257 5 0
301858251 1 0
301858248 9 1
301858224 4 0
301858217 3 0
301858205 2 0
301857986 16 0
301857814 13 1
301857668 0 0
301857460 0 0
301857381 4 0
301856884 0 1
301856406 18 3
301856344 7 0
301856302 0 0
301855973 2 0
301855928 0 0
301855797 7 1
301855669 25 8
301855144 10 0
301854458 4 0
301853552 0 0
301852761 1 0
301847478 0 0
301847245 27 0
301845740 9 0
301844398 16 1
301844393 23 4
301831268 13 0
301831097 5 20
301831063 11 2
301831019 10 0
301831010 12 2
301831007 2 0
301831003 2 0
301830999 18 1
301830993 9 1
301830434 2 8
301830430 2 0
301830219 4 0
301830211 9 0
301830209 2 0
301830207 9 1
301830204 18 0
301830203 7 0
301830201 4 0
301830200 5 0
301830199 1 0
301830195 15 0
301830176 5 0
301830168 0 28
301830166 4 0
301830165 1 38
301830162 3 46
301823761 8 0
301823412 12 0
301823080 13 1
301822439 14 2
301821888 2 0
301821834 0 0
301821798 67 3
301821779 31 0
301821408 0 0
301813718 1 4
301813284 6 0
301813232 7 0
301813071 4 1
301812268 0 0
301811789 15 0
301811740 10 0
301811605 1 0
301811480 12 0
301811476 2 0
301810884 0 3
301810723 0 2
301810605 0 0
301810480 0 0
301810147 12 0
301809955 4 0
301809947 11 0
301809733 11 0
301809482 9 0
301808511 10 0
301808375 15 1
301808365 0 0
301807995 20 0
301807830 5 0
301806990 0 0
301806829 2 0
301806697 7 1
301806629 3 1
301804139 2 0
301802524 3 0
301800849 37 4
301799863 10 4
301799209 3 0
301799202 44 10
301799185 2 0
301799129 7 0
301799102 0 10
301799097 5 11
301799089 1 0
301799087 8 5
301799084 27 12
301799063 11 2
301799062 0 16
301799021 3 3
301799015 12 0
301798940 1 0
301798928 0 0
301798874 15 1
301798827 0 0
301798790 0 0
301798788 17 0
301798771 11 0
301798754 1 0
301798749 0 0
301798739 6 1
301798680 40 2
301798656 0 0
301798652 2 0
301798640 11 0
301798626 19 1
301798609 12 0
301798584 18 1
301798562 13 0
301798548 45 2
301798546 12 0
301798533 10 0
301798529 47 7
301798486 8 0
301798450 30 0
301798442 6 2
301798429 2 0
301798421 2 1
301798419 3 0
301798418 4 0
301798356 0 0
301798267 14 1
301798265 21 1
301798263 0 0
301798259 9 1
301798251 7 0
301798245 2 0
301798242 7 0
301798241 6 0
301798232 11 1
301798170 0 0
301798162 2 0
301798078 7 2
301798035 3 0
301798034 4 0
301798018 3 1
301797980 15 2
301797953 0 1
301797945 0 0
301797806 11 0
301797786 22 0
301797736 16 0
301797729 11 0
301797725 17 0
301797657 15 0
301797629 3 5
301797504 7 6
301797463 9 0
301797445 9 2
301797424 12 0
301797423 22 0
301797421 4 0
301797366 1 0
301797259 4 0
301797239 2 0
301797235 0 0
301797232 16 0
301797188 0 0
301797157 8 1
301797156 10 0
301797149 2 15
301797111 6 2
301797041 9 0
301796974 2 0
301796907 12 0
301796905 2 0
301796863 18 1
301796768 0 0
301796662 8 69
301796580 0 0
301796558 10 0
301796517 0 1
301796485 18 23
301796439 0 0
301796427 8 0
301796421 19 0
301796419 3 0
301796386 2 0
301796382 1 0
301796314 9 0
301796209 16 2
301796103 8 1
301796078 10 0
301796049 4 0
301796036 21 0
301796032 13 0
301795998 8 0
301795990 2 0
301795951 3 2
301795934 3 0
301795886 6 0
301795847 1 0
301795516 0 6
301795161 1 0
301795150 4 0
301795124 0 0
301794900 4 0
301794814 6 0
301794205 4 2
301794200 8 0
301794199 2 1
301794194 3 0
301794193 5 0
301794191 6 0
301794189 13 0
301794188 1 1
301794184 5 10
301794182 10 0
301794176 1 0
301794173 3 11
301794171 8 0
301794157 2 0
301794153 5 0
301794152 18 1
301794145 20 0
301794142 22 4
301794138 2 0
301794134 8 0
301794133 4 0
301794132 8 0
301794131 0 0
301794130 0 0
301794129 5 0
301794125 3 0
301794124 2 0
301794120 15 0
301794119 0 0
301794115 0 0
301794104 15 5
301794100 0 0
301794096 27 5
301794092 9 1
301794081 5 41
301794071 0 1
301794061 0 1
301794050 2 0
301794031 5 0
301794025 27 1
301794011 0 0
301794009 0 0
301794005 0 0
301794004 22 0
301794001 4 0
301793998 7 5
301793987 20 1
301793985 35 7
301793958 0 0
301793947 2 0
301793942 2 0
301793941 1 0
301793940 3 0
301793939 0 0
301793938 1 0
301793936 2 0
301793934 3 0
301793933 0 1
301793930 1 1
301793928 6 1
301793926 16 2
301793921 0 0
301793917 0 0
301793910 0 0
301793901 0 0
301793895 0 0
301793884 5 1
301793879 1 0
301793873 7 15
301793870 1 0
301793868 0 0
301793855 0 0
301793849 0 0
301793844 14 10
301793842 4 1
301793840 1 0
301793838 14 0
301793827 13 2
301793825 0 0
301793821 0 1
301793815 20 0
301793802 0 0
301793780 0 0
301793775 5 0
301793774 9 0
301793772 7 0
301793771 0 2
301793769 6 29
301793767 6 0
301793766 8 0
301793765 3 83
301793763 8 0
301793761 0 0
301793751 1 0
301793750 6 0
301793746 1 55
301793744 11 1
301793740 0 0
301793737 0 0
301793734 4 0
301793732 6 0
301793731 3 1
301793725 0 0
301793721 0 0
301793720 9 0
301793717 12 2
301793716 4 0
301793715 0 0
301793713 8 2
301793712 1 14
301793707 0 0
301793706 0 0
301793701 2 1
301793700 0 0
301793699 0 0
301793696 3 33
301793695 2 35
301793692 0 0
301793673 2 0
301793671 16 0
301793665 0 0
301793650 5 0
301793645 4 82
301793643 0 0
301793641 0 0
301793637 5 0
301793633 0 0
301793632 1 0
301793631 23 1
301793622 0 0
301793605 0 0
301793602 10 2
301793599 0 0
301793597 0 1
301793584 9 0
301793570 27 0
301793553 3 0
301793551 4 0
301793550 2 1
301793549 7 0
301793542 0 0
301793540 14 0
301793534 17 1
301793517 6 1
301793507 3 0
301793502 27 21
301793490 17 2
301793485 21 0
301793483 2 0
301793473 1 0
301793466 15 0
301793465 34 3
301793463 8 0
301793453 4 11
301793450 8 0
301793449 1 0
301793448 7 0
301793446 26 3
301793438 4 0
301793437 4 1
301793435 15 3
301793434 3 0
301793428 8 18
301793427 1 0
301793423 4 0
301793422 25 1
301793417 11 0
301793413 18 2
301793411 4 0
301793410 49 3
301793409 22 0
301793408 13 3
301793402 19 1
301793395 12 0
301793370 1 0
301793369 30 1
301793362 2 0
301793348 15 0
301793346 0 0
301793336 1 0
301793331 11 2
301793328 9 2
301793326 13 1
301793325 15 1
301793324 0 3
301793321 8 1
301793319 0 3
301793317 6 42
301793315 4 0
301793313 4 0
301793312 10 0
301793311 71 5
301793309 16 0
301793307 37 7
301793305 9 1
301793299 8 1
301793296 0 2
301793293 3 4
301793290 9 0
301793284 8 2
301793283 11 2
301793282 2 0
301793280 7 1
301793278 7 1
301793277 1 1
301793275 16 3
301793273 2 0
301793272 2 1
301793271 0 2
301793270 9 2
301793267 5 3
301793263 1 0
301793261 5 52
301793260 9 2
301793257 8 1
301793255 6 1
301793253 3 0
301793252 2 0
301793249 0 0
301793247 4 0
301793238 13 4
301793236 18 2
301793216 0 1
301793205 4 0
301793200 0 0
301793195 6 2
301793194 6 0
301793193 0 1
301793187 5 1
301793180 0 0
301793163 0 1
301793162 0 1
301793158 15 0
301793157 1 1
301793156 1 0
301793154 13 2
301793150 4 2
301793148 20 1
301793147 0 1
301793146 1 1
301793145 3 1
301793144 5 0
301793143 3 0
301793142 0 3
301793141 0 2
301793136 11 1
301793133 8 14
301793124 2 0
301793122 14 0
301793118 1 0
301793110 0 0
301793099 9 1
301793091 5 54
301793089 2 0
301793086 2 0
301793080 0 0
301793077 7 1
301793070 0 7
301793056 10 0
301793053 9 0
301793050 6 0
301793043 4 0
301793037 2 0
301793036 2 32
301793034 2 1
301793026 12 0
301793022 1 0
301793020 0 0
301793018 1 0
301793015 5 0
301793009 7 1
301793001 10 0
301792999 1 0
301792996 12 1
301792995 6 63
301792991 14 2
301792988 2 1
301792987 9 1
301792982 9 1
301792981 0 0
301792972 18 1
301792971 2 0
301792959 1 1
301792953 6 0
301792951 1 0
301792949 6 53
301792948 6 0
301792942 3 2
301792941 0 0
301792939 0 0
301792936 2 5
301792920 0 13
301792913 0 1
301792911 6 34
301792909 0 3
301792907 0 0
301792905 0 3
301792901 0 2
301792900 5 34
301792894 1 1
301792891 0 4
301792883 0 0
301792882 56 6
301792877 8 2
301792876 3 0
301792874 2 0
301792872 7 21
301792871 8 1
301792865 0 0
301792863 7 0
301792862 31 10
301792858 6 1
301792857 10 0
301792852 5 1
301792847 10 0
301792845 1 1
301792840 1 0
301792835 4 24
301792828 9 42
301792825 18 11
301792819 6 30
301792813 0 0
301792806 6 2
301792805 13 3
301792803 8 1
301792799 8 0
301792798 12 4
301792794 9 0
301792786 4 1
301792784 1 0
301792779 1 0
301792775 6 2
301792771 0 1
301792770 0 1
301792767 2 1
301792766 0 1
301792765 0 1
301792763 0 1
301792761 0 1
301792760 0 1
301792757 0 1
301792756 0 2
301792755 0 2
301792735 13 1
301792728 10 0
301792725 12 0
301792721 6 0
301792718 11 4
301792717 3 3
301792711 2 0
301792710 2 0
301792709 19 19
301792708 2 0
301792705 0 0
301792691 10 0
301792690 10 0
301792687 0 1
301792685 2 0
301792678 5 1
301792676 0 17
301792674 0 0
301792673 13 1
301792672 27 0
301792663 5 37
301792657 5 43
301792650 10 1
301792643 7 4
301792632 2 0
301792623 3 41
301792621 7 35
301792615 0 0
301792605 6 1
301792603 0 1
301792597 17 0
301792594 16 4
301792589 1 5
301792586 13 5
301792585 16 1
301792582 23 0
301792581 0 0
301792580 17 0
301792574 7 0
301792571 8 0
301792569 0 1
301792566 2 1
301792564 1 0
301792563 13 1
301792561 5 0
301792560 8 0
301792557 0 1
301792550 66 8
301792549 8 1
301792548 1 0
301792544 1 0
301792543 72 5
301792535 4 1
301792533 2 0
301792528 9 0
301792526 7 28
301792524 6 0
301792518 6 1
301792507 21 0
301792500 0 0
301792499 12 45
301792498 3 0
301792496 5 0
301792495 13 3
301792491 2 0
301792488 16 0
301792485 3 0
301792484 3 0
301792481 2 0
301792477 3 3
301792473 4 0
301792471 13 1
301792468 11 0
301792464 6 0
301792463 9 1
301792461 5 0
301792458 4 0
301792456 7 1
301792452 2 1
301792444 0 17
301792436 8 0
301792432 21 0
301792431 0 6
301792430 4 1
301792424 11 0
301792419 3 0
301792417 2 0
301792415 2 0
301792414 2 0
301792406 8 0
301792405 7 1
301792404 0 0
301792400 1 4
301792396 30 9
301792394 8 0
301792393 2 0
301792378 6 1
301792374 4 0
301792373 7 0
301792370 7 1
301792366 8 0
301792362 2 2
301792360 25 3
301792358 4 0
301792353 0 0
301792352 2 0
301792349 3 0
301792346 25 3
301792344 10 0
301792343 8 1
301792339 3 0
301792337 0 1
301792332 10 1
301792327 7 1
301792321 0 3
301792310 6 1
301792302 10 36
301792300 7 0
301792298 17 0
301792296 13 0
301792293 12 0
301792289 27 0
301792287 18 1
301792285 2 23
301792284 6 0
301792282 5 0
301792281 4 1
301792280 15 0
301792276 0 1
301792275 5 0
301792270 12 1
301792269 7 1
301792268 118 4
301792260 4 0
301792257 5 0
301792254 1 0
301792250 10 0
301792247 4 2
301792246 2 0
301792239 0 0
301792237 1 0
301792231 13 0
301792224 8 2
301792223 0 33
301792222 0 31
301792218 6 1
301792216 2 0
301792211 1 1
301792210 0 1
301792201 7 0
301792199 12 0
301792183 29 0
301792173 3 0
301792168 1 0
301792164 26 2
301792163 11 1
301792159 1 2
301792158 0 0
301792153 10 1
301792150 8 5
301792148 4 2
301792147 5 0
301792146 8 0
301792144 12 0
301792143 0 4
301792138 6 0
301792135 10 0
301792134 9 0
301792130 4 0
301792126 11 0
301792125 7 0
301792124 15 0
301792121 2 2
301792117 0 0
301792108 6 0
301792106 10 1
301792091 1 0
301792089 2 1
301792087 11 0
301792085 3 0
301792084 13 17
301792083 5 0
301792080 15 0
301792078 3 9
301792076 1 1
301792074 5 58
301792073 9 1
301792071 0 2
301792065 0 2
301792060 4 0
301792059 1 1
301792051 1 0
301792050 0 1
301792049 1 0
301792041 6 0
301792039 2 1
301792031 5 0
301792029 10 0
301792026 4 0
301792024 9 1
301792020 4 0
301792017 10 7
301792015 8 0
301792013 5 1
301792003 7 1
301792001 8 1
301791999 0 1
301791992 1 0
301791983 1 0
301791982 2 0
301791974 4 2
301791973 1 0
301791971 4 0
301791968 7 4
301791965 5 0
301791958 7 1
301791953 4 3
301791952 16 0
301791949 4 0
301791943 7 2
301791942 18 0
301791941 7 1
301791937 6 1
301791934 8 0
301791933 8 2
301791927 3 0
301791924 7 0
301791923 7 0
301791920 1 1
301791913 0 1
301791912 0 6
301791908 8 7
301791907 5 1
301791906 25 3
301791905 2 1
301791903 5 54
301791901 8 0
301791900 1 0
301791899 5 0
301791897 0 0
301791896 14 0
301791892 22 4
301791888 24 17
301791887 5 0
301791882 8 0
301791880 1 0
301791873 5 0
301791871 1 0
301791870 1 2
301791854 4 0
301791851 8 2
301791849 0 0
301791848 2 0
301791846 3 0
301791843 6 66
301791842 6 0
301791839 0 0
301791836 4 53
301791835 0 1
301791831 4 0
301791827 0 1
301791826 3 0
301791820 0 1
301791817 0 1
301791814 0 0
301791809 27 0
301791797 0 0
301791792 0 1
301791791 0 1
301791778 2 23
301791776 0 0
301791773 1 13
301791771 0 0
301791765 0 0
301791763 13 0
301791753 3 0
301791752 3 2
301791750 0 0
301791749 10 0
301791748 3 0
301791745 27 1
301791743 0 0
301791741 20 2
301791731 28 5
301791729 27 0
301791726 8 0
301791723 13 1
301791721 7 25
301791718 5 3
301791715 14 1
301791712 0 1
301791704 2 0
301791701 8 1
301791695 0 1
301791693 7 55
301791688 1 0
301791687 7 25
301791685 7 3
301791682 29 0
301791681 8 1
301791679 0 0
301791676 7 0
301791660 25 1
301791655 13 0
301791653 3 0
301791645 35 7
301791643 6 0
301791641 5 17
301791637 11 1
301791636 18 0
301791634 19 2
301791633 2 0
301791625 24 1
301791624 0 4
301791622 19 7
301791621 7 0
301791620 3 0
301791618 3 0
301791614 3 0
301791610 28 1
301791604 2 0
301791599 20 1
301791593 3 0
301791592 10 1
301791586 16 1
301791585 14 1
301791584 4 0
301791580 0 0
301791579 6 0
301791574 1 0
301791569 15 0
301791562 6 1
301791560 0 0
301791557 7 0
301791555 6 0
301791551 10 0
301791550 15 0
301791548 0 0
301791547 1 0
301791544 6 0
301791542 15 0
301791537 0 0
301791526 17 0
301791517 0 0
301791499 0 0
301791491 1 0
301791488 38 6
301791485 0 0
301791479 7 0
301791468 4 0
301791463 11 4
301791448 12 1
301791446 11 0
301791445 9 0
301791444 0 0
301791442 0 3
301791439 7 0
301791435 5 0
301791429 5 9
301791425 1 0
301791424 0 0
301791422 0 0
301791417 19 1
301791413 1 6
301791409 2 36
301791407 12 3
301791400 17 0
301791395 35 0
301791394 3 1
301791393 36 0
301791392 0 1
301791390 4 0
301791389 1 1
301791388 2 0
301791386 30 3
301791385 6 0
301791380 10 1
301791379 3 0
301791377 11 0
301791372 8 0
301791371 0 0
301791367 15 1
301791366 1 34
301791361 10 0
301791360 17 84
301791356 10 0
301791353 9 19
301791352 6 1
301791344 2 0
301791335 10 4
301791333 17 2
301791327 14 0
301791326 2 1
301791323 1 17
301791317 6 17
301791315 12 0
301791314 5 3
301791312 9 0
301791307 25 0
301791304 0 0
301791302 8 3
301791300 9 0
301791298 2 1
301791297 7 0
301791293 3 1
301791292 2 33
301791290 17 3
301791272 2 0
301791271 35 7
301791262 18 3
301791258 1 20
301791257 0 3
301791256 7 0
301791252 8 0
301791246 2 0
301791242 12 2
301791241 3 2
301791240 14 1
301791236 7 1
301791233 9 0
301791222 7 0
301791220 14 1
301791215 11 3
301791210 0 0
301791206 9 8
301791205 0 0
301791204 8 15
301791199 0 1
301791198 7 0
301791196 0 0
301791195 3 8
301791193 2 18
301791192 12 1
301791189 8 0
301791184 4 0
301791168 12 0
301791167 2 14
301791166 12 2
301791159 12 0
301791156 4 8
301791154 12 1
301791151 0 0
301791150 8 3
301791148 6 0
301791147 7 0
301791146 0 10
301791145 10 0
301791143 9 0
301791141 13 0
301791135 31 2
301791134 7 0
301791133 6 3
301791127 0 0
301791125 22 0
301791117 4 0
301791116 1 0
301791114 17 0
301791112 1 0
301791110 0 0
301791109 0 0
301791105 0 0
301791103 11 0
301791102 14 0
301791100 0 0
301791098 13 0
301791096 47 4
301791091 8 1
301791086 16 0
301791085 23 28
301791079 19 1
301791078 14 1
301791076 1 0
301791071 5 0
301791069 0 0
301791068 5 0
301791059 7 1
301791056 7 0
301791050 2 0
301791048 4 0
301791043 13 1
301791041 18 0
301791040 14 1
301791039 0 1
301791035 11 0
301791034 1 0
301791029 9 0
301791027 1 0
301791025 0 0
301791022 1 0
301791021 3 2
301791020 1 2
301791019 4 0
301791018 11 12
301791017 16 6
301791016 18 0
301791002 6 15
301791001 13 1
301790997 13 0
301790996 16 52
301790993 6 0
301790990 33 1
301790989 3 0
301790988 13 2
301790987 31 0
301790986 6 0
301790984 2 0
301790981 4 0
301790980 10 0
301790978 1 1
301790976 8 1
301790973 0 13
301790972 23 22
301790971 2 2
301790969 1 0
301790965 13 1
301790963 0 1
301790958 11 1
301790957 0 0
301790956 16 12
301790955 12 1
301790949 0 0
301790948 6 1
301790945 18 0
301790943 7 0
301790940 13 1
301790938 0 0
301790936 19 0
301790935 16 0
301790929 14 19
301790926 28 7
301790923 12 9
301790922 0 0
301790919 14 9
301790918 22 0
301790917 0 0
301790915 5 0
301790909 10 0
301790908 0 3
301790904 8 2
301790903 0 13
301790899 5 2
301790893 13 0
301790887 0 0
301790885 2 0
301790881 25 0
301790877 9 2
301790872 0 0
301790867 14 0
301790855 15 17
301790854 21 6
301790850 0 4
301790848 0 1
301790843 15 1
301790841 4 0
301790839 5 0
301790836 6 96
301790829 3 44
301790824 1 213
301790822 14 0
301790817 8 49
301790814 18 2
301790813 14 2
301790812 13 1
301790810 4 1
301790807 1 4
301790806 15 2
301790804 1 6
301790800 2 1
301790797 7 1
301790795 16 0
301790793 20 0
301790791 2 0
301790788 27 0
301790782 1 0
301790781 7 2
301790778 11 1
301790777 5 1
301790761 20 19
301790756 3 0
301790753 10 0
301790751 10 3
301790748 28 13
301790744 21 0
301790741 21 6
301790739 7 31
301790735 1 0
301790732 17 0
301790726 0 0
301790723 12 8
301790721 13 0
301790718 4 0
301790715 10 0
301790713 4 0
301790711 1 1
301790708 1 0
301790706 0 0
301790702 5 8
301790697 0 0
301790693 9 2
301790685 17 0
301790682 9 0
301790681 18 1
301790679 7 66
301790678 1 0
301790677 10 1
301790676 39 2
301790675 13 2
301790669 16 0
301790667 1 4
301790662 2 0
301790661 39 1
301790660 8 0
301790657 1 0
301790654 18 1
301790651 9 4
301790650 4 15
301790648 9 0
301790639 0 1
301790634 2 1
301790631 25 66
301790630 1 1
301790626 56 29
301790623 16 1
301790622 2 8
301790620 8 2
301790618 0 1
301790617 13 1
301790614 3 15
301790611 6 73
301790609 2 1
301790608 6 3
301790605 0 1
301790601 1 1
301790596 2 1
301790593 9 2
301790589 49 13
301790586 15 2
301790583 6 1
301790582 1 1
301790581 10 2
301790580 1 1
301790579 8 68
301790578 2 1
301790571 1 1
301790570 4 1
301790566 18 3
301790561 1 1
301790554 6 2
301790551 9 1
301790546 11 0
301790545 43 14
301790542 12 0
301790540 0 0
301790536 7 21
301790535 6 0
301790534 8 0
301790533 0 0
301790532 1 0
301790529 0 0
301790527 9 1
301790526 5 1
301790524 3 1
301790523 2 67
301790521 12 0
301790520 14 0
301790519 3 0
301790518 13 0
301790517 9 0
301790515 12 1
301790513 18 7
301790512 0 0
301790510 4 0
301790509 8 1
301790508 5 1
301790506 13 0
301790505 3 0
301790501 9 0
301790500 24 0
301790499 4 0
301790498 4 0
301790496 0 0
301790494 0 0
301790493 1 1
301790492 18 6
301790491 17 0
301790489 5 1
301790488 8 2
301790486 13 0
301790485 0 0
301790484 18 2
301790483 0 0
301790482 20 0
301790481 6 2
301790479 0 0
301790477 0 0
301790473 8 16
301790472 7 16
301790470 1 0
301790469 6 2
301790467 0 1
301790466 3 0
301790462 6 1
301790459 2 0
301790458 23 19
301790457 1 0
301790452 6 1
301790449 6 0
301790447 15 0
301790446 4 76
301790437 13 0
301790435 0 0
301790432 1 0
301790427 7 1
301790414 0 2
301790413 1 0
301790412 9 1
301790410 1 0
301790404 5 1
301790401 20 0
301790396 10 0
301790394 1 0
301790393 1 0
301790386 9 1
301790384 15 11
301790383 15 0
301790382 13 1
301790380 9 1
301790378 11 1
301790373 8 0
301790368 14 5
301790366 12 0
301790362 10 1
301790361 0 0
301790357 11 1
301790356 6 1
301790352 0 0
301790351 5 2
301790349 233 5
301790348 6 0
301790347 13 30
301790343 11 0
301790341 3 1
301790338 5 0
301790334 15 0
301790333 0 0
301790330 13 1
301790328 6 0
301790321 3 0
301790320 1 0
301790316 9 2
301790315 34 0
301790306 11 0
301790303 0 0
301790295 11 0
301790291 0 0
301790287 22 31
301790283 9 47
301790279 3 1
301790274 10 0
301790267 0 0
301790264 0 1
301790262 2 0
301790254 16 5
301790248 4 1
301790237 5 2
301790235 1 1
301790234 17 0
301790233 4 0
301790231 15 1
301790227 40 3
301790225 5 1
301790221 11 21
301790218 6 2
301790217 4 0
301790214 5 0
301790212 5 24
301790211 9 0
301790209 0 0
301790208 2 0
301790207 4 3
301790205 5 0
301790202 6 0
301790201 0 0
301790199 0 0
301790196 7 1
301790192 21 4
301790188 1 1
301790187 0 1
301790186 8 0
301790185 3 2
301790184 0 0
301790181 11 0
301790179 4 0
301790176 21 5
301790175 3 10
301790174 3 1
301790172 5 1
301790171 32 4
301790170 5 43
301790167 0 1
301790166 2 43
301790165 7 0
301790163 4 0
301790158 17 5
301790157 23 1
301790156 0 0
301790155 11 0
301790153 1 1
301790150 0 0
301790149 3 0
301790148 16 2
301790147 0 0
301790145 0 0
301790143 5 0
301790142 7 0
301790140 3 1
301790137 30 5
301790134 1 0
301790133 1 0
301790132 16 10
301790131 3 0
301790130 346 1
301790128 35 0
301790123 10 2
301790122 0 0
301790118 18 1
301790116 17 1
301790115 0 0
301790114 24 0
301790111 12 1
301790105 30 0
301790104 15 2
301790096 4 1
301790095 36 4
301790094 0 0
301790091 0 0
301790089 11 1
301790088 8 0
301790086 10 0
301790084 4 0
301790083 6 1
301790080 4 1
301790079 11 1
301790077 4 1
301790074 15 0
301790072 2 48
301790067 6 0
301790066 8 0
301790065 6 1
301790062 13 0
301790060 3 5
301790059 2 0
301790056 10 0
301790055 5 72
301790054 16 2
301790051 16 0
301790049 1 0
301790048 20 8
301790046 11 2
301790045 6 0
301790044 1 0
301790040 1 2
301790038 14 1
301790036 3 0
301790033 11 1
301790032 12 1
301790031 2 5
301790027 6 1
301790025 29 33
301790022 21 6
301790020 5 1
301790019 6 0
301790014 0 0
301790009 5 0
301790005 1 0
301790002 11 77
301790001 13 0
301790000 9 1
301789999 0 0
301789998 16 1
301789992 5 0
301789990 9 0
301789989 9 8
301789988 15 0
301789986 50 7
301789984 51 9
301789981 5 0
301789976 0 1
301789974 4 0
301789973 13 0
301789972 2 0
301789971 0 1
301789970 7 0
301789969 28 28
301789968 7 0
301789966 1 1
301789961 17 2
301789960 10 0
301789959 11 0
301789958 3 0
301789948 1 0
301789945 28 2
301789940 4 0
301789938 0 2
301789936 1 1
301789932 13 0
301789930 6 0
301789928 6 0
301789925 12 2
301789922 22 1
301789921 2 0
301789919 5 0
301789918 2 0
301789915 3 0
301789914 22 4
301789912 18 3
301789909 2 0
301789907 1 0
301789905 11 1
301789904 13 5
301789896 16 1
301789892 0 0
301789889 6 0
301789887 8 0
301789886 1 31
301789883 7 4
301789879 6 0
301789876 18 1
301789874 2 0
301789873 9 0
301789870 8 0
301789869 8 0
301789866 18 1
301789865 9 0
301789861 1 0
301789856 16 0
301789854 11 2
301789853 6 0
301789851 8 2
301789850 0 1
301789846 9 11
301789845 8 0
301789844 15 0
301789842 5 0
301789841 8 0
301789838 4 0
301789837 8 0
301789835 39 2
301789833 2 2
301789822 0 0
301789821 15 1
301789816 8 0
301789815 0 1
301789814 0 1
301789812 6 0
301789811 1 0
301789801 9 0
301789795 17 3
301789790 0 3
301789786 3 77
301789785 0 79
301789780 19 3
301789779 0 1
301789775 0 0
301789772 0 0
301789771 1 3
301789770 4 2
301789758 0 0
301789757 29 0
301789755 10 0
301789751 11 0
301789749 0 0
301789745 4 1
301789744 21 7
301789741 7 1
301789740 4 0
301789737 37 15
301789736 8 1
301789735 4 0
301789733 0 0
301789730 13 20
301789727 3 1
301789724 0 1
301789722 31 0
301789721 6 1
301789719 12 0
301789718 24 24
301789714 2 0
301789711 9 2
301789708 7 0
301789706 30 7
301789705 0 0
301789704 0 0
301789701 0 0
301789699 1 3
301789698 9 0
301789689 2 0
301789686 2 1
301789685 15 0
301789683 12 1
301789681 17 0
301789679 17 0
301789676 11 0
301789671 9 0
301789670 0 1
301789663 16 0
301789662 1 0
301789655 2 0
301789654 2 0
301789652 0 0
301789651 5 2
301789649 10 0
301789648 15 0
301789646 16 3
301789641 12 0
301789639 26 2
301789638 5 8
301789636 3 0
301789630 0 1
301789628 44 3
301789626 3 45
301789625 7 61
301789623 4 70
301789621 12 0
301789618 0 0
301789616 11 1
301789613 13 0
301789611 2 0
301789610 1 2
301789608 3 2
301789607 20 0
301789606 10 1
301789605 23 0
301789604 310 2
301789602 22 4
301789597 15 3
301789591 7 4
301789589 0 0
301789582 190 1
301789580 10 0
301789579 12 7
301789578 8 0
301789575 14 0
301789569 2 0
301789567 10 2
301789566 0 0
301789565 0 0
301789563 9 0
301789562 7 0
301789561 0 4
301789557 0 0
301789556 2 0
301789555 11 0
301789554 0 0
301789552 9 3
301789551 17 0
301789548 0 1
301789546 3 6
301789544 1 0
301789543 1 0
301789541 28 5
301789540 6 0
301789539 0 0
301789537 15 0
301789535 8 0
301789532 7 0
301789531 14 0
301789526 5 0
301789524 6 0
301789523 1 1
301789522 1 3
301789511 17 0
301789510 2 0
301789508 1 0
301789505 6 70
301789498 0 0
301789491 0 0
301789490 0 1
301789488 0 1
301789487 0 1
301789482 1 0
301789479 11 1
301789477 0 0
301789476 0 0
301789474 16 0
301789471 15 0
301789469 12 0
301789468 19 0
301789462 20 0
301789461 16 1
301789457 8 8
301789456 6 0
301789455 3 0
301789453 11 0
301789451 0 0
301789449 8 0
301789446 1 0
301789443 0 0
301789442 15 0
301789441 5 0
301789440 15 0
301789438 4 1
301789437 5 0
301789436 1 0
301789433 6 0
301789431 25 11
301789430 11 0
301789429 55 5
301789427 5 0
301789426 18 4
301789425 30 13
301789421 1 0
301789419 28 2
301789414 0 0
301789412 5 4
301789411 11 0
301789408 10 0
301789402 17 1
301789400 1 0
301789396 0 1
301789394 0 2
301789392 3 0
301789373 2 0
301789372 8 0
301789371 12 1
301789369 7 1
301789364 14 1
301789362 0 0
301789359 10 0
301789358 28 4
301789354 26 6
301789350 1 0
301789347 5 0
301789344 10 0
301789341 8 0
301789325 2 6
301789312 10 2
301789301 11 2
301789296 6 0
301789295 8 1
301789291 7 8
301789285 1 0
301789278 3 0
301789276 4 0
301789272 3 1
301789269 13 0
301789268 12 1
301789267 5 0
301789257 12 2
301789251 5 1
301789247 13 1
301789215 4 3
301789214 16 3
301789206 12 0
301789194 0 1
301789193 1 1
301789185 0 2
301789178 5 2
301789177 19 1
301789171 1 1
301789167 4 5
301789165 0 3
301789154 30 13
301789151 14 1
301789145 27 1
301789136 1 0
301789129 10 0
301789124 1 0
301789121 7 1
301789114 10 0
301789113 50 8
301789101 1 0
301789096 53 2
301789080 1 1
301789063 0 1
301789043 15 2
301789033 1 1
301789032 9 1
301789027 9 7
301789022 0 1
301789020 0 0
301789019 10 1
301789017 6 1
301789016 0 0
301789014 11 2
301789013 16 0
301789011 4 0
301789009 7 0
301789007 7 0
301789003 3 0
301789000 9 2
301788996 714 4
301788993 18 0
301788986 0 6
301788983 10 0
301788982 19 0
301788980 0 1
301788977 5 0
301788975 2 35
301788974 2 0
301788972 7 0
301788963 5 0
301788960 4 0
301788958 8 86
301788953 24 5
301788951 1 0
301788949 3 0
301788938 644 9
301788934 6 0
301788932 10 3
301788926 2 0
301788916 41 0
301788911 44 7
301788903 12 1
301788902 13 0
301788901 15 0
301788896 0 0
301788893 2 1
301788888 6 3
301788885 6 2
301788876 15 1
301788874 4 1
301788873 0 1
301788869 26 1
301788864 2 26
301788863 0 1
301788861 3 28
301788859 5 1
301788856 0 8
301788853 0 1
301788837 10 4
301788835 3 79
301788825 0 8
301788823 5 6
301788820 2 3
301788815 23 0
301788813 0 3
301788810 12 37
301788806 34 4
301788802 3 0
301788795 15 0
301788793 13 0
301788791 23 1
301788790 4 1
301788788 0 2
301788787 15 1
301788784 15 1
301788783 8 2
301788782 25 6
301788781 3 1
301788779 7 1
301788778 5 1
301788777 12 1
301788775 3 1
301788774 20 1
301788767 31 2
301788764 4 2
301788762 4 1
301788761 7 3
301788758 6 1
301788757 5 3
301788756 2 2
301788755 6 1
301788747 25 9
301788746 4 2
301788744 27 8
301788737 6 1
301788732 4 1
301788727 14 1
301788720 5 1
301788719 0 1
301788718 6 2
301788716 6 1
301788713 4 1
301788712 26 7
301788709 2 1
301788708 17 1
301788707 27 12
301788706 7 9
301788705 902 8
301788702 5 53
301788701 13 1
301788700 1 1
301788699 2 2
301788695 3 1
301788691 7 1
301788690 5 1
301788685 5 1
301788684 427 6
301788681 17 2
301788678 3 1
301788677 4 15
301788674 6 3
301788673 0 1
301788669 25 5
301788667 18 0
301788665 19 3
301788659 17 0
301788654 8 1
301788653 5 0
301788646 10 0
301788636 1 6
301788632 44 9
301788630 1 0
301788627 4 3
301788621 5 0
301788620 19 1
301788609 2 0
301788607 14 7
301788605 17 1
301788603 16 2
301788598 27 10
301788590 11 1
301788587 6 0
301788586 11 1
301788579 8 0
301788578 13 0
301788577 1 0
301788573 10 1
301788571 809 8
301788568 1 0
301788567 0 0
301788566 9 0
301788564 0 0
301788560 1 0
301788556 0 0
301788550 11 1
301788547 1 0
301788544 24 2
301788542 20 0
301788541 5 0
301788539 15 0
301788538 1 0
301788533 10 2
301788532 10 4
301788527 5 0
301788526 6 1
301788521 0 0
301788520 6 0
301788514 17 2
301788513 9 1
301788512 15 0
301788511 31 8
301788510 10 5
301788508 5 0
301788506 0 0
301788503 5 0
301788495 0 0
301788492 18 0
301788490 9 1
301788489 10 1
301788478 4 17
301788475 13 1
301788473 1 0
301788464 9 0
301788462 1 0
301788461 6 1
301788452 13 1
301788449 21 0
301788448 8 0
301788447 3 0
301788446 3 0
301788440 1 0
301788436 11 0
301788435 4 0
301788433 1 0
301788432 2 1
301788431 1 0
301788427 7 0
301788424 22 2
301788422 17 2
301788420 1 72
301788418 11 1
301788414 13 0
301788412 1 0
301788411 16 0
301788409 1 6
301788408 0 0
301788406 20 1
301788405 47 9
301788401 0 1
301788400 3 0
301788398 12 0
301788396 0 1
301788394 19 6
301788392 0 1
301788391 13 1
301788390 0 1
301788389 41 4
301788387 1 0
301788386 0 0
301788383 38 3
301788380 3 2
301788379 20 0
301788378 2 0
301788377 252 4
301788376 4 2
301788374 3 0
301788373 1 0
301788367 22 3
301788363 1 0
301788359 4 0
301788358 8 21
301788352 6 1
301788350 0 1
301788346 13 0
301788345 0 0
301788341 8 2
301788339 13 2
301788337 15 0
301788332 6 6
301788331 12 0
301788330 1 0
301788325 6 0
301788324 19 1
301788321 2 0
301788319 5 0
301788306 8 1
301788304 2 0
301788303 3 1
301788302 6 6
301788296 2 0
301788293 11 0
301788291 19 3
301788288 16 1
301788287 11 0
301788286 9 0
301788285 6 0
301788280 2 0
301788279 14 0
301788275 9 0
301788274 26 0
301788273 12 1
301788270 8 0
301788268 7 0
301788265 14 0
301788264 17 7
301788261 6 0
301788260 0 1
301788251 16 2
301788249 11 2
301788248 18 0
301788246 6 52
301788241 4 56
301788237 28 3
301788235 2 0
301788234 16 2
301788232 15 2
301788231 10 0
301788224 12 2
301788223 13 0
301788220 2 0
301788218 4 0
301788217 5 4
301788216 3 0
301788214 32 3
301788211 27 0
301788209 7 0
301788205 9 0
301788203 2 0
301788200 0 0
301788199 11 1
301788198 0 0
301788197 7 1
301788196 3 52
301788193 12 0
301788192 14 0
301788183 28 2
301788179 23 2
301788176 0 4
301788174 8 0
301788172 3 0
301788171 0 7
301788170 0 0
301788167 2 0
301788165 0 0
301788163 18 0
301788162 3 0
301788161 54 6
301788159 5 0
301788158 6 0
301788152 9 1
301788151 9 2
301788145 1 0
301788139 2 0
301788137 11 0
301788136 15 3
301788135 21 14
301788134 9 0
301788133 2 0
301788132 18 1
301788130 8 3
301788124 8 0
301788123 15 1
301788122 1 0
301788120 16 0
301788116 0 0
301788115 36 10
301788114 14 0
301788113 17 4
301788105 12 0
301788102 10 0
301788101 8 0
301788099 0 0
301788094 2 0
301788091 35 3
301788089 0 0
301788086 15 4
301788085 3 0
301788083 4 1
301788082 10 2
301788081 1 0
301788080 5 0
301788077 12 0
301788074 8 0
301788073 12 1
301788072 9 1
301788071 5 0
301788069 4 0
301788068 1 0
301788066 1 0
301788064 5 0
301788063 7 0
301788061 6 1
301788057 3 0
301788056 10 1
301788055 3 0
301788054 1 0
301788053 4 0
301788047 2 0
301788046 3 0
301788042 14 2
301788040 1 0
301788039 7 1
301788035 4 0
301788032 14 0
301788020 4 0
301788015 13 0
301788013 9 14
301788011 20 0
301788007 3 0
301788006 6 0
301788005 6 0
301788002 3 1
301787995 24 3
301787991 2 0
301787988 6 0
301787986 0 0
301787985 10 0
301787983 10 0
301787981 7 0
301787980 9 0
301787979 1 0
301787976 23 15
301787969 1 0
301787968 5 0
301787967 14 0
301787964 14 1
301787963 6 0
301787962 24 3
301787958 19 8
301787957 8 0
301787955 3 0
301787951 3 0
301787950 9 0
301787946 9 75
301787945 11 0
301787939 2 0
301787938 0 0
301787935 3 0
301787933 0 0
301787931 0 0
301787926 5 0
301787924 11 1
301787923 0 0
301787922 21 0
301787919 1 0
301787918 5 0
301787916 3 26
301787915 6 0
301787910 17 0
301787909 6 33
301787907 1 0
301787900 43 1
301787897 12 0
301787896 8 0
301787893 10 0
301787891 12 0
301787888 12 0
301787886 5 0
301787877 2 0
301787874 3 0
301787873 4 0
301787870 16 0
301787867 5 3
301787860 5 0
301787858 3 25
301787853 9 0
301787852 1 0
301787847 7 0
301787845 2 0
301787844 8 0
301787842 0 11
301787841 7 0
301787840 2 0
301787839 5 0
301787838 15 0
301787837 37 6
301787836 7 20
301787828 7 1
301787827 4 0
301787825 4 0
301787822 2 0
301787821 23 0
301787819 0 0
301787817 4 0
301787814 9 0
301787811 3 0
301787809 3 1
301787805 15 0
301787803 1 0
301787802 36 2
301787800 0 0
301787798 19 9
301787797 6 0
301787796 2 0
301787795 1 0
301787792 9 0
301787791 12 0
301787788 12 0
301787785 1 0
301787783 2 5
301787781 1 0
301787775 23 1
301787772 1 0
301787771 0 0
301787769 17 1
301787766 1 0
301787762 0 0
301787760 70 3
301787758 2 0
301787755 0 0
301787754 29 0
301787751 14 0
301787745 6 0
301787743 15 0
301787741 2 0
301787737 8 0
301787735 0 3
301787733 0 2
301787732 23 0
301787729 6 0
301787725 44 2
301787724 27 4
301787719 0 0
301787718 0 1
301787717 9 49
301787715 5 0
301787712 5 0
301787711 3 0
301787710 0 0
301787707 1 0
301787705 2 66
301787703 1 0
301787701 15 0
301787698 14 0
301787697 8 13
301787695 25 1
301787694 11 0
301787693 21 32
301787689 7 0
301787688 3 79
301787687 16 0
301787683 1 0
301787682 0 3
301787681 0 2
301787679 3 0
301787677 22 0
301787675 2 0
301787673 1 0
301787671 15 35
301787669 6 3
301787667 2 0
301787664 5 0
301787662 2 1
301787652 19 0
301787651 20 5
301787649 15 1
301787646 0 0
301787644 24 1
301787643 31 1
301787642 12 0
301787631 1 0
301787628 5 0
301787627 3 0
301787623 47 4
301787621 6 0
301787620 29 2
301787618 7 1
301787612 8 3
301787611 7 0
301787610 1 0
301787609 4 0
301787608 14 1
301787607 2 0
301787606 5 68
301787604 0 0
301787601 4 0
301787599 2 0
301787595 18 1
301787590 21 0
301787588 2 16
301787586 4 0
301787585 7 0
301787584 21 0
301787577 23 1
301787572 5 0
301787570 0 1
301787568 14 0
301787562 3 0
301787557 26 1
301787554 25 1
301787550 9 0
301787549 1 0
301787547 4 0
301787544 1 0
301787540 10 1
301787536 4 0
301787535 4 0
301787531 4 0
301787530 7 0
301787527 0 0
301787525 5 0
301787522 0 0
301787521 1 0
301787519 15 0
301787517 954 12
301787516 8 1
301787510 6 0
301787509 19 1
301787508 0 0
301787505 25 0
301787501 7 0
301787500 5 0
301787498 13 0
301787497 0 1
301787494 21 0
301787493 11 73
301787487 7 0
301787484 4 0
301787482 13 0
301787480 6 0
301787478 2 0
301787477 23 2
301787474 1 2
301787469 5 0
301787468 204 3
301787460 0 7
301787459 19 1
301787456 30 21
301787453 16 1
301787452 10 0
301787451 4 0
301787442 36 1
301787441 6 0
301787440 4 0
301787439 10 1
301787438 5 0
301787437 10 0
301787433 12 2
301787432 7 0
301787424 23 1
301787420 5 0
301787419 9 0
301787418 7 1
301787412 1474 7
301787411 8 0
301787409 22 0
301787402 6 17
301787401 12 0
301787399 5 0
301787398 7 1
301787395 583 4
301787394 15 1
301787388 7 0
301787386 27 2
301787384 29 1
301787383 13 1
301787378 9 0
301787377 7 2
301787373 28 3
301787359 14 0
301787356 4 0
301787355 5 19
301787354 9 1
301787353 14 0
301787351 0 6
301787345 11 0
301787343 0 2
301787335 5 0
301787332 9 1
301787331 12 1
301787330 12 2
301787326 0 0
301787323 3 1
301787320 1 1
301787316 0 3
301787313 36 5
301787312 1 0
301787306 5 0
301787302 4 0
301787301 0 1
301787297 0 1
301787296 0 1
301787295 0 3
301787294 1 1
301787293 4 1
301787292 0 1
301787290 42 8
301787288 0 0
301787287 339 9
301787286 12 1
301787284 8 2
301787283 12 5
301787281 1 0
301787280 0 2
301787278 23 21
301787277 0 0
301787271 12 0
301787270 45 3
301787269 0 0
301787268 12 2
301787265 25 0
301787264 2 0
301787260 0 1
301787259 0 0
301787257 2 0
301787254 8 0
301787251 16 1
301787243 22 21
301787241 0 0
301787238 3 0
301787237 13 1
301787236 19 3
301787235 15 1
301787234 18 0
301787233 383 3
301787231 2 0
301787227 3 0
301787225 11 0
301787224 10 2
301787221 3 0
301787220 27 5
301787215 2 8
301787214 0 0
301787213 7 0
301787212 0 0
301787210 6 0
301787209 0 0
301787205 2 8
301787204 1 8
301787203 3 0
301787202 8 9
301787201 25 17
301787200 10 0
301787197 16 1
301787195 4 1
301787194 41 3
301787191 14 1
301787190 9 2
301787188 7 0
301787184 0 1
301787183 5 0
301787182 19 3
301787179 12 1
301787178 1 1
301787176 18 1
301787172 6 1
301787169 9 2
301787167 4 1
301787166 0 1
301787165 3 2
301787163 9 1
301787158 13 1
301787157 0 1
301787155 1 0
301787144 3 0
301787133 16 2
301787129 22 1
301787122 4 1
301787120 8 1
301787115 8 1
301787113 0 2
301787107 3 5
301787104 7 15
301787101 0 1
301787096 0 1
301787093 2 1
301787092 13 1
301787087 3 1
301787086 10 1
301787083 16 1
301787078 4 4
301787068 12 1
301787067 5 2
301787065 10 12
301787063 0 3
301787057 0 3
301787056 8 3
301787053 4 0
301787051 11 0
301787050 1263 10
301787045 11 0
301787042 26 8
301787039 0 0
301787036 2 0
301787035 16 0
301787034 6 5
301787033 4 2
301787032 0 0
301787029 7 0
301787028 0 1
301787024 1 0
301787023 8 0
301787022 18 18
301787020 11 0
301787019 4 3
301787018 12 0
301787014 1 35
301787012 6 27
301787011 4 0
301787009 1 0
301787005 6 0
301787003 3 0
301787002 0 0
301787001 1 0
301787000 7 1
301786998 12 0
301786997 0 0
301786995 5 0
301786994 2 0
301786991 1 0
301786990 4 0
301786989 8 0
301786987 465 3
301786985 2 0
301786983 11 0
301786982 2 0
301786978 3 0
301786976 8 0
301786974 8 0
301786971 5 2
301786970 5 0
301786962 10 0
301786961 6 1
301786960 0 0
301786959 0 0
301786955 6 0
301786954 5 1
301786951 40 6
301786950 5 0
301786949 11 1
301786947 11 0
301786946 4 0
301786945 6 0
301786943 4 0
301786941 6 0
301786940 1 23
301786936 8 0
301786934 16 0
301786933 0 0
301786931 0 0
301786929 0 0
301786928 6 0
301786926 7 0
301786925 13 0
301786924 5 0
301786922 1 0
301786920 5 0
301786917 9 0
301786912 6 0
301786910 12 0
301786908 2 0
301786907 8 0
301786906 7 0
301786901 8 2
301786899 2 1
301786898 3 0
301786894 11 0
301786892 0 2
301786888 8 0
301786887 9 0
301786885 7 0
301786883 12 0
301786882 9 0
301786881 13 0
301786880 1 0
301786878 7 0
301786874 511 4
301786869 525 1
301786867 5 0
301786864 24 0
301786862 11 0
301786861 18 24
301786860 16 0
301786858 9 1
301786856 4 1
301786851 2 0
301786849 748 8
301786845 12 0
301786843 6 0
301786834 497 6
301786832 3 0
301786829 6 0
301786826 3 1
301786825 17 0
301786821 2 0
301786819 13 0
301786817 26 11
301786812 8 0
301786811 7 0
301786808 1 0
301786806 1 0
301786803 34 0
301786802 5 0
301786801 1196 8
301786797 18 0
301786787 8 1
301786780 8 0
301786779 0 0
301786776 2 0
301786774 1 0
301786773 3 0
301786772 8 0
301786770 8 0
301786769 0 1
301786768 6 0
301786767 3 6
301786766 690 13
301786761 5 40
301786753 1 0
301786749 0 0
301786748 7 0
301786747 6 1
301786746 836 7
301786742 8 0
301786737 7 0
301786736 36 2
301786733 1 0
301786729 3 0
301786725 9 0
301786714 6 0
301786712 15 0
301786703 10 0
301786698 8 0
301786693 5 0
301786689 19 0
301786687 12 0
301786686 7 0
301786685 0 0
301786683 1 0
301786681 7 0
301786679 2 0
301786678 1 0
301786677 7 0
301786675 6 0
301786674 19 11
301786672 30 3
301786668 9 0
301786664 4 0
301786657 3 0
301786655 23 2
301786654 5 0
301786652 3 3
301786640 38 4
301786639 1 0
301786638 2 0
301786636 10 0
301786632 27 0
301786621 1 0
301786620 11 1
301786619 8 0
301786616 0 0
301786615 9 0
301786612 4 0
301786610 7 1
301786609 20 2
301786607 23 2
301786603 8 0
301786601 14 0
301786600 2 0
301786598 12 0
301786594 6 0
301786591 8 0
301786587 1015 58
301786580 9 1
301786579 9 0
301786578 14 1
301786571 10 20
301786570 12 3
301786569 10 1
301786568 2 3
301786567 1 4
301786566 4 0
301786565 20 0
301786563 8 0
301786562 5 48
301786561 728 7
301786557 1 6
301786556 4 2
301786554 5 0
301786553 0 0
301786549 430 2
301786548 471 45
301786542 5 0
301786541 13 0
301786540 12 3
301786537 11 0
301786536 386 2
301786534 10 0
301786531 17 0
301786530 2 1
301786526 11 0
301786525 784 10
301786524 4 0
301786523 5 0
301786522 6 0
301786518 1 0
301786514 11 0
301786512 1 0
301786509 44 3
301786508 5 0
301786505 8 0
301786502 4 0
301786496 2 2
301786492 4 0
301786491 6 0
301786488 8 0
301786487 2 0
301786475 8 0
301786474 14 0
301786473 20 2
301786471 4 0
301786469 12 3
301786468 6 0
301786461 4 0
301786460 7 7
301786458 1 0
301786457 0 0
301786454 3 0
301786453 4 0
301786451 12 0
301786449 8 0
301786448 4 0
301786447 1 0
301786444 11 0
301786439 13 0
301786437 4 0
301786436 5 0
301786435 7 3
301786433 3 0
301786432 10 0
301786430 1 7
301786426 19 0
301786424 14 0
301786420 5 0
301786419 0 0
301786416 6 0
301786414 12 0
301786413 2 0
301786411 0 0
301786409 4 0
301786408 13 0
301786406 12 0
301786403 48 3
301786401 1 0
301786400 6 0
301786399 3 0
301786396 1 6
301786394 42 1
301786393 12 1
301786391 0 2
301786388 5 0
301786384 6 0
301786383 11 0
301786382 25 1
301786381 7 0
301786378 3 0
301786373 8 1
301786368 3 0
301786366 10 0
301786363 8 2
301786360 1 0
301786358 2 0
301786357 1 0
301786351 12 4
301786349 15 0
301786348 0 0
301786347 18 12
301786345 16 0
301786339 2 0
301786337 9 2
301786335 6 0
301786333 7 0
301786332 2 0
301786328 3 0
301786327 0 0
301786324 17 0
301786323 11 0
301786321 13 0
301786319 2 0
301786317 1 0
301786316 16 1
301786314 2 0
301786312 11 1
301786308 3 0
301786305 9 0
301786304 4 0
301786302 8 0
301786300 0 0
301786298 14 1
301786292 3 0
301786291 5 0
301786290 6 0
301786287 7 0
301786286 4 0
301786284 48 4
301786283 18 1
301786282 3 0
301786281 18 0
301786276 4 0
301786272 13 0
301786271 7 3
301786268 13 0
301786267 10 1
301786262 2 19
301786261 1 0
301786259 10 0
301786258 1117 10
301786256 17 0
301786255 26 1
301786251 7 0
301786246 0 7
301786245 5 0
301786244 3 0
301786239 1 0
301786238 0 1
301786236 7 0
301786233 9 38
301786231 1 0
301786230 31 5
301786228 0 0
301786227 2 0
301786226 3 0
301786224 2 0
301786223 12 0
301786222 6 0
301786220 2 0
301786216 2 4
301786215 13 0
301786214 4 14
301786213 2 0
301786212 5 0
301786210 1 0
301786207 3 0
301786206 13 0
301786204 0 0
301786200 6 0
301786199 2 0
301786194 5 0
301786191 46 4
301786189 5 1
301786188 5 0
301786187 3 0
301786185 3 0
301786183 7 0
301786180 6 0
301786179 1 0
301786177 4 0
301786176 6 0
301786171 5 0
301786170 11 0
301786169 3 0
301786167 14 0
301786164 1 0
301786162 3 1
301786155 7 1
301786150 7 0
301786148 15 1
301786147 7 0
301786146 4 0
301786144 21 1
301786141 10 0
301786138 0 2
301786136 15 0
301786135 7 0
301786134 3 0
301786133 23 0
301786131 376 47
301786126 15 0
301786123 0 0
301786122 2 7
301786120 5 0
301786117 14 0
301786115 6 0
301786114 1 66
301786112 18 0
301786108 6 0
301786107 23 1
301786105 5 0
301786098 3 14
301786096 2 0
301786095 329 35
301786093 15 0
301786092 9 0
301786088 4 0
301786086 2 0
301786083 2 0
301786082 13 0
301786080 9 4
301786079 4 0
301786077 0 2
301786076 12 0
301786073 5 0
301786071 1 0
301786069 15 0
301786068 5 0
301786064 6 1
301786060 10 0
301786059 6 14
301786058 1 0
301786056 0 0
301786053 4 0
301786052 0 0
301786051 16 2
301786050 6 0
301786049 10 0
301786048 4 0
301786045 13 0
301786041 1 0
301786039 9 0
301786038 3 0
301786037 10 0
301786034 1 0
301786030 6 1
301786025 1 0
301786022 2 0
301786017 0 11
301786016 0 0
301786015 10 0
301786014 0 0
301786013 13 0
301786008 28 2
301786007 5 0
301786006 0 0
301786001 1 0
301785998 11 1
301785996 4 1
301785987 4 1
301785985 0 1
301785981 0 2
301785980 5 1
301785971 0 0
301785969 7 0
301785965 2 0
301785962 1 0
301785960 16 0
301785957 10 0
301785955 12 0
301785952 1 0
301785951 0 0
301785950 539 5
301785943 7 0
301785942 1 0
301785941 8 1
301785940 7 0
301785939 6 0
301785935 2 1
301785934 2 0
301785933 12 0
301785932 9 0
301785930 0 2
301785928 1 0
301785924 2 0
301785922 4 0
301785921 0 0
301785917 0 0
301785915 0 0
301785910 0 0
301785909 1 0
301785908 0 0
301785906 1 0
301785904 0 1
301785899 0 1
301785891 7 0
301785890 5 0
301785889 2 0
301785886 0 0
301785883 6 0
301785879 4 0
301785873 1 0
301785869 4 0
301785861 4 0
301785853 6 0
301785852 18 0
301785850 9 0
301785848 1 2
301785844 4 1
301785838 1 0
301785834 2 0
301785833 0 0
301785831 2 0
301785827 0 0
301785824 4 3
301785818 18 0
301785817 2 3
301785814 11 0
301785810 3 14
301785807 2 0
301785805 10 0
301785803 11 0
301785800 0 0
301785798 17 0
301785791 1 0
301785790 0 0
301785789 3 0
301785788 4 1
301785785 11 0
301785784 6 0
301785783 3 0
301785780 2 1
301785779 17 13
301785778 1 0
301785777 0 0
301785776 3 0
301785774 4 1
301785769 2 0
301785768 4 0
301785764 4 32
301785756 11 1
301785754 3 20
301785752 12 0
301785742 2 13
301785726 11 0
301785724 1 0
301785723 10 0
301785719 4 0
301785718 8 0
301785710 3 0
301785697 7 0
301785696 15 0
301785695 0 0
301785690 0 2
301785688 1 22
301785687 2 0
301785683 0 0
301785682 5 0
301785678 21 0
301785677 0 0
301785675 384 55
301785674 1 0
301785668 1 0
301785666 6 0
301785664 8 0
301785659 13 0
301785656 18 8
301785649 10 0
301785646 9 0
301785645 45 5
301785638 9 0
301785633 9 0
301785631 2 0
301785629 5 8
301785624 6 0
301785621 5 31
301785620 1 0
301785619 1 0
301785614 4 0
301785609 12 0
301785608 13 0
301785603 0 0
301785593 4 0
301785587 12 0
301785586 13 10
301785584 2 0
301785579 10 11
301785570 5 0
301785563 1 0
301785562 9 0
301785561 17 0
301785557 2 0
301785556 0 1
301785555 2 0
301785552 4 0
301785548 5 1
301785547 9 0
301785545 0 0
301785540 1 0
301785538 5 1
301785535 7 40
301785526 7 0
301785525 1 0
301785521 49 8
301785516 0 0
301785508 7 0
301785506 0 1
301785505 2 0
301785497 6 31
301785496 4 0
301785477 4 0
301785474 10 0
301785468 0 0
301785464 0 0
301785463 1 0
301785460 4 0
301785449 1 1
301785447 1 0
301785445 1 1
301785443 2 5
301785442 1 1
301785433 3 0
301785429 8 0
301785427 6 0
301785425 4 0
301785424 2 0
301785423 1 0
301785421 0 0
301785420 5 6
301785415 0 0
301785412 0 0
301785411 15 0
301785410 10 1
301785409 0 0
301785408 24 3
301785405 907 5
301785402 13 0
301785400 10 1
301785399 0 0
301785398 1 0
301785397 9 0
301785393 0 0
301785389 4 0
301785387 3 1
301785383 1 0
301785382 6 5
301785378 10 1
301785375 4 0
301785374 0 0
301785372 5 0
301785371 631 8
301785368 10 0
301785364 12 0
301785360 3 0
301785358 4 0
301785356 0 0
301785355 12 0
301785350 1 0
301785347 0 2
301785346 12 0
301785344 2 0
301785338 7 0
301785337 2 0
301785335 13 0
301785333 2 0
301785326 1 0
301785325 0 2
301785323 3 0
301785320 7 0
301785316 0 0
301785315 0 0
301785314 9 0
301785313 2 1
301785312 1 0
301785306 4 4
301785305 6 0
301785302 0 0
301785298 4 0
301785297 0 0
301785295 11 0
301785292 0 0
301785289 731 32
301785288 0 0
301785287 15 0
301785285 16 0
301785283 26 1
301785282 0 0
301785278 0 0
301785277 0 0
301785273 1 1
301785272 0 0
301785271 29 15
301785266 1 0
301785265 0 0
301785264 1 0
301785253 1 0
301785251 1 0
301785247 0 0
301785245 0 0
301785243 7 1
301785242 18 0
301785240 1 0
301785239 7 0
301785235 1 0
301785233 9 0
301785229 2 0
301785228 12 0
301785224 4 8
301785218 11 1
301785217 2 9
301785214 853 11
301785213 11 0
301785209 34 14
301785207 11 0
301785202 1 0
301785199 861 7
301785193 1 1
301785186 6 0
301785182 5 2
301785180 1 0
301785176 1 0
301785175 1 0
301785174 9 0
301785172 2 0
301785171 0 0
301785169 3 0
301785167 1 0
301785166 0 0
301785165 0 0
301785162 0 0
301785161 6 8
301785160 8 0
301785159 9 0
301785158 1 0
301785155 8 0
301785154 3 0
301785142 1 0
301785141 0 0
301785136 5 0
301785133 6 0
301785132 4 0
301785126 6 0
301785125 6 2
301785124 0 0
301785123 0 0
301785121 8 0
301785120 10 0
301785119 0 0
301785118 4 2
301785117 3 0
301785115 6 0
301785113 0 0
301785100 5 0
301785097 1 0
301785093 5 0
301785091 0 1
301785086 8 3
301785084 2 0
301785078 29 0
301785076 0 0
301785064 4 0
301785063 8 0
301785060 7 0
301785054 1 7
301785046 18 0
301785043 10 0
301785039 3 0
301785029 3 0
301785027 3 19
301785024 12 2
301785022 5 0
301785020 10 0
301785009 7 0
301785008 5 0
301785006 2 0
301785003 6 0
301785002 9 0
301785001 0 0
301784992 6 0
301784990 2 7
301784987 6 2
301784984 0 1
301784983 1 6
301784980 9 0
301784976 8 0
301784975 7 0
301784973 4 0
301784968 21 9
301784965 11 3
301784964 7 0
301784963 2 8
301784962 0 1
301784958 5 0
301784957 1 0
301784946 6 0
301784943 3 0
301784942 1 0
301784941 3 0
301784939 3 0
301784933 5 0
301784926 5 1
301784924 6 0
301784916 1 0
301784915 27 1
301784914 0 0
301784909 11 0
301784908 5 0
301784905 3 0
301784904 17 0
301784903 11 0
301784901 2 0
301784900 1 7
301784896 2 0
301784894 20 0
301784891 3 0
301784881 11 1
301784879 1 0
301784878 7 0
301784876 5 0
301784872 0 7
301784868 2 0
301784866 2 0
301784864 3 0
301784861 0 0
301784859 19 2
301784858 5 0
301784851 2 0
301784848 7 0
301784836 3 3
301784834 0 1
301784832 2 0
301784831 0 20
301784830 9 0
301784825 17 0
301784824 1 0
301784823 1 1
301784822 0 0
301784821 0 8
301784820 8 8
301784818 9 3
301784814 901 32
301784801 6 0
301784800 0 0
301784793 0 0
301784791 0 0
301784790 0 0
301784787 2 0
301784784 0 0
301784783 9 1
301784782 5 0
301784778 4 0
301784777 25 0
301784770 6 0
301784765 0 0
301784764 22 0
301784760 6 0
301784756 8 0
301784755 0 0
301784754 9 0
301784752 6 0
301784751 4 0
301784748 3 0
301784742 8 2
301784739 1 2
301784736 9 3
301784733 2 2
301784732 2135 12
301784728 5 1
301784726 2 1
301784722 4 0
301784721 5 3
301784719 6 1
301784718 0 0
301784713 5 3
301784710 4 23
301784708 9 1
301784706 6 1
301784697 6 0
301784691 1 0
301784689 0 0
301784688 2 0
301784685 0 0
301784683 0 0
301784680 489 18
301784672 8 4
301784666 24 0
301784665 10 1
301784659 7 0
301784658 0 0
301784654 8 1
301784651 5 0
301784641 8 1
301784639 4 2
301784630 6 0
301784628 5 0
301784625 6 0
301784618 1 0
301784615 4 1
301784610 1418 7
301784608 0 0
301784606 6 0
301784605 5 0
301784601 8 0
301784600 2 2
301784594 20 0
301784592 5 0
301784591 4 2
301784584 16 1
301784583 5 0
301784582 0 0
301784575 983 7
301784574 0 0
301784570 2 31
301784566 8 1
301784559 737 7
301784558 7 0
301784557 4 1
301784555 939 10
301784552 6 0
301784549 1 0
301784543 8 0
301784542 7 0
301784539 8 0
301784520 947 10
301784519 6 0
301784514 13 0
301784512 0 1
301784510 7 1
301784508 855 4
301784507 9 0
301784502 7 1
301784501 0 1
301784498 4 0
301784497 7 0
301784493 6 0
301784492 5 0
301784491 4 0
301784490 7 1
301784489 9 0
301784488 8 0
301784484 10 0
301784483 0 5
301784481 9 0
301784477 0 0
301784470 5 0
301784469 3 36
301784468 15 1
301784467 12 3
301784465 11 0
301784463 5 0
301784459 0 0
301784456 5 0
301784452 6 0
301784448 6 0
301784447 2 0
301784446 10 0
301784445 1 1
301784444 6 2
301784440 10 0
301784439 1055 9
301784438 2 0
301784437 7 0
301784433 5 0
301784430 1 0
301784428 9 0
301784424 0 0
301784415 3 0
301784413 9 0
301784411 3 0
301784408 2 0
301784407 0 0
301784405 0 1
301784403 0 0
301784396 6 0
301784394 8 0
301784393 6 0
301784392 801 5
301784383 5 0
301784379 4 1
301784376 2 39
301784375 11 0
301784374 3 0
301784372 8 0
301784371 1 0
301784366 7 0
301784364 0 0
301784362 2 0
301784361 0 0
301784360 6 0
301784359 0 0
301784358 0 0
301784357 0 0
301784356 6 0
301784355 4 0
301784352 5 0
301784349 6 1
301784346 1 0
301784344 4 0
301784343 26 0
301784342 2 0
301784340 11 1
301784339 8 0
301784334 2 0
301784331 6 0
301784330 4 0
301784327 3 0
301784321 4 0
301784315 9 0
301784305 806 12
301784304 0 1
301784299 7 0
301784298 4 0
301784296 5 0
301784292 7 0
301784291 2 0
301784290 2 0
301784288 1029 45
301784287 3 0
301784285 7 0
301784283 0 0
301784277 4 0
301784274 4 1
301784269 8 0
301784268 9 1
301784267 12 0
301784265 2 0
301784264 14 0
301784262 11 0
301784259 18 0
301784258 2 1
301784254 4 24
301784252 6 0
301784251 1 0
301784250 0 0
301784249 0 0
301784248 1 0
301784247 6 0
301784245 9 0
301784244 1 0
301784241 0 0
301784238 5 0
301784237 18 0
301784235 0 0
301784234 0 0
301784233 6 0
301784229 2 4
301784222 22 1
301784221 1 0
301784217 4 30
301784213 8 0
301784211 3 0
301784210 5 0
301784207 6 0
301784203 0 0
301784202 6 0
301784201 0 0
301784196 3 0
301784194 5 0
301784193 12 0
301784192 0 0
301784190 2 0
301784189 6 0
301784188 8 1
301784182 3 7
301784180 1 0
301784176 24 0
301784175 6 0
301784165 6 0
301784164 9 0
301784163 476 4
301784162 4 0
301784160 9 0
301784153 5 0
301784152 2 0
301784146 4 35
301784145 0 0
301784144 6 0
301784142 4 0
301784140 1 0
301784139 1 0
301784138 12 0
301784137 1 0
301784136 1 0
301784135 6 0
301784129 7 0
301784124 981 7
301784121 1 0
301784119 9 0
301784114 1 0
301784111 0 0
301784109 9 0
301784108 1 0
301784106 5 0
301784105 2 0
301784104 2 0
301784103 18 5
301784102 1 0
301784099 0 0
301784098 0 0
301784096 4 0
301784095 1 1
301784094 9 0
301784091 2 0
301784090 0 0
301784087 6 0
301784085 8 2
301784083 2 18
301784082 8 0
301784078 4 0
301784077 5 0
301784076 3 0
301784075 6 0
301784073 5 0
301784071 3 0
301784070 5 0
301784068 0 1
301784060 4 0
301784057 1727 20
301784052 0 0
301784051 1 0
301784049 3 0
301784048 10 0
301784044 0 0
301784041 0 2
301784039 5 0
301784037 2 0
301784036 1 0
301784035 1 0
301784033 0 0
301784028 1 0
301784027 0 0
301784025 0 0
301784024 5 0
301784020 7 0
301784019 4 0
301784016 2 0
301784013 5 0
301784001 3 38
301783999 5 2
301783998 1 0
301783994 6 0
301783993 2 4
301783990 5 0
301783988 4 0
301783987 4 0
301783986 1 0
301783985 3 0
301783984 2 0
301783981 6 0
301783978 3 0
301783977 3 0
301783976 7 0
301783974 9 0
301783966 1 0
301783963 4 0
301783961 10 0
301783960 1042 14
301783959 7 0
301783958 2 0
301783955 5 0
301783954 11 0
301783952 1 1
301783950 6 2
301783949 2 0
301783946 1395 49
301783937 2 0
301783933 1 0
301783932 16 0
301783931 1 0
301783925 14 0
301783922 2 0
301783921 3 0
301783920 3 0
301783918 3 0
301783916 0 3
301783914 10 0
301783912 8 0
301783911 2 0
301783909 5 0
301783908 3 1
301783906 6 0
301783899 1 0
301783895 3 8
301783893 6 0
301783888 4 0
301783887 6 0
301783886 0 0
301783882 2 0
301783880 5 1
301783879 1 0
301783878 0 0
301783877 5 0
301783873 4 0
301783872 3 1
301783871 2 1
301783870 5 0
301783868 1 0
301783866 4 0
301783865 5 0
301783860 4 0
301783851 631 66
301783847 0 0
301783846 6 0
301783841 907 5
301783840 0 0
301783839 0 0
301783838 6 0
301783836 8 2
301783835 6 0
301783834 0 0
301783833 2 1
301783832 0 0
301783831 1 1
301783830 2 1
301783828 7 0
301783827 0 0
301783824 3 0
301783820 0 0
301783815 1 0
301783813 8 0
301783812 6 0
301783811 9 0
301783804 12 2
301783803 1 0
301783798 5 0
301783797 0 0
301783795 0 0
301783792 2 0
301783788 0 0
301783784 3 1
301783780 28 11
301783779 0 0
301783778 3 0
301783776 3 0
301783775 0 0
301783774 8 0
301783773 2 0
301783770 2 0
301783768 18 0
301783766 0 0
301783762 1 0
301783759 4 3
301783758 7 0
301783749 2 4
301783742 0 0
301783741 2 0
301783740 13 3
301783738 4 0
301783735 12 2
301783733 4 0
301783730 2 0
301783721 6 0
301783719 0 0
301783713 9 13
301783711 0 0
301783710 8 0
301783705 8 2
301783700 9 0
301783696 7 0
301783694 4 0
301783693 0 0
301783691 7 0
301783689 7 2
301783688 8 0
301783685 0 0
301783683 4 0
301783680 7 0
301783674 1 0
301783673 3 0
301783668 1 0
301783667 4 0
301783663 13 0
301783662 0 8
301783660 9 0
301783657 13 9
301783654 3 0
301783653 2 0
301783652 6 1
301783650 5 0
301783649 4 0
301783648 5 0
301783643 0 0
301783639 0 0
301783635 3 0
301783633 6 0
301783632 7 0
301783631 0 11
301783630 2 1
301783626 1 0
301783625 1 0
301783624 1 0
301783618 10 1
301783611 7 0
301783607 3 0
301783603 7 0
301783602 6 1
301783594 6 0
301783590 6 0
301783587 4 0
301783586 2 0
301783583 0 2
301783581 8 0
301783580 0 0
301783575 2 0
301783573 4 0
301783572 6 1
301783569 0 1
301783564 1 0
301783563 7 1
301783557 1 0
301783556 2 0
301783552 6 0
301783550 1 0
301783549 3 0
301783547 1 15
301783544 0 2
301783542 1 0
301783539 5 1
301783537 1 0
301783534 0 0
301783530 9 1
301783522 3 0
301783521 2 0
301783519 6 0
301783518 4 1
301783514 9 1
301783511 6 1
301783506 0 0
301783503 1 0
301783502 7 0
301783501 1 0
301783500 0 0
301783498 2 1
301783497 0 0
301783496 2 5
301783493 14 0
301783491 11 0
301783488 46 16
301783487 10 0
301783485 2 0
301783483 0 0
301783475 6 0
301783474 1 1
301783465 0 0
301783463 3 0
301783459 3 0
301783458 4 0
301783453 8 0
301783451 13 0
301783449 8 0
301783444 2 0
301783443 8 2
301783441 1 2
301783440 2 0
301783439 6 0
301783428 3 0
301783424 10 0
301783423 0 0
301783422 5 0
301783413 31 3
301783411 1 0
301783409 4 43
301783407 17 0
301783405 2 0
301783402 0 2
301783400 1 0
301783397 5 2
301783395 3 0
301783392 2 0
301783389 4 0
301783386 8 0
301783385 8 0
301783384 5 0
301783376 23 0
301783375 3 0
301783374 13 0
301783371 0 0
301783370 12 0
301783368 4 0
301783367 7 1
301783366 1 0
301783365 0 0
301783353 6 0
301783352 7 0
301783350 5 0
301783349 1 0
301783347 8 0
301783339 2 0
301783338 2 0
301783337 0 1
301783330 2 0
301783324 2 0
301783321 4 1
301783316 1 0
301783315 9 1
301783311 11 1
301783308 2 0
301783305 8 0
301783302 1 0
301783301 1 0
301783300 3 0
301783298 8 0
301783296 8 0
301783292 3 0
301783291 3 0
301783288 0 1
301783276 3 0
301783274 4 0
301783273 0 1
301783270 1 0
301783268 1 0
301783266 2 0
301783265 2 0
301783264 3 0
301783255 2 0
301783253 6 2
301783245 2 0
301783242 5 1
301783239 0 4
301783236 2 0
301783233 2 1
301783232 4 0
301783228 3 0
301783225 0 0
301783224 5 0
301783221 7 0
301783215 3 0
301783214 4 0
301783212 3 0
301783209 0 0
301783207 4 1
301783203 5 0
301783199 737 98
301783198 3 0
301783197 6 1
301783193 4 0
301783191 9 1
301783187 1 0
301783186 5 5
301783185 3 1
301783184 2 0
301783178 2 0
301783171 10 0
301783169 8 0
301783168 1086 99
301783166 5 1
301783165 8 9
301783164 620 9
301783162 6 1
301783161 3 1
301783155 0 0
301783154 9 1
301783153 1 0
301783152 1 0
301783148 0 2
301783146 0 0
301783143 0 0
301783142 5 1
301783141 8 0
301783140 3 0
301783136 11 1
301783132 2 2
301783125 2 2
301783124 1 0
301783123 0 1
301783120 0 1
301783119 5 0
301783115 1 0
301783111 4 0
301783107 0 0
301783106 2 0
301783104 3 0
301783103 4 2
301783098 4 0
301783097 7 0
301783095 9 0
301783094 11 1
301783086 1 1
301783079 2 1
301783075 2 0
301783074 3 4
301783073 0 1
301783071 2 19
301783070 4 1
301783069 3 0
301783067 817 7
301783063 5 1
301783060 4 1
301783059 3 0
301783057 711 9
301783056 6 1
301783054 1 0
301783040 9 9
301783037 748 6
301783033 3 1
301783031 5 0
301783028 7 2
301783027 6 0
301783023 4 0
301783021 7 1
301783015 2 0
301783013 2 0
301783010 6 1
301783009 4 0
301783007 2 0
301783006 0 0
301783003 1 1
301782998 1 0
301782996 6 12
301782995 1 0
301782987 2 1
301782986 2 0
301782984 14 1
301782979 0 0
301782978 10 0
301782967 1 2
301782966 4 1
301782961 0 0
301782958 3 0
301782957 5 1
301782956 1 1
301782950 1 0
301782946 3 1
301782944 1 0
301782942 2 20
301782941 1 0
301782939 6 6
301782935 697 15
301782932 5 0
301782930 4 1
301782929 20 12
301782926 6 1
301782925 7 0
301782923 4 1
301782921 6 0
301782920 1 1
301782904 12 0
301782903 1 0
301782902 0 0
301782897 9 3
301782892 5 0
301782891 1 0
301782885 2 1
301782879 0 0
301782876 1 0
301782873 2 1
301782869 1 0
301782864 0 0
301782862 4 0
301782859 1 0
301782858 1 0
301782857 656 7
301782848 2 30
301782847 0 2
301782845 2 1
301782840 2 0
301782837 4 1
301782836 6 0
301782829 4 0
301782825 2 0
301782819 4 0
301782817 64 51
301782815 7 0
301782814 9 2
301782813 0 0
301782812 3 0
301782810 2 0
301782803 6 0
301782801 19 2
301782798 1 0
301782796 4 0
301782787 4 0
301782786 3 1
301782784 614 30
301782782 3 0
301782778 10 0
301782773 0 1
301782772 5 0
301782770 4 0
301782768 2 1
301782764 2 0
301782760 2 0
301782756 1021 11
301782755 7 0
301782752 7 0
301782744 8 1
301782738 0 0
301782735 0 1
301782730 2 0
301782725 8 0
301782724 5 0
301782722 3 1
301782715 2 0
301782711 10 0
301782707 3 1
301782706 1 1
301782700 13 1
301782699 1 0
301782698 0 0
301782692 5 1
301782689 18 1
301782685 9 2
301782683 2 0
301782680 1422 64
301782677 1 0
301782676 3 0
301782666 8 0
301782660 2 0
301782657 9 0
301782643 1 1
301782641 5 0
301782639 2 0
301782638 2 0
301782630 2 0
301782629 3 1
301782627 21 10
301782624 0 1
301782623 0 0
301782615 0 0
301782610 4 1
301782604 2 0
301782603 0 0
301782592 0 0
301782587 1 0
301782586 5 1
301782577 1 0
301782575 0 0
301782571 0 0
301782570 17 15
301782568 0 0
301782567 1 1
301782566 1 0
301782560 1 0
301782556 1 0
301782549 3 0
301782546 2 0
301782543 1873 46
301782540 2 0
301782538 7 0
301782534 3 0
301782533 5 0
301782532 3 1
301782528 4 0
301782524 5 0
301782520 1 0
301782514 0 1
301782512 9 0
301782509 0 0
301782507 1 0
301782504 9 0
301782500 5861 152
301782494 1 1
301782488 3 0
301782486 3 0
301782478 0 0
301782469 1 0
301782464 1257 20
301782462 12 0
301782458 1 0
301782454 2 0
301782452 3 0
301782451 5 0
301782447 4 0
301782443 1 0
301782442 5 3
301782440 12 1
301782439 1 1
301782436 0 0
301782434 5 1
301782432 1643 75
301782431 3 0
301782430 1 0
301782422 1244 13
301782420 0 0
301782418 10 0
301782409 0 0
301782408 1 0
301782407 1 1
301782406 1 1
301782405 1 0
301782395 9 1
301782392 4 0
301782389 8 2
301782384 2 0
301782383 11 2
301782380 2 0
301782370 17 8
301782368 0 1
301782366 1 0
301782361 2 1
301782360 1 0
301782359 6 0
301782358 15 0
301782355 6 2
301782353 8 0
301782352 1 0
301782351 4 0
301782350 1874 27
301782349 0 0
301782348 1 3
301782345 2 0
301782343 0 1
301782334 9 0
301782329 5 3
301782328 0 0
301782320 0 0
301782317 0 0
301782316 1 0
301782313 2 0
301782311 3 0
301782305 1 0
301782299 0 1
301782298 0 0
301782291 2 0
301782286 3876 96
301782285 1 1
301782284 6 35
301782273 8 1
301782269 0 0
301782262 25 0
301782258 0 1
301782255 2 0
301782251 6 0
301782243 0 0
301782241 1 1
301782239 4 0
301782235 9 1
301782234 1 2
301782231 0 0
301782224 0 0
301782223 2523 53
301782220 0 0
301782215 0 0
301782211 11 0
301782210 1523 17
301782201 0 0
301782200 0 0
301782193 0 1
301782192 7 0
301782191 1 0
301782186 2 0
301782176 3 0
301782175 4 0
301782172 0 0
301782171 1482 5
301782170 24 0
301782169 4 0
301782163 1 0
301782152 12 1
301782147 5 0
301782144 8 0
301782141 0 0
301782137 1 2
301782135 1 0
301782127 1272 20
301782122 0 0
301782121 4 0
301782120 3 0
301782118 0 0
301782117 8 3
301782116 0 0
301782113 7 0
301782109 0 0
301782108 0 0
301782100 1535 11
301782094 0 0
301782093 3 0
301782091 12 0
301782089 9 0
301782082 1 0
301782074 8 0
301782069 6 1
301782067 1225 12
301782064 5 1
301782062 10 0
301782060 884 49
301782054 0 0
301782050 3006 8
301782025 7 1
301782024 7 2
301782022 4 0
301782016 6 0
301782011 12 0
301782003 7 0
301781998 0 2
301781995 0 0
301781984 10 0
301781978 1 1
301781976 1239 19
301781966 3 0
301781965 12 0
301781964 1 1
301781959 9 1
301781958 0 0
301781956 6 0
301781949 6 0
301781944 0 0
301781942 2 1
301781941 6 0
301781938 0 1
301781937 1 2
301781935 1265 37
301781930 2 0
301781924 5051 63
301781919 6 1
301781917 1650 7
301781916 4 2
301781915 2 2
301781912 0 1
301781911 1 0
301781906 703 60
301781905 0 0
301781903 0 0
301781901 1476 19
301781890 7 0
301781885 1 0
301781884 2 0
301781883 1 0
301781882 6 0
301781876 5 0
301781874 2 1
301781867 0 0
301781866 0 0
301781858 4 2
301781854 0 1
301781852 0 0
301781848 4 0
301781846 2 1
301781844 12 0
301781836 1477 11
301781833 2 1
301781832 9 3
301781830 5 5
301781829 1201 6
301781826 3 0
301781825 5 0
301781820 4 1
301781819 7 2
301781817 5 0
301781816 1 0
301781813 3 1
301781812 0 0
301781810 0 0
301781807 1 1
301781804 2 2
301781801 5 2
301781800 0 1
301781795 6 3
301781790 1 1
301781783 3 2
301781782 3 0
301781778 7 1
301781775 2 1
301781767 3 0
301781763 3 1
301781762 1369 14
301781760 0 0
301781759 3 0
301781752 10 0
301781751 2 4
301781749 1475 15
301781747 5 0
301781745 0 3
301781741 0 1
301781740 0 4
301781738 2 2
301781735 4 1
301781733 2 0
301781732 7 0
301781730 2 2
301781729 3 0
301781727 3185 75
301781726 1 3
301781721 0 1
301781718 4 1
301781715 6 0
301781708 2 1
301781706 1 1
301781702 0 1
301781698 0 0
301781697 8 0
301781694 1 1
301781691 8 1
301781690 1 1
301781689 7 0
301781686 6 1
301781685 1 1
301781684 7 1
301781681 1131 3
301781680 0 0
301781677 14 0
301781676 2 0
301781673 4 0
301781662 2 0
301781649 3595 48
301781645 0 0
301781644 2 2
301781633 4 1
301781632 0 0
301781628 2 2
301781626 3 0
301781625 0 1
301781616 0 0
301781615 12 1
301781613 6 1
301781612 5 1
301781611 4 0
301781609 2 1
301781598 1 6
301781595 1 1
301781593 1 0
301781591 4 1
301781588 11 1
301781584 1 1
301781583 6 0
301781581 4 0
301781580 0 1
301781578 1 0
301781577 10 1
301781576 1262 14
301781575 8 0
301781574 0 1
301781573 7 0
301781569 2 0
301781565 0 1
301781563 0 1
301781562 2 0
301781561 1 0
301781559 0 1
301781556 9 0
301781554 0 0
301781550 1992 22
301781549 12 1
301781546 0 0
301781542 3 1
301781536 1 0
301781533 0 1
301781532 7 4
301781530 5 3
301781527 1 1
301781524 7 2
301781523 0 0
301781521 0 0
301781517 6 0
301781516 2 4
301781515 583 14
301781514 2 0
301781508 1 1
301781500 0 0
301781498 1 1
301781496 1 1
301781494 5 1
301781493 1 1
301781491 1 1
301781489 4 0
301781488 1685 21
301781487 9 0
301781484 6 1
301781483 4 1
301781482 1 1
301781478 3 1
301781474 2 2
301781473 0 0
301781471 6 1
301781470 7539 49
301781469 1 2
301781466 0 0
301781465 0 1
301781463 9811 188
301781459 2 3
301781455 2 1
301781454 3 1
301781452 5 1
301781451 4 2
301781450 1091 40
301781449 0 1
301781445 1 0
301781444 12 1
301781442 2 2
301781440 11 1
301781439 2 0
301781436 0 2
301781435 5 2
301781433 3 0
301781431 1 0
301781430 1 0
301781426 2 0
301781422 14 6
301781421 4 2
301781420 1 1
301781416 1 1
301781412 9 1
301781410 7651 111
301781409 1 0
301781406 5 1
301781403 7 2
301781400 1 0
301781396 4 1
301781395 0 0
301781394 0 0
301781393 3 0
301781392 5 0
301781391 0 0
301781380 1 7
301781379 0 1
301781373 1 0
301781372 661 34
301781371 1 0
301781369 1 18
301781363 0 0
301781362 6 3
301781359 0 0
301781358 8 0
301781356 0 3
301781349 3 1
301781346 6 2
301781345 6 2
301781343 2966 109
301781341 0 1
301781340 8 0
301781339 5 0
301781337 1424 25
301781336 2 0
301781334 6 0
301781333 0 0
301781332 0 1
301781329 0 0
301781326 6 1
301781325 0 0
301781319 5 1
301781317 4 0
301781313 1189 11
301781311 9 1
301781310 0 3
301781309 1 0
301781308 2 5
301781306 3 1
301781303 4 1
301781300 1 3
301781298 4084 49
301781297 6 0
301781296 1173 145
301781289 6 1
301781287 0 0
301781283 1 3
301781282 1 2
301781279 1 1
301781278 1 0
301781277 5 0
301781276 0 1
301781272 0 0
301781271 4 1
301781270 0 0
301781269 0 0
301781267 1 1
301781259 7 25
301781257 0 0
301781254 9 1
301781249 0 1
301781248 9 1
301781247 1 1
301781243 5 0
301781242 9 4
301781241 1 3
301781231 1394 16
301781229 8 0
301781227 1 0
301781225 3 1
301781223 1 0
301781220 0 0
301781219 0 0
301781213 5 0
301781212 0 2
301781207 6 1
301781206 7 1
301781205 4472 104
301781204 2 0
301781203 4 0
301781200 6 1
301781198 3 4
301781195 2839 89
301781191 2 1
301781190 1 1
301781187 472 19
301781185 9 0
301781184 3 3
301781182 4 1
301781176 431 18
301781175 2 0
301781174 1 2
301781171 0 0
301781166 3 0
301781164 4 1
301781162 6 1
301781161 481 66
301781160 0 0
301781159 0 0
301781157 1 2
301781156 1 0
301781155 5 1
301781154 1 2
301781153 6 3
301781151 2 1
301781150 0 0
301781146 4933 54
301781145 9 1
301781144 1 0
301781141 6 0
301781140 8 1
301781139 1 2
301781136 2 1
301781135 1 1
301781133 0 3
301781132 3 1
301781131 4 2
301781129 3 0
301781128 6 2
301781127 0 0
301781126 1 0
301781125 0 1
301781122 6421 72
301781120 0 0
301781119 0 0
301781118 0 1
301781112 2 1
301781111 4 3
301781110 33 6
301781109 7 3
301781108 0 1
301781105 0 4
301781104 867 30
301781103 8 1
301781099 0 1
301781098 7 1
301781097 9 3
301781096 4 4
301781095 7 5
301781093 4 2
301781091 0 0
301781090 1 0
301781085 0 0
301781082 14 29
301781081 1067 6
301781079 2 1
301781078 2 1
301781077 1 2
301781076 0 0
301781074 5 1
301781072 4 1
301781071 2 1
301781070 5087 65
301781068 6 1
301781066 0 0
301781062 0 0
301781061 1 1
301781057 1 1
301781056 4 0
301781055 7 3
301781053 5 1
301781052 2 2
301781050 0 1
301781049 3 1
301781047 5 2
301781044 2 0
301781043 5 0
301781041 12 3
301781035 2 0
301781034 4 1
301781033 9 1
301781031 0 0
301781030 2 0
301781026 2 0
301781024 0 2
301781022 0 0
301781021 0 3
301781020 19 2
301781018 0 1
301781014 0 0
301781013 0 1
301781011 0 1
301781009 1 2
301781008 4 0
301781005 1 0
301781004 1 2
301781000 0 0
301780998 2 1
301780997 4 1
301780996 2 1
301780993 5 0
301780991 6 0
301780990 4 1
301780988 0 1
301780986 1 3
301780981 1467 11
301780978 8 0
301780975 0 0
301780974 1 1
301780970 6 2
301780968 0 0
301780966 5 1
301780965 2 2
301780962 2 1
301780959 2 0
301780958 2 1
301780953 8 12
301780952 3 1
301780951 1 1
301780950 0 0
301780949 1 0
301780948 4 0
301780947 4 0
301780945 0 0
301780944 0 1
301780942 4 1
301780940 9 0
301780939 1 3
301780936 0 0
301780935 0 3
301780934 0 0
301780931 4 1
301780930 1 0
301780928 1 1
301780927 4 0
301780926 0 1
301780924 1083 8
301780923 5 1
301780922 1 5
301780921 6 0
301780920 4 0
301780919 5 42
301780918 5 1
301780916 4 1
301780915 5 1
301780914 1 0
301780911 3 0
301780910 6 3
301780909 5 1
301780908 6 1
301780907 5 1
301780906 0 2
301780903 2 2
301780901 3 1
301780899 6 1
301780898 1 1
301780896 0 1
301780895 7 1
301780894 0 0
301780893 5 1
301780892 1 2
301780891 0 1
301780890 0 0
301780889 5 0
301780888 6 0
301780887 2 1
301780886 1 1
301780885 0 0
301780883 7 2
301780882 1 2
301780881 1 1
301780880 0 3
301780879 1 2
301780878 4 1
301780877 1 0
301780876 667 28
301780875 5 1
301780874 2 1
301780872 1 2
301780871 0 0
301780870 0 0
301780869 3 1
301780868 1 1
301780867 1 0
301780866 3 1
301780865 6 1
301780863 1 2
301780862 0 2
301780861 0 2
301780859 0 0
301780857 3 2
301780856 2 2
301780855 1 2
301780854 1 2
301780853 0 0
301780852 9 1
301780851 8 1
301780849 6 1
301780848 3 1
301780847 0 3
301780846 2 3
301780845 36 7
301780844 0 3
301780843 747 19
301780842 2 1
301780841 16 2
301780840 0 0
301780838 3 0
301780837 10 1
301780836 0 1
301780835 1 1
301780834 9 1
301780833 0 0
301780832 1 1
301780831 2 0
301780830 0 4
301780829 1 0
301780828 2 2
301780827 1 4
301780826 0 1
301780825 1 2
301780824 0 0
301780823 0 0
301780822 1 3
301780821 0 1
301780820 2 0
301780819 0 1
301780818 0 0
301780817 1 3
301780815 1 3
301780814 1 0
301780813 3 2
301780810 1 1
301780809 1 1
301780808 1 0
301780807 1 0
301780806 2 2
301780805 1 0
301780803 0 0
301780802 1 0
301780801 0 3
301780799 0 2
301780798 0 2
301780796 0 6
301780795 7 4
