303957570 0 0
303956076 0 0
303942407 2 0
303941271 0 0
303940005 0 1
303939348 0 0
303938309 0 0
303868994 1 0
303865396 1 0
303861815 0 0
303854236 0 0
303804974 1 0
303804312 0 0
303804048 0 2
303803991 0 0
303803786 2 0
303802062 0 1
303800135 3 0
303799983 0 0
303799790 10 1
303799284 0 0
303799060 0 0
303799056 1 0
303797339 10 0
303794057 1 0
303790720 3 1
303786919 2 0
303764323 0 0
303745140 0 0
303744764 11 3
303744713 0 0
303744701 0 0
303744373 1 1
303744190 4 0
303743056 1 5
303741420 0 0
303741410 2 0
303741207 0 0
303740342 0 0
303739982 2 4
303739851 6 0
303738902 4 0
303738543 0 0
303738155 0 0
303735994 2 0
303735979 0 0
303734753 5 1
303734703 0 1
303734357 8 0
303733912 3 0
303733795 0 8
303733100 3 6
303721348 2 4
303721311 4 41
303714698 5 0
303714387 1 1
303710947 2 0
303710779 1 0
303696763 20 0
303695832 9 1
303680322 0 0
303672805 13 3
303672797 9 0
303672661 1 0
303672601 0 0
303672339 8 3
303672191 2 0
303671994 1 0
303671993 2 0
303671789 2 0
303671697 9 0
303671520 5 0
303671286 2 0
303671279 2 0
303671274 0 0
303671222 0 0
303671201 8 1
303670540 12 0
303669393 1 0
303669072 3 0
303668574 0 0
303668557 18 0
303668472 2 0
303667369 7 0
303666383 14 12
303666323 5 38
303666258 2 0
303666183 10 0
303666176 0 0
303666116 2 0
303666002 26 1
303665582 21 3
303665324 15 1
303665287 5 0
303665241 8 2
303665231 6 0
303665201 2 0
303665115 2 0
303665030 7 5
303664734 0 3
303664460 6 1
303664376 6 1
303664280 14 1
303664274 0 0
303664271 2 0
303663974 0 0
303663934 1 0
303663731 2 0
303663323 0 1
303662989 22 18
303662860 0 0
303662800 1 1
303662561 9 16
303662151 9 11
303662144 8 11
303662024 2 0
303662004 2 0
303662000 5 0
303661948 3 0
303661438 4 6
303661096 3 0
303661002 4 0
303660396 4 39
303659731 8 2
303658095 0 0
303658056 3 20
303657399 4 0
303656497 0 1
303656380 1 2
303656376 16 10
303656296 2 28
303656293 9 1
303656237 0 0
303656163 0 0
303656141 20 27
303656120 19 5
303656083 5 21
303656027 3 0
303655896 11 1
303655877 0 0
303655846 0 2
303655730 0 0
303655535 0 14
303655247 5 12
303655182 0 0
303655168 4 1
303655159 2 71
303655115 4 64
303655114 2 66
303655018 0 10
303654961 0 8
303654917 25 1
303654844 0 1
303654361 17 6
303654094 8 3
303654085 2 0
303653951 2 78
303653950 2 87
303653944 0 2
303653943 2 79
303653867 25 0
303653834 6 2
303653820 25 4
303652874 2 21
303652858 2 8
303652123 27 1
303650540 5 6
303649252 31 33
303649213 1 39
303647118 4 25
303646388 0 1
303643197 38 7
303642931 4 1
303642851 23 2
303642840 2 1
303642819 15 2
303642666 1 31
303642504 12 2
303642378 3 7
303642256 6 1
303642234 3 1
303642067 7 28
303641338 1 0
303641273 1 2
303640735 7 62
303640726 21 2
303640218 5 10
303638913 6 1
303638307 10 0
303635869 2 0
303635227 5 0
303633678 0 3
303633406 26 4
303633313 24 0
303632562 0 2
303632432 29 0
303632289 0 0
303631610 11 0
303631246 38 7
303631103 23 1
303630893 4 2
303629445 1 0
303627321 0 0
303623423 13 2
303623240 1 0
303623004 11 1
303622591 9 2
303622585 5 1
303622353 0 4
303622202 0 4
303622198 1 0
303622189 0 0
303622183 0 0
303622177 1 0
303622035 6 1
303621727 3 52
303621678 29 0
303621231 2 1
303620614 16 3
303620582 0 0
303620554 0 6
303620503 0 0
303620163 18 2
303620155 0 3
303620063 14 0
303619644 6 0
303619323 0 0
303619317 0 0
303619310 3 14
303619092 0 0
303619082 0 0
303618252 4 0
303617772 4 0
303617744 0 0
303616436 1 0
303615971 1 1
303615749 13 1
303613917 15 7
303613032 21 9
303610777 8 1
303610736 25 7
303610689 2 4
303610427 42 1
303610288 1 43
303610240 12 1
303610135 7 0
303610101 0 0
303610033 12 2
303609847 8 10
303609842 13 8
303609817 12 1
303609812 16 2
303609680 4 23
303609577 9 4
303609564 12 2
303609529 2 1
303609509 8 13
303609486 7 0
303609425 0 7
303609420 12 3
303609203 1 2
303608909 0 4
303608888 14 8
303608873 7 15
303608861 11 3
303608857 1 3
303608784 5 1
303608635 2 4
303608592 17 5
303608405 6 0
303608342 2 0
303608242 0 4
303608166 0 0
303608115 12 0
303608071 23 4
303608015 29 2
303608007 12 27
303607978 21 6
303607918 6 0
303607820 6 1
303607764 2 0
303607751 9 0
303607522 1 0
303607509 1 0
303607438 28 6
303607416 0 0
303607231 10 75
303607230 8 72
303607219 17 24
303607218 13 24
303607000 1 0
303606819 4 2
303606342 5 0
303606329 3 0
303606292 10 0
303606290 17 12
303606289 21 0
303606278 18 3
303606273 6 2
303606207 0 0
303606201 3 3
303606164 28 6
303606104 26 14
303605720 4 1
303605607 54 0
303605595 1 0
303605586 6 0
303605489 5 4
303605452 20 8
303604753 36 4
303604675 2 0
303604672 2 0
303604338 13 8
303604144 38 21
303604043 16 2
303603878 23 22
303603766 13 4
303603710 17 7
303603462 21 0
303603412 13 1
303603265 5 0
303603260 0 0
303603218 10 3
303602937 11 2
303602383 12 1
303602066 18 3
303601709 5 50
303601116 6 59
303600714 6 0
303600664 2 26
303600283 35 2
303599784 1 0
303599489 42 11
303599370 2 0
303599182 23 2
303599082 38 7
303598887 20 7
303598725 0 0
303598519 11 0
303598428 8 1
303598367 0 0
303598309 2 2
303597924 0 0
303597241 2 2
303596803 14 0
303596736 9 3
303595980 13 1
303595743 12 2
303595551 0 0
303595527 0 0
303595217 5 1
303595039 4 5
303595020 0 0
303594838 18 3
303594755 16 1
303591692 0 0
303591135 0 1
303590436 21 3
303589509 3 1
303589392 4 1
303588582 13 42
303587938 4 0
303587831 23 9
303587800 3 0
303587796 12 4
303587791 14 13
303587789 3 1
303587782 21 2
303587775 5 2
303587773 3 2
303587770 13 1
303587757 22 14
303587748 9 0
303587746 5 1
303587735 8 1
303587732 19 2
303587725 22 9
303587720 24 1
303587719 27 2
303587712 22 6
303587710 22 7
303587705 5 1
303587696 7 1
303587687 3 1
303587680 2 1
303587675 13 3
303587670 0 6
303587662 23 18
303587657 0 10
303587653 33 7
303587650 7 1
303587644 20 11
303587640 2 7
303587635 4 1
303587626 10 1
303587618 20 11
303587615 6 4
303587612 21 10
303587607 1 40
303587602 0 11
303587600 0 3
303587593 22 2
303587585 12 16
303587577 7 24
303587575 19 2
303587570 13 3
303587567 20 9
303587561 20 3
303587548 5 5
303587547 18 1
303587546 0 3
303587544 2 1
303587539 3 1
303587538 9 0
303587525 21 7
303587523 18 3
303587518 9 1
303587504 22 11
303587502 0 1
303587494 2 1
303587492 10 2
303587488 5 0
303587486 11 6
303587482 2 6
303587479 13 0
303587477 1 1
303587470 1 1
303587469 8 3
303587465 12 0
303587464 6 0
303587463 7 13
303587457 1 55
303587456 2 60
303587455 5 0
303587448 10 35
303587445 0 4
303587440 18 1
303587437 21 2
303587427 16 4
303587424 13 2
303587423 14 3
303587416 25 7
303587404 18 29
303587394 1 0
303587393 7 0
303587389 2 0
303587386 29 1
303587378 9 0
303587375 0 0
303587371 0 4
303587370 8 0
303587368 3 60
303587366 1 0
303587363 29 0
303587360 4 0
303587351 3 1
303587349 1 4
303587344 13 1
303587343 18 1
303587342 18 1
303587341 16 2
303587339 9 0
303587337 18 0
303587336 7 25
303587328 27 4
303587326 2 0
303587324 10 2
303587322 18 5
303587316 14 0
303587315 0 0
303587308 14 0
303587302 8 0
303587298 11 0
303587294 5 2
303587285 7 0
303587282 0 0
303587281 8 76
303587280 12 1
303587276 29 7
303587273 6 2
303587269 24 5
303587259 8 0
303587258 42 8
303587256 18 2
303587255 15 2
303587254 6 1
303587253 0 0
303587252 0 3
303587251 3 0
303587248 5 0
303587243 0 0
303587242 5 38
303587234 5 0
303587230 2 38
303587223 1 0
303587222 2 1
303587221 2 0
303587220 1 4
303587209 4 0
303587201 5 1
303587200 26 5
303587196 1 0
303587194 0 2
303587193 0 0
303587186 26 5
303587171 17 6
303587159 39 13
303587158 26 13
303587151 18 12
303587142 19 7
303587138 1 0
303587135 12 14
303587133 0 2
303587131 0 2
303587116 20 2
303587111 2 1
303587105 7 20
303587104 20 9
303587103 2 0
303587102 1 2
303587101 11 5
303587099 19 3
303587096 1 1
303587095 1 1
303587094 4 2
303587092 4 0
303587090 9 86
303587087 7 1
303587073 3 2
303587063 0 0
303587062 33 15
303587061 31 6
303587059 13 3
303587057 2 53
303587056 24 22
303587054 15 30
303587053 37 4
303587052 44 3
303587051 13 1
303587049 39 2
303587046 12 1
303587042 17 7
303587035 9 0
303587032 0 1
303587027 16 0
303587025 66 0
303587020 10 6
303587018 45 7
303587017 5 1
303587016 5 2
303587014 5 1
303587010 0 0
303587009 0 3
303587006 1 0
303587005 15 82
303587001 9 4
303586999 12 5
303586998 40 15
303586997 12 5
303586994 14 2
303586993 23 1
303586991 0 4
303586990 0 6
303586987 4 1
303586985 11 0
303586984 2 0
303586981 6 6
303586980 0 0
303586976 0 0
303586973 25 4
303586972 10 18
303586967 12 80
303586963 9 6
303586961 30 2
303586960 0 0
303586959 7 0
303586958 0 1
303586957 40 2
303586943 20 5
303586925 0 0
303586924 8 2
303586920 18 4
303586917 9 4
303586915 14 0
303586912 1 4
303586910 0 1
303586909 20 19
303586908 0 25
303586905 0 15
303586904 1 0
303586902 19 17
303586889 12 6
303586888 24 2
303586887 9 1
303586885 0 0
303586884 0 0
303586881 20 3
303586879 10 0
303586878 7 24
303586876 4 3
303586871 0 0
303586869 9 14
303586866 4 0
303586864 18 75
303586861 45 1
303586860 9 6
303586854 5 2
303586853 10 2
303586848 12 3
303586847 10 0
303586845 2 36
303586844 0 0
303586841 0 0
303586840 6 28
303586830 0 0
303586826 28 8
303586824 0 6
303586823 9 9
303586822 19 7
303586821 38 5
303586814 10 52
303586812 15 1
303586811 1 1
303586810 28 8
303586807 6 1
303586806 31 50
303586804 12 8
303586803 0 0
303586802 0 0
303586791 21 19
303586787 0 0
303586784 26 2
303586781 21 0
303586780 8 0
303586767 15 39
303586757 18 28
303586752 0 0
303586748 4 1
303586747 34 3
303586745 0 1
303586735 0 1
303586734 3 8
303586732 11 0
303586730 2 0
303586725 38 8
303586718 19 1
303586714 18 2
303586707 16 2
303586699 1 1
303586697 9 3
303586696 5 2
303586695 0 0
303586680 0 0
303586678 12 69
303586673 25 4
303586672 0 0
303586670 20 2
303586669 1 0
303586667 14 0
303586664 0 0
303586662 8 4
303586651 4 9
303586650 19 3
303586649 12 7
303586646 1 0
303586644 0 0
303586643 4 2
303586641 7 5
303586640 7 4
303586639 2 1
303586633 41 2
303586632 30 3
303586631 18 49
303586630 9 1
303586629 22 4
303586626 21 4
303586624 6 3
303586623 1 62
303586621 1 0
303586618 0 15
303586617 13 8
303586607 20 5
303586604 1 0
303586599 13 26
303586597 0 0
303586596 6 0
303586595 1 1
303586594 6 1
303586593 1 1
303586592 21 2
303586589 0 0
303586585 0 0
303586584 13 8
303586583 6 6
303586582 0 1
303586580 12 3
303586576 4 0
303586575 5 0
303586564 1 0
303586563 1 0
303586557 7 0
303586556 2 48
303586555 0 0
303586554 4 1
303586553 1 0
303586552 9 1
303586548 1 1
303586546 41 29
303586544 8 1
303586541 1 0
303586534 1 18
303586531 16 1
303586526 0 0
303586524 5 0
303586523 16 1
303586522 151 4
303586521 0 0
303586518 12 4
303586517 82 2
303586515 19 0
303586514 0 62
303586513 4 65
303586512 0 0
303586511 1 0
303586508 24 3
303586506 6 0
303586505 4 0
303586504 24 4
303586503 7 1
303586502 14 1
303586501 2 35
303586500 21 4
303586499 7 1
303586496 5 1
303586495 4 1
303586494 18 3
303586492 3 20
303586491 2 1
303586490 14 0
303586489 6 1
303586488 6 0
303586487 5 1
303586486 5 2
303586484 3 1
303586483 9 0
303586482 5 0
303586481 3 40
303586480 0 14
303586479 3 18
303586478 1 0
303586477 52 1
303586475 8 2
303586472 1 0
303586468 25 0
303586467 6 0
303586466 5 0
303586465 1 0
303586463 3 0
303586462 13 2
303586460 18 1
303586459 13 3
303586458 10 0
303586456 23 1
303586454 7 0
303586453 20 14
303586451 21 6
303586450 3 0
303586448 6 6
303586446 4 1
303586444 5 22
303586442 22 4
303586439 8 14
303586438 22 5
303586436 6 14
303586435 1 7
303586433 3 60
303586432 11 14
303586431 0 0
303586430 13 6
303586429 6 2
303586427 6 3
303586426 5 28
303586425 6 0
303586424 25 6
303586423 14 2
303586422 8 0
303586421 5 1
303586419 10 30
303586418 1 0
303586417 30 1
303586416 20 3
303586415 7 5
303586413 5 5
303586411 9 4
303586409 0 0
303586406 0 0
303586402 0 0
303586401 14 0
303586400 6 2
303586398 18 0
303586397 32 11
303586395 5 0
303586391 16 5
303586390 1 2
303586388 6 1
303586387 1 1
303586382 21 12
303586381 22 11
303586379 11 1
303586377 0 1
303586376 3 35
303586375 0 2
303586374 66 8
303586373 5 53
303586371 3 104
303586370 0 0
303586369 33 1
303586368 9 0
303586367 14 2
303586366 17 4
303586365 27 9
303586364 14 3
303586363 6 1
303586362 3 0
303586360 12 8
303586359 24 17
303586356 24 8
303586355 12 1
303586354 1 0
303586353 0 0
303586352 1 0
303586351 14 2
303586350 23 6
303586349 1 0
303586348 1 0
303586347 0 2
303586346 3 0
303586345 8 31
303586343 39 3
303586338 1 0
303586337 1 2
303586333 12 0
303586331 28 20
303586330 19 27
303586327 14 2
303586326 20 14
303586324 153 7
303586322 18 2
303586321 5 34
303586320 13 2
303586319 2 110
303586318 24 18
303586317 20 6
303586316 9 47
303586315 20 4
303586314 16 3
303586313 5 0
303586312 10 0
303586311 0 0
303586310 5 0
303586309 0 0
303586308 11 1
303586307 1 0
303586304 0 2
303586300 15 3
303586299 3 0
303586297 1 92
303586294 4 20
303586292 2 18
303586290 7 0
303586289 10 3
303586288 372 4
303586282 4 0
303586272 0 1
303586270 5 0
303586264 22 4
303586256 3 1
303586250 10 11
303586248 1 1
303586245 2 6
303586237 48 5
303586236 12 0
303586223 9 0
303586222 28 1
303586221 14 1
303586220 17 7
303586219 20 0
303586218 205 4
303586217 7 2
303586215 1 0
303586214 1 11
303586212 1 13
303586209 0 0
303586202 20 2
303586197 18 1
303586196 15 2
303586191 4 47
303586190 8 2
303586189 0 0
303586188 0 0
303586183 1 0
303586181 1 0
303586177 0 0
303586176 21 0
303586174 10 0
303586172 6 0
303586171 13 0
303586170 1 5
303586169 7 0
303586168 9 15
303586167 428 21
303586165 0 0
303586164 9 4
303586161 14 14
303586159 13 0
303586157 3 15
303586156 9 1
303586154 0 0
303586150 0 0
303586148 1 0
303586145 42 50
303586138 5 1
303586135 6 4
303586132 10 6
303586131 13 4
303586129 12 3
303586128 16 5
303586126 14 1
303586125 8 0
303586123 11 50
303586122 0 0
303586121 7 0
303586114 31 2
303586112 68 1
303586111 34 1
303586109 9 0
303586108 27 2
303586107 6 4
303586106 3 0
303586105 0 0
303586103 15 1
303586100 8 0
303586099 3 0
303586096 9 1
303586095 11 9
303586094 7 0
303586092 8 0
303586091 6 0
303586090 10 1
303586089 0 0
303586088 24 0
303586087 0 0
303586085 11 1
303586084 8 0
303586083 10 1
303586082 0 0
303586081 2 0
303586080 27 6
303586079 0 0
303586078 7 28
303586077 0 1
303586075 32 32
303586073 247 12
303586072 65 7
303586070 1 31
303586069 11 1
303586067 14 4
303586065 8 2
303586064 1 0
303586063 148 1
303586060 6 0
303586059 2 5
303586057 2 42
303586056 4 6
303586054 0 0
303586053 252 5
303586052 23 4
303586049 6 1
303586047 6 1
303586046 1 5
303586044 10 11
303586043 10 0
303586039 10 2
303586038 8 2
303586034 2 1
303586033 12 0
303586032 4 2
303586030 8 0
303586029 1 1
303586028 7 3
303586026 4 1
303586025 8 0
303586024 0 0
303586023 2 0
303586021 2 0
303586020 2 2
303586019 3 4
303586018 14 1
303586017 8 0
303586015 0 1
303586014 5 3
303586013 10 1
303586012 4 1
303586011 0 0
303586010 0 0
303586009 10 0
303586008 5 0
303586007 2 0
303586006 8 1
303586005 205 2
303586003 0 0
303586002 21 0
303586001 3 0
303586000 17 3
303585999 14 5
303585998 9 0
303585997 2 0
303585996 17 7
303585992 5 28
303585990 9 2
303585989 15 8
303585987 57 3
303585986 10 0
303585985 9 2
303585984 5 0
303585982 12 3
303585981 2 0
303585980 21 5
303585979 17 3
303585977 18 1
303585975 2 12
303585974 7 0
303585973 6 0
303585970 4 1
303585969 2 0
303585966 215 17
303585965 12 3
303585963 2 0
303585960 10 1
303585959 169 12
303585958 2 5
303585957 16 8
303585956 27 0
303585954 10 0
303585952 1 29
303585949 1 0
303585948 283 11
303585944 422 7
303585943 14 1
303585941 2 2
303585939 1 1
303585938 9 3
303585937 16 2
303585936 6 6
303585935 2 7
303585933 5 2
303585932 12 3
303585930 11 0
303585928 17 1
303585926 2 56
303585924 9 0
303585921 4 13
303585920 15 1
303585917 5 0
303585915 301 18
303585913 4 0
303585912 6 35
303585911 3 58
303585909 0 0
303585908 17 2
303585907 5 1
303585905 11 3
303585903 0 0
303585902 1 58
303585901 15 2
303585900 15 3
303585899 0 0
303585897 7 0
303585896 3 0
303585895 2 15
303585894 0 2
303585893 8 27
303585892 5 0
303585891 15 3
303585889 3 1
303585886 31 3
303585884 4 0
303585883 123 2
303585882 2 4
303585881 8 1
303585880 1 0
303585879 27 2
303585878 12 1
303585877 8 0
303585876 0 0
303585874 19 0
303585873 21 0
303585871 6 11
303585870 2 63
303585869 0 0
303585868 11 2
303585865 6 0
303585864 8 1
303585863 19 1
303585862 0 0
303585861 6 1
303585860 12 0
303585859 12 3
303585858 7 0
303585854 5 2
303585853 3 0
303585852 8 2
303585851 9 1
303585849 9 0
303585845 6 0
303585844 10 0
303585843 172 10
303585840 0 0
303585838 3 0
303585836 0 0
303585833 0 0
303585832 5 0
303585831 8 4
303585830 7 0
303585829 659 34
303585826 9 0
303585825 10 0
303585824 6 2
303585822 6 0
303585821 5 1
303585820 118 3
303585818 4 3
303585816 2 8
303585815 6 0
303585813 4 0
303585812 8 1
303585809 12 5
303585807 0 0
303585806 1 0
303585805 6 1
303585804 8 0
303585801 10 4
303585800 7 1
303585799 16 0
303585797 6 1
303585796 7 2
303585795 12 2
303585793 6 1
303585792 6 1
303585791 4 0
303585790 4 1
303585789 3 0
303585786 3 0
303585785 3 0
303585784 6 0
303585782 10 1
303585780 3 0
303585776 1 0
303585775 2 1
303585772 7 0
303585771 1 0
303585770 3 20
303585768 4 1
303585765 6 1
303585764 149 8
303585761 5 0
303585760 1 5
303585757 11 2
303585756 1 22
303585755 8 1
303585754 1 3
303585752 1 0
303585750 0 1
303585749 1 11
303585748 3 0
303585747 1 0
303585746 5 2
303585745 0 0
303585742 3 2
303585741 8 1
303585740 23 3
303585739 2 28
303585738 4 0
303585734 2 29
303585733 22 3
303585732 14 1
303585731 3 2
303585728 12 0
303585727 12 6
303585726 6 9
303585725 3 0
303585724 15 4
303585723 3 1
303585722 4 0
303585721 16 3
303585719 0 5
303585717 2 13
303585716 0 0
303585714 3 2
303585709 1 1
303585708 6 1
303585706 0 0
303585705 0 3
303585704 4 1
303585702 0 8
303585701 8 14
303585699 2 0
303585697 13 0
303585696 1 1
303585694 0 0
303585692 2 2
303585690 20 2
303585688 9 0
303585686 1 0
303585683 5 1
303585682 8 3
303585681 2 1
303585679 5 6
303585678 6 2
303585677 1 2
303585676 3 1
303585675 6 4
303585674 2 0
303585673 12 3
303585672 2 2
303585671 10 1
303585670 2 0
303585668 1 1
303585667 7 0
303585666 4 0
303585665 6 0
303585664 0 0
303585663 6 1
303585662 14 1
303585661 9 0
303585660 4 0
303585658 10 0
303585657 196 10
303585656 3 25
303585655 9 1
303585653 7 9
303585652 7 1
303585651 0 1
303585650 1 0
303585649 6 1
303585647 3 3
303585645 5 0
303585644 7 0
303585641 7 1
303585640 0 0
303585636 5 0
303585635 1 0
303585633 2 21
303585632 7 1
303585631 0 0
303585630 0 0
303585629 2 8
303585628 4 0
303585625 7 4
303585624 2 1
303585623 2 1
303585622 8 0
303585621 2 1
303585620 13 0
303585619 6 0
303585615 2 36
303585614 14 1
303585611 0 13
303585609 22 7
303585608 0 0
303585607 9 0
303585606 4 1
303585603 6 16
303585602 1 0
303585601 3 1
303585599 2 2
303585598 233 16
303585597 3 0
303585594 386 11
303585593 6 0
303585590 125 8
303585588 5 0
303585586 0 0
303585585 1 1
303585583 10 1
303585581 4 3
303585579 1 0
303585578 8 0
303585576 0 0
303585575 82 2
303585572 7 0
303585571 2 33
303585570 11 1
303585569 12 0
303585568 6 0
303585567 16 3
303585566 8 0
303585564 10 3
303585563 1 0
303585562 15 2
303585561 0 0
303585560 1 0
303585555 5 42
303585554 13 2
303585553 9 4
303585550 9 0
303585549 7 1
303585548 0 0
303585546 3 0
303585543 7 1
303585542 15 5
303585541 5 3
303585540 5 1
303585539 2 0
303585537 2 43
303585533 17 0
303585531 7 5
303585530 210 2
303585528 13 1
303585526 14 7
303585524 4 0
303585523 4 10
303585522 343 8
303585521 3 41
303585520 10 1
303585519 0 0
303585517 13 0
303585516 0 0
303585514 0 3
303585513 1 37
303585511 1 11
303585510 10 3
303585509 1 1
303585507 0 0
303585506 2 1
303585505 11 4
303585504 5 1
303585502 1 0
303585501 11 1
303585500 9 1
303585498 7 0
303585495 1 41
303585494 116 2
303585493 10 5
303585492 0 0
303585491 141 4
303585489 0 0
303585488 14 1
303585487 0 0
303585485 12 2
303585484 8 1
303585483 3 25
303585482 4 0
303585480 128 7
303585479 1 19
303585477 0 29
303585476 24 6
303585475 4 0
303585474 226 5
303585472 313 28
303585471 8 0
303585470 3 0
303585469 6 0
303585468 2 0
303585467 12 3
303585466 0 2
303585465 1 1
303585463 4 1
303585461 15 0
303585459 8 0
303585458 128 3
303585456 11 5
303585455 6 2
303585454 10 0
303585452 5 0
303585451 1 0
303585450 12 2
303585447 2 41
303585445 0 0
303585443 2 1
303585442 13 0
303585441 5 0
303585440 15 1
303585439 6 0
303585438 17 17
303585437 2 0
303585436 2 52
303585433 9 25
303585431 13 6
303585427 2 0
303585425 13 0
303585424 669 8
303585423 4 0
303585422 14 4
303585421 15 1
303585418 11 0
303585417 126 1
303585416 16 18
303585415 12 0
303585414 6 9
303585413 7 0
303585412 2 1
303585411 3 0
303585409 4 0
303585408 6 1
303585407 5 0
303585405 4 0
303585404 11 2
303585401 0 0
303585400 1 0
303585396 325 4
303585395 1 20
303585393 0 4
303585392 0 1
303585391 8 0
303585390 9 0
303585389 9 0
303585388 0 0
303585386 5 1
303585385 3 2
303585384 5 0
303585382 2 1
303585381 1 11
303585379 0 2
303585378 11 27
303585376 4 2
303585375 12 1
303585374 20 2
303585372 12 0
303585371 6 0
303585369 9 0
303585368 5 0
303585367 2 0
303585366 0 4
303585363 5 0
303585362 7 1
303585360 5 0
303585357 0 0
303585356 12 2
303585355 11 0
303585354 4 0
303585353 5 0
303585352 0 1
303585351 9 18
303585349 206 7
303585347 205 2
303585346 9 0
303585345 7 5
303585342 5 4
303585341 7 8
303585338 1 0
303585337 6 0
303585335 16 2
303585334 0 0
303585331 12 2
303585328 11 6
303585327 6 9
303585326 6 1
303585325 1 41
303585324 0 4
303585323 5 1
303585322 3 2
303585321 1 0
303585319 9 0
303585318 3 0
303585317 0 0
303585314 5 0
303585313 0 0
303585312 14 2
303585311 0 0
303585310 22 1
303585308 9 4
303585307 5 0
303585306 10 1
303585304 2 0
303585303 2 0
303585302 227 23
303585301 3 2
303585300 7 1
303585299 2 1
303585297 0 0
303585295 4 0
303585294 3 0
303585293 4 0
303585292 2 6
303585291 6 0
303585290 6 0
303585289 1 18
303585288 0 0
303585287 182 6
303585286 3 2
303585285 239 15
303585283 0 0
303585282 7 2
303585281 0 0
303585280 4 1
303585279 1 0
303585278 9 0
303585277 3 1
303585276 3 1
303585275 0 0
303585273 4 0
303585272 8 0
303585270 6 3
303585269 6 5
303585268 182 13
303585267 4 0
303585266 0 1
303585265 2 0
303585264 10 1
303585263 104 6
303585261 8 0
303585259 2 4
303585257 4 1
303585256 4 31
303585255 6 2
303585254 3 1
303585253 6 0
303585252 6 2
303585251 0 1
303585249 1 1
303585248 10 1
303585247 7 0
303585246 1 1
303585245 1 3
303585244 123 2
303585243 5 0
303585242 4 0
303585240 72 2
303585239 0 0
303585237 2 0
303585236 0 0
303585235 7 1
303585233 5 2
303585232 225 11
303585231 561 17
303585230 1 0
303585229 6 1
303585228 10 0
303585227 0 0
303585225 2 1
303585224 14 0
303585221 1 0
303585220 7 3
303585218 3 4
303585217 13 1
303585213 10 0
303585212 19 1
303585210 308 5
303585209 5 0
303585208 0 0
303585207 246 74
303585206 325 6
303585205 4 2
303585202 34 17
303585200 8 0
303585199 7 0
303585198 3 3
303585196 11 0
303585195 0 0
303585194 352 7
303585193 4 2
303585192 1 1
303585191 2 6
303585190 17 5
303585188 6 1
303585187 143 5
303585186 7 0
303585184 15 0
303585183 3 0
303585182 11 4
303585181 319 14
303585179 4 0
303585176 3 41
303585171 4 0
303585170 15 4
303585169 0 2
303585168 5 0
303585167 9 1
303585166 6 0
303585165 8 2
303585162 0 0
303585161 2 0
303585160 5 0
303585159 4 1
303585158 10 0
303585157 8 4
303585156 390 15
303585153 9 2
303585151 0 0
303585150 240 10
303585149 9 0
303585148 1 1
303585147 0 0
303585146 2 0
303585145 19 1
303585144 6 53
303585143 4 70
303585142 11 2
303585141 6 0
303585139 2 6
303585136 10 2
303585135 6 1
303585133 6 3
303585132 12 6
303585131 5 1
303585130 31 16
303585129 450 13
303585128 145 22
303585127 5 1
303585126 8 1
303585125 5 20
303585123 5 0
303585122 16 2
303585121 7 0
303585120 14 3
303585119 2 4
303585118 1 9
303585115 2 10
303585114 5 0
303585112 3 0
303585111 10 0
303585110 0 0
303585109 2 0
303585107 0 9
303585105 1 0
303585104 2 0
303585103 2 2
303585102 99 2
303585100 3 0
303585097 304 10
303585096 6 3
303585095 7 3
303585094 289 6
303585092 4 0
303585091 5 1
303585088 1 0
303585086 13 6
303585085 0 0
303585084 10 2
303585083 2 37
303585082 4 8
303585081 7 1
303585080 1 0
303585078 3 0
303585077 5 1
303585076 0 0
303585075 13 2
303585074 0 0
303585073 485 5
303585072 0 0
303585070 0 0
303585067 24 12
303585066 1 2
303585065 1 0
303585063 6 1
303585062 7 65
303585061 3 1
303585060 6 0
303585059 14 0
303585058 3 6
303585057 7 0
303585056 0 55
303585055 6 7
303585054 0 4
303585052 12 25
303585051 0 0
303585050 11 4
303585049 2 44
303585048 3 0
303585047 5 0
303585046 3 0
303585045 1 37
303585044 0 0
303585043 0 4
303585041 0 33
303585039 3 1
303585037 0 0
303585034 0 0
303585033 7 1
303585031 16 0
303585030 10 4
303585029 1 2
303585027 391 24
303585025 9 4
303585024 13 4
303585023 0 0
303585022 3 1
303585020 5 1
303585019 4 0
303585018 180 4
303585017 3 4
303585015 5 1
303585014 2 1
303585013 3 1
303585011 0 1
303585010 288 8
303585009 16 1
303585008 5 5
303585006 3 46
303585005 4 0
303585004 7 10
303585003 2 0
303585002 2 0
303585001 11 1
303585000 6 3
303584999 2 1
303584998 731 23
303584997 10 0
303584996 5 0
303584993 5 0
303584992 8 0
303584991 217 5
303584990 3 80
303584989 0 0
303584988 3 67
303584987 8 0
303584984 8 1
303584982 16 1
303584981 7 0
303584977 0 0
303584976 0 3
303584975 5 2
303584974 607 9
303584972 2 0
303584971 15 4
303584970 148 7
303584969 117 19
303584968 0 0
303584967 6 1
303584966 1 4
303584965 4 0
303584963 16 3
303584962 79 4
303584961 0 0
303584960 9 0
303584959 5 0
303584958 7 1
303584957 37 10
303584954 2 0
303584953 2 1
303584952 4 1
303584951 12 0
303584950 11 31
303584948 0 0
303584947 0 0
303584946 1 0
303584945 8 0
303584944 25 7
303584943 3 1
303584942 1306 273
303584941 8 1
303584940 0 1
303584939 2 1
303584937 11 6
303584936 0 8
303584934 15 1
303584931 7 1
303584930 5 3
303584929 0 0
303584927 242 5
303584926 17 14
303584925 8 0
303584924 8 1
303584923 9 19
303584922 1 3
303584921 19 1
303584920 0 0
303584919 7 70
303584918 0 0
303584917 2 2
303584916 11 0
303584915 4 0
303584914 5 0
303584912 4 0
303584911 9 2
303584910 5 2
303584908 7 1
303584907 1246 176
303584906 6 2
303584904 1 0
303584903 0 0
303584902 3 2
303584901 239 3
303584900 657 8
303584899 9 1
303584897 8 1
303584896 5 0
303584895 6 1
303584894 2 1
303584893 2 1
303584888 11 1
303584887 28 28
303584886 10 2
303584885 2 0
303584883 11 1
303584882 1 4
303584880 0 0
303584879 0 0
303584878 11 0
303584877 5 3
303584876 9 1
303584875 0 0
303584874 0 1
303584873 4 1
303584872 4 0
303584871 4 0
303584870 8 0
303584869 0 0
303584868 0 1
303584867 2 0
303584866 18 2
303584864 4 0
303584863 0 0
303584862 2 45
303584861 1 0
303584860 2 0
303584859 3 3
303584857 9 4
303584856 4 0
303584855 5 0
303584854 3 72
303584853 5 3
303584851 1 0
303584850 30 14
303584845 6 1
303584844 0 0
303584843 5 1
303584842 30 0
303584841 7 1
303584839 8 3
303584838 8 0
303584837 6 0
303584836 3 2
303584835 5 1
303584834 2 1
303584833 2 0
303584832 11 1
303584831 1 0
303584830 4 72
303584829 9 0
303584828 6 2
303584826 7 99
303584824 17 7
303584821 5 2
303584820 6 1
303584819 29 21
303584818 15 43
303584817 25 9
303584816 18 3
303584814 4 0
303584813 3 0
303584811 15 5
303584810 9 16
303584809 4 34
303584808 1 6
303584805 1 0
303584804 3 55
303584803 2 0
303584802 0 0
303584801 476 24
303584800 3 0
303584799 1 13
303584798 0 1
303584797 7 2
303584796 0 0
303584794 1 0
303584793 133 7
303584792 3 0
303584791 1876 208
303584790 10 6
303584789 415 30
303584788 0 0
303584787 7 0
303584786 2 0
303584783 2 53
303584782 1 0
303584781 7 21
303584780 5 0
303584779 1 38
303584778 9 1
303584776 235 8
303584774 8 0
303584773 1 0
303584772 2 0
303584769 2 2
303584768 0 6
303584767 1 4
303584766 0 0
303584765 4 0
303584764 10 15
303584763 4 0
303584762 567 7
303584761 2 5
303584760 6 14
303584757 0 0
303584755 0 0
303584754 5 0
303584753 0 0
303584752 5 0
303584751 3 4
303584750 3 3
303584748 1 1
303584747 1 46
303584746 1 2
303584745 372 3
303584744 7 2
303584743 0 1
303584742 3 2
303584741 2 7
303584740 2 28
303584739 2 65
303584738 0 2
303584737 184 33
303584736 15 6
303584735 2 1
303584734 1 2
303584733 5 1
303584731 11 3
303584730 0 1
303584727 10 6
303584726 2 2
303584724 1 1
303584723 3 66
303584722 1 2
303584721 7 3
303584720 7 6
303584719 0 2
303584718 6 5
303584717 4 1
303584716 6 1
303584714 5 1
303584713 6 5
303584712 220 4
303584711 2 1
303584710 0 0
303584709 4 0
303584708 1 6
303584707 14 5
303584706 275 33
303584705 0 0
303584704 10 5
303584703 20 18
303584702 1 15
303584701 216 8
303584700 28 11
303584699 5 62
303584698 5 0
303584697 1 0
303584696 9 36
303584695 1050 20
303584694 4 51
303584693 0 0
303584692 6 0
303584691 0 0
303584690 1 0
303584688 6 1
303584687 13 9
303584686 9 1
303584685 1 1
303584684 1 8
303584683 989 24
303584682 2310 84
303584681 2 0
303584680 23 8
303584679 13 7
303584678 7 7
303584677 5 1
303584676 9 1
303584675 0 0
303584674 9 8
303584673 2 47
303584672 9 8
303584671 7 7
303584670 0 0
303584669 30 13
303584668 7 3
303584667 1 0
303584666 12 7
303584665 4 8
303584664 0 0
303584663 0 0
303584662 4 57
303584660 6 0
303584659 1 0
303584658 4 0
303584657 0 0
303584656 2 0
303584655 2 1
303584654 5 1
303584653 1451 63
303584652 3 7
303584651 0 0
303584650 6 1
303584648 5 0
303584647 0 0
303584646 0 11
303584645 5 1
303584644 4 7
303584643 139 3
303584641 29 24
303584640 0 32
303584639 9 0
303584637 1 0
303584636 14 5
303584634 250 10
303584633 2 1
303584632 4 0
303584631 2 0
303584630 41 12
303584629 4 55
303584626 3 2
303584625 5 5
303584624 9 3
303584623 5 1
303584621 2 45
303584619 2 0
303584618 349 5
303584617 2 1
303584616 9 1
303584615 15 22
303584614 9 31
303584613 1503 48
303584612 7 1
303584611 0 5
303584610 94 2
303584609 4 5
303584608 6 4
303584607 6 0
303584606 2 0
303584605 11 6
303584604 4 1
303584603 6 0
303584602 0 0
303584601 1309 22
303584600 2 76
303584599 0 0
303584598 6 1
303584597 2 0
303584596 1 1
303584595 2 5
303584594 2 1
303584593 1 1
303584592 1 1
303584591 1 0
303584590 4 0
303584589 2 1
303584588 0 0
303584587 3 1
303584586 0 0
303584585 0 0
303584584 1388 59
303584583 3 0
303584582 4 3
303584581 0 1
303584580 0 1
303584579 10 5
303584578 3 1
303584577 3 5
303584576 0 72
303584575 1 0
303584574 5 7
303584573 0 0
303584571 7 0
303584569 5 0
303584568 0 39
303584567 1 1
303584566 4 5
303584565 2 0
303584564 4 7
303584563 0 0
303584561 348 9
303584560 81 2
303584559 0 0
303584558 2 1
303584557 1132 24
303584556 1 1
303584554 0 0
303584553 5 0
303584552 0 3
303584551 0 3
303584549 0 0
303584548 3 0
303584547 7 0
303584546 4 6
303584545 0 0
303584544 164 4
303584543 2 0
303584542 0 0
303584541 1 1
303584540 5 3
303584538 6 1
303584537 6 57
303584536 6 7
303584535 4 1
303584534 0 0
303584533 4 5
303584532 5 5
303584531 7 3
303584530 5 7
303584529 5 0
303584528 6 2
303584526 4 1
303584525 2706 281
303584522 13 1
303584520 0 0
303584519 1 0
303584518 6 67
303584517 0 1
303584516 3 0
303584515 0 0
303584514 5 4
303584513 8 0
303584512 7 0
303584511 3 1
303584510 7 28
303584509 2 1
303584508 2 12
303584507 0 0
303584506 3 5
303584505 4 0
303584504 0 1
303584503 0 0
303584502 13 1
303584501 2 0
303584500 5 5
303584499 0 0
303584498 4 5
303584497 0 0
303584496 464 23
303584494 6 10
303584493 115 4
303584492 1 2
303584491 0 0
303584490 0 0
303584489 2 0
303584488 3 5
303584487 0 0
303584486 0 0
303584485 1 0
303584484 3 0
303584483 6 0
303584482 4 0
303584481 4 5
303584480 1 0
303584479 1459 41
303584478 5 0
303584477 4 0
303584476 0 0
303584475 0 0
303584474 0 0
303584473 0 0
303584472 6 3
303584471 3 58
303584469 11 0
303584468 1 0
303584467 2 0
303584466 4 0
303584465 2 0
303584464 2 0
303584463 4 0
303584462 1 1
303584461 1 0
303584460 0 0
303584459 0 2
303584458 9 2
303584457 2 0
303584456 2 1
303584455 0 0
303584454 3 0
303584453 0 0
303584452 360 12
303584451 6 5
303584450 1 1
303584449 3 0
303584448 0 0
303584447 0 0
303584446 0 0
303584445 4 0
303584444 8 4
303584443 4 0
303584442 4 0
303584441 2 1
303584440 2 0
303584437 1 0
303584435 1 1
303584433 159 10
303584432 0 0
303584431 2 0
303584430 1 1
303584429 441 15
303584428 0 1
303584427 4 0
303584426 0 0
303584425 0 0
303584424 8 1
303584423 10 3
303584422 3022 77
303584421 4 0
303584420 4 0
303584418 1 0
303584417 6 4
303584415 1 0
303584414 6 4
303584411 2 0
303584410 1 1
303584409 0 1
303584407 0 0
303584406 6 2
303584405 0 0
303584404 3 0
303584403 0 0
303584402 2 0
303584400 2 0
303584399 0 0
303584397 7 41
303584396 1 0
303584395 3 1
303584394 0 1
303584393 2 0
303584392 1 1
303584391 102 2
303584390 2 0
303584389 0 1
303584388 391 5
303584387 0 0
303584386 0 0
303584385 5 5
303584384 5 0
303584383 1 0
303584381 3 1
303584380 2 0
303584379 1 0
303584378 1 1
303584377 1 0
303584375 2 1
303584374 0 0
303584372 0 1
303584371 5 2
303584370 2 0
303584369 4 1
303584368 0 0
303584367 6 0
303584366 0 0
303584365 3 6
303584364 0 7
303584363 5 3
303584362 2 0
303584361 0 1
303584360 7 0
303584359 1 0
303584358 8 5
303584357 2 0
303584356 5 4
303584355 4 59
303584354 5 1
303584353 3 4
303584352 3 3
303584351 0 0
303584350 1 0
303584349 1 0
303584348 2 0
303584347 1842 110
303584346 5 0
303584345 1 0
303584344 15 7
303584343 5 0
303584342 0 0
303584341 3 3
303584340 5 2
303584339 3 0
303584338 0 0
303584337 1 0
303584336 0 0
303584335 4 2
303584334 0 0
303584333 4 3
303584332 3 0
303584331 1 0
303584329 2 3
303584328 4 3
303584325 5 0
303584324 5 1
303584323 4 1
303584322 4 1
303584321 0 0
303584319 5 0
303584318 0 0
303584317 0 0
303584316 0 1
303584315 4 2
303584314 5 1
303584313 0 0
303584311 4 3
303584310 1 0
303584309 0 0
303584308 1 0
303584307 1 6
303584306 5 3
303584303 2 2
303584302 0 0
303584301 1 0
303584299 1 0
303584298 1 3
303584297 2 1
303584296 7 5
303584295 3 0
303584294 6 6
303584293 1 0
303584292 2 1
303584289 1 0
303584288 1 0
303584287 2 2
303584286 2 0
303584285 2 1
303584284 2 2
303584283 0 2
303584281 2 3
303584280 1 0
303584278 4 0
303584277 2 2
303584274 4 0
303584273 1 3
303584272 0 0
303584271 0 0
303584270 4 3
303584269 5 2
303584268 2 3
303584265 6 0
303584264 3 0
303584263 25 10
303584262 0 2
303584261 0 1
303584260 0 0
303584259 2 5
303584258 0 0
303584256 2 0
303584255 4 4
303584254 0 0
303584253 0 4
303584252 1 3
303584250 0 15
303584249 0 0
303584247 0 0
303584246 1 4
303584244 1 3
303584243 1 4
303584242 2 12
