303955936 1 0
303865688 0 0
303855190 2 1
303854297 1 1
303741931 0 0
303739980 2 0
303706122 2 0
303486253 2 0
303412856 3 1
303406235 4 0
303322872 2 0
303282311 1 0
303250262 0 0
303231330 5 0
303202233 1 0
303076408 2 0
303076261 0 0
302987222 0 0
302809997 16 1
302776147 0 0
302744196 16 0
302730508 4 0
302729467 14 0
302725329 10 0
302724275 4 12
302723378 4 0
302663017 5 1
302643187 5 0
302641915 1 0
302636902 3 0
302636762 7 1
302585697 0 0
302570714 5 6
302570282 3 0
302569406 7 0
302552885 14 0
302549280 0 0
302532761 2 0
302496459 4 0
302490531 3 1
302489670 1 0
302489661 0 0
302489657 0 0
302398303 7 0
302363892 6 0
302315250 30 1
302315244 11 0
302314831 4 1
302314463 7 0
302311930 6 0
302309581 4 0
302274379 0 3
302236553 1 5
302234200 19 0
302231293 3 21
302231287 1 0
302195499 14 1
302181142 1 0
302179400 17 2
302174964 1 0
302174302 14 2
302174270 1 0
302173735 8 0
302173326 1 0
302173292 0 0
302134931 2 0
302125860 2 0
302125857 9 3
302120181 2 0
302117764 39 1
302116171 0 0
302073970 0 1
302073856 14 0
302073850 4 0
302073848 6 0
302072733 10 1
302069753 1 0
302068823 12 17
302031952 3 0
302031366 26 5
302030060 7 3
302027729 8 1
302008006 0 0
301974209 2 0
301970515 8 0
301970184 8 1
301966153 3 0
301966151 2 0
301960669 1 0
301954931 12 1
301942509 7 11
301912321 45 4
301905154 10 1
301903817 8 0
301894261 2 0
301888395 9 2
301876470 8 0
301876447 4 0
301876413 8 1
301864428 0 0
301864368 4 0
301860292 7 0
301860204 9 0
301859833 5 0
301859792 1 0
301855774 5 0
301851811 4 0
301849669 11 2
301849484 12 0
301821259 10 0
301799136 1 0
301799038 4 0
301798614 18 0
301798602 12 0
301797252 10 15
301794186 17 1
301792665 0 1
301791998 0 3
301791738 17 1
301791733 11 0
301791728 23 1
301791722 0 0
301791717 36 4
301791696 9 0
301791690 7 3
301791664 2 0
301791661 23 1
301791362 6 0
301791023 2 5
301791010 2 1
301790825 1 0
301789674 9 0
301787404 1 18
301785792 12 0
301784616 0 3
301778895 0 1
301777177 8 0
301765323 10 0
301757675 1 1
301740422 8 1
301739610 6 0
301739599 9 0
301738011 0 2
301735319 2 6
301734951 9 0
301726464 21 1
301726359 4 0
301726139 12 0
301725670 24 13
301725570 34 4
301725096 4 10
301724664 1 0
301723460 8 1
301723245 11 0
301721788 3 0
301720564 1 3
301718216 3 1
301717954 17 4
301717662 7 2
301717586 7 3
301717473 3 0
301717250 0 3
301717218 1 0
301717145 6 0
301717126 7 1
301716877 0 0
301716760 9 0
301716759 6 1
301716752 28 0
301716749 15 0
301716747 3 3
301716737 7 0
301716731 3 2
301716726 9 0
301716716 1 0
301716708 8 1
301716519 39 3
301716474 7 10
301716358 13 0
301716232 15 2
301716097 1 0
301715994 4 0
301715961 1 0
301715665 9 0
301715648 1 0
301715357 4 0
301714867 0 0
301714471 24 16
301714272 8 0
301714170 4 2
301714077 8 0
301714076 1 0
301713597 8 0
301713080 21 3
301712834 10 0
301712804 64 1
301712562 32 2
301712447 7 4
301712394 1 0
301712289 14 2
301709197 4 0
301709130 2 0
301707587 12 1
301706839 7 71
301705460 12 6
301704932 13 0
301704926 22 0
301686734 9 0
301686537 5 26
301685049 3 2
301684537 0 0
301683520 1 0
301676257 5 2
301669957 0 3
301668865 36 2
301668291 3 0
301665319 44 4
301665311 3 3
301665093 5 4
301665084 2 16
301662313 10 6
301662183 8 0
301658343 10 0
301658172 13 0
301658062 6 0
301656556 18 0
301652636 2 0
301651575 1 0
301651173 0 0
301651166 2 1
301651088 2 1
301650977 1 16
301650959 1 15
301650949 3 3
301650725 8 0
301650640 5 1
301650565 5 0
301650562 4 1
301650536 18 0
301650492 10 0
301650488 1 5
301650390 0 2
301650382 3 19
301650142 23 1
301649943 12 0
301649889 5 0
301649873 1 0
301649719 3 0
301649619 20 0
301649608 12 0
301649605 15 0
301649546 10 0
301649501 1 0
301649479 2 0
301649460 4 1
301649434 0 0
301649428 4 0
301649275 11 0
301649230 2 1
301648607 0 0
301648563 8 3
301647192 0 0
301647158 6 1
301647043 21 1
301647040 10 0
301647038 6 0
301646960 1 0
301646896 1 18
301646839 6 19
301646833 12 0
301646823 11 12
301646679 15 0
301646426 11 9
301646381 0 0
301646378 8 1
301646231 15 1
301646217 10 0
301646145 1 0
301646077 4 0
301645996 5 0
301645887 2 10
301645566 6 10
301645482 32 2
301645276 17 0
301645063 21 0
301644931 17 0
301644857 0 1
301644832 15 0
301644803 4 0
301644534 12 0
301644526 2 0
301644357 2 7
301643949 3 0
301643916 21 0
301643881 5 0
301643849 0 0
301643807 2 18
301643806 2 15
301643572 3 26
301643518 16 1
301643443 0 0
301643334 3 0
301643133 9 1
301643129 11 0
301643123 6 3
301643115 5 0
301642989 11 0
301642942 13 1
301642892 10 0
301642871 119 5
301642850 29 0
301642657 0 0
301642610 11 2
301642574 5 12
301642567 6 22
301642536 3 0
301642520 7 0
301642384 11 1
301642289 12 0
301642226 11 0
301642221 4 6
301642028 0 0
301641843 7 10
301641825 10 0
301641684 5 6
301641508 4 1
301641468 15 2
301641302 0 7
301641275 1 13
301640883 26 0
301640881 14 2
301640645 9 1
301640619 9 0
301640444 16 0
301640227 3 0
301640110 3 1
301640038 0 3
301639700 0 2
301639688 0 0
301639610 0 0
301639243 1 16
301638747 2 0
301637814 23 0
301637498 1 23
301636755 0 0
301635212 22 0
301634806 1 0
301632476 0 0
301632463 0 1
301632449 10 4
301632440 12 8
301632439 5 7
301632431 6 9
301632399 0 20
301632394 0 2
301632350 7 4
301632336 1 1
301632303 6 16
301632290 5 3
301632203 12 2
301632187 10 15
301632172 0 0
301632171 11 2
301632149 5 6
301632089 7 0
301632081 3 10
301631975 9 0
301631966 13 0
301631935 0 0
301631884 1 0
301631727 6 1
301631699 4 3
301631686 1 0
301631666 33 2
301631657 7 0
301631609 5 14
301631594 15 3
301631562 0 39
301631558 1 5
301631554 8 5
301631515 12 0
301631508 10 13
301631503 6 7
301631414 5 1
301631362 0 0
301631326 7 1
301631324 2 2
301631322 7 0
301631287 7 10
301631283 7 1
301631249 0 1
301631248 1 0
301631230 9 6
301631223 0 0
301631219 10 7
301631213 11 0
301631164 1 1
301631158 15 4
301631057 7 25
301631008 0 2
301630923 1 3
301630909 1 3
301630884 0 2
301630881 7 10
301630871 9 10
301630856 7 4
301630847 0 23
301630841 3 2
301630816 0 1
301630789 5 10
301630770 1 1
301630764 10 1
301630629 5 0
301630514 7 4
301630499 8 0
301630486 4 3
301630384 13 24
301630383 9 23
301630372 0 0
301630302 6 1
301630297 0 0
301630288 3 0
301630270 1 2
301630266 3 0
301630244 19 15
301630212 9 0
301630141 5 0
301630137 5 19
301629997 0 2
301629977 5 2
301629973 8 0
301629964 10 23
301629960 14 0
301629959 10 20
301629931 22 0
301629907 9 0
301629900 1 0
301629877 18 0
301629870 3 0
301629800 10 19
301629731 11 0
301629724 6 0
301629721 67 1
301629688 12 17
301629646 6 17
301629444 5 14
301629432 9 14
301629294 1 1
301629261 6 1
301629239 1 0
301629194 6 16
301629089 0 2
301629054 15 22
301628880 5 1
301628810 3 30
301628786 6 0
301628618 2 0
301628613 0 5
301628611 2 0
301628410 3 11
301628372 8 11
301628364 23 13
301628336 3 0
301628099 1 2
301628022 10 10
301627942 10 0
301627924 44 6
301627896 11 0
301627490 15 9
301627401 0 5
301627400 0 5
301627399 0 5
301627333 0 2
301627084 14 16
301626398 21 10
301624841 11 10
301624289 1 1
301623369 8 19
301621819 5 7
301619917 0 0
301619647 24 13
301619311 14 7
301619289 1 21
301619260 0 3
301619242 5 6
301619226 1 0
301619180 14 12
301619107 15 8
301619092 8 1
301619072 6 14
301619055 1 4
301619018 12 12
301619003 7 10
301618940 10 21
301618859 6 66
301618856 11 30
301618839 0 0
301618838 0 0
301618833 10 9
301618725 2 1
301618659 8 1
301618637 4 21
301618634 8 1
301618625 0 23
301618557 7 7
301618495 0 2
301618489 9 3
301618481 8 1
301618469 5 13
301618412 9 11
301618369 3 0
301618342 5 0
301618333 10 8
301618315 9 2
301618249 2 22
301618125 0 2
301617906 51 1
301617768 6 1
301617762 4 14
301617643 0 0
301617404 14 7
301617320 4 15
301617204 7 7
301617103 1 26
301617092 2 0
301616781 0 3
301616008 30 2
301615943 6 7
301615927 1 0
301615918 1 0
301615875 1 0
301615821 1 0
301615808 11 1
301615607 3 2
301615414 1 0
301614985 0 0
301614949 7 4
301614721 1 0
301612975 5 4
301612744 1 55
301611923 0 14
301611905 2 0
301611805 8 6
301611802 0 2
301611754 1 0
301611713 2 1
301611708 11 6
301611688 0 18
301611625 0 0
301611589 1 1
301611574 18 4
301611515 7 8
301611495 0 0
301611388 16 7
301611382 5 7
301611380 3 2
301611362 5 9
301611338 0 5
301611326 5 8
301611312 2 0
301611304 9 3
301611295 2 13
301611279 24 4
301611275 11 34
301611263 24 1
301611261 22 3
301611169 1 0
301611116 5 0
301611114 0 1
301611101 0 0
301611080 1 0
301611076 0 2
301611054 3 9
301611001 6 0
301610997 1 0
301610806 8 1
301610734 9 0
301610733 12 1
301610684 2 1
301610617 10 4
301610604 11 8
301610564 8 3
301610531 2 5
301610495 1 1
301610488 7 5
301610375 1 10
301610298 7 7
301610296 2 7
301610295 4 5
301610283 1 8
301610124 1 1
301610034 4 1
301610024 10 0
301610022 16 1
301610016 2 6
301609945 14 3
301609903 1 0
301609881 3 0
301609721 29 1
301609677 0 0
301609586 1 0
301609487 8 5
301609141 0 0
301609130 1 1
301609113 1 9
301609039 0 1
301608930 12 2
301608917 4 37
301608913 3 5
301608770 19 39
301608614 5 12
301608587 6 5
301608555 5 9
301608351 0 1
301608174 2 0
301607857 4 2
301607692 4 2
301607478 20 0
301607357 1 4
301606910 2 0
301606588 2 1
301606481 0 0
301606475 2 1
301606465 4 1
301606449 1 3
301605709 0 0
301605370 5 6
301605351 9 4
301605027 0 10
301604890 7 1
301604718 9 22
301604674 0 1
301604639 12 2
301604559 1 11
301604355 0 0
301604093 1 19
301603955 7 4
301603683 3 4
301603387 13 5
301603102 16 7
301602831 1 2
301601726 3 2
301600601 0 0
301598421 5 10
301598151 7 7
301598134 9 10
301598014 9 4
301597826 4 4
301597822 0 0
301597793 0 0
301597779 9 1
301597751 8 0
301597750 4 4
301597737 7 19
301597724 0 0
301597703 4 6
301597687 10 0
301597664 6 3
301597662 0 0
301597648 0 0
301597642 1 0
301597630 2 4
301597611 3 0
301597578 9 7
301597574 9 0
301597522 0 0
301597497 1 1
301597485 0 0
301597483 0 0
301597456 9 16
301597437 5 1
301597425 6 7
301597417 1 0
301597409 5 2
301597408 2 2
301597405 0 0
301597395 9 6
301597390 1 0
301597387 1 0
301597370 12 4
301597369 3 8
301597354 4 7
301597340 2 7
301597295 7 9
301597282 3 0
301597279 3 15
301597267 6 26
301597257 5 23
301597250 10 2
301597248 17 3
301597236 1 0
301597217 12 9
301597192 0 1
301597160 2 58
301597154 8 3
301597140 0 0
301597065 0 0
301597043 14 9
301597023 0 0
301597010 1 3
301597007 2 0
301596993 0 1
301596946 15 16
301596902 2 1
301596846 0 3
301596813 0 3
301596811 0 0
301596810 5 23
301596790 1 1
301596781 1 1
301596778 0 0
301596775 0 16
301596765 28 0
301596760 0 0
301596744 0 0
301596698 0 0
301596694 0 1
301596669 0 15
301596519 4 0
301596514 2 2
301596511 4 0
301596509 7 14
301596508 8 0
301596493 0 1
301596471 2 14
301596444 14 0
301596331 31 0
301596329 1 0
301596324 10 1
301596323 11 0
301596269 11 10
301596262 0 0
301596241 0 0
301596240 10 9
301596237 9 17
301596190 1 2
301596187 1 2
301596173 2 1
301596126 15 15
301596105 0 0
301596100 0 1
301596082 5 12
301596060 2 1
301596040 5 33
301595973 7 20
301595963 2 3
301595947 16 2
301595941 44 0
301595933 19 0
301595909 19 0
301595898 0 0
301595890 16 6
301595886 6 0
301595885 0 0
301595882 0 0
301595881 26 0
301595875 10 1
301595868 30 2
301595863 0 0
301595858 1 0
301595841 7 7
301595833 1 5
301595819 7 7
301595760 4 8
301595739 3 8
301595726 1 0
301595675 0 0
301595608 6 2
301595473 2 0
301595241 2 6
301595214 1 9
301595146 9 5
301595138 2 0
301595058 0 5
301594953 1 0
301594908 4 0
301594906 0 0
301594887 13 28
301594867 11 12
301594775 5 4
301594772 4 7
301594704 6 0
301594668 0 0
301594657 7 15
301594624 0 0
301594618 0 0
301594550 0 1
301594484 13 0
301594415 0 1
301594378 1 0
301594370 48 0
301594331 7 0
301594284 11 2
301594230 6 3
301594202 9 0
301594181 9 0
301594144 2 12
301594093 0 0
301594017 9 1
301594014 6 7
301593927 13 1
301593911 7 2
301593769 8 4
301593718 10 3
301593687 10 7
301593626 10 0
301593569 2 0
301593546 7 1
301593526 1 4
301593440 26 0
301593373 16 4
301593261 2 0
301593091 3 0
301593085 4 2
301592966 17 0
301592902 1 0
301592812 15 1
301592759 19 2
301592624 0 1
301592470 6 0
301592468 12 5
301592463 9 5
301592340 3 31
301592320 11 6
301592260 15 7
301592250 0 0
301592158 4 2
301592031 6 5
301591977 1 0
301591961 0 0
301591926 1 0
301591911 13 4
301591838 4 3
301591674 0 9
301591651 4 0
301591543 0 0
301591312 48 4
301591107 7 8
301591105 2 2
301591104 3 2
301591070 2 3
301591055 3 4
301590971 28 1
301590933 4 1
301590930 1 6
301590890 6 0
301590824 19 2
301590796 6 0
301590738 3 2
301590680 8 2
301590590 0 0
301590277 0 0
301590058 0 0
301589736 16 0
301589610 0 0
301589486 6 3
301589153 7 0
301589099 0 0
301588789 119 2
301588040 0 0
301587931 1 0
301587108 5 2
301587020 2 1
301587005 20 13
301587000 1 0
301586944 5 4
301586869 5 3
301586798 0 0
301586704 1 1
301586672 2 8
301586638 26 1
301586550 8 2
301586470 6 1
301586468 4 4
301586367 6 3
301586300 0 0
301586222 0 0
301586183 0 0
301586181 0 0
301586178 3 0
301586176 0 0
301586174 7 57
301586168 4 6
301586165 0 0
301586164 4 4
301586162 0 0
301586160 7 4
301586159 5 4
301586149 0 0
301586147 0 0
301586146 0 0
301586145 29 0
301586143 6 0
301586142 1 0
301586141 6 5
301586140 2 3
301586139 6 0
301586137 0 0
301586135 11 0
301586128 12 0
301586127 40 0
301586125 23 0
301586121 10 7
301586120 7 5
301586118 4 3
301586114 11 2
301586113 10 8
301586112 5 33
301586108 3 4
301586106 0 0
301586105 2 2
301586103 34 0
301586099 2 1
301586096 6 13
301586094 0 0
301586092 6 4
301586089 4 2
301586088 0 0
301586087 1 4
301586086 0 2
301586085 1 4
301586084 2 0
301586082 4 4
301586081 1 4
301586080 4 4
301586079 1 9
301586078 2 1
301586073 1 1
301586072 0 2
301586071 0 1
301586069 1 0
301586068 1 0
301586065 2 16
301586063 7 3
301586058 4 1
301586057 2 3
301586056 1 2
301586055 2 2
301586053 10 0
301586051 0 0
301586050 1 3
301586048 0 0
301586047 7 0
301586046 3 3
301586044 1 4
301586042 3 2
301586040 3 1
301586035 0 0
301586032 0 0
301586028 0 0
301586027 12 0
301586023 0 0
301586021 8 11
301586020 0 0
301586019 15 1
301586018 10 0
301586013 1 8
301586012 20 0
301586006 9 0
301586004 20 4
301586002 11 9
301586000 0 0
301585994 0 0
301585985 8 1
301585984 7 8
301585982 1 0
301585976 5 1
301585974 11 1
301585971 1 9
301585970 4 4
301585967 0 0
301585965 1 5
301585964 1 1
301585963 0 1
301585962 1 4
301585961 0 0
301585957 6 8
301585956 4 1
301585954 0 1
301585951 1 6
301585948 1 6
301585947 0 0
301585945 0 1
301585942 0 1
301585936 9 1
301585931 0 0
301585927 9 0
301585925 14 4
301585923 14 0
301585920 3 0
301585917 4 1
301585913 0 0
301585905 12 1
301585902 5 1
301585900 0 0
301585898 12 27
301585895 6 2
301585893 11 0
301585890 13 2
301585888 10 1
301585887 8 1
301585885 3 2
301585884 21 0
301585882 3 1
301585881 20 0
301585878 8 1
301585877 25 1
301585876 1 0
301585875 0 1
301585869 1 0
301585867 0 3
301585866 14 22
301585865 1 1
301585863 0 1
301585859 0 0
301585857 5 0
301585855 0 0
301585848 4 2
301585845 0 1
301585843 0 0
301585842 0 0
301585839 0 1
301585836 0 2
301585835 1 5
301585833 2 5
301585831 0 2
301585830 40 1
301585827 4 2
301585825 6 2
301585823 1 2
301585820 0 4
301585819 3 1
301585818 2 11
301585817 3 1
301585811 5 4
301585807 1 5
301585799 4 6
301585795 0 3
301585791 3 2
301585787 3 4
301585786 0 1
301585785 2 1
301585784 2 10
301585781 2 0
301585780 7 0
301585778 5 3
301585775 2 1
301585774 3 5
301585773 2 0
301585770 0 2
301585769 10 9
301585767 2 8
301585764 0 2
301585763 3 0
301585758 0 0
301585757 16 0
301585756 2 4
301585748 11 21
301585745 8 15
301585744 0 0
301585742 2 13
301585740 10 3
301585739 7 3
301585737 5 4
301585736 1 1
301585735 3 0
301585732 2 0
301585731 1 0
301585730 1 0
301585729 0 1
301585725 1 0
301585723 0 12
301585722 8 45
301585721 0 0
301585719 2 1
301585717 0 0
301585716 3 15
301585715 0 2
301585714 0 1
301585709 0 2
301585691 7 31
301585686 11 4
301585681 8 0
301585678 3 12
301585668 1 1
301585667 8 1
301585663 6 13
301585662 2 16
301585661 0 0
301585657 11 15
301585647 4 2
301585644 2 10
301585639 0 2
301585636 3 3
301585633 18 30
301585628 5 9
301585627 5 10
301585624 13 6
301585621 4 27
301585619 6 13
301585613 17 8
301585612 17 7
301585611 0 0
301585607 1 2
301585606 0 7
301585601 6 11
301585600 7 0
301585599 19 3
301585598 0 2
301585595 0 0
301585594 4 1
301585593 1 2
301585591 0 0
301585590 5 1
301585589 1 1
301585586 0 0
301585585 4 5
301585583 137 7
301585582 6 2
301585579 9 6
301585577 0 0
301585576 3 5
301585572 3 0
301585569 7 0
301585565 6 7
301585564 8 9
301585563 0 1
301585560 8 1
301585555 0 0
301585553 6 3
301585552 1 1
301585551 2 1
301585550 6 7
301585549 15 3
301585544 8 26
301585542 7 6
301585541 0 0
301585537 0 0
301585536 5 0
301585534 1 0
301585529 0 0
301585527 24 1
301585524 6 0
301585523 2 2
301585522 0 0
301585521 0 0
301585517 0 0
301585513 10 0
301585511 1 0
301585509 28 1
301585508 2 0
301585506 3 1
301585505 0 0
301585502 9 1
301585500 1 6
301585498 1 3
301585496 0 0
301585492 4 0
301585491 6 1
301585485 6 2
301585484 3 0
301585482 8 1
301585478 9 0
301585477 2 7
301585476 16 2
301585474 15 1
301585469 3 0
301585468 0 0
301585466 0 0
301585464 4 1
301585463 21 3
301585462 4 0
301585460 2 1
301585458 2 0
301585455 5 2
301585454 0 0
301585453 6 0
301585452 1 0
301585451 8 0
301585444 2 31
301585441 4 2
301585440 0 1
301585436 1 0
301585435 5 1
301585434 9 3
301585433 0 3
301585432 1 1
301585430 1 2
301585423 0 1
301585422 0 0
301585421 0 9
301585419 0 0
301585417 0 0
301585414 13 0
301585413 1 0
301585412 3 6
301585411 6 3
301585410 4 10
301585409 0 0
301585407 8 9
301585399 26 2
301585397 126 3
301585396 1 18
301585394 6 13
301585393 2 8
301585392 0 2
301585391 9 30
301585389 4 8
301585388 8 9
301585386 1 2
301585385 11 0
301585382 8 1
301585380 7 4
301585378 2 9
301585376 1 0
301585374 0 2
301585371 3 31
301585368 1 7
301585364 1 2
301585363 0 2
301585362 0 2
301585358 1 14
301585357 7 1
301585353 1 1
301585351 0 2
301585348 3 0
301585347 18 0
301585346 9 0
301585344 14 10
301585343 6 2
301585340 29 0
301585339 1 0
301585338 7 22
301585337 9 30
301585336 9 7
301585335 8 13
301585334 2 7
301585333 2 5
301585330 0 2
301585329 3 0
301585328 6 7
301585327 1 4
301585323 2 2
301585321 13 2
301585319 8 9
301585317 9 1
301585315 9 9
301585314 0 1
301585312 3 2
301585311 11 2
301585309 1 2
301585307 0 2
301585306 13 10
301585305 8 3
301585304 0 1
301585303 0 0
301585301 3 8
301585300 0 0
301585298 12 1
301585297 2 4
301585296 11 13
301585295 1 1
301585294 0 0
301585293 2 3
301585291 1 4
301585288 0 1
301585285 6 4
301585283 0 33
301585282 7 10
301585281 4 2
301585279 4 9
301585278 17 1
301585276 0 2
301585275 4 43
301585274 1 2
301585273 3 7
301585270 1 4
301585269 0 2
301585268 3 9
301585266 21 2
301585263 8 1
301585262 0 2
301585261 41 6
301585257 1 0
301585256 4 0
301585254 4 1
301585253 8 8
301585252 1 2
301585251 7 1
301585250 1 2
301585248 3 1
301585247 4 6
301585245 11 2
301585244 1 1
301585243 4 3
301585240 4 6
301585237 2 1
301585236 2 17
301585234 6 2
301585231 5 18
301585226 5 16
301585224 10 12
301585222 0 4
301585221 1 7
301585220 4 5
301585219 8 13
301585217 2 12
301585214 12 14
301585212 0 2
301585210 0 12
301585208 1 3
301585207 2 1
301585206 1 3
301585205 2 18
301585204 1 5
301585203 3 2
301585201 0 3
301585198 0 2
301585196 22 14
301585193 9 7
301585189 2 8
301585186 1 1
301585182 7 3
301585178 1 2
301585175 10 3
301585172 5 1
301585170 3 8
301585169 15 5
301585167 3 1
301585166 1 0
301585161 3 0
301585159 4 3
301585158 6 4
301585153 30 4
301585152 5 6
301585150 4 6
301585148 2 4
301585147 1 1
301585142 2 1
301585141 6 5
301585139 0 0
301585138 0 1
301585137 1 1
301585136 0 0
301585132 2 7
301585130 37 2
301585129 0 0
301585124 0 2
301585123 0 2
301585120 5 3
301585119 4 2
301585115 3 0
301585113 1 2
301585112 3 2
301585111 0 0
301585110 0 0
301585108 1 3
301585106 5 8
301585105 8 1
301585104 41 4
301585103 0 0
301585101 0 0
301585092 2 7
301585091 1 0
301585086 7 0
301585079 13 8
301585078 2 4
301585075 1 0
301585073 0 2
301585069 17 0
301585067 1 0
301585059 1 17
301585058 15 1
301585057 0 1
301585054 0 0
301585053 0 0
301585051 1 2
301585050 4 1
301585049 9 3
301585048 7 2
301585047 6 16
301585045 11 9
301585043 2 0
301585040 6 6
301585039 18 5
301585038 24 1
301585036 4 5
301585035 0 0
301585034 0 0
301585033 10 2
301585030 0 0
301585028 15 7
301585027 2 2
301585025 0 0
301585024 0 0
301585023 6 3
301585022 1 16
301585021 0 0
301585020 0 0
301585019 1 0
301585018 7 7
301585017 5 19
301585016 2 8
301585015 0 0
301585013 7 6
301585008 1 8
301585006 1 2
301585005 2 3
301585004 1 9
301585003 11 12
301585001 11 18
301585000 2 0
301584999 9 10
301584998 0 0
301584997 17 26
301584996 0 0
301584995 8 2
301584993 1 0
301584992 3 0
301584991 6 12
301584990 3 6
301584989 5 6
301584986 3 1
301584985 10 2
301584984 0 0
301584982 17 7
301584979 7 2
301584977 13 26
301584975 13 3
301584972 30 0
301584970 0 0
301584967 1 0
301584966 1 0
301584964 1 0
301584959 11 1
301584958 6 5
301584957 7 11
301584954 5 3
301584952 2 2
301584950 5 4
301584949 3 20
301584947 0 0
301584945 6 15
301584942 0 0
301584941 0 0
301584940 13 14
301584937 18 0
301584936 0 0
301584934 9 16
301584933 0 3
301584932 0 2
301584931 1 1
301584930 0 1
301584927 4 18
301584926 12 3
301584924 7 1
301584922 2 8
301584920 2 3
301584918 4 16
301584916 7 5
301584915 0 0
301584913 3 1
301584912 0 0
301584911 0 0
301584909 5 1
301584906 16 13
301584905 37 3
301584903 13 13
301584902 6 0
301584898 6 5
301584892 17 12
301584890 11 3
301584889 0 0
301584887 13 0
301584886 3 3
301584884 14 3
301584883 2 4
301584882 2 4
301584881 5 9
301584880 2 7
301584879 4 2
301584878 5 8
301584877 7 9
301584874 0 2
301584873 4 10
301584872 0 0
301584871 1 4
301584868 0 0
301584867 5 5
301584864 9 15
301584863 0 0
301584862 0 0
301584861 0 1
301584856 0 2
301584855 1 3
301584854 7 14
301584851 0 1
301584850 0 1
301584849 0 0
301584847 3 10
301584846 6 7
301584842 43 6
301584840 15 0
301584839 2 1
301584836 12 55
301584835 0 0
301584833 0 0
301584831 5 5
301584830 3 5
301584828 7 9
301584820 0 0
301584818 6 16
301584817 7 1
301584816 1 0
301584815 0 0
301584814 3 7
301584813 6 6
301584812 2 11
301584811 0 0
301584809 0 1
301584807 0 0
301584805 0 0
301584802 22 1
301584801 0 0
301584800 0 1
301584799 0 0
301584798 2 7
301584797 1 2
301584796 5 18
301584795 0 1
301584794 0 1
301584792 0 0
301584791 7 14
301584790 10 0
301584789 1 1
301584788 9 5
301584787 5 11
301584786 1 1
301584785 4 4
301584784 2 12
301584783 0 0
301584782 1 0
301584781 13 2
301584779 5 12
301584778 5 2
301584776 6 8
301584775 3 8
301584768 1 15
301584767 0 0
301584765 0 1
301584762 0 0
301584759 0 0
301584758 4 12
301584755 0 1
301584751 0 4
301584748 1 2
301584747 5 2
301584744 0 0
301584743 0 1
301584740 7 11
301584738 0 0
301584735 1 14
301584732 0 7
301584731 0 0
301584729 3 0
301584726 4 1
301584723 2 4
301584722 0 0
301584721 1 0
301584719 1 3
301584714 0 8
301584711 1 3
301584709 1 3
301584708 0 1
301584706 0 2
301584703 0 0
301584700 0 0
301584698 8 2
301584697 4 7
301584696 19 2
301584695 0 0
301584693 0 1
301584690 2 2
301584689 19 1
301584688 0 1
301584686 27 1
301584685 28 3
301584683 28 3
301584682 24 2
301584681 7 48
301584679 46 5
301584678 13 0
301584676 16 0
301584674 32 2
301584673 0 0
301584672 8 0
301584671 0 0
301584670 13 0
301584669 0 0
301584668 22 1
301584667 22 2
301584664 37 1
301584661 1 1
301584656 0 0
301584653 1 0
301584650 0 0
301584648 0 0
301584645 0 0
301584642 0 0
301584641 0 0
301584640 0 0
301584639 4 1
301584636 7 5
301584635 2 6
301584634 4 3
301584631 1 5
301584630 3 0
301584629 0 0
301584627 0 0
301584620 0 0
301584619 16 1
301584618 1 0
301584617 1 1
301584616 0 2
301584615 16 2
301584613 17 1
301584612 1 2
301584611 41 1
301584610 16 3
301584607 3 1
301584605 0 0
301584603 0 0
301584601 1 0
301584600 8 1
301584596 2 0
301584592 0 0
301584591 3 14
301584590 0 0
301584587 1 22
301584586 0 1
301584585 0 0
301584584 22 5
301584581 321 7
301584580 2 0
301584578 1 1
301584577 11 1
301584575 1 1
301584574 1 1
301584573 8 2
301584572 0 2
301584570 0 2
301584569 2 1
301584566 4 0
301584560 0 0
301584559 17 1
301584558 0 0
301584557 0 0
301584556 5 8
301584554 7 10
301584553 0 1
301584550 0 0
301584549 2 0
301584548 0 0
301584547 0 0
301584545 2 6
301584543 0 0
301584542 55 0
301584541 2 4
301584539 2 0
301584538 1 0
301584537 9 16
301584536 6 1
301584534 0 0
301584533 0 1
301584532 0 0
301584529 2 16
301584528 44 5
301584527 2 0
301584526 4 8
301584525 8 7
301584522 1 0
301584518 1 4
301584517 2 0
301584516 9 1
301584514 6 1
301584512 9 5
301584511 3 16
301584510 7 0
301584508 1 0
301584507 4 1
301584504 3 1
301584503 1 29
301584502 1 23
301584501 14 0
301584499 4 0
301584498 7 9
301584497 4 1
301584495 14 3
301584494 11 39
301584493 3 9
301584492 0 1
301584491 1 20
301584490 13 14
301584488 14 3
301584487 3 21
301584486 10 1
301584485 0 0
301584484 3 1
301584483 2 2
301584482 5 14
301584481 0 0
301584480 2 1
301584479 12 12
301584477 16 1
301584476 4 13
301584473 3 9
301584472 0 3
301584470 1 2
301584469 9 10
301584468 3 0
301584467 18 0
301584466 0 1
301584465 0 0
301584463 2 2
301584462 2 3
301584461 3 0
301584460 1 2
301584458 2 4
301584457 0 6
301584456 11 3
301584455 1 0
301584454 27 2
301584453 1 1
301584451 37 2
301584450 1 1
301584448 4 2
301584447 0 0
301584446 8 12
301584445 4 2
301584443 5 6
301584440 0 2
301584439 0 1
301584438 38 3
301584437 2 0
301584435 3 3
301584433 2 5
301584432 1 6
301584428 0 5
301584427 19 3
301584424 0 0
301584422 2 0
301584421 0 0
301584420 0 0
301584416 2 8
301584415 5 0
301584414 0 0
301584413 0 0
301584412 3 0
301584411 3 1
301584409 7 3
301584408 1 4
301584406 3 0
301584403 5 12
301584401 16 3
301584400 3 1
301584399 0 0
301584398 1 0
301584397 3 0
301584396 3 0
301584395 0 0
301584393 2 2
301584390 0 1
301584389 0 0
301584388 8 10
301584385 0 0
301584384 6 1
301584383 4 1
301584381 0 0
301584379 4 1
301584378 0 21
301584377 6 0
301584376 27 2
301584373 3 0
301584372 255 11
301584369 10 2
301584368 0 11
301584367 0 0
301584366 25 4
301584359 3 7
301584358 2 7
301584357 2 0
301584356 17 1
301584355 2 0
301584354 9 0
301584353 0 1
301584352 5 0
301584350 3 1
301584349 16 0
301584348 13 12
301584347 19 0
301584346 0 0
301584345 1 2
301584344 0 1
301584343 5 13
301584342 0 0
301584341 0 0
301584340 11 1
301584339 34 19
301584337 1 0
301584336 10 5
301584335 11 11
301584334 3 4
301584333 1 2
301584332 2 0
301584331 2 1
301584330 8 1
301584329 0 2
301584328 11 0
301584325 4 1
301584324 2 2
301584323 8 1
301584321 4 1
301584320 21 1
301584318 3 0
301584317 2 0
301584316 0 2
301584314 4 6
301584312 9 5
301584311 3 13
301584309 4 0
301584306 1 9
301584302 2 1
301584301 14 1
301584300 14 0
301584299 2 20
301584298 4 9
301584297 0 1
301584296 1 0
301584292 4 12
301584289 2 3
301584287 0 1
301584285 10 0
301584284 7 1
301584283 1 4
301584282 1 6
301584280 7 2
301584279 20 1
301584278 4 1
301584277 0 1
301584274 15 1
301584273 6 1
301584272 21 1
301584271 3 4
301584269 23 4
301584268 10 2
301584267 6 0
301584266 14 0
301584265 5 1
301584264 13 0
301584263 23 3
301584262 333 3
301584261 2 0
301584260 11 0
301584256 17 1
301584255 1 2
301584254 6 1
301584253 2 0
301584249 1 0
301584247 0 3
301584246 5 1
301584242 2 0
301584241 0 2
301584240 0 3
301584239 7 0
301584237 0 2
301584233 4 10
301584232 1 1
301584228 7 11
301584226 0 1
301584225 3 1
301584222 2 2
301584220 0 1
301584219 3 1
301584218 8 5
301584213 1 3
301584210 7 2
301584208 9 2
301584206 1 2
301584204 8 1
301584201 10 0
301584196 5 2
301584194 1 1
301584192 0 1
301584191 7 2
301584189 14 0
301584187 4 2
301584185 17 1
301584184 3 3
301584183 3 1
301584181 1 0
301584180 1 2
301584178 8 0
301584177 3 0
301584176 15 0
301584175 6 4
301584174 0 1
301584173 4 1
301584171 1 0
301584169 1 0
301584168 17 0
301584167 0 1
301584164 8 0
301584162 13 0
301584161 3 1
301584157 12 1
301584156 7 0
301584155 3 1
301584154 4 0
301584152 8 6
301584151 14 1
301584150 17 3
301584149 9 6
301584148 10 8
301584147 1 0
301584145 17 5
301584144 49 1
301584142 0 9
301584141 5 1
301584140 6 7
301584139 159 3
301584137 9 1
301584135 0 0
301584134 17 9
301584133 6 10
301584132 2 6
301584131 0 1
301584129 0 1
301584128 8 3
301584127 4 9
301584126 147 4
301584124 0 31
301584122 5 1
301584121 24 1
301584120 7 54
301584118 6 2
301584117 2 1
301584116 9 0
301584114 1 0
301584111 7 2
301584109 6 1
301584108 0 3
301584107 4 1
301584104 0 2
301584101 12 0
301584100 0 1
301584099 0 1
301584098 3 0
301584097 4 8
301584095 22 1
301584094 10 1
301584093 34 2
301584090 34 3
301584089 16 3
301584088 6 1
301584087 23 0
301584086 0 1
301584085 0 1
301584084 0 0
301584079 6 1
301584078 0 2
301584077 1 1
301584076 792 7
301584075 6 5
301584073 262 4
301584072 1 1
301584071 22 0
301584070 1 0
301584068 13 0
301584066 19 0
301584065 9 0
301584063 7 10
301584062 12 0
301584060 0 2
301584059 12 0
301584057 9 0
301584056 38 0
301584053 19 1
301584052 9 71
301584050 25 5
301584048 11 2
301584047 23 2
301584046 1 1
301584045 0 2
301584043 5 6
301584040 24 1
301584038 14 4
301584037 206 3
301584036 17 0
301584035 0 0
301584034 21 1
301584032 18 0
301584030 5 3
301584029 19 0
301584028 1 2
301584026 6 1
301584023 398 5
301584022 17 1
301584021 0 1
301584020 15 0
301584019 0 1
301584018 24 4
301584017 5 1
301584015 10 1
301584014 22 4
301584012 8 1
301584011 1 5
301584007 10 6
301584006 8 1
301584005 24 0
301584004 1 1
301584003 2 0
301584000 14 1
301583998 0 1
301583997 12 1
301583996 14 0
301583995 14 2
301583993 3 5
301583992 274 8
301583991 22 3
301583990 4 1
301583989 0 2
301583988 0 4
301583986 13 2
301583985 0 2
301583984 0 4
301583982 0 1
301583981 5 1
301583980 8 2
301583978 32 9
301583977 9 3
301583976 9 4
301583974 13 4
301583971 4 8
301583967 4 4
301583966 2 5
301583965 3 2
301583964 2 0
301583963 0 1
301583962 26 2
301583958 2 22
301583957 5 1
301583955 3 0
301583954 397 14
301583953 2 0
301583952 20 2
301583951 505 4
301583948 14 2
301583947 4 2
301583946 437 7
301583945 5 0
301583944 6 2
301583943 4 2
301583942 18 23
301583940 2 0
301583939 3 1
301583938 2 9
301583937 0 2
301583936 11 0
301583935 12 0
301583934 0 4
301583932 3 1
301583930 3 11
301583928 0 0
301583927 36 1
301583926 4 0
301583925 0 1
301583924 15 1
301583922 4 5
301583921 41 1
301583920 4 0
301583918 0 21
301583917 0 1
301583916 194 4
301583915 0 3
301583914 1 0
301583913 10 25
301583912 1 0
301583911 1 0
301583910 2 2
301583908 0 1
301583907 32 2
301583906 3 0
301583905 15 1
301583904 9 0
301583902 25 13
301583901 0 9
301583900 8 0
301583899 10 0
301583898 5 2
301583897 0 2
301583896 16 1
301583895 10 72
301583894 0 1
301583893 0 1
301583891 3 1
301583890 1 0
301583889 0 1
301583888 12 0
301583887 35 5
301583885 5 0
301583884 5 2
301583883 4 2
301583882 2 0
301583881 16 0
301583879 22 2
301583878 1 2
301583876 0 1
301583874 1 1
301583873 1 0
301583872 2 7
301583871 710 16
301583870 567 7
301583869 1 0
301583868 0 0
301583867 368 9
301583866 3 0
301583865 2 46
301583862 4 18
301583861 29 2
301583860 18 0
301583859 3 1
301583858 1 11
301583856 8 4
301583854 32 2
301583853 0 17
301583852 7 2
301583851 9 0
301583850 0 1
301583849 0 2
301583848 2 6
301583846 508 13
301583845 13 4
301583844 5 8
301583843 3 0
301583841 2 10
301583839 2 5
301583838 5 7
301583837 4 15
301583835 434 14
301583834 338 2
301583833 2 0
301583832 6 1
301583831 25 25
301583830 0 2
301583829 2 1
301583828 280 21
301583824 1 1
301583823 448 10
301583822 1 12
301583821 3 0
301583820 4 1
301583819 2 1
301583818 0 1
301583817 1 0
301583816 0 3
301583815 16 1
301583814 11 5
301583813 0 3
301583810 3 0
301583809 9 16
301583808 1 1
301583807 286 8
301583805 1 1
301583803 5 1
301583801 7 1
301583800 50 1
301583799 4 22
301583798 0 2
301583797 0 1
301583796 11 0
301583795 0 1
301583794 5 1
301583793 0 2
301583790 1 1
301583789 9 5
301583787 1 1
301583786 10 0
301583785 5 18
301583782 485 7
301583781 14 5
301583779 24 2
301583778 7 2
301583777 4 1
301583776 6 1
301583775 306 6
301583774 11 3
301583773 10 1
301583772 12 0
301583771 944 19
301583769 495 6
301583768 764 12
301583767 1 3
301583766 480 10
301583765 1 1
301583764 810 18
301583763 2 0
301583762 431 12
301583761 6 26
301583760 4 2
301583758 586 14
301583757 29 0
301583754 2293 59
301583752 7 3
301583751 1 2
301583750 26 2
301583749 4 12
301583746 1 0
301583745 6 1
301583744 24 3
301583743 14 6
301583742 5 24
301583741 16 0
301583740 2 0
301583739 4 2
301583738 6 14
301583737 14 1
301583736 357 5
301583734 0 2
301583733 14 0
301583732 1 2
301583731 2 20
301583730 2 2
301583729 8 1
301583726 360 5
301583725 1 1
301583724 0 2
301583721 527 16
301583720 4 1
301583719 12 0
301583718 3 0
301583716 20 0
301583715 16 2
301583714 5 11
301583713 5 28
301583712 8 0
301583710 10 0
301583709 8 19
301583708 21 0
301583706 17 0
301583705 119 15
301583704 0 0
301583703 11 3
301583702 7 5
301583701 2 18
301583700 0 0
301583699 0 3
301583698 224 6
301583697 13 513
301583695 2 1
301583694 14 1
301583693 1 0
301583691 0 1
301583690 1 3
301583689 8 4
301583688 10 26
301583687 5 1
301583686 9 0
301583685 5 9
301583683 530 7
301583682 2 1
301583681 8 11
301583680 0 1
301583678 1 0
301583676 0 1
301583675 2 2
301583674 4 1
301583673 11 2
301583672 2 1
301583671 4 0
301583670 2 1
301583669 0 0
301583668 175 4
301583667 2 29
301583666 270 5
301583664 11 2
301583663 9 1
301583662 0 0
301583660 16 3
301583659 4 0
301583658 8 2
301583657 358 7
301583656 13 0
301583655 2 1
301583654 0 1
301583653 0 1
301583652 1 1
301583651 351 6
301583650 0 1
301583649 0 0
301583648 1 1
301583647 0 1
301583645 1 0
301583644 149 14
301583643 6 2
301583642 0 0
301583639 0 1
301583638 0 1
301583636 4 0
301583635 13 0
301583634 11 4
301583632 1 2
301583631 18 1
301583629 0 1
301583626 11 9
301583624 3 0
301583623 1 17
301583622 5 10
301583621 3 4
301583620 4 15
301583618 14 0
301583617 1 1
301583616 0 0
301583615 1 12
301583614 0 0
301583613 9 0
301583611 0 1
301583609 2 0
301583608 3 9
301583607 14 0
301583606 7 12
301583605 5 0
301583603 9 1
301583602 179 4
301583601 376 11
301583600 0 1
301583599 0 0
301583598 4 12
301583596 10 0
301583595 554 11
301583594 12 0
301583593 7 25
301583592 21 3
301583591 2 2
301583589 13 2
301583588 1341 21
301583587 1 1
301583585 0 1
301583584 4 14
301583583 0 0
301583582 0 6
301583581 2 19
301583580 0 0
301583579 11 2
301583578 64 19
301583577 0 1
301583576 0 0
301583575 3 9
301583574 25 1
301583572 6 0
301583571 0 1
301583570 14 0
301583568 2 13
301583567 0 1
301583566 4 21
301583565 4 77
301583564 13 1
301583563 6 4
301583562 1 2
301583561 8 0
301583560 2 12
301583559 2 9
301583558 2 1
301583555 19 2
301583554 1 0
301583552 2 5
301583551 0 0
301583550 0 1
301583549 10 1
301583548 2 3
301583547 6 0
301583546 1 1
301583545 3 1
301583544 1627 28
301583543 645 15
301583542 0 0
301583541 1552 17
301583540 1 2
301583539 1 0
301583536 6 8
301583534 10 28
301583533 2 1
301583531 8 14
301583530 529 11
301583528 5 1
301583527 1 2
301583526 4 0
301583525 817 7
301583524 0 0
301583523 5 6
301583521 0 1
301583520 0 1
301583519 1 1
301583518 2 2
301583517 12 0
301583516 0 1
301583515 1 0
301583514 0 0
301583513 0 3
301583511 0 0
301583510 13 1
301583509 10 2
301583507 3 0
301583505 2 0
301583504 0 0
301583502 22 2
301583501 650 5
301583499 18 1
301583497 6 2
301583496 19 3
301583495 4605 112
301583494 0 0
301583493 18 1
301583491 27 4
301583490 7 7
301583489 16 1
301583487 6 0
301583486 14 0
301583485 8 0
301583484 9 0
301583483 6 0
301583481 7 4
301583476 0 1
301583474 6 6
301583473 0 3
301583472 1 0
301583471 6 0
301583470 23 0
301583468 14 0
301583467 9 0
301583466 241 8
301583465 8 4
301583464 0 3
301583463 3 2
301583461 2 2
301583460 14 2
301583457 1 0
301583456 0 0
301583455 3 2
301583454 0 0
301583452 3 1
301583451 0 0
301583450 3 1
301583449 7 6
301583448 6 3
301583447 13 0
301583446 4 3
301583445 5 7
301583443 11 2
301583442 3 5
301583441 0 0
301583440 3 8
301583439 366 16
301583438 1 0
301583437 0 2
301583436 12 3
301583435 1 0
301583434 11 0
301583432 5 2
301583430 298 5
301583429 0 10
301583427 0 0
301583426 3 2
301583425 0 0
301583424 5 3
301583423 1 2
301583422 300 10
301583421 2 3
301583420 3 2
301583419 509 17
301583418 1 2
301583417 2 1
301583416 3 11
301583415 7 12
301583413 0 0
301583412 1 3
301583411 1 1
301583410 4 0
301583409 10 1
301583408 7 8
301583407 1 0
301583406 5 1
301583405 0 0
301583404 3 10
301583403 7 1
301583402 8 1
301583401 3 2
301583400 0 0
301583399 11 5
301583397 192 26
301583396 6 0
301583395 2 0
301583394 1 1
301583393 0 0
301583392 9 1
301583391 0 0
301583390 3 7
301583389 1 1
301583388 15 1
301583386 4 1
301583384 6 8
301583383 11 2
301583382 8 0
301583381 3 0
301583380 4 0
301583379 2 0
301583377 20 0
301583376 0 0
301583374 4 0
301583373 2 0
301583372 7 12
301583371 6 6
301583370 11 1
301583369 6 1
301583368 4 4
301583366 6 6
301583365 5 2
301583364 1 4
301583363 0 0
301583361 11 0
301583360 16 1
301583359 0 0
301583358 9 3
301583357 4 0
301583356 6 2
301583355 11 23
301583354 3 15
301583353 7 2
301583352 3 2
301583351 6 1
301583350 3 8
301583347 5 9
301583346 1 0
301583345 18 1
301583343 2 2
301583342 15 1
301583341 7 1
301583340 14 0
301583338 5 2
301583337 1 0
301583336 0 0
301583335 8 0
301583334 9 1
301583333 7 1
301583332 5 0
301583331 5 1
301583330 3 2
301583329 6 0
301583328 2 1
301583326 0 0
301583325 4 0
301583324 0 0
301583323 1 0
301583322 2 0
301583319 4 7
301583318 1 0
301583317 0 3
301583316 3 6
301583315 7 1
301583314 5 2
301583313 19 0
301583312 10 0
301583308 15 0
301583307 9 0
301583305 0 0
301583304 490 14
301583303 4 12
301583301 3 1
301583300 0 0
301583298 15 1
301583297 473 2
301583293 6 2
301583292 1 3
301583291 8 2
301583289 0 0
301583288 7 3
301583285 6 1
301583284 3 8
301583283 2 5
301583282 1 0
301583281 3 0
301583277 8 1
301583276 0 1
301583275 8 3
301583274 10 0
301583273 4 0
301583272 4 0
301583270 294 4
301583269 2 1
301583268 1 42
301583267 11 2
301583266 4 1
301583265 8 1
301583264 3 9
301583263 2 2
301583262 7 0
301583261 3 0
301583260 12 0
301583257 3 2
301583256 253 8
301583255 2 2
301583254 0 0
301583253 1 1
301583252 0 5
301583251 0 0
301583250 0 0
301583249 0 0
301583248 4 0
301583247 12 1
301583246 8 0
301583245 4 8
301583244 635 20
301583243 3 1
301583241 10 15
301583240 0 0
301583238 1556 36
301583237 2 1
301583236 13 2
301583235 0 1
301583234 5 0
301583233 5 1
301583232 0 0
301583231 3 14
301583230 0 0
301583229 0 0
301583228 9 4
301583226 546 6
301583225 0 0
301583223 3 0
301583222 18 0
301583220 0 0
301583219 10 0
301583218 3 0
301583216 7 0
301583215 1 0
301583214 0 0
301583213 1 6
301583212 8 7
301583211 6 1
301583210 5 3
301583208 14 0
301583207 0 0
301583205 1 0
301583204 10 0
301583203 12 0
301583202 15 0
301583200 3 4
301583199 10 0
301583198 0 0
301583197 694 11
301583196 2 0
301583195 1 0
301583194 1 18
301583193 7 1
301583192 7 1
301583191 0 0
301583190 8 1
301583189 0 0
301583188 0 0
301583187 0 1
301583186 399 4
301583185 0 0
301583183 6 1
301583181 6 6
301583179 10 1
301583178 1 0
301583177 4 3
301583176 3 1
301583175 26 8
301583174 9 0
301583173 5 2
301583172 4 2
301583171 11 1
301583170 7 0
301583169 11 70
301583168 7 70
301583167 5 1
301583166 2 1
301583165 4 1
301583164 9 1
301583163 4 6
301583161 2 0
301583159 11 2
301583158 10 0
301583157 0 0
301583156 16 0
301583154 9 1
301583152 3 0
301583151 6 1
301583150 4 4
301583148 14 2
301583147 2 0
301583146 18 0
301583144 8 0
301583143 2 0
301583142 3 3
301583141 12 0
301583140 325 8
301583139 0 0
301583138 2 0
301583137 1 0
301583136 2 0
301583135 0 0
301583134 1 0
301583133 0 0
301583131 4 6
301583130 1 0
301583129 0 4
301583128 2 0
301583127 1 0
301583126 6 0
301583125 8 0
301583124 800 4
301583123 8 0
301583121 2 0
301583120 20 1
301583119 1 0
301583115 8 33
301583114 0 0
301583113 16 1
301583112 17 1
301583111 1 0
301583108 0 0
301583107 5 0
301583106 12 3
301583105 5 0
301583104 14 1
301583103 1 0
301583102 28 10
301583101 4 1
301583099 3 0
301583097 2 1
301583096 3 0
301583095 0 0
301583094 13 1
301583093 2 4
301583092 9 1
301583091 2 0
301583090 8 0
301583089 3 1
301583088 7 0
301583087 6 0
301583086 0 0
301583085 667 6
301583083 11 1
301583082 3 0
301583081 9 0
301583080 6 0
301583078 11 4
301583077 4 0
301583076 4 3
301583075 1 0
301583074 4 0
301583073 2 1
301583071 7 0
301583070 14 1
301583069 10 2
301583067 0 0
301583066 9 0
301583065 0 0
301583064 5 0
301583063 2 1
301583062 0 0
301583061 0 0
301583060 781 16
301583059 2 0
301583058 0 0
301583057 961 7
301583056 0 1
301583055 0 5
301583054 1 2
301583052 11 0
301583051 0 1
301583050 6 2
301583049 18 2
301583048 5 7
301583047 0 1
301583046 8 0
301583045 427 7
301583044 13 2
301583043 4 0
301583042 5 0
301583041 409 10
301583040 0 2
301583039 3 0
301583038 0 0
301583037 17 6
301583036 474 10
301583035 8 2
301583034 3 1
301583032 13 0
301583031 6 6
301583030 6 0
301583029 5 2
301583028 0 0
301583027 2 0
301583026 3 0
301583025 0 0
301583024 9 1
301583023 8 0
301583022 9 2
301583021 5 0
301583020 14 0
301583019 13 5
301583018 0 0
301583017 0 2
301583016 1 0
301583015 7 0
301583014 8 19
301583013 2 0
301583012 3 0
301583011 0 10
301583010 2 0
301583009 4 0
301583008 3 2
301583007 240 6
301583003 71 3
301583001 4 1
301582999 4 1
301582998 3 2
301582997 3 8
301582996 0 1
301582995 0 1
301582994 15 0
301582992 8 0
301582991 7 1
301582990 130 3
301582987 7 1
301582986 3 0
301582985 3 0
301582984 1 0
301582983 16 0
301582982 0 0
301582981 10 0
301582979 8 0
301582978 11 0
301582977 16 0
301582976 5 0
301582975 5 0
301582974 2 0
301582973 7 21
301582972 4 1
301582970 12 1
301582969 9 1
301582967 18 2
301582964 3 1
301582963 10 1
301582962 572 7
301582961 0 0
301582958 6 1
301582957 0 0
301582956 2 0
301582955 6 0
301582954 6 0
301582953 0 1
301582952 4 54
301582950 2 0
301582949 0 0
301582948 14 0
301582947 1049 7
301582946 7 0
301582945 0 0
301582944 1 0
301582943 4 22
301582942 4 1
301582941 13 1
301582940 5 1
301582938 6 1
301582937 9 0
301582934 1 0
301582933 5 10
301582932 5 0
301582931 6 0
301582930 10 3
301582929 11 0
301582928 8 8
301582927 512 8
301582926 13 2
301582925 12 1
301582924 5 0
301582923 22 1
301582922 0 0
301582921 9 0
301582920 14 0
301582919 3 0
301582917 10 0
301582916 19 0
301582915 16 7
301582914 5 3
301582913 4 7
301582912 8 0
301582911 13 0
301582910 1 0
301582909 439 33
301582908 8 6
301582907 4 2
301582906 3 2
301582905 1 0
301582904 11 0
301582903 0 2
301582902 9 1
301582901 0 14
301582899 7 15
301582897 4 12
301582896 1 0
301582895 6 1
301582894 0 0
301582893 22 0
301582892 0 0
301582891 0 0
301582890 5 4
301582889 2 0
301582888 8 0
301582887 9 1
301582886 3 1
301582885 0 11
301582884 7 0
301582882 3 0
301582881 1 2
301582880 0 0
301582878 2 1
301582875 16 1
301582874 0 1
301582873 0 0
301582871 8 0
301582870 5 0
301582869 1 3
301582868 18 0
301582867 17 0
301582866 2 16
301582865 8 0
301582864 6 1
301582863 4 0
301582862 2 7
301582861 1 0
301582860 2 0
301582859 2 7
301582857 6 1
301582856 4 6
301582855 2 0
301582854 0 0
301582853 13 1
301582852 1 0
301582851 13 1
301582850 7 0
301582848 1 4
301582847 5 0
301582846 0 0
301582845 0 0
301582844 21 4
301582843 9 1
301582842 0 0
301582841 13 0
301582840 0 0
301582839 1 8
301582838 1 1
301582837 6 0
301582836 2 3
301582835 0 0
301582834 7 2
301582832 1 0
301582831 1 0
301582830 1 0
301582829 5 0
301582828 3 0
301582827 8 0
301582826 0 0
301582825 7 0
301582824 3 22
301582823 0 0
301582822 17 6
301582820 0 0
301582819 8 0
301582817 0 20
301582814 8 0
301582813 0 0
301582812 0 0
301582811 6 0
301582810 5 0
301582809 0 0
301582806 0 0
301582805 0 0
301582804 1 1
301582803 0 0
301582802 9 0
301582801 2 1
301582800 0 0
301582799 0 0
301582798 1 1
301582796 4 1
301582795 2 0
301582794 0 1
301582793 0 0
301582792 7 0
301582791 17 0
301582789 0 0
301582788 14 3
301582786 0 0
301582785 2 19
301582784 0 0
301582783 1 0
301582782 8 0
301582780 0 0
301582779 0 2
301582777 3 5
301582776 3 1
301582775 1 0
301582774 2 0
301582773 0 0
301582772 12 0
301582771 0 0
301582769 0 0
301582768 6 1
301582767 758 6
301582766 0 0
301582765 10 0
301582764 0 0
301582763 3 0
301582762 0 0
301582761 5 0
301582760 1 0
301582759 0 0
301582758 1 0
301582757 5 18
301582756 2 0
301582755 7 1
301582754 13 0
301582753 10 0
301582751 8 1
301582750 11 0
301582748 0 0
301582747 0 1
301582746 1 0
301582745 6 1
301582744 540 12
301582743 12 4
301582742 2 21
301582741 0 0
301582740 0 0
301582739 0 0
301582737 10 0
301582736 0 0
301582734 0 0
301582733 0 0
301582732 7 1
301582731 5 0
301582730 3 3
301582729 18 1
301582728 0 0
301582727 3 0
301582725 0 1
301582724 9 0
301582723 1 0
301582722 1 0
301582721 0 0
301582720 0 0
301582719 2 7
301582718 2 0
301582716 0 1
301582715 3 2
301582714 0 0
301582710 3 3
301582709 3 0
301582708 1 0
301582706 0 0
301582705 0 0
301582704 3 1
301582703 9 0
301582702 5 0
301582701 6 0
301582700 0 0
301582699 878 10
301582697 13 0
301582696 0 0
301582695 429 6
301582694 9903 64
301582693 423 26
301582692 1 0
301582691 13 3
301582690 5 1
301582689 13 2
301582688 0 0
301582687 2846 75
301582686 0 0
301582685 7 1
301582684 0 0
301582683 1 0
301582682 6 0
301582681 1 4
301582680 1 4
301582679 6 0
301582678 2 0
301582677 1 1
301582676 6 0
301582675 15 1
301582674 4 0
301582673 5 1
301582672 0 0
301582671 0 1
301582670 2 5
301582669 0 0
301582668 11 0
301582667 4 2
301582666 6 4
301582665 2 1
301582664 2 5
301582663 9 0
301582661 6317 95
301582660 2 0
301582658 10 1
301582657 8 0
301582656 0 5
301582655 2 0
301582654 3 0
301582653 1 0
301582652 2 0
301582650 11638 155
301582649 0 0
301582648 13 0
301582647 4 1
301582646 0 0
301582645 0 0
301582644 2189 17
301582641 1 0
301582640 0 1
301582639 1 0
301582638 2480 33
301582637 0 1
301582636 4880 38
301582635 0 0
301582634 0 0
301582633 14 0
301582632 9 8
301582631 1 0
301582630 1 0
301582629 1 0
301582628 3 0
301582627 1545 63
301582626 1 0
301582625 1 0
301582624 1 1
301582622 188 4
301582621 7 3
301582620 4 3
301582619 8 2
301582617 0 0
301582614 1 0
301582613 7 0
301582612 11 0
301582611 8 1
301582610 0 0
301582609 252 6
301582608 6 0
301582607 0 0
301582606 1 1
301582604 0 0
301582603 0 0
301582602 2 3
301582600 1 0
301582599 1 0
301582598 8 0
301582597 7 4
301582595 0 0
301582594 9 0
301582593 5 0
301582592 7 2
301582589 5 3
301582587 5 4
301582586 0 1
301582585 1 0
301582584 0 1
301582583 1 1
301582581 3739 74
301582580 3 0
301582579 3 1
301582578 0 0
301582577 5 0
301582576 1 0
301582574 5 0
301582573 0 0
301582572 10 1
301582571 2 1
301582568 0 0
301582566 1 12
301582565 2204 36
301582564 0 0
301582563 1 0
301582562 0 0
301582561 5 1
301582560 0 2
301582559 12 1
301582558 0 0
301582557 0 0
301582556 2 3
301582555 4 2
301582554 0 0
301582553 0 4
301582552 2 0
301582551 1 0
301582550 1 0
301582549 0 0
301582548 3 1
301582547 0 0
301582546 3 1
301582544 5 2
301582543 4 1
301582542 3 1
301582541 0 0
301582540 4 2
301582539 4 1
301582538 0 1
301582537 0 1
301582536 15 0
301582535 0 0
301582534 0 0
301582533 1 1
301582532 0 0
301582531 2 1
301582530 0 0
301582529 2 2
301582528 2 1
301582527 4 0
301582526 0 0
301582525 0 4
301582524 14 2
301582523 8 0
301582522 4 1
301582521 3 3
301582520 2 1
301582518 0 0
301582517 8 0
301582516 1 5
301582514 13 0
301582513 2 1
301582512 2 2
301582511 0 0
301582510 1 1
301582509 0 0
301582508 1 1
301582507 0 0
301582506 12 1
301582505 1 0
301582504 4274 30
301582503 3 0
301582502 3 3
301582501 2 0
301582499 1 0
301582498 1 0
301582497 3 3
301582496 12 0
301582495 696 17
301582494 1 3
301582492 15 1
301582491 3 1
301582490 9 1
301582489 3 1
301582488 10 4
301582487 3 1
301582486 261 4
301582485 2 0
301582484 4 1
301582483 2 3
301582482 2 1
301582481 8 4
301582480 1 0
301582479 1 0
301582478 2 0
301582476 5 0
301582475 1 2
301582474 2 2
301582473 11 1
301582472 1 0
301582471 2 1
301582470 2 1
301582469 1 0
301582468 3 0
301582467 7 2
301582466 1 1
301582465 1 4
301582464 2 0
301582463 2 1
301582462 2 2
301582461 1 0
301582460 9 3
301582459 1 0
301582458 2 2
301582457 1 1
301582456 8 1
301582454 1 0
301582453 3 2
301582452 3 1
301582451 3 1
301582450 1 0
301582448 6 1
301582447 1 0
301582446 2 1
301582445 1 0
301582444 10 0
301582443 6 0
301582442 7 1
301582441 1 0
301582440 1 0
301582439 1 0
301582436 1 1
301582435 5 0
301582433 2 1
301582432 1 0
301582431 1 0
301582430 2 5
301582429 14 1
301582428 2695 51
301582427 9 0
301582425 2 2
301582423 9 3
301582422 12 1
301582421 8 0
301582420 4 1
301582419 2 0
301582418 2 0
301582417 11 1
301582416 3 0
301582415 0 0
301582414 1021 3
301582413 2 1
301582412 1 0
301582411 3 2
301582410 6 13
301582409 0 0
301582408 7 0
301582406 0 0
301582405 1 0
301582404 1 0
301582403 0 9
301582402 3 1
301582401 5 1
301582400 3 3
301582399 11 0
301582398 0 0
301582397 2 1
301582396 9 2
301582395 1 0
301582393 5 0
301582392 5 2
301582391 13 2
301582390 4 1
301582389 3 1
301582388 1 0
301582387 4 1
301582386 6 1
301582385 4 0
301582384 12 2
301582383 4 0
301582382 6 3
301582381 2 0
301582380 7 1
301582379 4 0
301582378 15 1
301582377 2 0
301582376 4 2
301582375 8 0
301582374 13 6
301582373 2 0
301582370 6 3
301582369 3944 61
301582367 6 2
301582366 2 2
301582365 18 0
301582364 1 0
301582362 2 1
301582361 6 5
301582360 7 4
301582359 1 2
301582358 1 3
301582357 4 1
301582356 8 3
301582355 3 1
301582354 2 1
301582351 1 1
301582350 4 2
301582348 2 2
301582347 3 1
301582346 3 6
301582345 1 0
301582343 0 0
301582342 3 7
301582341 4 0
301582340 1 3
301582339 0 0
301582338 1 2
301582336 1 1
301582335 0 0
301582334 2 0
301582333 3 0
301582331 5 3
301582330 0 0
301582329 2 2
301582328 0 0
301582327 0 0
301582326 3 2
301582325 2 0
301582324 0 0
301582323 4 2
301582321 0 3
301582320 1 2
301582318 0 0
301582317 1 1
301582315 7 1
301582313 1835 55
301582312 3 2
301582311 5 0
301582310 0 0
301582309 0 2
301582308 1 0
301582307 0 2
301582306 0 0
301582305 2 0
301582304 0 0
301582303 0 0
301582302 4 0
301582301 1 0
301582300 4 1
301582299 1 2
301582298 2 2
301582295 1 2
301582294 0 0
301582293 759 9
301582292 3 7
301582291 4 0
301582290 0 0
301582289 0 0
301582288 2 2
301582287 3 1
301582286 1 0
301582285 2 0
301582284 0 0
301582283 0 0
301582282 1 0
301582281 2 1
301582280 3 0
301582279 5 1
301582278 2 1
301582277 573 12
301582276 7 2
301582275 2 1
301582274 0 1
301582273 8 0
301582272 0 0
301582270 3 1
301582269 7 0
301582268 0 0
301582267 7 5
301582266 8 1
301582263 1 1
301582262 3 0
301582261 4 1
301582260 7 0
301582259 0 1
301582258 2 2
301582257 4 2
301582256 2 7
301582255 2 3
301582254 3 1
301582253 1 0
301582252 5 1
301582251 0 0
301582250 0 1
301582249 1 2
301582248 10 2
301582247 6 0
301582246 0 0
301582245 0 0
301582244 0 0
301582243 0 0
301582242 1 1
301582241 7 1
301582240 0 0
301582239 0 1
301582238 0 0
301582237 4 5
301582236 4 0
301582235 3 0
301582234 12 1
301582233 0 0
301582231 1 1
301582230 1 1
301582229 0 0
301582228 0 0
301582227 3 0
301582225 0 0
301582224 3 0
301582223 4 10
301582222 0 1
301582221 225 7
301582220 1 6
301582219 2 1
301582218 0 0
301582217 4 0
301582216 0 0
301582215 9 0
301582214 1 0
301582213 0 0
301582212 0 0
301582211 1 0
301582210 0 0
301582209 1 0
301582208 5 7
301582207 0 1
301582206 0 1
301582205 0 0
301582202 0 0
301582201 8 2
301582200 0 0
301582199 0 0
301582198 1 0
301582196 1 0
301582195 0 0
301582193 2 2
301582192 2 1
301582191 1 1
301582190 1 0
301582189 3 3
301582187 9 1
301582186 2 1
301582185 0 0
301582184 6 2
301582183 0 0
301582181 1 4
301582180 2 3
301582179 0 0
301582178 0 0
301582177 6 0
301582176 0 0
301582175 0 0
301582174 0 0
301582172 4 6
301582169 0 0
301582168 0 1
301582167 1 0
301582166 2 0
301582165 0 0
301582164 1 2
301582162 0 0
301582161 2 3
301582160 0 1
301582159 3 1
301582158 17 1
301582157 0 0
301582156 12 1
301582154 0 0
301582153 1 0
301582152 1 0
301582151 723 65
301582150 2 1
301582149 2 0
301582148 0 0
301582147 0 0
301582146 0 0
301582145 1 0
301582144 4 1
301582142 0 0
301582140 0 1
301582139 4 1
301582138 0 0
301582137 1 1
301582136 3 1
301582135 2 3
301582134 0 0
301582133 2 0
301582132 1 1
301582130 2 1
301582129 2 0
301582128 1 0
301582127 9 1
301582125 0 0
301582124 1 1
301582123 1 0
301582120 0 0
301582119 0 0
301582118 4 1
301582117 0 0
301582116 0 0
301582115 886 15
301582114 1 1
301582113 13 1
301582112 0 0
301582111 0 3
301582110 1 3
301582109 0 1
301582108 576 10
301582107 1 1
301582106 0 1
301582105 0 1
301582104 0 0
301582103 0 0
301582102 0 3
301582101 1 0
301582100 0 4
301582099 1 3
301582098 0 0
301582097 0 0
301582095 0 0
301582094 0 0
301582093 1 1
301582091 0 0
301582090 1 1
301582089 1 0
301582088 0 0
301582087 0 0
301582086 0 0
301582085 0 0
301582084 0 0
301582083 0 0
301582082 0 0
301582081 0 0
301582080 0 0
301582079 0 1
301582078 0 0
301582077 1 0
301582076 0 0
301582075 1 0
301582074 0 0
301582073 0 0
301582072 0 0
301582070 1 0
301582067 1 0
301582066 1 1
301582065 1 0
301582064 0 0
301582063 1 0
301582062 0 0
301582061 1 1
301582060 1 0
301582059 0 0
301582056 0 0
301582055 0 0
301582054 0 0
301582053 3 0
301582052 10 0
301582051 0 0
301582050 0 0
301582048 2 1
