303955404 0 0
303955333 0 0
303950105 1 0
303948854 1 0
303862536 0 1
303855882 1 0
303851425 0 0
303821716 1 0
303821705 0 0
303821703 0 0
303821695 0 0
303802607 0 0
303800234 2 0
303798293 0 0
303797205 0 0
303752989 1 5
303738282 0 0
303730742 3 0
303727739 0 0
303708635 0 0
303708629 4 0
303680158 0 0
303680145 1 0
303677290 0 0
303677134 0 0
303677090 0 0
303642484 0 0
303642482 1 0
303622984 7 0
303618795 2 0
303618793 0 0
303580577 1 0
303580056 3 0
303500885 3 0
303497158 4 0
303497152 0 0
303492889 4 1
303472471 1 0
303472466 1 0
303471591 0 0
303471127 13 1
303470791 8 1
303444835 1 1
303444434 0 0
303426203 3 1
303412660 0 0
303412568 4 1
303412184 2 0
303411718 5 0
303411700 8 0
303409180 6 0
303407752 5 0
303407654 16 0
303407541 4 0
303404210 4 1
303403766 0 0
303402884 0 0
303401618 1 0
303401281 0 0
303400403 0 0
303393940 3 0
303390314 2 0
303385083 0 0
303374583 12 0
303371085 1 0
303361732 0 0
303348657 0 1
303348315 0 0
303348050 14 1
303347908 0 0
303347904 0 5
303345697 0 6
303345566 9 0
303344843 4 0
303341102 7 0
303325799 6 0
303325798 1 0
303325794 3 0
303325789 4 0
303325787 2 0
303325700 3 0
303325503 8 0
303325481 0 0
303325452 1 3
303324694 5 0
303324575 8 0
303324574 1 0
303324538 9 5
303324534 3 7
303324358 12 0
303324288 3 11
303324248 1 0
303321932 17 0
303321356 0 0
303321341 3 0
303321284 2 8
303320914 6 0
303320203 17 0
303320122 1 0
303319220 0 0
303319213 4 0
303319044 4 0
303318859 0 0
303318756 16 0
303318748 8 0
303318745 1 0
303318742 0 0
303318666 1 0
303318548 3 0
303318533 0 0
303318530 0 0
303318191 0 0
303317854 5 0
303317737 6 0
303317467 10 1
303317277 6 2
303317264 0 0
303317234 5 1
303317225 7 14
303316406 2 0
303315828 10 0
303315585 17 0
303315436 6 1
303315372 0 1
303315371 0 1
303315314 13 0
303315047 6 0
303315013 12 0
303314747 9 22
303314624 0 0
303314578 1 3
303314566 1 0
303314476 1 0
303314198 3 0
303313926 0 1
303313903 0 1
303313502 11 0
303313455 3 3
303313436 5 2
303313392 1 0
303312890 28 1
303312819 0 9
303312544 16 3
303312320 3 1
303312290 10 1
303312154 8 0
303311981 3 3
303311700 2 13
303311087 5 0
303310683 6 2
303310662 8 0
303310340 5 1
303309678 11 0
303309671 0 0
303309474 1 0
303308920 1 0
303308877 3 0
303308672 8 0
303308501 2 0
303308415 8 0
303308190 7 0
303307762 5 0
303304895 0 0
303304224 4 0
303303980 1 0
303303811 14 0
303303747 0 0
303302241 4 0
303301011 11 2
303300482 3 0
303300303 10 0
303300294 0 0
303300278 5 0
303300160 5 1
303300153 11 7
303300044 0 5
303300041 2 18
303300029 6 1
303300028 7 1
303299947 0 0
303299892 2 21
303299675 12 1
303299562 12 1
303299544 5 0
303299537 4 1
303299528 5 1
303299514 6 2
303299499 6 2
303299342 10 1
303299296 6 2
303299124 3 2
303299112 5 0
303298693 3 21
303298449 30 5
303297554 13 0
303297525 3 0
303297478 8 4
303296756 0 0
303296599 8 0
303296451 8 13
303296252 1 15
303295310 5 0
303295236 7 0
303294567 19 0
303293903 5 0
303292322 2 29
303291355 11 0
303291224 21 4
303284153 6 0
303283661 1 2
303283339 0 0
303283298 3 27
303283289 9 0
303282972 8 0
303282859 36 0
303282847 4 0
303282654 0 0
303282636 1 1
303282622 10 0
303282618 6 0
303282200 0 0
303282195 0 0
303282065 2 39
303281997 5 1
303281986 2 0
303281965 6 0
303281859 2 0
303281842 0 0
303281817 3 0
303281742 19 0
303281550 7 41
303281424 15 2
303281337 14 3
303281310 6 0
303281294 10 1
303281097 17 4
303281041 4 0
303281018 2 0
303281014 0 0
303280888 12 0
303280636 4 1
303280623 2 0
303280584 17 0
303280495 13 2
303280245 6 2
303280219 2 0
303280191 5 0
303279285 1 3
303279244 6 51
303279220 5 0
303279059 8 0
303278927 4 0
303278652 0 0
303278645 4 46
303278633 2 0
303278571 7 0
303278514 7 7
303278189 3 45
303277841 0 7
303277533 12 0
303277132 9 0
303277123 10 2
303276978 17 1
303276844 26 1
303276632 0 0
303275973 2 0
303275832 18 1
303275766 11 0
303275059 4 4
303274841 8 1
303274087 3 0
303273838 0 0
303273302 22 0
303270579 4 0
303268187 7 1
303268078 1 0
303267741 4 1
303267596 16 1
303267335 4 0
303267296 14 1
303267294 0 0
303267258 18 1
303267136 4 0
303266989 0 2
303266972 5 0
303266873 0 2
303266840 7 0
303266829 13 0
303266821 6 0
303266753 18 1
303266691 16 7
303266679 5 0
303266676 6 0
303266656 3 0
303266591 18 5
303266403 3 0
303266401 20 1
303266391 4 0
303266372 12 1
303266259 0 2
303266258 3 4
303266228 1 0
303266225 1 0
303266214 1 0
303266190 16 1
303266169 0 0
303266163 2 0
303266133 6 1
303266127 2 0
303266119 18 4
303266107 0 0
303266104 1 0
303266099 6 0
303266052 3 0
303266026 3 0
303266025 2 0
303265986 15 1
303265955 0 0
303265939 0 0
303265927 2 0
303265848 6 3
303265791 13 1
303265775 3 0
303265766 11 0
303265761 7 1
303265709 1 35
303265631 4 0
303265619 4 0
303265599 15 1
303265392 6 0
303265301 0 1
303265296 0 1
303265240 17 0
303265211 0 0
303265171 1 0
303264949 3 50
303264939 9 1
303264926 7 0
303264919 4 0
303264443 4 1
303264437 1 0
303264115 8 1
303264049 1 0
303263946 8 1
303263945 4 72
303263883 12 0
303263876 18 1
303263875 5 0
303263704 9 1
303263661 0 2
303263657 3 0
303263513 10 1
303263303 16 1
303263172 8 2
303263089 16 1
303262836 18 1
303262555 9 0
303262222 34 4
303262156 12 1
303261907 2 1
303261418 1 0
303261069 13 1
303261060 1 0
303260927 2 0
303260644 4 3
303259945 0 0
303259510 19 1
303258899 18 2
303258740 18 1
303258367 0 1
303258327 2 0
303258093 5 0
303257990 3 52
303257249 4 45
303257172 23 1
303256284 6 0
303255323 12 1
303254820 10 3
303254260 1 46
303254174 6 1
303254130 3 1
303254127 3 1
303254125 2 2
303253915 16 0
303253841 3 0
303253533 1 0
303252493 6 0
303252439 8 1
303251756 15 4
303251695 6 0
303251418 6 0
303251409 43 0
303251381 32 2
303251366 4 0
303251364 15 1
303251361 2 0
303251352 23 0
303251321 5 0
303251318 8 4
303251296 15 1
303251293 8 0
303251292 39 0
303251284 27 0
303251283 24 1
303251279 5 61
303251268 8 0
303251266 0 0
303251264 10 1
303251258 0 0
303251253 4 39
303251248 15 1
303251241 12 1
303251240 16 1
303251239 2 0
303251238 54 1
303251236 3 0
303251231 5 0
303251228 0 0
303251226 2 0
303251220 21 1
303251217 1 0
303251202 13 1
303251200 5 65
303251196 2 1
303251195 16 1
303251190 8 1
303251189 0 3
303251188 2 0
303251181 10 1
303251173 14 1
303251159 0 10
303251152 8 1
303251151 6 1
303251147 1 14
303251140 0 2
303251121 5 37
303251120 7 0
303251110 6 1
303251109 10 1
303251107 2 1
303251098 8 1
303251096 6 0
303251095 8 0
303251094 35 0
303251093 2 0
303251091 9 0
303251086 6 0
303251084 3 0
303251082 5 1
303251080 15 0
303251079 7 0
303251077 8 1
303251071 0 0
303251070 20 0
303251068 6 1
303251060 25 5
303251059 7 1
303251050 4 1
303251036 13 2
303251032 4 1
303251031 5 0
303251023 7 1
303251019 5 0
303251012 1 1
303251007 9 1
303250992 7 0
303250991 1 0
303250990 1 0
303250978 13 1
303250974 10 0
303250968 27 4
303250966 1 0
303250963 13 0
303250962 6 0
303250958 0 0
303250956 15 0
303250955 8 0
303250946 11 0
303250941 17 1
303250935 17 0
303250926 14 0
303250919 1 0
303250915 10 0
303250914 9 0
303250909 6 0
303250908 17 0
303250906 0 0
303250905 18 0
303250904 6 1
303250903 3 0
303250901 3 46
303250900 12 0
303250898 29 0
303250897 46 0
303250895 8 0
303250893 20 0
303250887 2 0
303250885 9 0
303250879 25 0
303250878 18 0
303250877 18 0
303250876 4 49
303250873 4 0
303250870 4 47
303250869 6 1
303250867 15 0
303250866 5 0
303250861 2 0
303250856 9 0
303250855 9 0
303250851 0 65
303250848 8 17
303250847 5 0
303250843 9 0
303250839 12 0
303250836 17 2
303250835 4 1
303250833 3 0
303250832 1 2
303250826 4 0
303250825 5 0
303250824 3 0
303250821 2 3
303250819 9 0
303250818 8 0
303250816 3 0
303250812 7 0
303250811 5 0
303250806 1 41
303250803 2 0
303250801 4 0
303250798 2 0
303250797 0 0
303250794 8 4
303250793 17 0
303250789 6 0
303250778 4 0
303250774 2 0
303250769 0 65
303250765 21 1
303250760 2 1
303250759 27 1
303250757 5 0
303250756 14 2
303250752 5 0
303250751 0 0
303250750 1 1
303250748 8 135
303250745 0 72
303250744 1 0
303250740 2 22
303250739 19 5
303250738 0 0
303250736 6 0
303250725 5 0
303250724 1 0
303250721 20 0
303250720 1 0
303250719 2 0
303250717 0 0
303250716 6 0
303250714 26 0
303250713 0 1
303250708 1 0
303250704 12 0
303250702 6 0
303250701 12 5
303250692 5 10
303250691 1 0
303250690 14 5
303250687 0 0
303250682 2 0
303250681 2 0
303250679 0 0
303250671 4 0
303250669 4 4
303250668 1 0
303250661 6 0
303250655 3 0
303250654 11 3
303250651 11 0
303250647 7 1
303250646 10 3
303250642 21 0
303250641 14 1
303250639 4 24
303250638 6 0
303250637 9 0
303250634 2 0
303250633 17 0
303250631 20 0
303250630 16 0
303250629 1 0
303250628 14 0
303250626 7 0
303250622 12 3
303250618 33 6
303250613 23 0
303250611 1 2
303250607 0 0
303250603 2 35
303250602 11 0
303250595 32 3
303250594 2 0
303250589 1 0
303250585 19 2
303250583 13 0
303250581 13 0
303250580 15 0
303250579 6 26
303250578 12 0
303250576 0 1
303250571 0 0
303250570 9 1
303250569 5 0
303250568 1 24
303250565 6 0
303250564 8 0
303250563 0 0
303250559 1 31
303250555 2 0
303250552 9 3
303250551 0 0
303250550 15 0
303250549 18 4
303250546 31 3
303250545 9 5
303250542 7 1
303250540 8 25
303250538 19 3
303250537 5 1
303250536 0 1
303250533 1 0
303250530 2 0
303250529 8 0
303250526 16 0
303250524 1 0
303250521 23 2
303250519 1 0
303250516 5 0
303250515 5 0
303250513 1 0
303250503 10 3
303250499 0 1
303250497 0 1
303250494 0 0
303250493 7 1
303250489 7 4
303250488 8 0
303250487 2 0
303250486 5 1
303250482 7 0
303250480 0 4
303250478 17 3
303250470 5 1
303250466 10 0
303250465 5 3
303250462 5 2
303250459 6 2
303250457 10 2
303250451 5 0
303250450 9 2
303250449 6 1
303250447 22 0
303250445 30 3
303250444 34 2
303250442 0 0
303250440 15 0
303250437 3 54
303250435 34 0
303250431 1 50
303250430 0 32
303250427 4 94
303250426 2 0
303250424 1 70
303250423 2 0
303250422 1 48
303250416 0 0
303250415 3 95
303250413 2 121
303250403 11 1
303250398 3 69
303250396 2 52
303250393 3 0
303250392 0 51
303250390 1 57
303250388 1 49
303250387 24 1
303250384 3 30
303250382 1 0
303250381 4 118
303250378 15 0
303250369 13 11
303250349 0 1
303250346 1 0
303250338 8 0
303250336 8 0
303250334 9 0
303250287 0 0
303250252 4 0
303250251 4 2
303250250 2 5
303250244 4 8
303250207 1 1
303250204 16 0
303250190 25 0
303250189 2 0
303250186 15 1
303250185 9 2
303250182 28 5
303250181 1 65
303250180 4 9
303250178 17 1
303250177 7 10
303250152 6 56
303250150 2 0
303250140 1 0
303250134 9 2
303250133 5 3
303250132 12 4
303250130 5 0
303250129 2 16
303250104 3 33
303250094 32 7
303250092 4 1
303250091 0 1
303250088 1 0
303250084 5 0
303250080 27 3
303250072 8 0
303250071 10 1
303250070 1 8
303250068 19 1
303250063 0 0
303250060 20 2
303250058 0 0
303250057 10 6
303250054 462 11
303250053 213 10
303250052 19 1
303250051 73 1
303250050 4 0
303250049 0 1
303250045 31 1
303250044 1 0
303250042 3 27
303250041 15 4
303250040 1 2
303250039 14 3
303250038 27 19
303250036 1 0
303250035 12 3
303250034 0 0
303250033 6 1
303250032 3 2
303250031 11 1
303250029 11 0
303250028 24 4
303250022 4 27
303250019 16 1
303250018 8 0
303250017 6 0
303250014 18 2
303250013 0 0
303250010 4 0
303250009 28 3
303250004 11 2
303250003 3 53
303250001 7 0
303249996 20 2
303249994 5 1
303249990 31 9
303249989 3 1
303249987 4 10
303249985 57 6
303249984 0 0
303249983 14 1
303249982 13 0
303249981 30 0
303249980 12 7
303249974 1 0
303249973 5 0
303249972 13 16
303249970 38 3
303249967 34 15
303249966 14 1
303249965 14 1
303249964 2 0
303249963 33 3
303249962 22 2
303249961 2 27
303249959 5 11
303249954 21 2
303249953 22 2
303249952 8 4
303249951 24 2
303249950 2 0
303249949 16 1
303249948 4 0
303249947 3 1
303249943 15 2
303249942 20 2
303249940 6 1
303249937 16 1
303249936 13 1
303249933 1 0
303249932 5 60
303249930 3 68
303249929 11 2
303249926 2 9
303249925 3 0
303249920 196 0
303249912 1 4
303249911 1 56
303249909 18 1
303249908 12 1
303249905 30 1
303249904 19 0
303249903 4 7
303249902 18 5
303249901 47 0
303249900 13 0
303249899 9 0
303249898 19 0
303249897 0 36
303249895 23 0
303249893 10 0
303249892 10 1
303249891 29 9
303249890 13 0
303249886 0 18
303249885 15 2
303249884 2 4
303249883 0 2
303249882 7 1
303249881 7 1
303249880 0 0
303249879 0 0
303249878 0 0
303249877 13 1
303249876 10 0
303249873 40 0
303249872 2 9
303249871 1 0
303249870 3 0
303249869 30 1
303249868 17 0
303249867 2 32
303249866 11 0
303249864 2 4
303249862 7 16
303249861 8 1
303249859 10 0
303249858 7 0
303249857 13 4
303249855 17 0
303249854 7 12
303249850 2 0
303249845 12 0
303249844 0 0
303249840 0 1
303249839 0 0
303249821 13 1
303249820 4 0
303249817 9 25
303249812 16 0
303249807 31 0
303249798 8 34
303249797 2 65
303249795 9 0
303249790 4 0
303249786 0 0
303249784 3 9
303249783 20 3
303249782 1 1
303249779 3 0
303249773 0 2
303249771 0 0
303249767 33 0
303249764 10 0
303249762 6 34
303249758 2 0
303249754 0 3
303249752 38 0
303249751 0 0
303249750 18 1
303249749 16 0
303249747 2 1
303249746 2 2
303249745 0 0
303249744 2 0
303249743 1 0
303249742 5 0
303249741 2 0
303249740 20 0
303249738 13 1
303249737 1 0
303249735 2 1
303249734 9 0
303249733 0 0
303249731 2 0
303249730 2 1
303249729 15 1
303249728 13 0
303249727 10 0
303249726 0 1
303249724 5 0
303249722 9 0
303249721 34 3
303249718 11 0
303249717 8 1
303249716 5 0
303249715 7 0
303249714 11 0
303249713 11 1
303249711 2 0
303249707 14 1
303249706 7 0
303249704 7 0
303249702 7 0
303249700 2 0
303249699 7 0
303249697 1 0
303249696 13 2
303249695 13 2
303249694 4 0
303249693 100 7
303249691 7 0
303249690 10 0
303249688 0 0
303249687 3 0
303249686 13 0
303249685 8 0
303249682 14 0
303249680 29 46
303249679 19 0
303249677 8 0
303249676 8 1
303249673 1 0
303249670 10 0
303249669 4 0
303249668 21 7
303249667 34 0
303249666 7 0
303249664 1 0
303249663 0 0
303249661 12 0
303249657 11 0
303249656 5 1
303249655 17 0
303249653 27 8
303249652 13 0
303249651 20 2
303249647 8 1
303249646 31 21
303249645 6 0
303249644 58 2
303249643 2 0
303249642 14 2
303249641 11 2
303249637 4 0
303249636 16 0
303249634 15 1
303249633 5 0
303249632 2 0
303249631 1 2
303249630 28 1
303249629 7 0
303249628 8 0
303249626 6 0
303249625 7 0
303249622 4 0
303249620 8 1
303249619 4 0
303249618 3 1
303249616 8 1
303249615 17 0
303249613 4 0
303249612 9 1
303249608 10 0
303249607 19 1
303249606 1 0
303249605 8 0
303249604 10 0
303249602 4 0
303249601 3 0
303249600 0 3
303249599 7 1
303249596 15 0
303249595 14 1
303249594 132 25
303249593 21 0
303249591 10 0
303249590 0 4
303249589 10 0
303249588 9 0
303249587 9 0
303249585 5 32
303249583 7 0
303249582 19 18
303249579 0 4
303249576 0 0
303249573 19 0
303249571 3 6
303249570 4 0
303249569 10 0
303249566 3 0
303249565 10 0
303249564 8 1
303249563 8 1
303249562 10 0
303249561 0 0
303249558 5 0
303249556 16 0
303249555 0 0
303249553 1 2
303249552 13 1
303249550 10 0
303249548 5 1
303249547 0 2
303249546 13 0
303249545 2 0
303249543 1 0
303249539 0 0
303249538 0 0
303249535 19 0
303249534 2 0
303249527 4 26
303249526 12 0
303249523 0 0
303249522 25 0
303249521 21 0
303249516 8 0
303249515 0 0
303249514 6 0
303249513 3 0
303249512 4 1
303249510 0 0
303249509 14 0
303249506 20 0
303249505 8 1
303249504 4 0
303249503 10 0
303249501 10 0
303249500 10 2
303249499 0 0
303249496 222 4
303249495 14 0
303249493 5 0
303249492 20 0
303249491 12 0
303249490 10 1
303249488 57 3
303249487 19 0
303249486 17 0
303249485 3 0
303249483 7 1
303249479 3 6
303249478 4 0
303249476 12 1
303249475 9 2
303249474 2 0
303249470 15 1
303249468 4 0
303249466 3 1
303249464 9 1
303249463 9 1
303249460 5 0
303249459 3 0
303249458 9 1
303249457 14 1
303249455 2 0
303249454 8 5
303249452 118 9
303249451 0 0
303249450 4 0
303249448 15 0
303249446 29 2
303249445 5 0
303249444 4 4
303249442 4 0
303249440 19 0
303249439 12 0
303249437 14 0
303249436 25 0
303249435 6 4
303249434 11 0
303249432 0 0
303249429 17 0
303249428 21 1
303249427 24 1
303249426 12 0
303249422 0 0
303249421 1 0
303249420 0 0
303249418 11 0
303249417 8 0
303249416 6 0
303249412 8 1
303249411 1 0
303249408 14 0
303249407 4 0
303249406 0 0
303249405 1 0
303249404 12 0
303249401 9 1
303249400 6 0
303249399 16 1
303249398 12 0
303249397 6 0
303249396 17 0
303249395 12 0
303249394 13 0
303249393 12 1
303249392 3 1
303249389 8 0
303249388 10 0
303249387 0 0
303249386 10 61
303249384 0 1
303249383 1 0
303249382 8 0
303249381 0 9
303249379 8 1
303249377 0 0
303249376 0 0
303249375 0 0
303249373 10 0
303249372 1 0
303249371 8 15
303249370 2 0
303249369 13 1
303249367 7 1
303249366 0 0
303249365 21 1
303249362 1 70
303249361 13 0
303249358 8 1
303249357 6 1
303249356 17 0
303249353 0 0
303249351 10 0
303249348 143 12
303249347 10 1
303249345 13 0
303249344 8 0
303249342 5 0
303249340 4 1
303249339 6 1
303249338 2 0
303249336 4 0
303249335 1 39
303249333 3 0
303249332 8 0
303249331 0 0
303249330 4 0
303249328 10 0
303249327 1 0
303249325 1 0
303249324 5 66
303249323 12 1
303249322 0 0
303249321 15 0
303249318 5 0
303249317 12 0
303249315 19 2
303249314 25 0
303249313 5 0
303249312 16 0
303249311 14 6
303249310 1 0
303249308 4 0
303249307 3 0
303249306 9 2
303249305 7 0
303249304 7 0
303249303 4 2
303249302 16 0
303249301 0 0
303249300 4 1
303249299 3 1
303249298 6 0
303249297 8 0
303249296 24 3
303249295 10 1
303249294 6 0
303249292 10 0
303249291 5 0
303249290 0 2
303249289 3 0
303249288 10 1
303249287 7 0
303249286 17 1
303249285 0 0
303249284 9 1
303249283 16 0
303249281 0 0
303249280 11 1
303249279 4 2
303249278 0 0
303249277 8 6
303249276 1 0
303249275 5 1
303249274 10 0
303249273 2 0
303249270 10 0
303249269 12 0
303249268 15 2
303249267 6 0
303249266 6 98
303249263 8 0
303249262 3 0
303249261 6 1
303249260 5 2
303249258 1 1
303249256 4 0
303249255 5 0
303249254 0 0
303249252 18 1
303249251 18 1
303249250 8 1
303249249 5 0
303249248 11 1
303249247 8 0
303249246 2 0
303249243 12 0
303249242 11 1
303249241 3 134
303249240 8 0
303249239 7 0
303249238 7 3
303249237 12 0
303249234 4 0
303249233 23 1
303249232 18 1
303249231 10 0
303249230 14 0
303249229 1 0
303249228 4 0
303249227 9 0
303249226 10 0
303249225 1 0
303249224 2 0
303249223 8 1
303249222 239 1
303249220 14 0
303249219 2 1
303249218 12 1
303249217 15 1
303249216 8 2
303249215 0 24
303249214 2 47
303249212 13 3
303249211 13 1
303249210 3 0
303249209 9 0
303249206 4 0
303249205 7 1
303249202 12 2
303249201 10 1
303249200 3 1
303249198 3 0
303249196 13 1
303249195 8 0
303249194 2 73
303249193 2 1
303249192 22 1
303249191 15 1
303249190 13 2
303249188 20 2
303249186 4 0
303249185 12 0
303249183 175 1
303249182 2 0
303249180 1 1
303249178 0 61
303249176 17 0
303249175 1 1
303249174 1 0
303249173 8 0
303249172 18 1
303249171 12 0
303249169 21 0
303249168 14 0
303249167 8 0
303249166 0 7
303249165 12 0
303249164 9 0
303249163 21 0
303249160 2 1
303249159 8 1
303249158 8 0
303249157 26 2
303249156 2 0
303249155 0 3
303249153 15 0
303249151 4 0
303249150 52 3
303249149 3 82
303249148 0 0
303249147 5 1
303249145 27 0
303249143 8 2
303249142 0 0
303249141 1 0
303249139 7 0
303249138 0 0
303249137 20 1
303249136 9 0
303249134 9 1
303249133 9 0
303249131 8 2
303249130 15 0
303249129 281 13
303249128 8 2
303249127 3 0
303249126 7 0
303249125 4 135
303249124 47 2
303249123 6 0
303249122 10 1
303249121 14 1
303249120 5 1
303249119 6 0
303249118 5 0
303249117 2 0
303249115 3 0
303249114 11 0
303249113 32 1
303249112 1 0
303249111 12 0
303249110 2 86
303249109 10 3
303249107 6 0
303249106 1 0
303249105 16 1
303249100 6 0
303249099 15 0
303249097 67 19
303249095 16 0
303249094 13 0
303249093 9 0
303249092 12 0
303249091 8 0
303249090 9 0
303249089 0 0
303249088 5 0
303249086 8 0
303249085 4 0
303249084 11 1
303249083 15 0
303249079 23 0
303249078 0 2
303249077 0 0
303249076 5 0
303249075 2 0
303249074 4 1
303249073 10 0
303249072 8 0
303249071 13 0
303249069 9 2
303249068 8 0
303249067 13 0
303249066 8 0
303249065 5 0
303249064 6 0
303249063 2 0
303249062 3 0
303249060 5 0
303249059 7 0
303249057 9 0
303249055 15 1
303249054 1 0
303249053 2 0
303249052 1 0
303249050 395 2
303249048 10 0
303249047 2 0
303249045 168 3
303249043 4 0
303249041 3 76
303249039 8 0
303249037 9 8
303249036 21 2
303249035 6 0
303249034 8 0
303249032 9 0
303249031 1 0
303249030 3 0
303249029 1 0
303249028 16 0
303249027 12 2
303249026 11 0
303249025 7 0
303249024 2 4
303249023 6 0
303249022 18 0
303249019 16 0
303249018 3 0
303249016 9 26
303249013 0 4
303249012 1 0
303249011 14 8
303249010 1 108
303249009 11 0
303249008 7 0
303249007 6 0
303249006 1 0
303249005 5 0
303249004 13 0
303249003 5 15
303249002 3 0
303249000 13 0
303248999 10 0
303248998 266 2
303248996 13 0
303248995 4 0
303248994 4 20
303248991 115 0
303248990 1 1
303248988 5 1
303248987 18 2
303248986 0 1
303248985 1 75
303248984 9 0
303248983 13 0
303248981 10 1
303248979 7 28
303248977 6 0
303248975 22 1
303248973 16 0
303248972 8 0
303248971 21 0
303248970 11 0
303248969 8 1
303248967 8 0
303248966 7 0
303248964 2 0
303248963 11 0
303248962 10 0
303248961 12 0
303248960 9 0
303248958 1 0
303248957 175 2
303248956 14 0
303248955 17 0
303248954 10 0
303248953 2 51
303248952 92 4
303248951 17 0
303248950 8 2
303248949 11 0
303248948 20 0
303248947 9 1
303248946 4 0
303248945 1 32
303248944 3 0
303248943 23 0
303248941 9 0
303248938 1 0
303248936 8 0
303248935 5 7
303248934 4 1
303248933 1 0
303248932 7 5
303248931 14 1
303248929 1 2
303248928 231 5
303248927 9 0
303248926 12 0
303248925 1 3
303248924 14 0
303248921 11 0
303248920 6 0
303248917 4 0
303248916 3 0
303248915 138 10
303248910 2 22
303248909 5 0
303248908 147 1
303248907 136 1
303248906 8 0
303248905 4 0
303248904 7 0
303248903 0 0
303248902 12 0
303248900 7 0
303248899 3 0
303248898 6 0
303248897 9 0
303248896 0 0
303248894 5 0
303248893 0 3
303248892 12 1
303248891 2 0
303248890 2 0
303248889 7 0
303248888 3 0
303248887 6 5
303248886 14 0
303248885 7 0
303248884 0 0
303248883 3071 151
303248882 0 4
303248881 0 1
303248879 4 19
303248878 5 0
303248877 13 0
303248876 0 4
303248875 27 1
303248873 7 0
303248872 88 7
303248870 8 0
303248869 7 0
303248868 8 0
303248867 4 1
303248865 2 0
303248864 4 1
303248863 3 7
303248862 2 7
303248861 4 17
303248859 9 1
303248857 2 1
303248856 877 93
303248855 3 0
303248854 3 6
303248852 4 100
303248851 5 0
303248849 25 0
303248848 0 0
303248847 4 5
303248846 4 0
303248845 8 1
303248843 14 0
303248842 7 2
303248841 10 0
303248840 1 0
303248839 183 23
303248838 246 3
303248837 7 0
303248835 3 105
303248834 1 0
303248833 12 0
303248832 0 2
303248830 5 3
303248827 6 0
303248826 8 1
303248825 1 2
303248824 1 0
303248822 1 2
303248819 13 0
303248816 9 0
303248814 13 5
303248810 13 0
303248808 5 5
303248807 4 0
303248805 14 1
303248804 21 1
303248801 3 0
303248799 0 0
303248797 4 2
303248796 322 9
303248793 2 19
303248792 9 0
303248791 2 0
303248790 0 3
303248789 7 0
303248788 1 0
303248786 9 0
303248785 5 0
303248784 10 1
303248781 6 0
303248780 8 0
303248779 15 2
303248777 19 0
303248776 14 0
303248775 18 0
303248773 1 0
303248772 106 8
303248770 6 0
303248769 9 0
303248767 0 0
303248766 0 2
303248765 246 2
303248761 8 0
303248760 8 3
303248759 1 7
303248758 6 0
303248756 0 1
303248755 9 225
303248754 3 0
303248753 4 12
303248752 17 1
303248750 15 1
303248749 10 0
303248748 57 1
303248747 13 1
303248745 1 21
303248744 3 1
303248743 0 8
303248742 1 14
303248741 2 13
303248740 10 1
303248739 11 1
303248738 11 1
303248737 3 1
303248736 0 0
303248735 11 0
303248734 15 0
303248732 8 0
303248731 1 0
303248730 46 5
303248729 1 0
303248727 5 0
303248725 15 0
303248722 3 3
303248721 9 1
303248719 1 0
303248718 3 0
303248717 146 4
303248716 208 3
303248710 3 2
303248709 2 1
303248707 6 1
303248705 4 3
303248703 6 3
303248702 0 0
303248701 0 0
303248700 11 0
303248699 17 1
303248697 8 0
303248694 303 1
303248693 5 2
303248692 7 0
303248691 8 105
303248689 8 12
303248688 21 2
303248686 20 0
303248685 3 0
303248684 211 2
303248683 6 1
303248682 15 3
303248679 1 15
303248678 9 0
303248677 14 0
303248676 355 14
303248675 5 6
303248674 2 0
303248671 134 10
303248670 12 1
303248669 4 116
303248668 3 0
303248667 7 0
303248666 3 1
303248665 7 0
303248664 0 8
303248663 20 2
303248661 14 0
303248660 18 3
303248657 0 1
303248656 16 0
303248655 3 0
303248653 4 0
303248651 4 105
303248650 9 5
303248649 1 0
303248646 5 0
303248645 269 31
303248644 134 1
303248642 6 0
303248641 2 1
303248637 15 1
303248636 4 233
303248634 9 0
303248632 7 1
303248630 2 0
303248627 7 0
303248626 2 0
303248625 7 0
303248624 17 4
303248623 6 0
303248622 8 0
303248621 3 0
303248620 3 0
303248618 169 9
303248617 15 0
303248616 4 2
303248615 3 0
303248614 2 4
303248613 10 0
303248612 18 0
303248611 390 3
303248610 8 0
303248609 3 1
303248608 288 5
303248607 11 1
303248606 14 0
303248603 269 4
303248602 14 10
303248599 8 0
303248598 15 0
303248594 0 6
303248593 382 3
303248592 3 0
303248590 10 3
303248589 11 1
303248588 1 5
303248587 0 0
303248586 148 13
303248585 9 1
303248584 17 261
303248583 8 1
303248581 8 0
303248577 7 12
303248576 1 43
303248575 12 6
303248574 0 1
303248572 2 2
303248571 0 2
303248570 4 0
303248569 8 2
303248568 4 0
303248566 8 0
303248565 0 2
303248562 222 11
303248560 3 6
303248559 18 0
303248556 7 0
303248555 19 1
303248553 14 12
303248552 1 1
303248551 1 21
303248550 2 1
303248549 151 4
303248548 13 1
303248547 8 2
303248545 21 1
303248544 1 19
303248543 264 6
303248541 10 1
303248540 13 1
303248539 4 1
303248537 8 1
303248536 9 1
303248535 12 1
303248534 2 19
303248533 4 2
303248530 0 1
303248527 6 0
303248526 13 3
303248525 14 0
303248524 2 27
303248523 12 0
303248522 5 3
303248521 16 1
303248520 15 4
303248519 206 2
303248518 10 1
303248517 1 10
303248516 8 1
303248515 325 2
303248512 4 1
303248511 3 1
303248510 14 6
303248509 10 1
303248507 3 1
303248506 339 4
303248505 5 1
303248501 4 1
303248498 10 1
303248497 6 1
303248496 3 1
303248495 7 1
303248494 9 6
303248493 6 0
303248492 4 1
303248491 7 0
303248490 2 0
303248489 7 0
303248486 5 1
303248485 15 0
303248483 6 0
303248482 14 0
303248481 16 0
303248476 0 0
303248475 6 0
303248474 14 4
303248473 9 0
303248472 766 12
303248471 1 0
303248470 354 12
303248469 1 0
303248468 1 0
303248467 8 0
303248466 0 0
303248465 9 0
303248464 10 0
303248462 8 0
303248461 0 0
303248460 6 0
303248456 13 4
303248455 4 0
303248454 7 0
303248453 2 0
303248452 6 10
303248451 4 0
303248450 297 1
303248449 3 0
303248448 1 0
303248447 14 0
303248446 2 0
303248445 277 0
303248443 3 0
303248442 9 2
303248441 224 1
303248438 2 0
303248437 0 2
303248436 10 0
303248435 10 3
303248434 3 0
303248433 9 0
303248431 1 0
303248430 3 33
303248429 3 0
303248427 8 0
303248426 247 2
303248425 5 2
303248423 11 0
303248422 6 0
303248420 0 0
303248419 11 0
303248418 11 0
303248417 7 0
303248416 264 1
303248415 3 0
303248413 8 0
303248412 5 0
303248410 2 0
303248409 7 1
303248407 0 1
303248405 1 0
303248404 2 0
303248403 4 0
303248402 7 0
303248401 1 0
303248400 2 0
303248399 9 11
303248398 3 36
303248397 7 19
303248396 3 0
303248395 12 0
303248393 1 2
303248392 1 1
303248391 142 1
303248390 10 0
303248389 5 0
303248388 0 3
303248387 0 0
303248386 10 0
303248385 2 8
303248384 9 0
303248383 0 0
303248382 170 4
303248381 13 5
303248380 7 0
303248379 1 0
303248378 1 0
303248377 0 0
303248376 3 0
303248375 10 0
303248374 5 0
303248373 4 1
303248372 7 0
303248371 18 2
303248370 1 0
303248369 5 0
303248368 2 0
303248367 0 0
303248366 5 33
303248364 3 4
303248363 2 0
303248362 1 0
303248360 142 1
303248359 7 0
303248358 619 34
303248356 13 3
303248355 164 1
303248354 2 1
303248352 4 0
303248351 10 0
303248350 2 0
303248349 3 1
303248348 9 2
303248347 11 0
303248346 6 0
303248345 0 4
303248343 0 4
303248342 228 4
303248341 3 80
303248340 1 1
303248339 7 1
303248338 12 1
303248335 6 0
303248334 9 0
303248332 3 69
303248331 6 0
303248330 2 0
303248329 1 1
303248327 12 1
303248326 16 1
303248325 0 1
303248323 5 0
303248322 2 32
303248321 0 0
303248320 2 0
303248319 9 1
303248318 13 0
303248316 4 0
303248315 8 0
303248314 0 0
303248313 9 0
303248312 2 0
303248311 947 17
303248310 0 6
303248309 12 0
303248308 3 2
303248307 0 7
303248305 14 0
303248304 194 2
303248303 5 14
303248302 6 0
303248301 515 8
303248300 8 0
303248299 0 1
303248298 11 0
303248297 9 0
303248296 7 0
303248295 14 0
303248294 10 0
303248293 2 0
303248292 11 0
303248291 4 0
303248290 323 13
303248288 8 0
303248287 10 0
303248286 8 0
303248285 12 9
303248284 8 0
303248282 751 9
303248281 8 0
303248280 2 0
303248279 10 0
303248278 1 0
303248276 0 1
303248275 8 0
303248274 7 21
303248270 0 0
303248269 14 0
303248267 2 0
303248266 6 0
303248265 278 6
303248264 6 0
303248263 2 34
303248262 2 0
303248261 13 0
303248260 11 0
303248259 3 1
303248258 6 0
303248257 2 0
303248256 4 39
303248255 4 1
303248254 9 1
303248251 8 0
303248250 3 0
303248249 604 6
303248247 705 8
303248245 3 0
303248244 3 0
303248242 0 0
303248241 0 0
303248240 4 1
303248239 136 3
303248237 8 1
303248236 6 2
303248235 9 2
303248234 0 1
303248233 563 7
303248232 12 2
303248231 17 0
303248230 401 5
303248228 8 0
303248226 0 1
303248224 5 0
303248223 6 1
303248222 10 0
303248220 9 0
303248218 631 10
303248217 3 0
303248216 7 0
303248215 7 0
303248214 6 0
303248213 0 1
303248212 1 6
303248211 12 2
303248210 0 0
303248209 1 0
303248208 12 0
303248207 10 2
303248206 0 0
303248205 1 1
303248204 9 0
303248203 6 1
303248200 11 0
303248199 15 0
303248197 7 1
303248196 2 0
303248195 2 1
303248193 3 0
303248192 2 1
303248190 12 0
303248189 6 2
303248188 6 2
303248187 4 1
303248185 3 0
303248184 11 0
303248182 9 0
303248181 4 0
303248180 2 1
303248179 3 0
303248177 2 0
303248175 9 0
303248174 13 0
303248173 12 1
303248170 1 0
303248168 6 8
303248167 8 1
303248166 6 1
303248164 14 0
303248162 9 0
303248161 5 0
303248159 9 0
303248158 11 9
303248156 534 6
303248155 9 1
303248152 13 0
303248151 2 0
303248150 10 0
303248148 3 0
303248147 9 0
303248145 1 1
303248144 8 1
303248143 236 2
303248142 185 1
303248141 2 0
303248139 9 1
303248136 13 1
303248134 0 2
303248133 0 0
303248132 1 1
303248129 9 2
303248127 13 0
303248125 10 1
303248124 486 12
303248123 2 1
303248122 1 9
303248121 1 1
303248120 1 0
303248119 7 25
303248117 4 0
303248116 538 7
303248115 0 25
303248114 328 2
303248113 8 1
303248112 0 4
303248111 1268 59
303248110 0 0
303248108 11 3
303248107 2 50
303248105 1 2
303248104 0 1
303248103 0 2
303248102 0 3
303248101 1 0
303248100 2 0
303248099 0 1
303248098 730 44
303248096 2 1
303248095 10 2
303248093 11 0
303248092 0 0
303248091 1 0
303248087 0 1
303248083 7 2
303248081 9 0
303248079 4 1
303248078 2619 43
303248077 2 4
303248075 519 8
303248074 3 29
303248073 1 2
303248071 735 18
303248070 9 0
303248069 10 1
303248067 9 1
303248066 1 18
303248064 0 0
303248062 9 0
303248061 399 8
303248059 8 0
303248058 0 0
303248057 2 1
303248056 0 0
303248055 0 0
303248054 5 0
303248052 9 0
303248051 5 0
303248049 1 0
303248048 418 8
303248047 0 0
303248046 1251 116
303248043 15 1
303248042 7 1
303248041 6 0
303248040 13 0
303248038 3 10
303248037 0 0
303248036 0 3
303248033 0 0
303248032 1 1
303248031 8 1
303248030 4 6
303248029 1 0
303248028 2 0
303248027 2 2
303248026 4 1
303248025 1 0
303248023 7 1
303248021 0 10
303248020 4 3
303248019 0 0
303248018 15 0
303248017 0 0
303248016 6 1
303248015 1 0
303248013 7 1
303248011 1071 40
303248005 1872 81
303248004 1 1
303248003 8 0
303248002 0 0
303248001 374 38
303248000 2972 69
303247999 8 1
303247998 0 0
303247995 468 5
303247993 7 1
303247992 0 0
303247991 5 19
303247989 0 7
303247987 2 0
303247986 3 0
303247985 299 4
303247983 4 23
303247982 19 0
303247981 227 12
303247979 1 0
303247977 0 6
303247976 3 3
303247975 82 3
303247974 1 0
303247973 0 0
303247970 5 0
303247969 0 0
303247967 0 1
303247966 12 66
303247964 1656 57
303247963 1297 27
303247961 360 4
303247960 159 3
303247959 1 2
303247958 3 3
303247957 549 7
303247956 2 0
303247955 240 5
303247954 1 0
303247952 0 0
303247951 2 0
303247950 366 5
303247948 0 1
303247947 2 35
303247946 4 47
303247945 0 2
303247944 7 0
303247943 15 0
303247942 13 0
303247941 0 2
303247939 0 3
303247938 9 1
303247937 2 0
303247936 4 1
303247934 2 1
303247932 0 1
303247931 4 0
303247930 1 0
303247929 1 1
303247928 3 1
303247926 4 0
303247925 2284 43
303247924 1121 33
303247923 18 0
303247921 302 9
303247920 0 38
303247917 2 0
303247915 326 12
303247914 5 1
303247913 12 3
303247912 0 1
303247910 4 33
303247908 8 2
303247907 105 6
303247906 0 0
303247905 0 2
303247904 20 4
303247903 7 4
303247902 3 4
303247901 1 3
303247900 4 2
303247899 6 17
303247898 12 6
303247897 3 15
303247896 8 2
303247895 121 5
303247894 3 41
303247893 10 0
303247892 0 0
303247891 0 0
303247890 4 0
303247888 168 7
303247887 943 13
303247886 11 4
303247885 13 1
303247883 2 9
303247882 1 0
303247881 1 8
303247879 1 2
303247878 11 2
303247877 0 1
303247875 1 1
303247874 2 2
303247870 2 3
303247868 0 0
303247867 1 3
303247865 4 1
303247864 0 0
303247863 1 1
303247862 245 10
303247861 0 1
303247860 0 2
303247859 0 0
303247858 6 6
303247857 0 0
303247856 1 1
303247855 1 1
303247854 0 0
303247853 0 1
303247851 0 0
303247850 0 0
303247849 1371 49
303247848 1205 37
303247847 6 1
303247846 6 0
303247844 0 0
303247843 323 3
303247842 7 0
303247841 2 0
303247840 1 1
303247839 1 11
303247838 11 0
303247837 9 0
303247836 9 2
303247834 2604 119
303247832 0 0
303247831 0 0
303247830 2 1
303247827 2 3
303247826 3 1
303247825 0 0
303247824 0 3
303247822 1 0
303247821 0 3
303247819 262 1
303247818 1 1
303247816 2 0
303247815 7 0
303247814 3 1
303247813 0 1
303247812 0 0
303247811 0 2
303247810 1 1
303247808 0 1
303247807 11 2
303247806 0 0
303247804 5 0
303247800 0 0
303247799 0 2
303247798 0 8
303247797 5 2
