303952373 0 0
303890075 0 0
303864307 0 0
303858857 0 0
303855434 0 0
303834418 0 0
303744988 0 0
303744674 1 0
303742430 0 0
303740256 0 0
303736849 0 0
303671707 0 3
303671705 0 0
303497213 0 0
303495300 0 0
303495193 0 0
303493166 1 0
303399987 3 1
303369233 10 0
303358315 2 1
303320949 3 0
303318827 1 6
303282380 0 0
303278997 3 4
303251018 1 0
303251016 2 0
303251014 0 0
303251009 0 0
303251003 0 0
303250998 11 0
303248595 10 0
303247889 1 0
303245851 6 0
303245849 35 0
303191070 7 2
303177493 3 0
303171760 7 0
303162589 0 0
303162248 4 1
303157326 0 4
303157300 2 0
303155233 3 0
303152236 0 1
303152229 0 1
303151407 1 0
303151378 6 0
303151360 3 1
303151348 0 0
303150037 0 0
303149861 11 27
303144930 0 0
303137388 5 1
303132289 3 1
303123146 2 0
303120063 18 5
303115836 0 0
303115374 1 2
303112632 17 47
303112627 4 8
303104641 0 0
303104525 2 0
303104472 3 0
303104448 1 0
303104440 2 0
303100748 22 1
303098457 13 1
303097632 3 1
303094919 8 0
303091242 9 0
303089073 2 12
303079852 0 0
303079851 3 1
303079849 4 0
303079848 0 0
303079845 3 0
303079798 21 7
303079711 6 7
303079471 1 0
303079469 7 1
303079378 9 3
303079350 2 1
303079282 5 0
303079242 2 1
303079135 4 0
303078946 5 2
303078835 19 1
303078754 25 5
303078639 1 0
303078432 23 1
303078178 7 0
303078151 10 0
303078146 22 1
303078130 1 0
303078127 1 0
303077121 0 0
303077079 1 1
303077068 1 0
303076989 22 0
303076983 0 1
303076919 8 3
303076885 0 0
303076880 0 1
303076879 2 1
303076876 0 0
303076821 9 0
303076729 2 0
303076706 9 0
303076629 6 0
303076536 5 0
303076498 3 20
303076471 17 0
303076451 0 0
303076352 8 5
303076343 0 0
303076306 7 40
303076290 0 0
303076186 1 0
303076139 2 0
303076023 0 2
303075972 2 0
303075777 0 0
303075620 10 1
303075537 2 0
303075442 4 1
303075382 1 0
303075375 26 1
303075269 19 4
303075247 1 0
303075245 43 0
303075244 30 9
303075207 18 1
303075030 0 0
303074983 1 0
303074959 10 3
303074946 14 0
303074922 0 0
303074915 6 4
303074904 6 0
303074888 1 0
303074848 1 0
303074617 2 7
303074476 0 0
303074210 6 6
303074170 2 0
303074103 3 0
303074058 0 0
303073718 4 1
303073645 6 4
303073611 5 24
303073442 7 2
303073354 3 1
303073170 17 8
303073151 16 1
303072911 17 0
303072895 4 1
303072835 19 0
303072829 7 15
303072828 8 2
303072760 3 0
303072754 9 25
303072749 22 0
303072730 2 0
303072726 12 7
303072588 1 0
303072562 15 3
303072561 6 7
303072537 8 9
303072529 6 12
303072357 0 0
303072349 1 0
303072326 0 0
303072322 1 0
303072320 11 2
303072277 0 1
303072180 3 0
303072123 17 10
303072104 0 0
303072067 0 0
303072046 1 0
303071907 5 5
303071870 7 12
303071859 9 12
303071825 2 0
303071798 4 0
303071789 13 0
303071762 3 2
303071752 0 0
303071740 241 25
303071730 1 1
303071724 13 5
303071696 1 2
303071694 0 0
303071682 3 0
303071663 4 0
303071590 26 1
303071566 6 15
303071544 2 0
303071537 26 1
303071519 18 80
303071515 7 1
303071468 0 0
303071452 1 0
303071443 2 0
303071437 32 2
303071426 1 0
303071394 10 66
303071330 12 0
303071315 15 1
303071314 17 0
303071299 21 0
303071298 2 59
303071296 4 0
303071284 0 1
303071219 7 2
303071207 18 8
303071206 7 4
303071195 10 9
303071182 4 0
303071168 25 3
303071167 10 1
303071105 2 0
303071032 15 2
303071020 1 0
303070996 5 2
303070984 5 0
303070912 27 7
303070895 3 4
303070872 20 4
303070869 1 1
303070847 2 73
303070817 1 1
303070816 1 51
303070801 0 3
303070798 9 3
303070751 10 1
303070748 17 1
303070737 3 0
303070710 0 0
303070691 4 1
303070664 2 1
303070656 7 22
303070646 1 0
303070631 16 19
303070629 26 7
303070606 1 0
303070587 0 0
303070536 2 1
303070532 17 13
303070492 2 45
303070426 11 4
303070391 0 0
303070374 10 0
303070340 0 1
303070302 1 0
303070282 1 0
303070273 20 4
303070272 5 28
303070249 12 0
303070208 12 52
303070191 0 1
303070115 1 0
303069939 1 9
303069907 0 0
303069894 20 5
303069876 18 8
303069859 9 3
303069839 4 5
303069816 21 4
303069748 19 4
303069746 4 19
303069723 1 1
303069718 5 0
303069707 17 1
303069702 7 0
303069701 4 1
303069697 19 2
303069678 15 3
303069671 3 66
303069659 5 5
303069656 5 36
303069637 4 7
303069636 27 2
303069619 9 6
303069610 0 0
303069604 3 2
303069594 73 3
303069584 17 7
303069573 0 1
303069564 0 2
303069563 17 2
303069561 0 1
303069558 6 1
303069542 1 1
303069534 6 1
303069525 8 2
303069519 7 21
303069510 3 10
303069488 0 0
303069481 3 8
303069464 0 0
303069453 31 0
303069450 19 4
303069444 10 1
303069441 7 2
303069434 3 13
303069325 7 66
303069316 18 4
303069313 2 0
303069310 13 1
303069309 2 1
303069295 3 1
303069291 0 1
303069282 5 21
303069256 7 5
303069250 8 1
303069241 6 2
303069203 3 1
303069194 3 32
303069180 11 1
303069176 3 1
303069160 2 0
303069132 4 5
303069090 1 44
303069074 0 0
303069010 25 7
303068999 5 1
303068938 7 9
303068923 9 8
303068915 0 0
303068843 18 4
303068835 18 1
303068818 6 27
303068808 14 47
303068795 5 48
303068780 9 35
303068773 0 0
303068771 1 0
303068765 4 3
303068762 2 0
303068756 12 59
303068755 4 30
303068753 0 1
303068731 0 4
303068716 45 7
303068668 2 32
303068654 30 1
303068624 15 21
303068621 2 2
303068618 18 7
303068615 0 0
303068610 0 5
303068591 5 13
303068560 1 2
303068553 3 51
303068548 5 2
303068539 2 0
303068528 5 4
303068517 11 1
303068516 1 0
303068491 11 2
303068475 17 12
303068471 14 3
303068465 1 2
303068458 6 9
303068446 0 1
303068403 209 2
303068398 1 0
303068376 2 0
303068363 8 2
303068340 4 1
303068333 4 2
303068328 0 4
303068319 98 3
303068286 1 1
303068285 4 2
303068279 21 2
303068269 47 4
303068261 0 2
303068258 30 4
303068247 5 2
303068241 3 4
303068234 5 7
303068211 6 1
303068210 15 0
303068184 7 4
303068160 8 2
303068159 4 3
303068141 5 0
303068108 9 4
303068100 30 1
303068079 10 10
303068077 8 2
303068067 11 4
303068054 6 7
303068009 0 13
303067964 9 0
303067954 12 1
303067939 16 1
303067930 9 1
303067914 1 12
303067904 10 0
303067889 18 68
303067858 2 4
303067849 6 5
303067840 72 6
303067838 14 4
303067825 17 5
303067820 17 7
303067802 4 77
303067796 0 3
303067775 2 0
303067770 13 2
303067746 0 12
303067743 0 14
303067723 0 13
303067691 9 76
303067689 7 2
303067685 4 83
303067674 6 139
303067666 11 16
303067652 9 16
303067650 1 62
303067644 4 79
303067635 3 128
303067627 11 60
303067617 19 9
303067613 3 62
303067611 0 0
303067606 1 25
303067592 0 0
303067588 1 2
303067553 8 2
303067552 1 0
303067518 2 0
303067514 24 1
303067499 2 2
303067490 0 0
303067488 18 6
303067487 21 23
303067485 6 2
303067477 5 2
303067476 0 0
303067471 5 3
303067466 6 2
303067459 0 1
303067421 3 1
303067400 0 1
303067392 8 54
303067388 3 2
303067381 0 0
303067371 16 1
303067367 142 3
303067347 0 0
303067336 1 0
303067332 0 0
303067317 0 0
303067307 14 12
303067301 16 8
303067298 47 3
303067273 4 0
303067259 15 3
303067256 4 0
303067224 0 1
303067223 10 0
303067217 0 0
303067208 2 55
303067142 11 4
303067129 0 0
303067115 1 2
303067095 9 36
303067070 8 6
303067051 14 5
303067042 38 2
303067032 29 37
303067017 3 31
303066975 8 4
303066958 10 5
303066945 3 42
303066909 19 4
303066908 41 2
303066893 6 36
303066890 12 0
303066886 3 0
303066849 12 2
303066828 9 2
303066827 0 0
303066813 0 0
303066781 5 34
303066774 6 8
303066773 24 17
303066768 26 0
303066752 28 10
303066749 1 0
303066725 0 0
303066717 7 0
303066714 24 6
303066699 0 3
303066693 5 1
303066687 8 0
303066683 11 3
303066677 0 3
303066654 9 2
303066645 232 2
303066640 20 5
303066626 13 1
303066612 8 1
303066590 8 1
303066578 9 0
303066577 3 9
303066557 7 2
303066551 5 1
303066512 5 2
303066507 0 3
303066389 0 0
303066368 7 2
303066366 4 27
303066364 232 4
303066342 0 0
303066339 0 0
303066331 6 0
303066304 5 1
303066290 2 18
303066256 11 1
303066253 2 1
303066226 1 1
303066225 0 1
303066212 13 1
303066210 0 1
303066166 32 3
303066112 15 0
303066104 2 1
303066011 0 0
303065917 19 4
303065899 0 1
303065890 2 1
303065871 11 4
303065870 0 0
303065845 1 1
303065840 4 2
303065798 15 3
303065760 4 0
303065745 7 6
303065743 1 0
303065732 6 2
303065699 0 1
303065615 0 1
303065604 12 1
303065569 0 0
303065557 0 1
303065532 0 0
303065509 15 2
303065492 41 13
303065452 19 1
303065446 9 6
303065436 112 2
303065433 3 2
303065415 34 2
303065383 36 1
303065376 0 0
303065367 1 0
303065329 78 11
303065257 7 1
303065241 4 0
303065236 2 5
303065226 8 8
303065209 147 42
303065167 7 0
303065156 3 1
303065154 3 2
303065074 4 47
303065070 0 0
303065066 0 1
303065052 0 1
303065049 1 1
303065044 0 1
303065042 2 12
303065035 14 1
303065027 6 5
303065013 155 16
303065012 2 2
303064929 10 0
303064911 9 1
303064889 18 0
303064883 14 0
303064872 5 0
303064857 2 1
303064841 3 12
303064828 2 1
303064824 8 3
303064797 17 18
303064782 6 23
303064772 24 15
303064751 9 6
303064728 7 1
303064706 6 1
303064673 7 0
303064646 100 6
303064635 13 5
303064603 17 7
303064589 1 22
303064530 5 0
303064524 10 7
303064511 15 3
303064509 1 26
303064505 11 12
303064498 0 0
303064494 165 7
303064493 0 0
303064473 0 5
303064449 10 1
303064385 12 1
303064369 15 6
303064363 8 1
303064317 1 0
303064316 27 1
303064297 15 6
303064295 8 4
303064278 482 6
303064266 6 1
303064262 7 8
303064257 0 0
303064240 36 11
303064212 15 1
303064190 0 0
303064166 2 19
303064142 1 5
303064114 32 9
303064081 0 0
303064003 2 15
303063995 2 1
303063965 0 2
303063951 4 23
303063935 1 3
303063932 13 3
303063917 22 0
303063913 0 0
303063903 6 4
303063863 11 0
303063849 9 0
303063827 3 0
303063802 8 1
303063798 0 0
303063727 0 0
303063706 6 0
303063700 33 1
303063629 6 19
303063626 1 0
303063612 5 0
303063610 1 0
303063587 7 29
303063552 15 2
303063512 392 1
303063494 29 1
303063473 134 22
303063460 0 0
303063453 197 2
303063427 88 1
303063416 0 1
303063386 20 1
303063365 0 0
303063354 1 0
303063328 17 1
303063316 4 15
303063306 0 0
303063291 561 5
303063288 679 5
303063268 1 1
303063258 11 1
303063222 0 0
303063219 8 0
303063184 2 0
303063173 24 5
303063130 371 2
303063123 1 67
303063101 62 2
303063063 7 3
303063056 19 3
303063051 0 1
303063048 25 2
303063026 6 1
303063024 143 20
303063018 9 2
303062992 876 3
303062990 7 7
303062988 0 1
303062984 0 0
303062973 8 3
303062959 12 11
303062952 0 2
303062901 24 9
303062859 0 0
303062853 7 0
303062846 9 14
303062841 6 1
303062837 14 3
303062833 0 0
303062783 3 5
303062769 8 8
303062761 13 1
303062752 0 0
303062736 168 2
303062680 175 4
303062675 16 6
303062667 2 2
303062584 13 2
303062563 16 1
303062534 4 0
303062528 0 0
303062496 3 18
303062483 2 1
303062481 15 0
303062435 0 0
303062404 1 1
303062403 1 0
303062384 4 0
303062342 0 0
303062332 1 0
303062330 9 11
303062303 8 0
303062271 3 1
303062262 2 1
303062203 526 2
303062174 2 0
303062166 4 21
303062144 1 0
303062127 12 4
303062126 5 19
303062111 2 34
303062108 1 0
303062107 9 14
303062101 3 23
303062097 10 10
303062080 0 0
303062043 1 0
303062018 6 11
303062005 1 0
303061989 0 0
303061967 8 2
303061965 3 23
303061964 5 8
303061944 7 4
303061938 1 0
303061936 3 3
303061893 6 1
303061880 1 26
303061875 9 5
303061833 11 0
303061822 231 4
303061809 40 2
303061777 3 1
303061776 3 0
303061766 2 6
303061758 659 8
303061736 2 19
303061733 0 11
303061668 96 6
303061640 10 0
303061625 7 1
303061618 4 1
303061582 24 20
303061557 14 1
303061538 290 3
303061532 275 29
303061508 419 50
303061507 4 0
303061444 5 0
303061440 3 0
303061422 93 12
303061311 3 1
303061305 11 0
303061294 3 0
303061287 5 0
303061269 18 8
303061227 312 3
303061204 5 2
303061159 0 0
303061119 0 1
303061104 254 8
303061103 3 0
303061093 7 1
303061087 291 2
303061065 624 5
303061057 0 0
303061054 3 0
303061040 5 0
303061030 11 1
303061028 5 0
303061023 7 5
303060914 10 0
303060898 5 1
303060866 0 0
303060856 7 5
303060844 2 0
303060831 12 6
303060763 10 3
303060645 701 5
303060578 1 0
303060570 1 0
303060521 5 7
303060502 5 1
303060440 7 0
303060427 0 0
303060409 2 5
303060395 7 0
303060345 11 8
303060339 4 3
303060333 52 2
303060310 0 1
303060299 5 0
303060145 2 1
303060144 658 27
303060143 10 5
303060111 0 0
303060084 0 0
303060079 6 0
303060074 2314 17
303060060 0 0
303060051 48 14
303060038 4 0
303060016 8 1
303059948 7 1
303059912 2 0
303059892 183 6
303059889 163 11
303059885 1 0
303059866 4 2
303059842 0 0
303059798 6 1
303059719 10 26
303059714 0 0
303059698 0 0
303059696 9 1
303059645 1 0
303059635 6 1
303059633 4 1
303059601 549 26
303059595 5 1
303059575 10 1
303059534 17 5
303059528 0 0
303059490 57 3
303059487 212 5
303059413 2 1
303059398 467 35
303059392 1 0
303059357 4 0
303059335 3 0
303059315 0 1
303059308 0 1
303059302 1 0
303059280 0 5
303059275 4 0
303059266 11 2
303059254 271 36
303059246 9 138
303059224 2 0
303059100 345 57
303059099 7 0
303059057 2 0
303059036 2 0
303059030 5 4
303058998 23 12
303058966 4 2
303058952 4 1
303058942 4 0
303058909 2 0
303058904 6 2
303058892 0 2
303058884 2 0
303058865 3 2
303058857 5 1
303058852 0 3
303058822 4 0
303058775 0 0
303058751 0 0
303058741 15 10
303058734 3 1
303058725 0 0
303058723 5 2
303058673 3 0
303058671 0 0
303058624 7 6
303058605 6 24
303058579 5 0
303058576 3 2
303058570 6 2
303058553 0 0
303058540 1 15
303058525 32 0
303058511 10 0
303058487 16 15
303058486 10 1
303058479 1 1
303058445 2 9
303058421 2 0
303058410 13 22
303058376 0 0
303058285 221 14
303058250 5 1
303058227 0 1
303058203 20 2
303058193 1 1
303058190 0 1
303058184 0 1
303058167 4 1
303058162 7 2
303058161 6 10
303058153 0 1
303058140 1 2
303058139 1 9
303058130 20 9
303058119 0 3
303058096 10 1
303058088 59 5
303058085 9 47
303058067 6 4
303058011 15 5
303058010 1 0
303058000 2 2
303057980 9 3
303057971 6 4
303057936 0 0
303057914 6 22
303057904 6 0
303057892 0 0
303057872 6 5
303057871 5 0
303057868 4 8
303057840 1 0
303057803 5 5
303057794 2 0
303057761 0 0
303057760 1 0
303057745 0 1
303057735 0 3
303057716 0 0
303057713 7 8
303057633 183 2
303057596 391 17
303057589 5 6
303057587 1 0
303057532 1 1
303057521 3 0
303057467 8 0
303057460 5 5
303057431 3 2
303057415 370 96
303057403 7 2
303057380 6 0
303057361 0 0
303057353 5 0
303057348 7 1
303057338 4 1
303057312 0 11
303057306 0 0
303057268 411 22
303057262 0 1
303057243 0 1
303057221 2 1
303057194 8 1
303057098 10 7
303057090 5 36
303057029 9 9
303057018 3 0
303056995 2 1
303056991 3 0
303056980 2 0
303056977 0 0
303056965 6 0
303056961 0 1
303056937 8 1
303056928 21 0
303056906 2 0
303056882 1 0
303056878 739 6
303056875 0 0
303056871 1 0
303056869 7 0
303056849 9 4
303056837 22 13
303056831 0 0
303056827 3 0
303056826 0 0
303056818 6 1
303056816 4713 20
303056805 2 0
303056791 1 1
303056781 0 0
303056743 408 11
303056738 0 0
303056734 1 1
303056716 226 6
303056714 0 0
303056704 1098 7
303056691 1 0
303056684 1021 10
303056672 1 0
303056671 12 2
303056668 6 1
303056665 392 1
303056633 0 0
303056629 0 0
303056617 0 0
303056616 0 0
303056615 0 0
303056600 1541 368
303056599 1737 8
303056595 1 12
303056592 4 1
303056584 0 0
303056581 5 0
303056572 422 8
303056566 0 0
303056556 1 1
303056555 2 1
303056547 481 61
303056538 2 0
303056518 4 1
303056496 9 2
303056489 0 1
303056456 5 33
303056450 4 1
303056438 0 0
303056431 0 2
303056428 4 1
303056423 0 1
303056402 0 1
303056372 5 4
303056362 7 1
303056358 1 1
303056355 493 64
303056346 416 22
303056343 0 0
303056337 1 2
303056333 4 1
303056318 239 5
303056301 8 1
303056298 0 2
303056292 18 3
303056263 8 2
303056227 21 15
303056210 0 3
303056204 518 4
303056190 2 1
303056177 6 0
303056166 0 1
303056159 1 2
303056158 1293 17
303056156 484 4
303056155 4 1
303056140 8 0
303056126 4 1
303056105 5 2
303056101 2111 49
303056093 327 5
303056050 12 6
303056044 298 5
303056020 423 5
303056010 0 0
303055995 14 1
303055977 480 4
303055976 0 0
303055964 0 0
303055955 0 1
303055953 4 0
303055949 3 0
303055933 18 0
303055920 2 0
303055870 4 0
303055869 0 3
303055868 2346 162
303055865 0 0
303055864 8 1
303055863 7 1
303055845 326 5
303055808 2 14
303055806 155 7
303055771 1 2
303055765 11 0
303055713 621 15
303055707 5 3
303055701 0 1
303055699 459 7
303055695 0 0
303055654 357 3
303055641 12 3
303055624 3 0
303055616 2 0
303055611 1 2
303055600 6 0
303055597 5 1
303055596 1 1
303055584 664 1
303055581 2813 579
303055580 0 1
303055576 8 0
303055571 4 0
303055564 2 1
303055550 0 0
303055543 0 0
303055529 4 0
303055527 5 0
303055521 3 0
303055487 7 1
303055485 8 1
303055472 0 0
303055470 113 5
303055464 8 4
303055460 2 1
303055453 0 0
303055451 1 0
303055445 3 2
303055436 1 0
303055433 8 0
303055426 5 2
303055415 2 0
303055411 4 35
303055401 4 0
303055391 7 0
303055390 0 0
303055368 2 1
303055353 5 1
303055346 5 1
303055343 0 1
303055319 3 0
303055301 885 17
303055298 323 7
303055285 2 0
303055273 2 0
303055250 0 0
303055242 6 0
303055232 4 0
303055230 1 0
303055226 2 1
303055224 1 1
303055220 2 1
303055214 0 0
303055210 0 0
303055205 7 1
303055200 202 2
303055185 0 1
303055180 5 1
303055171 9 2
303055169 1 0
303055163 1 1
303055162 4 0
303055154 0 2
303055151 6 1
303055142 2 0
303055111 2 0
303055110 0 0
303055103 11 1
303055093 8 1
303055092 0 0
303055089 5 0
303055068 0 0
303055046 2 1
303055039 0 11
303055033 1107 60
303055008 7 0
303055001 0 0
303054995 0 3
303054994 1 1
303054990 6 2
303054970 0 0
303054967 0 0
303054942 2 2
303054926 1 6
303054925 0 0
303054924 6 0
303054919 3 0
303054889 5 4
303054871 3431 21
303054857 0 0
303054856 1557 29
303054854 7 0
303054843 0 0
303054842 1 0
303054835 0 0
303054823 0 0
303054810 1876 13
303054806 5 1
303054800 0 0
303054799 5 4
303054794 0 0
303054790 1 1
303054787 9 3
303054756 3 0
303054754 1 1
303054749 5 2
303054748 5 1
303054742 842 3
303054725 5 2
303054724 4 0
303054713 4 1
303054712 1 0
303054709 3 0
303054706 7 2
303054695 644 86
303054688 2 2
303054687 1 0
303054681 0 0
303054676 1 0
303054667 2 7
303054661 1 0
303054659 1 0
303054657 0 0
303054641 273 10
303054635 4 0
303054628 8 1
303054625 3 1
303054619 1 1
303054618 145 1
303054617 4 0
303054612 14 0
303054598 0 1
303054594 2 1
303054591 0 1
303054590 1 0
303054571 6 1
303054566 0 0
303054564 0 0
303054559 7 2
303054554 2484 49
303054553 5 0
303054552 0 0
303054544 1 1
303054539 2 0
303054533 3 1
303054532 3 2
303054531 2 0
303054520 2 0
303054515 4 0
303054511 0 2
303054508 0 0
303054505 0 0
303054504 4 0
303054499 0 0
303054498 1337 33
303054493 2 0
303054492 0 5
303054489 0 0
303054469 1 1
303054467 6 0
303054465 0 0
303054456 8 2
303054450 1 0
303054433 0 0
303054432 5 0
303054429 0 0
303054428 0 0
303054425 0 0
303054423 0 0
303054422 7 6
303054421 3 1
303054417 2 0
303054416 0 0
303054405 3 0
303054402 2 0
303054398 0 1
303054384 1 0
303054382 0 0
303054379 2 0
303054374 254 8
303054358 0 0
303054355 7 1
303054353 2103 18
303054343 1009 5
303054340 7 0
303054338 1 0
303054337 7 0
303054333 0 0
303054331 1 0
303054329 1 1
303054297 11 0
303054294 1 0
303054292 1 0
303054290 0 0
303054285 1 0
303054269 4 1
303054268 4 1
303054267 5 1
303054265 1 0
303054256 1 0
303054250 0 0
303054236 1 0
303054231 0 2
303054224 1 3
303054218 4 0
303054217 1 1
303054215 0 1
303054214 1 0
303054213 1 0
303054206 2 2
303054204 7 0
303054201 0 0
303054200 7 1
303054199 1 0
303054196 3 0
303054192 0 1
303054188 0 0
303054186 4 1
303054179 0 0
303054173 0 0
303054172 0 0
303054167 0 0
303054157 3 0
303054150 1 0
303054148 3 1
303054145 0 0
303054142 7 1
303054123 2 0
303054118 2 1
303054116 7 2
303054110 3 2
303054107 0 0
303054106 0 1
303054098 4 1
303054097 0 0
303054083 1 2
303054073 4 1
303054067 3 1
303054062 1 0
303054056 2 0
303054054 0 0
303054052 0 1
303054038 1 2
303054033 0 1
303054028 6 1
303054023 0 1
303054019 0 0
303054014 0 1
303053997 0 2
303053995 1 0
303053990 1 0
303053985 0 1
303053984 0 0
303053973 3 2
303053967 1 0
303053961 1 1
303053958 0 1
303053950 0 1
303053939 0 6
303053936 1 1
303053935 0 1
303053927 0 1
303053919 0 1
303053905 0 1
303053895 1 1
303053891 0 0
303053889 0 2
