303956472 0 0
303956431 0 0
303956427 0 0
303945557 0 0
303942043 0 0
303940064 0 0
303940056 0 0
303940049 0 0
303940039 0 0
303939327 0 0
303938156 0 0
303938024 0 1
303937925 0 0
303916884 0 0
303916874 0 0
303916868 0 0
303916855 0 0
303916830 1 0
303916791 0 0
303865403 0 0
303864395 0 0
303864325 0 0
303864324 0 0
303864323 0 0
303860463 0 0
303859832 0 1
303859587 3 0
303857908 1 1
303856235 1 0
303824400 2 0
303804987 2 0
303804985 1 2
303804977 1 1
303804630 6 1
303803869 0 0
303802442 0 0
303800273 1 0
303799422 3 1
303799079 2 0
303799073 0 0
303799071 0 0
303798987 0 0
303798977 0 0
303798794 4 0
303798395 7 0
303797280 3 0
303796812 1 0
303796805 2 0
303764332 0 0
303764330 1 1
303764329 1 0
303753591 5 1
303753355 4 0
303752859 2 0
303744337 0 0
303744277 0 0
303744276 0 0
303744275 0 0
303743820 0 0
303743294 22 0
303742728 5 1
303740360 0 0
303740012 6 4
303738910 0 0
303738689 2 0
303738382 0 0
303737621 5 1
303736453 1 0
303736451 2 0
303734996 4 0
303734368 0 0
303733353 5 4
303729543 2 0
303721397 8 4
303721396 5 3
303721389 1 3
303721376 1 4
303721326 0 9
303711107 4 0
303708845 0 0
303695903 2 15
303684057 0 0
303682385 1 0
303675973 1 0
303674229 1 0
303672979 20 0
303672787 2 0
303672688 4 0
303672660 3 1
303672636 0 0
303672529 12 0
303672487 4 0
303672423 2 0
303672229 0 0
303672213 0 0
303672086 8 0
303672023 0 0
303671963 2 4
303671812 19 0
303671624 1 0
303671608 12 0
303671596 1 1
303671575 7 0
303671534 0 1
303671494 0 0
303671435 10 0
303671423 6 0
303671408 3 1
303671404 32 3
303671386 0 0
303671300 0 0
303671297 1 0
303671295 14 0
303671224 9 0
303671219 23 0
303671203 10 0
303671202 4 0
303670962 9 0
303670748 76 3
303670710 10 0
303670686 33 3
303670629 1 0
303670473 7 7
303670462 5 0
303670440 7 1
303670343 8 0
303670288 16 6
303670263 4 0
303670217 14 0
303670084 13 1
303670070 2 0
303670040 7 0
303669171 3 14
303669124 1 21
303669101 1 29
303669097 5 0
303669030 3 2
303668954 4 1
303668934 0 1
303668850 4 34
303668770 1 41
303668769 0 0
303668743 0 4
303668694 10 3
303668672 8 0
303668646 1 7
303668639 2 46
303668581 0 0
303668573 0 0
303668564 14 38
303668546 0 0
303668456 4 0
303668400 2 0
303668391 0 3
303668377 4 0
303668358 9 0
303668341 5 0
303668313 12 0
303668210 0 0
303668194 0 0
303668154 3 0
303668144 0 0
303668097 4 0
303668068 8 2
303667790 7 0
303667743 5 0
303667672 5 0
303667666 25 5
303667503 4 3
303667492 5 0
303667310 1 0
303667261 50 5
303667223 15 2
303667196 11 0
303667083 5 35
303666444 1 3
303666439 5 3
303666401 6 0
303666398 1 12
303666397 4 0
303666396 0 0
303666395 21 0
303666390 2 0
303666387 1 1
303666378 2 0
303666365 1 0
303666356 28 15
303666332 7 42
303666319 7 0
303666314 9 0
303666297 31 2
303666244 17 8
303666210 5 2
303666206 9 4
303666194 14 10
303666180 2 38
303666173 2 41
303666167 13 1
303666158 1 0
303666157 4 0
303666152 0 0
303666141 27 0
303666119 18 0
303666057 1 0
303666051 10 14
303666039 7 0
303666031 22 2
303666021 11 4
303666008 6 15
303666007 2 5
303665996 0 0
303665984 13 0
303665960 6 11
303665925 26 0
303665922 1 37
303665915 1 36
303665860 34 3
303665846 16 1
303665842 17 0
303665823 41 2
303665811 25 5
303665807 1 3
303665797 0 0
303665789 1 1
303665786 13 10
303665734 7 3
303665731 12 0
303665708 0 0
303665674 0 6
303665668 18 2
303665654 16 8
303665635 2 0
303665620 0 1
303665613 3 1
303665595 1 0
303665586 12 1
303665584 11 12
303665583 5 67
303665569 5 75
303665565 27 3
303665558 20 7
303665556 9 9
303665553 0 6
303665550 0 5
303665524 26 14
303665520 11 1
303665517 9 2
303665513 10 2
303665504 4 1
303665500 0 3
303665484 1 0
303665483 12 0
303665471 2 16
303665470 2 38
303665458 11 10
303665453 32 10
303665452 6 3
303665418 28 26
303665371 10 2
303665331 4 47
303665321 11 5
303665295 0 1
303665289 6 102
303665260 11 0
303665249 7 1
303665238 0 0
303665227 1 0
303665200 22 2
303665197 5 2
303665194 22 1
303665180 17 5
303665174 4 5
303665149 21 25
303665145 14 4
303665108 2 17
303665082 29 2
303665078 6 0
303665054 6 9
303665049 15 4
303665046 20 8
303665042 2 0
303665028 9 16
303665019 14 2
303664996 3 88
303664995 12 1
303664992 7 8
303664991 3 53
303664986 22 0
303664977 11 1
303664970 3 0
303664968 12 2
303664965 10 17
303664950 17 0
303664929 23 25
303664918 15 0
303664909 15 10
303664907 1 51
303664901 14 4
303664898 21 4
303664894 10 1
303664889 1 0
303664888 1 0
303664886 14 3
303664885 12 0
303664878 13 0
303664870 11 0
303664860 20 1
303664849 15 4
303664848 7 0
303664846 11 0
303664840 11 2
303664838 8 3
303664835 0 0
303664817 1 3
303664802 0 0
303664787 1 9
303664783 0 0
303664779 8 33
303664771 19 23
303664769 9 4
303664743 17 7
303664740 2 45
303664723 1 0
303664714 0 3
303664707 8 5
303664704 0 0
303664693 23 7
303664686 3 24
303664680 20 13
303664677 8 7
303664670 4 58
303664668 1 6
303664660 9 0
303664650 10 1
303664649 0 49
303664621 1 0
303664620 13 2
303664612 4 1
303664611 30 0
303664607 13 0
303664599 30 2
303664594 17 2
303664593 7 1
303664592 12 1
303664591 0 0
303664585 18 1
303664580 10 0
303664579 13 0
303664569 4 2
303664565 7 0
303664548 8 1
303664544 10 0
303664538 33 4
303664534 29 0
303664520 5 37
303664503 5 7
303664502 17 34
303664500 18 0
303664498 4 22
303664473 0 0
303664469 1 19
303664432 7 0
303664425 5 0
303664420 10 2
303664409 7 0
303664397 7 2
303664390 5 0
303664378 28 1
303664359 20 3
303664355 3 3
303664333 11 0
303664328 17 5
303664312 20 4
303664311 0 0
303664307 3 0
303664306 14 1
303664305 4 0
303664301 2 1
303664296 0 0
303664288 6 0
303664286 7 3
303664267 2 48
303664266 1 1
303664258 4 0
303664254 11 0
303664250 5 0
303664239 0 0
303664214 7 0
303664209 23 0
303664188 5 48
303664183 0 1
303664172 3 0
303664171 0 0
303664165 12 15
303664156 8 2
303664153 19 3
303664149 14 2
303664147 14 0
303664144 1 0
303664141 2 0
303664138 11 0
303664135 0 0
303664131 19 0
303664126 2 0
303664120 11 38
303664115 19 1
303664108 2 0
303664102 10 2
303664094 0 0
303664092 13 0
303664088 18 0
303664087 12 0
303664085 16 21
303664073 12 0
303664069 9 43
303664063 10 0
303664058 1 0
303664056 8 0
303664054 0 0
303664038 7 55
303664035 12 1
303664034 33 0
303664031 6 8
303664024 4 22
303663996 18 1
303663994 9 1
303663979 17 2
303663966 30 0
303663956 11 0
303663955 13 0
303663944 2 2
303663940 202 51
303663932 1 0
303663910 1 2
303663909 5 2
303663905 4 1
303663904 6 1
303663902 18 1
303663901 1 1
303663896 0 1
303663892 23 2
303663888 6 78
303663847 25 1
303663832 1 2
303663824 6 28
303663817 20 3
303663808 1 1
303663788 92 4
303663764 9 1
303663760 5 0
303663755 24 4
303663754 0 2
303663745 6 7
303663744 0 5
303663743 0 4
303663728 2 34
303663714 4 77
303663712 6 41
303663691 3 27
303663686 6 0
303663636 3 1
303663608 5 23
303663596 0 4
303663561 28 0
303663558 10 0
303663519 6 37
303663516 10 9
303663515 9 2
303663496 4 85
303663492 17 1
303663490 9 0
303663487 49 30
303663482 10 0
303663470 3 0
303663463 19 0
303663459 18 2
303663458 16 5
303663455 8 2
303663446 31 3
303663439 77 8
303663434 15 10
303663427 11 1
303663406 24 1
303663386 17 4
303663377 0 11
303663355 2 16
303663349 10 38
303663346 39 15
303663342 0 0
303663337 0 0
303663334 0 0
303663326 13 1
303663319 37 13
303663311 27 8
303663301 1 1
303663292 6 0
303663291 12 29
303663289 15 1
303663279 28 1
303663263 16 1
303663262 6 25
303663237 23 58
303663236 9 2
303663234 20 28
303663227 8 2
303663225 7 0
303663220 15 1
303663202 24 1
303663200 12 0
303663197 158 7
303663196 0 0
303663191 37 6
303663174 8 0
303663172 7 1
303663168 6 63
303663165 17 0
303663162 4 2
303663158 8 0
303663154 19 50
303663153 12 2
303663151 4 4
303663149 8 2
303663147 2 2
303663123 0 0
303663112 16 3
303663109 4 0
303663104 12 0
303663091 18 3
303663084 13 3
303663071 11 2
303663063 57 1
303663062 0 0
303663042 0 1
303663041 0 0
303663010 10 0
303663004 17 2
303663001 0 0
303662999 40 10
303662990 16 2
303662988 6 13
303662987 3 1
303662982 16 2
303662980 0 1
303662979 2 0
303662978 2 0
303662960 2 1
303662954 2 1
303662950 8 0
303662948 2 1
303662947 14 2
303662942 8 3
303662936 19 8
303662935 35 1
303662932 8 4
303662920 13 9
303662904 11 0
303662894 4 0
303662891 4 2
303662888 1 0
303662884 8 1
303662880 7 54
303662874 14 1
303662871 34 1
303662870 13 0
303662869 0 0
303662865 4 9
303662858 11 1
303662854 19 10
303662847 14 4
303662845 3 9
303662842 5 30
303662839 28 5
303662838 9 37
303662834 11 49
303662822 16 9
303662820 14 5
303662817 61 1
303662815 6 0
303662803 7 17
303662798 0 0
303662786 0 0
303662785 43 1
303662783 0 0
303662776 13 9
303662773 1 0
303662765 5 1
303662761 6 2
303662750 6 1
303662747 5 5
303662744 8 0
303662741 0 1
303662736 8 0
303662729 32 8
303662728 4 0
303662711 13 1
303662709 0 0
303662708 3 1
303662688 7 0
303662673 3 1
303662658 6 0
303662651 0 1
303662641 1 0
303662630 3 1
303662629 0 22
303662606 28 20
303662595 2 0
303662583 3 2
303662582 4 45
303662580 7 1
303662574 19 0
303662573 14 3
303662570 0 3
303662566 2 0
303662562 16 1
303662559 0 3
303662548 13 1
303662543 1 0
303662539 10 1
303662528 1 0
303662523 11 4
303662519 7 0
303662512 4 0
303662494 21 12
303662492 4 4
303662480 13 7
303662468 0 1
303662452 19 2
303662403 12 26
303662387 1 0
303662380 9 0
303662370 19 8
303662364 24 1
303662347 4 42
303662316 3 15
303662314 5 10
303662302 6 0
303662301 0 4
303662299 3 1
303662280 0 0
303662273 0 0
303662266 9 0
303662237 10 0
303662229 56 4
303662225 7 0
303662207 1 26
303662187 0 0
303662168 22 2
303662161 24 3
303662159 30 9
303662156 6 0
303662155 0 0
303662150 57 1
303662147 4 0
303662143 0 0
303662132 29 3
303662125 3 0
303662123 2 1
303662120 3 0
303662117 17 0
303662111 124 5
303662102 90 1
303662098 17 13
303662094 9 1
303662092 31 3
303662054 19 3
303662047 7 0
303662041 4 2
303662040 22 21
303662037 5 1
303662030 19 1
303662017 8 0
303662009 15 0
303662005 1 0
303662002 11 0
303661990 8 1
303661989 16 3
303661970 0 0
303661964 13 4
303661959 12 1
303661958 14 2
303661956 26 2
303661951 0 0
303661945 18 2
303661926 6 0
303661925 5 0
303661923 15 2
303661920 3 1
303661919 20 10
303661890 12 2
303661889 7 2
303661884 36 0
303661883 5 4
303661882 6 3
303661880 37 10
303661879 4 11
303661874 1 20
303661870 31 2
303661868 16 1
303661867 19 16
303661866 10 0
303661856 5 0
303661851 12 2
303661834 4 32
303661822 0 0
303661816 69 1
303661804 5 4
303661800 1 0
303661769 4 1
303661767 6 0
303661742 7 87
303661735 20 4
303661733 34 15
303661720 12 47
303661712 19 5
303661706 0 2
303661695 5 0
303661694 11 1
303661691 0 0
303661686 9 0
303661684 6 2
303661679 15 2
303661676 5 0
303661670 6 0
303661664 15 0
303661658 2 2
303661656 4 0
303661647 10 1
303661646 8 33
303661643 78 5
303661641 6 2
303661640 7 1
303661638 12 0
303661631 14 0
303661623 23 3
303661619 21 1
303661613 5 0
303661612 0 2
303661606 1 1
303661603 8 0
303661593 38 0
303661592 13 6
303661591 14 1
303661582 92 7
303661580 31 9
303661579 11 0
303661578 4 1
303661570 207 4
303661569 3 75
303661567 0 0
303661564 7 0
303661558 15 0
303661548 3 4
303661547 1 0
303661546 20 22
303661539 7 2
303661538 27 7
303661537 1 0
303661534 1 1
303661521 7 0
303661518 2 0
303661504 34 1
303661494 3 0
303661489 0 1
303661486 0 0
303661480 8 1
303661477 4 1
303661473 11 2
303661466 2 5
303661464 2 24
303661463 7 29
303661453 6 1
303661450 15 21
303661444 41 0
303661434 5 0
303661415 7 0
303661414 6 1
303661408 16 0
303661404 10 0
303661400 1 0
303661396 0 0
303661369 7 13
303661368 10 7
303661361 2 2
303661359 4 0
303661357 1 1
303661350 217 5
303661348 26 5
303661345 0 0
303661341 3 1
303661337 10 4
303661335 5 1
303661331 12 2
303661310 9 14
303661301 5 46
303661287 3 1
303661285 3 1
303661275 10 0
303661263 12 0
303661256 13 49
303661255 14 1
303661249 9 0
303661240 4 2
303661234 20 2
303661229 2 0
303661228 26 0
303661217 1 0
303661215 12 1
303661211 12 4
303661195 7 0
303661194 10 3
303661192 3 3
303661191 2 1
303661184 9 2
303661182 0 0
303661179 17 14
303661174 0 1
303661151 0 0
303661143 8 21
303661138 3 1
303661132 13 3
303661129 11 0
303661107 0 0
303661106 3 5
303661101 2 0
303661099 8 0
303661090 6 3
303661088 32 16
303661086 13 0
303661075 7 0
303661068 257 8
303661061 3 0
303661059 3 76
303661051 0 1
303661034 0 2
303661033 278 17
303661028 0 3
303661026 24 3
303661023 21 4
303661019 193 4
303661016 1 8
303661011 4 0
303661008 19 10
303661001 1 0
303660998 5 0
303660991 3 0
303660990 6 1
303660989 1 0
303660986 42 1
303660985 11 4
303660983 22 1
303660972 2 0
303660969 7 0
303660959 0 0
303660951 2 0
303660950 5 0
303660946 11 4
303660940 436 3
303660938 30 4
303660922 1 0
303660917 1 0
303660911 0 0
303660898 21 24
303660890 5 2
303660879 3 1
303660875 10 48
303660874 5 0
303660872 18 19
303660863 1 0
303660861 10 3
303660859 0 0
303660855 14 6
303660854 7 0
303660850 159 9
303660849 47 2
303660846 7 0
303660843 1 1
303660840 10 5
303660839 0 1
303660837 11 79
303660834 1 1
303660832 8 0
303660828 340 4
303660824 6 18
303660823 23 0
303660819 14 2
303660815 1 0
303660811 2 3
303660796 21 4
303660794 203 11
303660793 19 1
303660778 1 1
303660776 9 0
303660774 7 4
303660763 5 0
303660761 167 10
303660753 26 4
303660747 6 0
303660743 1 0
303660741 2 42
303660740 8 0
303660739 0 0
303660734 2 26
303660732 0 4
303660731 0 0
303660718 3 0
303660717 3 49
303660716 7 0
303660713 2 1
303660705 13 2
303660697 33 10
303660695 4 0
303660692 1 0
303660686 1 0
303660685 14 1
303660683 4 1
303660679 2 1
303660678 6 2
303660654 11 3
303660650 11 0
303660648 2 1
303660644 30 1
303660639 12 63
303660633 16 1
303660629 4 0
303660610 19 0
303660606 1 11
303660599 10 3
303660592 2 17
303660585 3 2
303660578 163 1
303660577 12 3
303660576 0 3
303660574 1 2
303660572 2 0
303660536 28 17
303660535 9 22
303660523 2 1
303660522 18 0
303660518 8 13
303660505 0 0
303660485 11 3
303660469 10 12
303660465 13 12
303660460 238 11
303660448 12 27
303660447 17 7
303660443 22 1
303660442 7 1
303660440 2 0
303660439 39 0
303660430 6 0
303660425 22 2
303660421 33 20
303660419 0 0
303660412 2 0
303660401 2 0
303660400 7 2
303660392 15 3
303660389 6 0
303660378 0 0
303660368 2 0
303660365 10 4
303660338 12 5
303660337 0 0
303660331 0 0
303660316 25 15
303660284 1 3
303660275 1 2
303660262 2 8
303660244 5 64
303660243 6 1
303660227 0 0
303660224 23 1
303660223 17 3
303660221 7 8
303660205 13 0
303660192 9 1
303660191 17 39
303660182 2 18
303660179 8 6
303660171 10 14
303660165 9 1
303660158 5 1
303660156 7 1
303660150 7 1
303660149 16 0
303660146 2 66
303660144 0 119
303660141 8 1
303660132 5 0
303660124 28 5
303660123 16 31
303660120 7 0
303660119 266 5
303660118 9 1
303660115 13 1
303660113 15 4
303660104 9 3
303660093 20 1
303660080 10 2
303660073 23 2
303660072 7 54
303660069 2 0
303660068 3 14
303660067 0 1
303660050 38 17
303660037 3 1
303660031 0 0
303660013 1 33
303660000 12 10
303659998 3 1
303659997 1 0
303659990 10 1
303659988 6 0
303659977 26 21
303659974 6 1
303659970 0 5
303659966 471 16
303659963 9 1
303659962 12 3
303659956 9 0
303659953 15 0
303659951 4 0
303659936 1 0
303659931 1 1
303659928 4 2
303659926 5 0
303659924 3 0
303659919 1 32
303659892 0 0
303659884 2 35
303659880 8 1
303659878 9 0
303659877 7 0
303659874 5 18
303659869 216 4
303659864 6 4
303659860 3 61
303659846 0 0
303659845 1 0
303659836 11 3
303659828 4 0
303659823 10 4
303659809 13 4
303659808 9 0
303659798 233 7
303659792 3 0
303659786 2 2
303659777 0 0
303659771 4 37
303659767 0 0
303659764 3 43
303659763 4 0
303659753 31 16
303659751 6 0
303659748 9 3
303659746 25 0
303659736 2 0
303659733 189 10
303659729 7 0
303659722 15 4
303659717 1 0
303659712 2 0
303659699 2 0
303659696 5 0
303659695 19 4
303659680 1 1
303659674 364 9
303659670 0 0
303659668 1 0
303659666 18 3
303659664 2 28
303659663 2 20
303659659 4 2
303659653 9 1
303659647 0 0
303659640 4 0
303659639 0 1
303659638 5 0
303659634 270 42
303659630 6 2
303659629 5 0
303659627 1 0
303659622 5 0
303659621 14 1
303659617 1 0
303659613 0 0
303659598 4 1
303659595 415 11
303659580 6 0
303659574 151 3
303659570 1 0
303659566 9 1
303659526 5 0
303659516 5 1
303659510 0 2
303659507 0 0
303659502 19 2
303659491 40 3
303659488 3 77
303659484 3 4
303659482 7 1
303659481 0 24
303659473 1 4
303659469 2 1
303659464 2 59
303659460 4 0
303659458 316 5
303659457 5 0
303659444 4 0
303659436 2 5
303659433 8 1
303659427 338 9
303659426 10 3
303659423 7 1
303659422 4 0
303659410 4 5
303659374 5 1
303659364 4 4
303659357 336 50
303659346 13 35
303659343 80 7
303659339 0 1
303659338 7 1
303659325 9 0
303659317 0 2
303659313 621 7
303659311 2 126
303659299 6 1
303659296 8 2
303659288 1 74
303659273 15 23
303659264 4 0
303659263 14 1
303659259 1 0
303659256 6 0
303659248 0 38
303659234 0 2
303659218 0 2
303659217 2 23
303659206 0 2
303659205 2 5
303659200 0 1
303659193 2 44
303659191 0 0
303659181 1 53
303659178 0 4
303659170 11 0
303659169 28 8
303659166 17 1
303659164 5 2
303659161 0 2
303659157 3 112
303659154 27 14
303659149 0 7
303659125 15 8
303659123 13 17
303659112 10 32
303659108 3 0
303659091 3 0
303659085 19 0
303659082 5 2
303659072 13 6
303659071 5 1
303659066 7 0
303659063 1 1
303659061 1 7
303659048 6 1
303659032 2 1
303659030 5 1
303659021 528 2
303659018 9 2
303659014 8 11
303659001 14 3
303658993 8 13
303658987 5 0
303658985 6 1
303658980 3 0
303658979 12 0
303658970 290 88
303658957 272 8
303658956 0 0
303658955 4 37
303658944 10 0
303658943 0 30
303658938 76 1
303658935 9 1
303658925 5 46
303658922 11 2
303658917 3 0
303658912 899 29
303658892 6 2
303658880 15 0
303658875 12 5
303658868 1 0
303658863 176 2
303658859 0 0
303658858 12 6
303658844 403 8
303658843 1 0
303658833 2 0
303658831 10 2
303658823 14 1
303658820 10 1
303658817 13 2
303658815 0 0
303658809 8 0
303658806 3 1
303658804 3 1
303658803 7 1
303658798 9 19
303658797 8 0
303658794 351 6
303658789 1 0
303658785 779 31
303658784 544 4
303658774 6 3
303658761 217 16
303658753 8 1
303658742 7 3
303658733 10 0
303658728 16 1
303658722 20 2
303658717 13 2
303658716 261 14
303658711 5 0
303658703 12 0
303658699 317 7
303658694 9 1
303658683 183 3
303658676 7 39
303658669 3 0
303658666 13 0
303658653 5 1
303658651 6 31
303658650 7 1
303658639 12 2
303658616 9 1
303658615 344 4
303658612 6 10
303658609 5 0
303658604 3 0
303658595 0 0
303658586 131 1
303658583 3 0
303658577 11 2
303658576 11 2
303658571 0 0
303658569 12 1
303658564 8 0
303658557 2 1
303658554 424 11
303658551 11 42
303658546 13 65
303658545 5 32
303658539 7 1
303658538 390 21
303658536 164 6
303658534 8 0
303658525 688 86
303658524 5 1
303658522 1 0
303658519 12 1
303658514 11 0
303658510 55 0
303658507 17 0
303658502 15 2
303658494 2 2
303658493 10 1
303658490 4 1
303658487 4 0
303658481 7 2
303658477 412 24
303658475 11 0
303658468 10 0
303658467 4 0
303658459 3 25
303658458 5 0
303658452 5 1
303658444 8 0
303658443 11 0
303658442 0 0
303658436 0 0
303658420 7 1
303658415 26 7
303658412 1 0
303658399 9 1
303658398 9 3
303658394 454 7
303658393 437 4
303658388 2 0
303658385 0 0
303658383 12 1
303658380 5 1
303658379 238 17
303658377 9 4
303658373 5 4
303658366 4 4
303658364 6 4
303658358 218 5
303658354 638 6
303658352 15 5
303658349 9 2
303658340 9 0
303658334 32 7
303658315 321 9
303658305 5 1
303658302 1530 14
303658298 0 0
303658297 0 0
303658296 5 1
303658295 13 2
303658285 1036 8
303658284 0 0
303658282 610 12
303658280 0 0
303658279 5 4
303658277 0 0
303658271 29 16
303658269 1 6
303658258 191 12
303658248 10 0
303658242 7 1
303658241 2 0
303658225 9 0
303658223 0 0
303658213 312 3
303658207 10 2
303658206 0 1
303658199 6 0
303658198 406 12
303658197 671 19
303658193 16 0
303658192 0 0
303658186 73 1
303658183 11 1
303658176 3 0
303658172 6 0
303658171 0 0
303658167 9 0
303658166 6 1
303658160 2 0
303658159 3 0
303658150 8 1
303658146 5 28
303658144 0 0
303658143 489 4
303658142 7 1
303658138 6 1
303658137 589 7
303658131 11 6
303658130 5 1
303658129 653 2
303658126 0 0
303658123 4 1
303658120 30 3
303658119 6 0
303658116 23 0
303658115 5 1
303658106 12 0
303658105 6 0
303658097 14 0
303658085 0 0
303658083 7 0
303658082 5 2
303658075 8 0
303658071 10 2
303658070 4 1
303658067 0 0
303658064 6 0
303658060 15 8
303658059 11 3
303658055 4 6
303658054 0 0
303658038 2 0
303658035 452 40
303658026 2 0
303658025 4 0
303658021 8 1
303658020 7 25
303658016 13 2
303658015 1 0
303658014 12 2
303658011 210 9
303658010 9 23
303658004 2 4
303658001 5 0
303657997 5 1
303657994 2 0
303657987 6 1
303657986 3 3
303657983 3 0
303657978 4 0
303657972 240 53
303657968 1 7
303657965 10 79
303657960 0 0
303657959 5 3
303657958 11 1
303657956 2 0
303657934 10 4
303657930 0 0
303657923 2 2
303657917 8 0
303657916 579 19
303657904 561 8
303657891 1 2
303657879 0 0
303657874 1 0
303657866 14 0
303657859 0 63
303657857 5 1
303657842 7 1
303657838 4 1
303657823 1 61
303657813 2 0
303657806 0 0
303657804 406 6
303657803 551 6
303657800 782 8
303657798 13 1
303657792 19 0
303657788 12 1
303657778 1 3
303657776 4 2
303657772 21 5
303657770 7 1
303657761 393 8
303657756 0 2
303657754 1 2
303657752 14 0
303657747 9 1
303657738 8 0
303657723 4 0
303657721 7 0
303657714 5 0
303657710 5 62
303657703 5 1
303657701 1 0
303657698 0 0
303657687 4 0
303657685 295 19
303657683 0 3
303657682 1 0
303657672 6 2
303657668 0 0
303657663 10 1
303657642 4 1
303657638 0 0
303657625 152 3
303657619 255 4
303657606 18 0
303657599 6 1
303657597 10 0
303657584 1 0
303657580 378 27
303657575 6 0
303657574 1 0
303657573 0 0
303657562 2 0
303657556 593 10
303657550 1 1
303657549 9 1
303657539 706 6
303657535 7 1
303657529 299 8
303657513 12 1
303657507 1 0
303657504 7 0
303657498 0 0
303657493 6 0
303657489 5 1
303657480 17 0
303657479 7 3
303657467 11 0
303657463 16 15
303657455 6 2
303657447 0 0
303657443 1821 29
303657442 11 1
303657441 7 1
303657424 11 1
303657417 6 1
303657414 1004 28
303657406 0 0
303657380 8 0
303657375 12 1
303657373 530 2
303657370 1 0
303657369 11 1
303657367 10 2
303657366 361 7
303657355 2 2
303657352 8 14
303657346 3 0
303657343 14 3
303657330 224 22
303657328 0 4
303657323 8 4
303657317 283 12
303657313 1 0
303657310 8 0
303657305 7 4
303657288 14 4
303657286 2 2
303657285 3 0
303657283 10 1
303657273 5 1
303657267 14 2
303657263 2 0
303657262 18 3
303657258 5 0
303657255 0 0
303657254 0 0
303657253 7 2
303657252 5 1
303657248 3 0
303657247 15 0
303657244 6 0
303657243 5 1
303657241 149 18
303657231 0 0
303657230 9 2
303657218 252 6
303657207 7 2
303657201 0 0
303657187 5 0
303657180 1970 52
303657177 3 1
303657175 2 24
303657173 0 0
303657169 1 1
303657167 8 0
303657165 8 1
303657152 1 0
303657149 407 10
303657146 9 2
303657145 3 1
303657139 7 1
303657134 3 2
303657132 8 1
303657128 4 0
303657117 3 36
303657107 436 38
303657101 6 0
303657097 12 4
303657092 7 1
303657090 5 1
303657089 6 1
303657085 2 31
303657079 6 1
303657076 1 0
303657071 0 0
303657069 3 2
303657068 0 0
303657063 2 3
303657062 12 3
303657054 0 0
303657045 1 1
303657043 0 1
303657042 3 1
303657020 0 0
303657016 5 2
303657013 10 3
303657012 337 10
303657007 9 1
303657005 9 1
303657004 14 8
303657003 6 2
303657001 3 2
303656997 0 0
303656996 10 1
303656994 2 1
303656985 2002 29
303656981 1 1
303656974 0 0
303656970 5 2
303656966 3 1
303656965 4368 72
303656959 0 0
303656958 9 45
303656954 7 3
303656949 2 0
303656945 0 0
303656944 3 1
303656941 11 0
303656940 4 0
303656934 6 1
303656933 3 2
303656929 30 9
303656926 0 0
303656921 3 1
303656920 424 24
303656917 14 1
303656915 7 3
303656913 4 1
303656912 6 2
303656910 3336 37
303656909 4 2
303656907 0 1
303656905 9 0
303656903 2 1
303656898 7 0
303656892 9 3
303656888 5 1
303656883 0 1
303656882 2033 48
303656881 10 0
303656879 4 1
303656877 1 1
303656876 6 3
303656874 5 3
303656872 7 2
303656871 18 3
303656870 1 0
303656865 1442 43
303656864 3 2
303656863 6 1
303656862 7 1
303656860 2 0
303656858 10 2
303656857 4 1
303656856 3 3
303656855 10 4
303656852 1 0
303656851 0 0
303656849 2 7
303656848 0 0
303656847 7 12
303656846 125 31
303656845 1 1
303656844 0 0
303656843 3 1
303656842 5 0
303656838 20 7
303656835 5 1
303656834 7 0
303656833 5 0
303656829 4 1
303656828 5 6
303656826 6 3
303656823 4 3
303656821 7 2
303656817 0 0
303656816 0 1
303656815 3 0
303656814 6 1
303656813 0 0
303656809 133 5
303656808 9 1
303656806 0 0
303656803 0 0
303656802 3 0
303656801 6 1
303656800 4 0
303656798 2364 26
303656794 5 4
303656793 8 2
303656792 5 1
303656791 2 0
303656790 548 9
303656789 222 8
303656788 1 0
303656787 7 0
303656785 6 2
303656783 7 1
303656782 4 1
303656781 0 0
303656780 5 1
303656778 0 0
303656776 6 2
303656775 0 0
303656773 1 2
303656770 7 1
303656769 3 3
303656768 2 1
303656767 372 6
303656765 172 4
303656764 235 19
303656763 7 0
303656762 6 2
303656761 5 0
303656760 1 0
303656758 13 0
303656754 3 0
303656753 2 0
303656752 1332 42
303656750 0 0
303656748 6 2
303656747 6 0
303656746 10 1
303656745 4 0
303656743 0 0
303656742 5 1
303656740 0 0
303656739 3 1
303656738 4 1
303656737 7 2
303656736 5 44
303656735 7 0
303656734 1 0
303656733 7 0
303656731 490 4
303656730 10 1
303656729 0 2
303656728 1038 21
303656727 0 1
303656726 11 0
303656725 3 0
303656724 5 1
303656723 5 1
303656722 0 2
303656720 4 0
303656719 5 27
303656717 4 1
303656714 5 1
303656713 1 0
303656711 3 1
303656710 1252 34
303656709 6 0
303656708 6 0
303656707 3 1
303656705 8 1
303656704 12 1
303656702 1 0
303656701 3 1
303656700 2 0
303656699 3 1
303656698 2 0
303656697 0 0
303656696 0 0
303656695 0 2
303656694 5 0
303656693 2638 46
303656692 0 0
303656691 11 2
303656690 2 2
303656689 5 0
303656688 3 2
303656687 11 11
303656686 3 2
303656683 3 1
303656682 2 0
303656681 0 0
303656680 3 1
303656679 8 3
303656678 4 0
303656677 6 0
303656676 7 1
303656674 8 9
303656672 7 1
303656670 7 0
303656668 644 13
303656667 0 0
303656666 3 0
303656665 5 0
303656664 0 0
303656663 8 2
303656662 3 1
303656660 6 1
303656659 0 0
303656658 2 1
303656656 3 1
303656655 8 0
303656653 5 0
303656651 4 1
303656650 0 0
303656649 4 1
303656648 1 0
303656647 0 1
303656646 1279 35
303656644 6 1
303656643 8 1
303656642 11 3
303656641 0 1
303656640 5 0
303656638 3 1
303656637 9 1
303656636 0 0
303656635 9 1
303656634 8 1
303656633 10 1
303656632 5 0
303656631 2 1
303656630 0 1
303656629 12 3
303656628 3 1
303656627 4 1
303656626 0 0
303656623 4 1
303656622 6 0
303656620 0 0
303656618 5 0
303656617 4 2
303656615 0 0
303656612 6 0
303656611 0 0
303656610 5 0
303656609 4 0
303656608 4 0
303656607 5 1
303656605 5 0
303656604 0 1
303656603 6 49
303656602 0 1
303656601 3 4
303656598 4 0
303656597 7 1
303656596 8 3
303656595 4 3
303656594 0 1
303656592 0 3
303656591 6 1
303656590 7 0
303656589 0 6
303656588 2 20
303656587 2 1
303656586 3 3
303656585 6 0
303656584 1 1
303656583 1 4
303656582 0 0
303656581 0 0
303656580 3 1
303656579 6 4
303656578 2 0
303656577 10 12
303656576 4 0
303656574 1 2
303656572 5 3
303656571 2 1
303656570 8 0
303656569 3 2
303656568 2 2
303656567 5 0
303656566 3 6
303656565 1 2
303656564 0 0
303656563 6 1
303656562 6 1
303656561 2 1
303656560 2 1
303656558 2 1
303656557 1 2
303656554 1 4
303656553 2 0
303656552 5 1
303656550 4 1
303656548 1 2
303656547 1 3
303656546 3 0
303656542 6 0
303656541 0 0
303656540 5 0
303656538 1 0
303656537 2 1
303656536 1 0
303656535 0 1
303656534 3 1
303656533 2 0
303656531 1 0
303656529 4 1
303656528 1 4
303656527 1 2
303656526 0 0
303656525 2 0
303656524 0 5
303656521 0 0
303656520 6 1
303656519 1 0
303656518 1 2
303656517 3 3
303656516 4 6
303656515 0 0
303656513 0 1
303656512 1 0
303656511 0 1
303656510 2 2
303656507 0 1
303656505 0 2
303656504 1 2
303656503 1 3
303656501 2 3
303656500 5 3
