303941980 0 0
303931316 1 0
303931046 2 2
303899346 0 0
303890331 0 0
303864811 0 0
303862505 1 1
303862496 0 0
303862491 0 0
303851566 0 4
303836151 0 0
303834435 0 3
303804886 0 0
303803942 0 0
303800802 0 0
303800776 1 0
303744354 0 0
303743670 4 0
303740822 1 0
303738513 2 0
303733774 0 0
303723695 3 0
303693812 1 0
303672045 2 0
303672036 2 0
303671726 0 0
303671571 8 2
303671218 0 0
303663017 6 1
303661406 9 1
303655957 3 0
303654341 1 3
303654327 0 0
303642026 0 0
303641173 11 0
303635644 0 0
303635509 0 0
303608170 6 3
303605479 0 0
303579953 2 0
303578985 11 0
303573729 2 1
303556543 8 28
303525715 3 1
303521654 2 0
303506885 1 0
303506622 22 6
303506361 0 0
303505742 1 0
303505702 1 0
303497423 8 0
303495484 3 0
303495199 9 1
303495169 2 0
303493356 1 1
303472344 1 2
303472334 0 0
303435459 7 17
303422898 6 23
303412545 0 0
303412051 3 1
303411782 1 2
303411740 1 1
303411361 2 1
303411160 5 3
303409804 0 0
303409129 8 1
303407515 0 0
303407450 0 0
303405772 4 0
303403950 3 0
303403931 4 0
303401259 0 0
303400811 0 0
303399976 4 0
303394554 0 0
303384760 0 0
303383925 0 0
303381426 3 0
303381420 1 0
303369445 0 3
303359931 6 0
303325910 0 0
303325776 2 0
303325070 2 0
303324949 16 8
303324944 6 9
303324148 13 0
303323359 2 0
303322864 3 0
303322840 1 0
303322837 7 11
303322466 11 3
303321006 13 22
303318292 2 0
303316420 4 1
303315949 12 7
303315642 14 5
303314631 9 5
303314622 5 29
303313867 4 11
303313167 20 0
303313109 0 0
303313103 0 0
303312997 1 0
303312994 1 0
303312168 3 0
303309058 2 0
303298595 0 0
303295377 28 1
303294244 11 0
303282932 1 0
303269055 10 1
303257315 1 34
303252437 0 0
303251387 12 5
303251310 2 6
303251201 14 2
303251168 4 0
303251155 3 1
303250823 3 1
303250817 9 1
303250339 2 1
303250333 4 0
303250316 4 0
303250314 4 0
303250184 0 0
303250085 6 0
303250043 0 0
303249958 17 11
303249910 6 0
303249814 16 0
303249813 2 0
303249777 12 25
303249409 5 7
303249343 12 0
303248704 14 2
303248680 2 0
303248558 17 0
303248157 8 0
303245525 0 7
303245503 57 0
303245069 3 4
303244646 12 2
303244454 0 0
303243701 0 0
303242870 5 0
303242428 26 15
303242419 0 2
303242345 7 0
303242197 5 4
303241875 8 1
303241872 1 0
303241822 1 0
303241761 5 3
303241726 0 0
303241686 1 0
303241568 9 3
303241553 14 2
303241271 2 1
303241248 6 2
303241219 2 1
303241203 4 2
303241187 0 1
303241017 3 18
303240997 9 14
303240873 0 6
303240792 13 13
303240298 13 0
303240289 3 0
303240281 3 0
303240271 2 0
303240246 6 0
303240187 2 1
303240078 32 14
303239997 5 0
303239939 6 1
303239938 2 0
303239925 13 10
303239832 8 3
303239767 5 0
303239755 3 1
303239740 3 1
303239696 0 3
303239679 1 0
303239655 1 0
303239647 0 1
303239389 4 0
303239293 5 0
303238719 2 0
303238359 20 4
303238356 1 14
303238338 0 0
303238142 5 0
303238003 18 16
303238000 3 1
303237898 1 0
303237859 9 0
303237838 8 0
303237826 19 43
303237562 2 0
303237500 8 4
303237458 19 21
303237299 2 1
303237153 4 0
303236940 22 43
303236919 1 0
303236837 0 3
303236725 1 0
303236698 0 0
303236439 10 20
303236242 0 0
303236164 23 29
303236055 0 0
303235958 1 8
303235441 1 0
303235309 2 0
303235305 6 2
303235230 1 6
303234626 2 0
303234187 27 37
303233117 10 2
303231629 1 1
303231543 6 0
303231362 2 0
303231314 4 1
303231244 0 0
303230452 0 0
303228785 4 1
303227700 27 43
303227481 12 2
303227149 24 34
303225205 0 0
303224847 2 2
303224106 5 0
303220801 20 5
303220397 1 0
303219881 5 4
303219863 18 38
303219846 5 0
303219777 1 1
303219775 44 19
303219756 46 9
303219739 0 0
303219705 1 0
303219698 3 2
303219674 3 2
303219655 23 18
303219625 36 31
303219584 0 0
303219570 10 1
303219556 3 0
303219529 2 1
303219325 0 0
303219277 8 2
303219238 1 1
303219123 15 10
303218963 26 3
303218891 0 0
303218854 1 0
303218797 1 6
303218794 13 3
303218758 7 0
303218727 1 0
303218582 0 0
303218547 17 2
303218472 1 59
303218427 8 1
303218368 2 1
303218360 13 2
303218350 22 1
303218331 1 4
303218283 1 22
303218196 2 0
303218191 2 1
303218112 51 2
303218106 9 2
303218009 8 29
303217800 25 1
303217713 0 1
303217700 15 3
303217699 2 0
303217690 1 4
303217687 5 4
303217365 11 11
303217266 3 6
303217190 3 61
303216977 10 7
303216943 8 0
303216925 5 0
303216908 4 2
303216907 0 0
303216898 13 33
303216894 2 29
303216788 5 6
303216785 19 3
303216623 24 2
303216321 5 22
303216304 18 9
303215713 21 24
303215185 2 1
303215183 4 2
303215106 1 1
303214249 0 0
303214067 4 22
303213562 10 22
303213290 0 0
303212579 6 115
303212574 0 0
303212073 23 0
303212068 26 3
303211596 10 0
303210488 19 4
303209885 22 9
303209559 19 7
303209147 15 5
303206485 36 14
303205674 17 3
303203616 1 8
303203012 21 28
303202917 53 2
303202872 4 0
303202808 5 41
303202776 27 11
303202585 2 2
303202379 33 0
303202219 2 0
303202215 28 0
303202212 4 0
303202203 1 1
303201868 5 42
303201759 2 0
303201660 38 8
303201538 0 1
303201532 4 18
303201524 0 1
303201442 17 3
303201166 0 1
303200408 3 39
303200370 3 0
303200366 1 3
303200334 8 42
303200275 44 0
303199936 2 13
303199521 17 3
303198999 3 2
303198972 26 0
303198543 18 40
303198431 1 0
303198003 20 3
303195938 0 2
303194616 8 48
303194599 7 1
303194043 11 37
303193962 0 2
303193637 10 0
303193513 8 0
303193486 5 0
303193463 17 1
303193425 3 38
303193365 5 57
303193251 2 3
303193243 2 0
303193181 4 0
303193087 0 8
303193068 10 0
303193046 8 1
303192991 3 38
303192891 13 60
303192776 32 20
303192464 0 8
303192293 8 1
303192045 7 0
303192021 4 5
303191907 2 3
303191681 1 0
303191561 9 42
303191558 9 49
303191472 2 32
303190447 19 6
303190412 1 0
303190400 15 3
303190101 9 28
303189769 18 29
303188812 2 0
303188790 7 1
303187586 1 1
303186275 0 1
303186042 6 43
303185671 1 2
303183793 0 1
303183082 4 0
303183071 8 0
303183053 3 3
303183019 0 0
303183012 3 0
303183003 0 0
303182997 13 5
303182948 5 5
303182942 13 0
303182919 5 20
303182852 21 1
303182846 2 0
303182841 2 0
303182773 27 2
303182725 31 4
303182685 9 1
303182657 30 3
303182564 3 1
303182550 1 1
303182539 5 0
303182478 13 0
303182465 13 0
303182464 2 5
303182460 4 0
303182445 2 0
303182436 12 2
303182421 8 3
303182233 19 2
303182052 1 63
303182025 5 0
303181924 6 0
303181834 1 14
303181791 13 38
303181758 21 4
303181752 50 1
303181642 31 3
303181599 5 2
303181526 5 1
303181520 7 1
303181509 6 0
303181504 2 0
303181462 2 0
303181446 2 1
303181443 14 3
303181420 3 0
303181393 7 0
303181354 13 2
303181222 5 29
303181093 0 0
303181027 0 0
303181012 3 22
303180819 3 4
303180774 0 0
303180754 0 0
303180669 0 0
303180663 9 27
303180465 2 13
303180452 4 0
303180351 8 0
303180291 0 0
303180270 28 8
303180218 12 1
303180057 0 0
303180021 0 0
303180002 5 1
303179908 0 3
303179889 5 0
303179880 24 3
303179866 2 0
303179851 7 1
303179846 6 1
303179694 3 0
303179470 2 0
303179468 21 0
303179461 10 0
303179456 2 2
303179448 4 0
303179321 9 1
303179313 4 0
303179298 19 0
303179287 7 1
303179274 23 5
303179269 1 0
303179261 9 23
303179245 21 35
303178905 4 7
303178647 9 1
303178498 31 2
303177704 1 0
303177313 0 0
303177300 26 5
303176995 0 0
303176981 1 0
303176924 2 10
303176792 26 3
303176776 21 2
303176717 1 0
303176527 4 0
303176473 0 0
303176450 22 2
303176442 5 0
303176418 3 2
303176309 7 2
303176194 4 6
303176179 0 0
303176088 0 0
303175863 21 2
303175695 15 7
303175692 2 11
303175631 17 33
303175610 30 0
303175600 2 0
303175509 24 5
303175484 8 1
303175378 0 0
303175276 7 13
303175237 4 0
303175082 0 0
303175043 22 0
303174742 0 0
303174417 5 0
303174412 5 2
303173836 13 3
303173500 11 13
303173457 5 2
303172754 9 0
303172526 1 1
303172418 1 0
303172028 13 30
303171889 10 16
303171697 10 3
303171606 18 2
303171374 21 2
303171309 21 10
303171218 8 0
303171107 9 0
303170774 19 2
303170704 5 0
303170554 8 2
303170434 6 11
303170299 14 5
303170224 24 2
303170188 3 0
303170028 15 2
303169894 15 6
303169746 11 6
303169719 7 9
303168983 1 0
303168813 1 0
303167564 19 5
303167490 7 0
303166983 2 0
303166777 4 0
303166508 1 0
303165649 1 0
303165232 6 15
303165172 11 0
303164920 13 8
303164837 6 3
303164561 3 5
303164441 11 3
303164353 11 1
303164343 21 11
303164337 19 21
303164335 14 4
303164334 11 1
303164333 14 0
303164331 2 1
303164329 10 2
303164327 15 2
303164324 20 12
303164322 14 3
303164321 9 10
303164319 14 2
303164316 13 1
303164315 15 5
303164302 1 0
303164300 12 0
303164296 21 15
303164295 19 6
303164293 2 0
303164290 2 9
303164283 9 1
303164282 1 0
303164281 1 0
303164280 5 0
303164276 4 15
303164267 44 1
303164265 10 1
303164264 22 11
303164261 16 21
303164260 20 7
303164258 14 2
303164254 8 24
303164252 2 28
303164248 22 10
303164247 7 1
303164244 0 0
303164240 0 3
303164238 2 5
303164231 15 2
303164229 0 2
303164227 0 0
303164225 4 2
303164220 16 5
303164219 46 14
303164218 0 0
303164216 0 0
303164212 2 36
303164209 1 0
303164207 0 0
303164205 12 1
303164202 13 3
303164201 5 21
303164200 5 1
303164199 0 0
303164197 3 0
303164196 8 2
303164183 5 49
303164177 4 19
303164176 21 1
303164173 7 2
303164152 6 0
303164149 1 0
303164146 0 1
303164135 7 11
303164134 3 0
303164116 13 4
303164105 6 25
303164102 10 2
303164099 14 5
303164097 11 1
303164093 0 0
303164088 1 22
303164082 13 2
303164081 10 0
303164080 5 37
303164079 0 0
303164076 13 2
303164075 7 17
303164074 2 0
303164071 1 5
303164070 17 4
303164067 8 4
303164066 5 1
303164063 1 0
303164062 2 0
303164051 6 0
303164046 16 1
303164039 0 0
303164038 9 46
303164037 4 0
303164032 21 0
303164028 20 3
303164027 31 4
303164026 11 1
303164023 0 0
303164021 5 0
303164020 0 0
303164019 9 5
303164015 1 1
303164008 24 1
303164000 25 0
303163998 3 3
303163996 17 1
303163995 15 7
303163990 4 0
303163988 19 2
303163986 5 0
303163984 0 0
303163979 1 0
303163978 9 0
303163977 3 0
303163976 1 0
303163973 0 0
303163972 12 2
303163969 4 0
303163967 14 13
303163966 9 10
303163964 1 0
303163956 0 0
303163955 15 2
303163948 18 0
303163946 3 23
303163941 1 0
303163939 2 5
303163934 3 0
303163931 2 0
303163928 5 73
303163927 0 1
303163922 0 1
303163919 7 0
303163918 4 2
303163917 1 22
303163911 6 6
303163908 2 2
303163906 0 0
303163902 6 5
303163900 0 2
303163899 0 0
303163897 7 3
303163895 10 2
303163892 0 0
303163886 0 0
303163885 24 0
303163882 8 2
303163881 4 6
303163880 17 7
303163876 2 0
303163872 2 2
303163869 7 8
303163868 2 1
303163867 5 4
303163857 32 6
303163855 1 0
303163854 10 59
303163850 8 22
303163848 10 23
303163847 0 3
303163845 2 25
303163844 0 0
303163842 18 1
303163836 5 0
303163835 12 10
303163832 1 2
303163830 15 1
303163829 17 8
303163824 15 1
303163821 0 0
303163820 1 4
303163819 1 6
303163818 0 1
303163814 4 0
303163811 17 11
303163808 0 2
303163806 1 5
303163803 1 0
303163799 3 1
303163797 19 3
303163796 13 18
303163793 12 1
303163791 0 0
303163787 4 2
303163785 5 0
303163784 6 2
303163780 0 0
303163777 28 3
303163774 15 24
303163773 18 1
303163772 1 5
303163771 0 0
303163768 3 0
303163765 5 2
303163764 2 0
303163760 8 1
303163759 1 0
303163755 1 0
303163750 5 0
303163740 9 30
303163738 10 0
303163737 6 3
303163736 1 1
303163732 8 15
303163730 2 1
303163725 5 6
303163719 19 6
303163718 0 1
303163717 0 1
303163706 32 12
303163705 3 5
303163691 1 0
303163689 5 4
303163687 2 0
303163685 7 0
303163677 9 2
303163656 0 2
303163653 11 5
303163652 19 13
303163649 8 18
303163647 6 10
303163645 13 3
303163644 13 13
303163641 0 0
303163634 29 0
303163633 5 16
303163631 4 7
303163630 5 2
303163628 23 1
303163624 0 0
303163620 8 22
303163618 5 2
303163616 17 1
303163610 1 0
303163609 10 0
303163604 17 3
303163603 4 9
303163599 0 0
303163598 1 2
303163590 9 18
303163589 3 18
303163587 17 2
303163585 6 7
303163583 22 3
303163582 19 3
303163580 5 32
303163578 25 6
303163577 14 2
303163573 5 6
303163570 1 0
303163569 19 3
303163567 9 0
303163564 0 1
303163563 21 9
303163556 6 0
303163552 5 27
303163545 23 2
303163543 20 2
303163539 2 0
303163537 32 4
303163535 0 0
303163530 4 34
303163529 8 2
303163520 0 0
303163513 22 4
303163512 6 1
303163509 2 2
303163507 16 26
303163504 15 0
303163501 137 4
303163499 10 38
303163496 12 2
303163492 1 0
303163491 31 4
303163490 12 27
303163489 36 35
303163485 6 0
303163483 13 0
303163479 14 11
303163478 10 1
303163477 8 0
303163476 0 0
303163474 8 23
303163472 9 1
303163471 6 0
303163470 2 1
303163468 14 0
303163467 6 0
303163466 16 12
303163464 7 5
303163462 2 0
303163460 4 0
303163456 5 0
303163454 3 111
303163453 8 1
303163452 1 1
303163445 9 2
303163444 11 4
303163441 27 10
303163440 84 9
303163439 15 6
303163427 34 6
303163423 20 2
303163422 14 3
303163417 1 0
303163416 24 2
303163414 10 6
303163412 9 1
303163410 1 2
303163408 17 8
303163407 44 5
303163402 12 0
303163401 1 0
303163389 18 5
303163387 1 0
303163382 5 10
303163381 3 80
303163380 1 1
303163379 7 9
303163377 0 0
303163376 1 0
303163371 1 0
303163370 17 5
303163368 1 1
303163366 14 3
303163365 6 1
303163360 3 0
303163359 6 18
303163358 6 7
303163357 1 1
303163350 13 2
303163349 3 0
303163345 0 0
303163343 9 1
303163340 13 80
303163338 4 2
303163337 0 3
303163333 4 0
303163332 28 3
303163331 1 0
303163330 36 0
303163327 15 2
303163325 7 28
303163324 12 2
303163322 69 4
303163321 0 0
303163320 0 1
303163318 29 2
303163316 7 1
303163315 90 3
303163313 7 10
303163311 12 30
303163308 10 39
303163307 11 39
303163306 9 0
303163305 7 11
303163303 10 2
303163301 1 0
303163300 20 4
303163299 17 13
303163297 5 2
303163296 19 1
303163291 15 1
303163288 8 4
303163287 3 0
303163284 0 0
303163283 18 1
303163280 121 16
303163278 2 0
303163276 9 4
303163275 3 0
303163274 13 7
303163273 22 2
303163272 1 1
303163268 15 7
303163267 23 17
303163266 9 2
303163265 12 1
303163264 10 2
303163263 3 1
303163262 44 2
303163261 5 2
303163260 6 1
303163257 5 1
303163256 9 1
303163254 1 1
303163253 27 9
303163252 0 1
303163250 5 1
303163249 1 1
303163248 6 3
303163247 3 24
303163246 9 1
303163245 8 1
303163242 17 1
303163241 14 14
303163240 24 2
303163238 17 7
303163236 10 1
303163235 0 2
303163232 11 1
303163230 15 4
303163228 4 10
303163220 18 3
303163218 9 0
303163214 7 0
303163202 22 0
303163201 15 21
303163195 18 0
303163189 16 1
303163187 20 0
303163186 26 3
303163184 0 0
303163182 0 9
303163180 2 0
303163175 12 4
303163172 1 0
303163169 4 0
303163168 11 19
303163167 2 2
303163165 8 0
303163164 5 0
303163162 10 39
303163158 5 1
303163157 0 0
303163151 20 63
303163147 0 0
303163146 5 4
303163145 5 6
303163144 11 1
303163142 6 0
303163141 1 2
303163137 7 0
303163136 0 0
303163133 22 4
303163132 0 1
303163129 6 5
303163124 16 2
303163122 5 14
303163121 0 0
303163119 9 15
303163117 6 20
303163112 0 0
303163102 0 0
303163099 12 1
303163098 13 51
303163097 5 20
303163095 11 0
303163094 5 0
303163093 10 1
303163092 6 0
303163090 11 1
303163087 1 1
303163086 6 84
303163082 0 5
303163079 0 7
303163077 22 102
303163075 0 1
303163073 3 4
303163065 5 86
303163063 27 65
303163060 34 3
303163059 16 66
303163058 18 10
303163057 22 6
303163054 0 1
303163052 0 0
303163049 44 55
303163045 41 69
303163044 1 0
303163043 14 25
303163042 41 1
303163040 5 0
303163039 12 28
303163036 10 26
303163034 7 0
303163031 24 0
303163029 12 1
303163026 0 0
303163024 0 4
303163022 32 2
303163021 17 4
303163019 46 8
303163016 6 1
303163015 5 0
303163012 7 1
303163011 7 1
303163010 8 0
303163008 0 0
303163007 1 0
303163006 0 0
303163005 0 0
303162998 9 3
303162997 0 1
303162996 2 1
303162991 2 1
303162986 0 0
303162984 16 82
303162983 0 0
303162981 0 0
303162980 0 0
303162979 0 0
303162969 12 69
303162961 43 53
303162960 1 2
303162959 1 0
303162954 56 11
303162953 51 24
303162950 15 10
303162949 0 0
303162948 12 7
303162947 15 1
303162943 1 1
303162940 1 0
303162938 6 20
303162931 3 0
303162929 0 0
303162924 0 0
303162923 5 0
303162922 2 3
303162921 14 0
303162919 1 0
303162918 1 0
303162915 22 17
303162913 18 3
303162912 8 0
303162911 4 2
303162903 0 0
303162898 0 0
303162896 0 0
303162895 1 14
303162884 13 18
303162882 15 19
303162879 25 27
303162871 28 0
303162869 7 74
303162866 6 25
303162865 8 55
303162857 30 2
303162854 8 132
303162852 26 6
303162849 0 0
303162847 7 23
303162846 39 5
303162845 18 34
303162844 0 0
303162843 8 0
303162841 4 13
303162839 10 0
303162838 6 1
303162837 5 1
303162836 1 1
303162834 13 2
303162833 12 0
303162832 11 0
303162831 7 0
303162830 4 0
303162828 30 7
303162826 300 1
303162825 10 0
303162824 17 8
303162822 10 0
303162819 3 0
303162816 18 3
303162815 11 5
303162814 0 0
303162813 306 6
303162812 0 0
303162811 13 1
303162810 15 40
303162808 7 1
303162807 2 0
303162806 0 0
303162805 16 0
303162799 24 1
303162797 0 0
303162796 13 5
303162795 0 0
303162794 27 0
303162792 1 0
303162787 183 14
303162786 15 4
303162785 26 3
303162784 13 3
303162781 4 2
303162780 2 10
303162779 7 5
303162778 8 3
303162777 6 7
303162776 5 7
303162775 13 13
303162773 0 0
303162772 40 4
303162771 17 8
303162770 17 8
303162769 16 6
303162768 11 1
303162767 15 2
303162766 7 5
303162765 9 4
303162763 5 6
303162761 3 5
303162760 17 1
303162757 30 33
303162756 10 2
303162754 145 4
303162752 30 9
303162750 2 3
303162749 15 2
303162747 3 8
303162746 25 2
303162744 19 5
303162735 17 7
303162733 123 13
303162732 1 0
303162729 1 0
303162728 8 3
303162727 1 0
303162726 0 0
303162725 2 0
303162724 5 1
303162723 12 0
303162714 5 6
303162713 24 4
303162707 13 0
303162706 27 4
303162705 4 3
303162704 7 15
303162702 16 1
303162701 23 24
303162698 60 6
303162696 4 0
303162691 10 1
303162690 10 0
303162688 5 1
303162686 5 46
303162685 4 2
303162683 11 0
303162682 13 3
303162680 0 0
303162679 0 1
303162678 60 8
303162677 7 1
303162676 1 0
303162675 1 1
303162674 9 7
303162673 10 0
303162672 14 4
303162671 20 4
303162669 7 7
303162668 8 0
303162666 33 0
303162665 0 0
303162664 3 2
303162663 1 0
303162662 16 5
303162661 5 3
303162660 23 6
303162659 9 5
303162658 2 0
303162657 7 8
303162656 2 39
303162654 0 1
303162653 17 5
303162652 4 27
303162650 12 4
303162648 11 5
303162647 10 39
303162646 2 13
303162645 11 1
303162644 1 3
303162642 14 13
303162641 4 5
303162639 16 2
303162636 2 0
303162634 8 7
303162632 6 68
303162631 15 2
303162630 10 11
303162629 6 0
303162626 17 6
303162625 0 2
303162624 2 22
303162623 2 0
303162622 1 0
303162621 1 1
303162619 13 0
303162618 0 0
303162617 5 0
303162614 19 4
303162613 1 0
303162611 25 28
303162610 19 4
303162609 18 4
303162608 18 3
303162607 5 8
303162605 3 5
303162604 6 1
303162603 3 2
303162602 0 0
303162600 0 0
303162599 12 14
303162598 25 45
303162597 21 0
303162596 8 0
303162595 26 3
303162594 2 11
303162593 0 0
303162592 1 0
303162591 4 12
303162590 0 1
303162588 0 1
303162587 0 0
303162582 12 1
303162581 7 48
303162580 15 0
303162579 5 0
303162578 22 1
303162573 15 7
303162571 8 3
303162570 15 7
303162569 19 0
303162568 17 9
303162567 1 1
303162566 4 0
303162565 24 6
303162563 22 3
303162562 22 1
303162560 7 4
303162559 188 0
303162557 5 0
303162556 4 0
303162555 9 15
303162553 0 1
303162551 24 0
303162550 4 0
303162549 19 2
303162548 20 3
303162547 4 0
303162546 5 0
303162544 5 29
303162543 8 0
303162542 22 9
303162538 17 3
303162537 2 2
303162536 14 6
303162535 17 3
303162534 2 0
303162532 0 0
303162531 10 3
303162529 0 0
303162526 15 5
303162525 3 33
303162522 10 0
303162520 105 6
303162519 34 58
303162518 27 1
303162517 10 34
303162516 10 3
303162515 14 2
303162514 0 0
303162511 0 0
303162509 13 2
303162508 12 2
303162506 5 8
303162504 0 0
303162503 22 0
303162501 200 9
303162500 15 3
303162499 1 0
303162498 10 4
303162497 1 1
303162496 2 11
303162494 275 44
303162493 12 1
303162492 2 5
303162491 0 0
303162489 0 0
303162485 43 1
303162480 24 1
303162479 21 15
303162478 40 26
303162476 15 5
303162468 15 1
303162464 13 0
303162462 4 1
303162460 1 2
303162456 3 38
303162455 14 1
303162453 90 4
303162452 12 2
303162451 521 5
303162449 10 0
303162448 23 0
303162444 29 0
303162443 4 0
303162442 18 0
303162440 1 1
303162436 18 11
303162434 2 2
303162433 0 0
303162424 12 0
303162422 14 1
303162418 19 0
303162415 18 1
303162412 3 124
303162410 2 2
303162406 16 0
303162404 0 0
303162403 22 1
303162402 3 4
303162398 6 0
303162379 1 0
303162376 5 1
303162371 0 7
303162360 7 0
303162352 10 0
303162349 5 2
303162348 22 0
303162344 1 0
303162340 4 2
303162336 50 0
303162331 337 26
303162329 12 1
303162328 0 0
303162326 14 0
303162325 6 4
303162324 13 3
303162323 4 1
303162322 223 18
303162319 17 1
303162318 3 0
303162316 2 0
303162315 19 0
303162313 163 4
303162312 18 0
303162311 1 0
303162310 12 31
303162307 26 3
303162306 15 3
303162305 0 0
303162304 12 1
303162303 18 1
303162302 1 1
303162301 3 1
303162300 7 0
303162299 20 1
303162298 28 18
303162297 14 1
303162296 22 1
303162294 1 30
303162293 5 30
303162291 1 0
303162290 33 1
303162288 32 5
303162287 19 1
303162286 0 0
303162285 283 1
303162284 37 4
303162283 0 0
303162281 8 1
303162280 0 0
303162277 16 2
303162275 10 0
303162274 0 0
303162273 2 9
303162272 0 2
303162271 12 1
303162270 3 1
303162269 25 2
303162267 5 13
303162266 17 2
303162262 20 4
303162261 11 5
303162260 13 3
303162259 13 0
303162255 4 0
303162254 36 0
303162253 7 0
303162250 5 0
303162249 1 0
303162247 0 0
303162246 18 0
303162243 14 0
303162242 13 1
303162241 21 1
303162240 1 0
303162239 13 0
303162238 2 1
303162236 1 1
303162235 17 2
303162234 16 10
303162233 4 0
303162232 13 0
303162229 6 33
303162228 7 0
303162227 21 5
303162225 2 1
303162224 77 2
303162223 1 0
303162221 12 0
303162220 1 0
303162219 19 1
303162218 17 1
303162216 592 2
303162215 10 0
303162212 5 1
303162211 9 1
303162210 22 3
303162208 3 0
303162207 27 1
303162206 3 0
303162205 10 6
303162204 15 1
303162203 2 1
303162202 0 0
303162201 0 0
303162199 17 3
303162198 0 0
303162196 3 0
303162195 32 15
303162194 6 1
303162193 9 10
303162192 0 0
303162191 0 0
303162190 16 2
303162189 55 4
303162188 0 0
303162186 25 1
303162185 9 0
303162183 5 0
303162181 2 0
303162179 4 1
303162178 1 0
303162177 0 1
303162176 15 0
303162173 0 0
303162172 3 0
303162171 16 4
303162169 5 1
303162167 6 6
303162165 17 1
303162164 11 0
303162163 6 0
303162162 1 0
303162160 21 1
303162159 10 2
303162158 22 1
303162157 16 4
303162156 7 23
303162155 15 2
303162154 16 2
303162153 0 0
303162151 7 0
303162150 8 0
303162148 12 1
303162147 1 0
303162146 21 1
303162145 2 0
303162144 0 1
303162141 15 1
303162139 8 0
303162138 7 0
303162137 5 4
303162135 16 1
303162134 16 2
303162133 0 0
303162132 0 0
303162130 9 2
303162129 1 1
303162128 1 0
303162126 2 0
303162124 2 0
303162121 11 0
303162119 17 0
303162118 4 27
303162117 18 0
303162115 0 0
303162114 5 0
303162113 7 0
303162111 19 8
303162110 7 2
303162106 1 0
303162105 19 4
303162103 12 4
303162102 1 0
303162100 6 3
303162099 6 0
303162097 1 2
303162095 5 39
303162093 9 3
303162092 0 0
303162091 2 0
303162090 13 1
303162088 2 2
303162087 4 0
303162086 4 105
303162085 3 2
303162084 12 6
303162083 10 5
303162082 3 3
303162081 1 0
303162080 3 2
303162079 11 2
303162077 9 6
303162076 1 0
303162075 6 2
303162073 0 0
303162072 0 0
303162071 2 1
303162070 10 19
303162069 1 1
303162067 4 0
303162066 4 0
303162065 2 0
303162064 4 2
303162063 7 0
303162062 20 12
303162061 1 1
303162060 4 0
303162059 19 2
303162056 2 72
303162055 4 2
303162054 8 1
303162053 0 0
303162051 13 0
303162050 6 0
303162048 6 1
303162047 4 0
303162045 16 2
303162044 0 0
303162043 4 0
303162042 0 1
303162041 25 6
303162040 0 0
303162039 6 3
303162038 2 59
303162037 4 1
303162036 3 2
303162035 3 2
303162034 15 0
303162033 11 6
303162032 1 0
303162029 15 8
303162028 1 21
303162027 3 10
303162025 14 4
303162024 5 2
303162020 1 18
303162019 21 16
303162018 8 0
303162017 30 3
303162016 9 2
303162015 11 0
303162014 653 4
303162012 4 2
303162011 9 1
303162010 434 3
303162008 11 2
303162006 4 0
303162005 12 6
303162004 11 0
303162003 2 1
303162000 7 0
303161999 0 0
303161998 9 0
303161997 2 1
303161996 6 1
303161995 17 5
303161994 15 0
303161993 5 2
303161992 2 1
303161990 3 0
303161988 3 0
303161986 3 3
303161985 7 0
303161984 26 33
303161983 1 0
303161982 8 3
303161981 7 1
303161980 5 2
303161977 6 3
303161976 28 0
303161975 14 5
303161974 17 2
303161973 208 18
303161970 4 1
303161969 12 2
303161968 0 0
303161967 17 3
303161966 4 1
303161964 20 2
303161963 3 0
303161962 11 2
303161961 574 5
303161959 17 7
303161956 11 0
303161954 12 1
303161953 12 1
303161951 6 0
303161950 15 0
303161949 18 2
303161948 2 0
303161947 1 0
303161946 6 6
303161945 24 2
303161944 267 1
303161943 11 11
303161942 13 6
303161941 16 7
303161940 2 1
303161938 1 0
303161936 215 6
303161935 0 0
303161934 24 0
303161933 12 0
303161932 28 11
303161931 1 0
303161930 21 3
303161929 32 5
303161927 3 0
303161926 10 3
303161923 15 3
303161922 0 0
303161921 12 10
303161920 15 9
303161919 1 0
303161918 9 5
303161917 18 13
303161916 9 39
303161915 9 10
303161913 4 6
303161912 3 64
303161911 4 0
303161910 0 0
303161909 7 5
303161907 14 1
303161906 1 0
303161905 20 10
303161904 9 3
303161903 7 3
303161901 1 11
303161900 13 5
303161899 0 0
303161898 21 1
303161897 5 8
303161896 14 0
303161895 6 2
303161894 19 3
303161893 3 0
303161892 5 4
303161891 8 0
303161890 11 3
303161889 9 2
303161887 8 1
303161886 0 0
303161885 321 8
303161884 3 50
303161882 8 1
303161879 3 62
303161878 14 0
303161874 17 8
303161871 14 2
303161870 12 6
303161869 13 1
303161868 9 0
303161867 12 3
303161866 9 3
303161865 4 0
303161864 0 35
303161862 15 4
303161860 0 1
303161859 12 6
303161858 0 0
303161857 1 0
303161855 12 2
303161854 11 3
303161853 0 0
303161850 18 5
303161849 329 6
303161848 3 3
303161846 0 0
303161845 1 14
303161844 10 11
303161842 0 47
303161841 7 5
303161840 13 0
303161839 5 16
303161838 7 3
303161837 3 2
303161834 0 5
303161832 0 0
303161830 7 0
303161828 1 1
303161827 5 2
303161826 9 1
303161825 30 10
303161823 415 5
303161822 5 0
303161820 22 3
303161819 8 1
303161817 5 1
303161816 7 5
303161812 36 1
303161811 295 2
303161810 0 1
303161809 15 1
303161808 4 0
303161804 7 0
303161803 13 0
303161802 13 3
303161801 17 2
303161797 10 1
303161796 262 3
303161795 16 0
303161793 15 2
303161792 8 0
303161791 4 2
303161788 0 0
303161787 6 1
303161786 3 0
303161784 3 66
303161783 1 0
303161782 19 0
303161780 10 1
303161779 11 0
303161776 227 7
303161775 0 0
303161774 8 2
303161773 2 1
303161772 13 8
303161771 8 3
303161770 0 0
303161769 17 1
303161768 17 1
303161767 0 0
303161766 3 1
303161765 1 46
303161764 21 0
303161763 6 0
303161762 22 1
303161761 15 1
303161760 2 2
303161759 13 0
303161758 12 3
303161757 0 0
303161756 3 0
303161754 4 16
303161753 2 0
303161752 5 20
303161751 6 2
303161750 16 6
303161749 3 1
303161748 4 1
303161747 5 4
303161746 31 1
303161744 16 7
303161743 10 4
303161742 1 2
303161741 4 49
303161740 14 1
303161739 4 1
303161738 8 11
303161737 12 4
303161736 277 3
303161735 133 1
303161734 7 1
303161733 8 2
303161731 21 0
303161730 0 6
303161729 10 13
303161728 8 3
303161727 4 2
303161726 12 1
303161725 12 3
303161724 19 0
303161723 7 0
303161722 3 3
303161721 2 1
303161720 16 1
303161719 21 5
303161717 1 1
303161716 12 1
303161715 0 0
303161714 4 17
303161713 3 1
303161712 1 0
303161711 0 0
303161710 0 1
303161708 4 1
303161707 83 4
303161706 406 6
303161705 5 0
303161704 5 1
303161703 3 1
303161702 0 0
303161701 3 2
303161700 2 13
303161699 3 46
303161698 2 0
303161697 23 5
303161695 4 0
303161694 1 0
303161693 9 1
303161690 0 1
303161689 13 17
303161688 0 12
303161687 0 1
303161685 14 1
303161684 0 1
303161683 6 1
303161682 619 7
303161681 2 4
303161680 0 0
303161675 2 1
303161674 12 4
303161673 14 1
303161672 10 0
303161671 0 1
303161670 2 4
303161668 12 1
303161667 7 6
303161666 0 2
303161665 0 0
303161663 11 1
303161662 3 2
303161659 0 0
303161658 0 8
303161657 6 0
303161655 6 1
303161654 7 6
303161653 417 4
303161652 4 1
303161651 11 0
303161650 0 0
303161649 27 9
303161647 1 0
303161646 7 2
303161645 0 0
303161644 5 4
303161643 5 2
303161642 0 34
303161640 11 0
303161639 0 35
303161637 30 0
303161636 12 1
303161635 0 0
303161633 0 0
303161632 1 1
303161631 3 1
303161630 193 5
303161629 14 31
303161628 9 1
303161627 3 7
303161626 4 1
303161625 124 9
303161624 10 0
303161623 3 2
303161622 8 248
303161621 1 4
303161620 1 0
303161619 0 0
303161618 0 0
303161617 0 0
303161615 4 1
303161614 720 17
303161613 286 3
303161612 335 3
303161611 11 1
303161610 0 0
303161609 3 1
303161607 6 5
303161606 13 5
303161605 2 0
303161604 11 2
303161603 7 0
303161602 1 0
303161601 10 1
303161600 9 7
303161598 0 0
303161597 9 0
303161596 4 5
303161595 9 5
303161594 12 4
303161593 13 0
303161592 6 9
303161591 10 2
303161590 6 1
303161589 24 19
303161587 2 3
303161586 11 3
303161585 4 0
303161583 6 6
303161582 2 39
303161581 3 7
303161580 14 1
303161579 11 0
303161578 11 5
303161577 0 0
303161576 6 1
303161574 0 0
303161573 14 1
303161572 7 3
303161571 1 0
303161570 7 1
303161569 14 2
303161568 1 0
303161567 1 1
303161566 4 1
303161565 1 0
303161563 595 4
303161562 18 2
303161561 1 1
303161560 14 13
303161559 243 6
303161558 17 0
303161557 20 1
303161556 0 0
303161555 7 4
303161554 23 0
303161553 14 5
303161552 13 1
303161551 0 10
303161550 0 0
303161549 2 1
303161548 4 3
303161546 5 3
303161542 2 0
303161541 4 0
303161540 12 6
303161539 0 0
303161538 0 14
303161537 27 3
303161536 8 0
303161535 10 0
303161533 21 7
303161532 0 0
303161531 8 2
303161530 5 9
303161529 1 0
303161528 12 2
303161527 1 0
303161526 1 1
303161525 6 2
303161524 7 0
303161523 6 10
303161522 8 6
303161521 6 0
303161520 7 0
303161518 8 1
303161517 6 1
303161516 16 2
303161515 11 2
303161514 9 2
303161512 3 4
303161511 8 0
303161508 0 3
303161507 4 0
303161505 0 0
303161504 13 1
303161503 4 16
303161501 8 1
303161500 2 0
303161499 4 1
303161498 2 1
303161497 4 0
303161495 11 1
303161494 12 1
303161493 7 1
303161492 4 46
303161491 2 1
303161490 3 1
303161489 7 0
303161488 8 0
303161487 105 3
303161486 13 18
303161484 13 4
303161483 586 136
303161482 4 1
303161481 412 3
303161480 0 0
303161479 21 1
303161478 2 0
303161476 12 16
303161475 18 2
303161474 6 3
303161472 0 0
303161471 11 1
303161470 8 0
303161469 0 0
303161468 7 2
303161467 12 1
303161465 5 32
303161464 12 2
303161463 6 4
303161462 9 1
303161461 10 3
303161460 3 18
303161459 0 0
303161458 1 0
303161457 0 0
303161456 6 1
303161454 4 0
303161453 4 2
303161452 8 4
303161451 4 3
303161449 12 0
303161448 6 0
303161446 5 1
303161445 1 0
303161444 8 3
303161443 4 1
303161442 11 4
303161441 0 0
303161438 0 2
303161437 5 2
303161436 1 0
303161435 9 2
303161434 1 0
303161433 5 0
303161431 0 0
303161430 6 63
303161429 13 7
303161427 191 19
303161426 2 60
303161425 4 0
303161423 17 3
303161422 7 3
303161421 47 0
303161420 2 0
303161419 0 0
303161418 10 1
303161417 4 1
303161416 174 37
303161415 9 0
303161414 3 0
303161413 4 1
303161411 15 0
303161410 18 2
303161409 11 1
303161407 11 1
303161406 18 6
303161405 3 0
303161404 28 1
303161403 11 1
303161402 10 2
303161401 16 0
303161400 92 3
303161398 7 0
303161397 3 2
303161395 6 7
303161394 3 0
303161392 19 2
303161391 12 4
303161387 11 3
303161386 5 2
303161384 1 0
303161383 455 46
303161382 2 1
303161380 17 5
303161379 5 2
303161378 15 3
303161377 17 1
303161375 1 2
303161374 7 2
303161372 10 1
303161370 8 0
303161369 6 0
303161368 5 1
303161366 5 15
303161365 14 2
303161364 11 3
303161363 0 0
303161362 22 2
303161361 6 0
303161360 9 0
303161358 21 1
303161356 4 0
303161355 11 6
303161354 10 2
303161351 11 8
303161350 0 0
303161349 15 0
303161348 18 0
303161347 6 245
303161346 14 1
303161344 5 6
303161343 12 2
303161342 1 0
303161341 5 5
303161340 7 0
303161338 7 1
303161337 12 4
303161335 5 101
303161334 21 3
303161332 0 0
303161331 7 0
303161330 208 8
303161329 3 1
303161328 214 6
303161327 21 2
303161325 7 5
303161324 9 5
303161323 2 1
303161322 11 4
303161321 4 2
303161320 3 0
303161319 8 1
303161318 3 219
303161317 12 1
303161316 5 1
303161315 1 0
303161314 1 46
303161313 212 32
303161312 326 8
303161311 7 0
303161310 6 2
303161309 0 0
303161308 14 6
303161306 347 28
303161305 4 5
303161304 2 144
303161303 165 26
303161302 13 3
303161301 6 1
303161299 4 7
303161298 16 0
303161297 5 2
303161296 0 0
303161295 11 0
303161294 6 3
303161293 3 4
303161292 0 0
303161291 1 3
303161289 0 0
303161288 51 5
303161287 16 681
303161284 4 0
303161283 4 0
303161282 11 4
303161278 2 0
303161277 145 11
303161275 4 55
303161273 10 6
303161272 1 0
303161271 69 6
303161270 4 2
303161269 25 2
303161267 2 218
303161266 11 0
303161265 18 0
303161264 11 1
303161263 13 3
303161262 5 1
303161261 5 0
303161260 0 0
303161259 145 7
303161258 0 0
303161257 7 13
303161256 6 0
303161255 15 5
303161253 1 2
303161252 11 0
303161251 4 0
303161250 6 0
303161249 17 0
303161247 13 9
303161246 10 8
303161245 4 33
303161244 5 231
303161242 1 0
303161241 7 3
303161239 0 1
303161238 3 0
303161236 0 2
303161235 13 2
303161234 2 0
303161233 4 1
303161232 0 1
303161231 0 1
303161230 0 0
303161229 3 0
303161227 27 3
303161226 1 1
303161225 5 222
303161224 2 76
303161223 9 2
303161222 16 3
303161220 12 2
303161219 8 7
303161217 0 2
303161216 5 3
303161215 8 9
303161212 24 3
303161211 10 2
303161210 20 3
303161209 0 1
303161206 9 1
303161204 0 1
303161203 12 658
303161202 0 0
303161201 54 4
303161200 14 2
303161199 0 1
303161198 8 3
303161197 4 0
303161196 15 2
303161195 7 1
303161193 4 0
303161192 4 1
303161189 9 5
303161186 3 1
303161185 9 7
303161184 429 5
303161183 10 1
303161182 12 24
303161181 3 1
303161180 4 1
303161179 6 1
303161178 7 1
303161177 8 3
303161176 5 1
303161175 1 1
303161174 7 197
303161173 15 0
303161171 8 1
303161168 16 1
303161167 9 5
303161166 13 1
303161165 18 1
303161164 16 1
303161163 395 57
303161162 12 1
303161161 291 19
303161160 2 2
303161159 97 1
303161158 3 144
303161157 0 1
303161155 22 5
303161154 5 12
303161153 1 1
303161152 13 2
303161150 0 0
303161149 1 1
303161148 6 1
303161147 11 0
303161146 6 0
303161145 6 2
303161144 10 0
303161143 5 230
303161142 8 0
303161141 7 1
303161140 104 5
303161138 15 7
303161137 10 3
303161136 10 0
303161135 16 0
303161133 136 7
303161131 6 1
303161130 0 1
303161128 10 4
303161127 0 1
303161126 726 4
303161125 15 7
303161124 1 0
303161123 6 0
303161122 2 3
303161121 13 3
303161120 987 92
303161119 3 0
303161117 1158 5
303161115 1 0
303161114 5 2
303161113 9 9
303161112 1 1
303161111 23 5
303161109 14 0
303161108 1 0
303161107 2 2
303161106 7 1
303161104 3 2
303161103 5 1
303161102 0 0
303161101 9 0
303161100 0 0
303161099 1 1
303161098 12 5
303161097 15 2
303161096 7 158
303161095 4 1
303161094 0 0
303161093 19 1
303161092 11 5
303161091 7 0
303161090 15 2
303161089 10 0
303161088 6 0
303161087 10 1
303161086 3 1
303161085 15 1
303161084 5 0
303161083 11 6
303161082 1 2
303161081 0 0
303161080 0 0
303161079 3 2
303161078 8 317
303161077 7 1
303161076 13 8
303161075 0 1
303161074 10 1
303161073 0 1
303161072 3 1
303161071 0 1
303161070 8 1
303161068 6 2
303161067 7 14
303161066 11 374
303161065 1 0
303161064 13 5
303161062 9 3
303161061 147 15
303161060 5 1
303161059 4 2
303161058 3 0
303161057 25 9
303161056 14 0
303161055 18 0
303161054 4 0
303161053 0 0
303161052 4 0
303161051 14 5
303161050 1 57
303161048 15 1
303161047 1 1
303161046 8 4
303161045 11 2
303161044 2 128
303161042 3 5
303161041 15 27
303161040 20 6
303161039 0 1
303161038 1 5
303161037 5 2
303161036 0 1
303161035 12 170
303161034 10 2
303161033 130 9
303161032 1 3
303161031 14 4
303161030 0 1
303161029 11 1
303161028 1 1
303161027 9 2
303161026 17 5
303161025 16 3
303161024 3 34
303161023 6 7
303161022 1 3
303161021 1 1
303161020 19 7
303161019 8 2
303161018 17 2
303161017 21 1
303161016 11 2
303161015 0 0
303161014 10 1
303161013 1 2
303161010 0 0
303161009 1 0
303161008 1 0
303161007 5 337
303161006 4 0
303161005 3 1
303161004 8 0
303161003 15 4
303161001 8 6
303161000 10 0
303160999 9 1
303160998 9 0
303160997 15 2
303160996 1 0
303160994 3 4
303160993 9 0
303160992 0 0
303160991 7 1
303160989 64 6
303160988 0 0
303160987 15 9
303160986 2 11
303160985 6 1
303160984 2 7
303160983 2 7
303160980 0 4
303160979 7 0
303160978 4 111
303160977 54 1
303160976 3 8
303160975 6 2
303160974 5 0
303160973 6 5
303160972 11 2
303160971 10 3
303160970 11 2
303160969 9 1
303160968 3 1
303160967 1 2
303160966 7 0
303160965 2 6
303160964 8 0
303160963 15 1
303160962 66 4
303160960 0 0
303160959 7 231
303160958 13 4
303160957 240 15
303160956 13 2
303160955 1 0
303160954 9 1
303160953 2 3
303160952 2 0
303160951 3 0
303160950 0 2
303160948 6 1
303160946 5 4
303160945 10 0
303160944 4 3
303160943 0 1
303160941 3 4
303160940 5 3
303160939 6 4
303160938 16 6
303160937 3 13
303160936 0 24
303160934 5 2
303160933 8 1
303160932 9 2
303160931 4 0
303160930 0 1
303160929 3 6
303160928 5 1
303160927 4 0
303160926 14 0
303160924 7 0
303160923 1 1
303160922 0 1
303160921 13 0
303160920 5 0
303160919 7 250
303160918 4 0
303160917 6 1
303160916 15 1
303160915 13 0
303160914 0 0
303160913 0 0
303160912 0 0
303160911 2 0
303160910 6 2
303160909 4 0
303160905 10 7
303160903 6 276
303160902 5 0
303160901 14 3
303160900 2 1
303160899 7 0
303160897 12 2
303160894 184 4
303160893 6 1
303160892 7 3
303160890 2 0
303160889 3 33
303160887 0 0
303160885 5 1
303160884 2 0
303160883 0 7
303160882 5 6
303160881 10 0
303160880 6 0
303160879 5 1
303160878 3 0
303160877 0 1
303160876 20 4
303160875 0 2
303160874 1 35
303160873 6 2
303160872 17 2
303160870 2 2
303160869 1 0
303160865 2 1
303160864 0 0
303160863 12 5
303160862 7 4
303160861 1 1
303160860 3 4
303160859 4 1
303160858 6 1
303160857 9 2
303160855 4 1
303160854 2 2
303160853 0 2
303160852 7 1
303160851 26 31
303160850 3 1
303160849 4 3
303160848 89 2
303160847 7 1
303160846 0 1
303160845 10 1
303160843 0 1
303160842 0 2
303160841 1 1
303160839 3 1
303160836 0 8
303160834 0 0
303160833 4 1
303160832 0 1
303160831 22 8
303160830 2 3
303160829 424 6
303160828 0 1
303160827 13 8
303160825 3 4
303160823 1 1
303160821 0 0
303160819 0 0
303160818 1 1
303160817 15 5
303160816 27 6
303160815 9 4
303160814 9 6
303160813 0 4
303160811 16 3
303160810 0 1
303160809 9 4
303160807 6 0
303160806 10 15
303160805 0 0
303160804 1 1
303160803 10 1
303160801 2 4
303160799 4 1
303160798 3 0
303160797 0 1
303160796 0 2
303160795 5 0
303160794 4 1
303160791 3 1
303160790 2 0
303160789 2 1
303160788 7 0
303160787 4 1
303160786 1 0
303160785 0 1
303160783 5 0
303160782 3 3
303160781 0 3
303160780 1 3
303160779 2 0
303160777 1 0
303160776 4 0
303160774 0 0
303160773 6 1
303160772 8 4
303160771 2 0
303160770 2 1
303160769 8 1
303160768 3 0
303160766 6 0
303160765 10 0
303160764 6 0
303160763 5 0
303160762 0 0
303160760 0 0
303160757 0 0
303160756 3 0
303160755 0 0
303160754 2 1
303160752 4 0
303160751 13 6
303160750 0 0
303160749 1 1
303160748 6 0
303160747 1 0
303160746 0 0
303160745 2 0
303160744 0 0
303160742 6 1
303160740 0 0
303160739 2 0
303160737 5 2
303160736 6 34
303160734 2 0
303160733 1 0
303160732 1259 12
303160731 10 1
303160730 1 0
303160729 2 0
303160728 4 1
303160727 8 0
303160726 1 16
303160725 0 0
303160723 0 0
303160721 2 0
303160719 11 18
303160718 0 1
303160717 0 1
303160716 5 0
303160715 1 1
303160714 1 0
303160713 0 0
303160712 3 8
303160711 3 2
303160710 16 0
303160709 3 4
303160708 0 0
303160706 0 0
303160705 1 0
303160703 79 5
303160702 474 5
303160700 1 2
303160699 2 0
303160698 2 1
303160697 0 1
303160695 10 12
303160694 14 8
303160693 1 0
303160689 3 0
303160688 0 0
303160687 0 2
303160686 2 0
303160684 15 19
303160683 1 0
303160682 0 1
303160681 18 13
303160680 1 1
303160678 29 2
303160677 14 10
303160676 752 6
303160675 15 22
303160674 5 1
303160673 2 1
303160671 27 6
303160670 5 3
303160669 5 2
303160668 0 0
303160666 0 0
303160665 27 2
303160664 0 0
303160663 2 0
303160662 7 4
303160661 1 0
303160660 4 1
303160657 1 2
303160656 10 14
303160655 2 27
303160654 6 0
303160653 4 0
303160652 9 4
303160651 478 5
303160650 8 15
303160649 17 6
303160648 7 10
303160646 0 0
303160645 310 2
303160644 5 2
303160643 0 0
303160642 3 0
303160641 8 2
303160640 11 7
303160639 14 4
303160636 5 0
303160635 7 2
303160633 3 0
303160632 663 12
303160631 1 0
303160629 19 11
303160628 11 4
303160627 1 0
303160625 11 0
303160624 2 33
303160622 313 6
303160621 7 30
303160619 0 2
303160617 9 1
303160616 7 0
303160614 338 5
303160613 3 0
303160612 17 5
303160611 4 0
303160609 2 1
303160608 4 1
303160606 0 0
303160605 3 0
303160604 17 5
303160603 1 0
303160602 24 4
303160601 21 1
303160600 2 0
303160599 5 0
303160598 6 0
303160597 8 1
303160596 7 0
303160595 0 1
303160594 2092 20
303160593 8 1
303160592 163 2
303160591 1 0
303160590 2 0
303160589 783 71
303160588 13 2
303160586 31 12
303160583 19 6
303160582 0 0
303160580 1 1
303160579 8 2
303160578 2 0
303160577 0 0
303160576 11 1
303160575 12 1
303160574 627 77
303160573 10 2
303160572 3833 901
303160571 3 0
303160570 11 1
303160568 0 0
303160567 2 0
303160566 4 0
303160565 1 0
303160564 0 1
303160562 757 6
303160561 6 7
303160559 9 6
303160557 0 0
303160556 13 8
303160555 1 0
303160554 0 1
303160553 2886 155
303160551 2 0
303160550 106 11
303160548 0 0
303160546 3 7
303160545 3 1
303160544 2 0
303160542 4 2
303160541 0 0
303160540 4 2
303160539 351 5
303160538 1 0
303160537 3 1
303160536 12 1
303160534 9 13
303160533 422 2
303160532 714 8
303160530 11 2
303160529 0 1
303160528 1 0
303160526 9 2
303160525 1 0
303160523 1632 13
303160521 0 0
303160519 4 6
303160518 5 0
303160517 11 3
303160515 22 5
303160513 5 0
303160512 0 2
303160511 4 0
303160510 14 3
303160509 2 0
303160508 14 5
303160507 5 0
303160505 9 1
303160504 2 0
303160503 0 0
303160502 5 1
303160501 728 3
303160500 6 4
303160499 8 1
303160498 9 3
303160497 8 10
303160496 9 0
303160495 10 3
303160494 2485 21
303160493 653 5
303160492 2 0
303160491 531 5
303160490 0 4
303160488 2 13
303160487 1 10
303160486 2 1
303160484 0 0
303160483 3544 260
303160482 1533 10
303160481 7 5
303160480 3116 217
303160479 10 1
303160477 10 3
303160476 9 1
303160475 8 4
303160473 0 0
303160472 1 1
303160471 14 4
303160470 12 0
303160469 2 1
303160468 3 2
303160466 6 2
303160465 6 2
303160463 3 0
303160462 11 0
303160461 5 0
303160460 1 0
303160459 497 15
303160457 1 0
303160456 0 0
303160455 0 0
303160453 11 0
303160452 6 0
303160451 14 1
303160450 3 0
303160448 1 2
303160447 4 1
303160446 0 0
303160445 3 5
303160444 5 0
303160443 16 19
303160442 3 0
303160441 10 12
303160440 12 16
303160439 7 0
303160437 2 2
303160436 10 1
303160435 10 0
303160434 1 1
303160433 2 0
303160432 0 1
303160430 1435 14
303160429 27 1
303160427 0 0
303160424 2 0
303160423 3 7
303160422 2 0
303160421 3 1
303160420 2 22
303160419 0 1
303160418 3348 216
303160416 1 0
303160415 12 5
303160414 24 8
303160413 0 0
303160412 12 1
303160411 5 1
303160409 346 61
303160408 2 0
303160407 31 11
303160406 5 0
303160405 5 0
303160403 0 0
303160402 0 0
303160401 7 0
303160400 5 0
303160399 11 5
303160398 0 0
303160397 1 0
303160396 1223 32
303160395 0 0
303160394 490 5
303160393 6 2
303160392 10 3
303160391 1 0
303160389 0 0
303160388 6 0
303160387 5 1
303160385 5 4
303160384 3729 29
303160383 2533 531
303160381 0 0
303160380 2 3
303160379 4 19
303160377 1 0
303160376 1 0
303160375 1 0
303160374 0 0
303160373 0 0
303160371 14 1
303160370 2 0
303160369 1 0
303160368 13 4
303160367 1 0
303160366 1 0
303160365 14 1
303160364 1 1
303160363 7 1
303160361 0 0
303160359 5 1
303160358 7 0
303160357 3 0
303160355 1 0
303160354 10 0
303160353 0 0
303160352 1 15
303160351 1 0
303160349 2954 43
303160348 1 0
303160346 2 0
303160345 0 2
303160343 7 0
303160342 8 1
303160341 0 0
303160339 1 0
303160337 9 0
303160336 0 0
303160335 3 1
303160334 3 1
303160333 0 1
303160332 3 0
303160331 1 1
303160330 24 10
303160329 3 1
303160326 0 0
303160325 10 1
303160324 9 1
303160323 1 0
303160322 0 3
303160321 0 0
303160320 0 1
303160319 1 0
303160317 1 0
303160316 1 0
303160315 1 0
303160314 6 1
303160312 0 0
303160310 5 2
303160309 8 1
303160308 0 0
303160307 0 0
303160306 4 0
303160305 3 0
303160304 2 5
303160303 0 0
303160302 1936 28
303160301 2 3
303160300 3 0
303160297 4 0
303160295 5 2
303160294 5 2
303160293 0 1
303160291 1 1
303160290 1 0
303160289 0 0
303160288 0 5
303160287 2 4
303160286 7 11
303160285 443 6
303160284 10 0
303160283 419 10
303160282 1 4
303160281 2 6
303160280 7 3
303160279 6 8
303160278 1 1
303160276 1 1
303160275 7 0
303160274 1 0
303160273 0 3
303160272 2 1
303160271 1 19
303160270 7 0
303160269 0 0
303160268 2 0
303160267 0 0
303160266 1 0
303160265 0 0
303160264 0 0
303160263 6 3
303160262 1 1
303160261 5 3
303160260 1 4
303160259 1 3
303160258 1 4
303160257 6 0
303160256 7 1
303160255 5 0
303160254 8 1
303160253 0 0
303160252 11 6
303160251 6 1
303160250 12 1
303160249 2 1
303160248 2 1
303160247 4 5
303160246 8 1
303160245 1 0
303160244 10 56
303160243 4 2
303160242 9 1
303160241 0 0
303160240 2 4
303160239 6 1
303160238 0 1
303160237 2 0
303160236 4 3
303160235 1 3
303160234 1 2
303160233 1 6
303160232 2 4
303160231 14 2
303160230 3 1
303160229 13 2
303160228 255 13
303160227 7 4
303160226 0 1
303160225 0 1
303160224 0 0
303160222 0 1
303160221 1 0
303160218 2 0
303160217 2 3
303160215 1 1
303160214 1 0
303160213 11 0
303160212 9 5
303160211 3 0
303160210 8 0
303160209 0 5
303160208 7 4
303160207 6 0
303160206 9 5
303160205 0 0
303160204 0 8
303160203 0 0
303160202 0 0
303160201 4 0
303160200 1 0
303160199 10 4
303160198 0 0
303160197 1 1
303160196 1 4
303160195 0 0
303160194 9 2
303160193 3 4
303160191 0 0
303160190 3 3
303160189 1 0
303160188 0 0
303160187 6 0
303160185 7 5
303160184 6 2
303160183 0 2
303160182 0 0
303160181 0 0
303160176 0 1
303160174 0 0
303160173 2 0
303160172 0 0
303160171 1 0
303160170 10 8
303160169 2 1
303160168 0 0
303160166 0 0
303160164 0 0
303160163 0 1
303160162 1 0
303160161 268 4
303160160 0 0
303160159 2 0
303160157 0 0
303160156 5 3
303160155 2 4
303160153 1 0
303160152 6 0
303160151 3 0
303160149 0 1
303160148 1 1
303160147 0 0
303160146 5 0
303160145 1 2
303160144 0 1
303160143 0 1
303160142 0 0
303160139 9 2
303160138 2 1
303160137 16 2
303160135 0 1
303160134 0 1
303160133 1 1
303160132 2 1
303160131 0 1
303160130 20 1
303160129 3 0
303160128 1 0
303160127 2 0
303160126 10 2
303160125 0 0
303160124 2 1
303160123 0 0
303160122 0 1
303160121 0 0
303160119 6 0
303160117 2 1
303160115 0 0
303160114 0 0
303160113 0 0
303160112 3 0
303160110 1 0
303160109 2 0
303160107 2 0
303160106 0 0
303160105 0 0
303160104 0 0
303160103 3 0
303160101 0 0
303160100 3 0
303160099 1 0
303160097 2 0
303160096 0 1
303160095 0 0
303160093 1 1
303160092 1 2
303160091 0 1
303160090 0 0
303160086 1 0
303160085 0 1
303160084 0 0
