303957050 0 0
303956171 0 0
303955671 2 0
303946078 0 0
303941265 0 0
303940151 1 0
303940149 1 0
303938371 0 0
303914953 0 0
303902094 0 0
303890827 0 0
303864173 1 0
303864163 2 0
303862371 0 0
303862074 1 0
303859859 0 0
303856325 0 0
303856251 1 3
303856250 1 3
303856248 2 0
303856238 0 0
303853818 0 0
303850480 0 0
303824370 0 0
303805170 0 0
303804971 1 0
303804622 2 0
303804310 2 1
303803994 3 0
303803978 2 0
303803973 0 1
303803945 0 0
303803936 0 0
303801664 1 0
303800748 3 0
303800694 0 0
303799032 2 0
303799029 0 0
303799025 0 0
303798604 2 2
303797333 4 2
303796112 5 0
303790687 1 1
303790683 1 0
303789415 6 0
303787717 0 0
303776854 0 0
303773678 2 0
303765194 0 0
303764320 2 0
303764316 6 0
303754182 5 0
303753817 9 1
303748208 2 1
303744699 6 0
303744539 0 0
303744161 3 0
303740617 3 11
303740316 0 0
303739853 3 1
303739779 2 1
303739569 0 0
303738102 3 0
303737806 0 0
303737586 1 0
303736851 0 0
303736669 0 0
303736602 11 1
303736581 0 0
303736137 3 0
303735975 4 0
303735844 6 0
303735832 17 0
303735822 6 1
303734534 8 0
303733325 1 1
303733029 2 0
303730881 1 0
303729849 2 0
303711043 1 0
303697759 0 0
303695758 4 10
303685450 8 1
303673082 1 0
303672470 0 0
303671956 2 0
303671785 1 0
303671690 0 0
303671402 15 0
303671257 10 0
303671181 0 0
303670787 22 0
303670510 2 0
303670091 1 0
303669581 3 0
303669068 13 2
303668946 10 1
303668939 0 0
303668720 10 0
303668176 0 0
303667751 8 0
303667108 4 3
303666219 4 0
303666204 8 4
303665313 6 2
303665311 3 0
303665305 7 0
303665301 0 7
303665189 0 0
303665094 6 0
303664966 8 3
303664922 9 2
303664793 0 0
303664659 8 1
303664511 6 1
303664504 2 0
303664491 4 0
303664453 16 1
303663868 5 0
303663789 1 6
303663509 7 0
303663391 6 0
303663389 10 0
303663269 5 0
303663009 1 2
303662285 0 0
303662274 1 5
303662262 3 0
303662080 4 0
303660550 0 0
303660504 3 1
303659086 0 0
303658909 0 0
303657059 2 1
303656024 0 0
303655679 7 2
303654978 0 0
303653778 9 1
303653770 2 1
303653765 3 0
303653759 3 0
303653736 6 2
303653725 7 2
303652419 3 0
303649710 2 0
303643757 0 4
303643527 4 4
303643281 2 0
303640859 6 0
303640842 4 2
303639901 0 0
303639882 3 12
303639863 4 81
303637500 2 0
303634466 4 0
303623088 3 0
303622326 0 0
303621529 2 6
303620386 1 0
303620100 3 1
303619320 8 11
303618407 7 4
303618317 1 1
303610502 8 1
303609505 9 2
303609497 8 1
303609424 0 0
303609410 0 0
303609158 2 1
303608760 2 1
303608663 5 0
303606994 0 0
303606982 8 3
303604695 6 1
303604677 7 1
303604170 16 3
303604151 9 2
303603797 5 0
303600702 6 0
303600641 0 0
303600572 3 1
303598127 1 0
303598033 6 0
303596219 0 0
303593260 4 0
303592804 5 1
303591627 13 0
303589759 1 0
303587799 21 0
303587795 1 0
303587743 13 2
303587686 7 3
303587520 2 0
303587418 0 0
303587362 5 1
303587319 3 0
303587310 3 4
303587306 0 0
303587277 16 8
303587219 12 0
303587183 40 20
303587172 4 1
303587123 0 1
303587085 3 0
303587068 5 2
303586986 1 0
303586977 2 10
303586968 5 0
303586948 4 2
303586946 18 6
303586934 8 1
303586933 1 4
303586923 1 0
303586922 0 3
303586918 0 2
303586916 0 0
303586903 10 5
303586899 11 3
303586852 16 8
303586838 0 0
303586832 0 6
303586737 4 2
303586717 1 0
303586687 8 0
303586656 3 0
303586601 1 0
303586579 14 0
303586470 3 0
303586437 0 0
303586414 5 0
303586412 5 0
303586303 2 1
303586301 2 2
303586278 11 0
303586271 3 0
303586241 3 1
303586234 12 0
303586210 0 0
303586146 0 1
303586104 1 0
303586093 0 0
303585898 2 0
303585612 6 0
303585490 37 0
303585364 8 0
303585361 23 1
303585138 14 3
303585108 0 2
303585098 0 0
303584995 0 0
303584956 1 0
303584909 28 0
303584846 12 1
303584827 3 1
303584812 2 0
303584795 3 1
303584771 0 0
303584620 2 0
303584438 27 1
303584235 8 1
303584231 4 25
303584228 24 3
303584225 1 1
303584202 2 2
303584185 2 48
303584181 16 0
303584179 2 1
303584171 37 1
303584166 0 24
303584164 0 26
303584163 1 28
303584151 0 0
303584128 19 0
303584125 2 28
303584112 4 121
303584110 8 17
303584109 3 39
303584092 12 0
303584053 1 35
303584049 1 30
303584032 3 31
303584024 1 0
303584023 13 4
303583958 2 0
303583941 0 1
303583937 8 1
303583923 0 0
303583914 2 32
303583843 6 32
303583801 4 2
303583678 13 3
303583660 0 0
303583650 1 0
303583649 5 29
303583602 1 4
303583576 12 0
303583470 5 31
303583469 7 25
303583444 0 0
303583344 16 5
303583334 4 0
303583284 0 0
303583262 0 1
303583180 0 0
303583165 12 3
303583151 6 3
303583150 33 0
303583115 0 0
303583089 6 22
303583088 11 4
303583080 0 1
303583044 11 1
303583005 9 3
303582997 1 0
303582973 14 0
303582970 2 4
303582962 0 0
303582960 3 0
303582941 2 26
303582927 14 7
303582897 1 8
303582852 10 2
303582851 10 1
303582847 4 0
303582845 4 0
303582841 1 0
303582821 9 2
303582816 33 5
303582767 2 1
303582726 1 18
303582710 13 20
303582707 4 3
303582668 1 0
303582660 3 1
303582642 4 0
303582559 13 1
303582557 13 0
303582465 27 1
303582463 17 6
303582453 10 0
303582451 3 2
303582388 0 0
303582186 1 39
303582141 7 0
303582133 0 1
303582130 7 1
303582124 13 4
303581958 14 0
303581917 3 0
303581903 3 0
303581890 8 0
303581879 0 0
303581878 14 0
303581872 0 0
303581847 82 5
303581842 3 0
303581817 4 3
303581739 0 9
303581643 2 15
303581356 0 24
303581141 22 2
303581129 1 0
303581128 2 0
303581119 0 7
303581118 15 0
303581117 2 50
303581115 2 0
303581111 8 0
303581110 12 0
303581105 1 0
303581104 2 0
303581097 10 37
303581094 2 0
303581088 21 1
303581079 11 3
303581069 11 0
303581068 11 8
303581054 2 0
303581050 6 27
303581044 3 39
303581021 0 2
303581018 5 0
303580985 13 1
303580976 11 0
303580968 1 0
303580961 7 0
303580917 0 1
303580913 2 0
303580878 10 2
303580871 2 1
303580867 2 1
303580849 17 10
303580846 1 1
303580843 3 0
303580842 1 0
303580837 1 0
303580832 16 8
303580799 28 3
303580797 28 3
303580795 1 1
303580792 0 1
303580790 17 16
303580762 0 1
303580758 0 0
303580747 1 1
303580720 11 2
303580713 0 0
303580695 4 63
303580689 1 0
303580687 14 2
303580664 0 0
303580642 0 0
303580637 0 8
303580635 0 0
303580630 17 6
303580625 1 0
303580621 8 0
303580620 1 0
303580617 1 0
303580615 5 0
303580614 4 0
303580611 0 0
303580605 11 1
303580578 0 2
303580572 1 0
303580571 0 0
303580570 0 2
303580558 1 0
303580549 2 0
303580538 2 55
303580513 5 11
303580511 1 0
303580496 8 0
303580477 5 17
303580474 6 29
303580472 1 1
303580470 6 13
303580452 15 14
303580431 20 2
303580418 16 5
303580410 24 2
303580407 9 1
303580404 16 4
303580387 4 0
303580378 2 0
303580362 10 3
303580349 5 0
303580313 3 0
303580301 13 2
303580300 7 0
303580289 5 0
303580281 6 0
303580267 6 0
303580262 26 5
303580253 17 2
303580241 1 2
303580185 37 3
303580178 17 0
303580146 7 5
303580137 2 4
303580127 0 0
303580120 4 0
303580106 2 0
303580083 1 1
303580078 1 1
303580074 1 1
303580066 9 3
303580053 8 0
303580049 7 0
303580041 11 1
303580037 5 1
303580031 0 0
303580024 119 7
303580016 13 2
303580012 7 0
303580001 11 0
303579997 10 4
303579996 24 8
303579984 9 1
303579973 7 2
303579971 8 0
303579969 1 0
303579959 8 3
303579919 19 0
303579875 13 2
303579849 2 15
303579841 0 0
303579825 2 0
303579808 10 1
303579802 11 2
303579798 10 1
303579788 8 1
303579780 6 0
303579778 112 6
303579777 4 0
303579776 9 1
303579746 6 30
303579731 7 3
303579725 0 0
303579721 8 1
303579715 5 0
303579697 0 0
303579693 18 0
303579686 12 2
303579658 9 2
303579650 15 5
303579646 0 0
303579624 13 0
303579571 10 0
303579563 9 2
303579561 13 4
303579546 8 0
303579507 19 4
303579495 34 5
303579487 7 33
303579458 8 0
303579444 10 2
303579441 4 12
303579426 7 3
303579424 6 29
303579411 9 1
303579407 4 1
303579403 5 1
303579400 7 0
303579396 8 0
303579387 3 0
303579374 0 2
303579371 2 0
303579332 9 0
303579324 2 1
303579311 2 15
303579296 5 0
303579288 3 24
303579287 11 3
303579277 8 5
303579275 3 2
303579273 3 0
303579222 6 1
303579219 2 25
303579209 0 3
303579199 3 3
303579192 4 12
303579182 3 1
303579177 64 10
303579176 12 5
303579175 0 3
303579166 6 0
303579123 10 1
303579118 0 1
303579111 0 1
303579110 11 6
303579104 5 0
303579091 10 0
303579074 1 4
303579072 7 0
303579057 34 5
303579056 10 0
303579048 1 10
303579042 5 0
303579009 7 0
303579006 4 0
303578984 0 5
303578967 0 0
303578965 20 4
303578960 2 0
303578952 1 0
303578933 2 1
303578923 4 28
303578908 8 0
303578874 6 2
303578869 11 2
303578867 3 2
303578862 0 0
303578861 6 1
303578856 5 0
303578850 66 3
303578849 3 0
303578842 1 0
303578840 9 0
303578837 7 1
303578833 2 0
303578830 5 0
303578828 6 0
303578820 18 1
303578813 0 0
303578806 66 1
303578789 1 1
303578775 1 0
303578759 2 33
303578758 2 0
303578684 0 0
303578675 8 16
303578673 6 1
303578671 5 1
303578668 1 0
303578636 0 0
303578630 12 0
303578624 2 2
303578610 2 1
303578586 7 1
303578585 1 1
303578563 41 13
303578549 0 1
303578544 4 1
303578540 8 1
303578536 0 0
303578523 4 0
303578521 1 0
303578515 13 8
303578507 14 3
303578505 22 3
303578495 9 4
303578492 14 2
303578491 10 1
303578481 17 1
303578477 1 0
303578463 8 0
303578459 6 5
303578458 0 0
303578457 0 0
303578452 7 0
303578448 1 0
303578443 7 0
303578435 1 0
303578427 8 1
303578425 5 0
303578418 3 14
303578407 0 7
303578406 9 0
303578387 6 26
303578359 4 3
303578353 8 6
303578350 6 0
303578348 2 3
303578344 1 0
303578342 10 0
303578339 3 1
303578311 16 5
303578307 5 0
303578304 7 2
303578301 0 0
303578298 0 0
303578260 0 0
303578251 1 0
303578247 13 1
303578222 1 3
303578203 5 1
303578175 3 23
303578135 0 0
303578133 3 1
303578108 9 1
303578105 11 3
303578103 1 1
303578099 9 0
303578098 0 0
303578091 15 1
303578086 4 0
303578077 13 1
303578072 0 2
303578071 0 0
303578062 1 0
303578060 17 2
303578044 0 0
303578043 13 3
303578038 1 0
303578036 4 4
303578022 19 1
303578019 11 1
303578011 4 0
303578004 11 0
303577996 9 1
303577995 1 1
303577986 0 0
303577961 0 0
303577950 0 21
303577945 1 0
303577944 3 2
303577943 9 5
303577941 3 0
303577934 1 0
303577931 11 5
303577929 7 5
303577928 1 0
303577918 8 3
303577910 3 0
303577903 10 2
303577890 13 2
303577887 8 4
303577885 6 0
303577879 0 0
303577871 8 0
303577862 4 2
303577858 9 31
303577842 0 0
303577837 4 1
303577836 7 1
303577818 4 0
303577813 7 1
303577804 7 43
303577773 2 0
303577769 3 0
303577762 7 2
303577755 11 11
303577753 0 0
303577748 6 2
303577740 0 4
303577737 8 1
303577729 4 0
303577724 1 11
303577722 4 0
303577721 1 0
303577716 4 0
303577714 4 1
303577713 6 0
303577711 9 0
303577707 6 2
303577706 0 0
303577702 4 28
303577701 1 0
303577700 15 23
303577695 1 0
303577691 4 1
303577689 8 0
303577688 2 0
303577686 4 1
303577682 0 0
303577670 1 36
303577639 2 1
303577635 0 3
303577596 11 0
303577590 0 0
303577586 10 19
303577580 6 0
303577567 1 0
303577565 0 0
303577557 8 1
303577541 0 0
303577530 2 13
303577481 1 0
303577465 3 4
303577443 12 2
303577438 0 0
303577434 2 0
303577428 4 1
303577424 10 1
303577419 1 0
303577416 0 0
303577410 0 0
303577407 1 3
303577406 5 0
303577401 6 0
303577399 0 1
303577394 3 1
303577390 16 1
303577387 0 0
303577361 8 5
303577349 5 3
303577347 7 45
303577328 9 0
303577314 14 2
303577303 18 1
303577298 16 0
303577297 12 0
303577265 7 0
303577261 5 1
303577258 0 0
303577246 5 0
303577234 2 0
303577230 19 2
303577216 0 3
303577213 2 9
303577200 4 1
303577189 0 0
303577173 10 4
303577118 3 4
303577117 0 1
303577110 16 0
303577104 1 0
303577095 4 7
303577094 9 1
303577091 11 11
303577081 0 0
303577080 6 48
303577071 3 0
303577068 18 6
303577065 10 0
303577047 164 7
303577042 9 2
303577032 8 1
303577027 38 18
303577021 1 8
303576991 7 3
303576989 1 0
303576978 15 6
303576974 9 4
303576960 2 2
303576955 6 4
303576946 1 0
303576934 0 0
303576932 5 2
303576921 5 2
303576904 16 5
303576902 5 0
303576885 1 2
303576874 14 2
303576839 0 1
303576782 0 1
303576774 0 4
303576772 10 7
303576770 23 7
303576760 9 2
303576752 0 0
303576751 6 1
303576747 27 4
303576743 5 0
303576728 7 0
303576705 0 0
303576694 0 0
303576658 17 2
303576655 0 0
303576649 8 2
303576646 2 7
303576643 11 0
303576637 3 35
303576633 29 15
303576628 4 4
303576614 8 3
303576595 3 0
303576591 19 2
303576590 0 3
303576588 16 7
303576585 11 1
303576573 4 0
303576567 0 0
303576556 0 0
303576554 7 1
303576543 20 1
303576510 18 2
303576497 26 1
303576493 1 0
303576487 9 0
303576482 8 1
303576481 3 14
303576468 19 2
303576453 1 0
303576450 20 2
303576447 1 0
303576445 4 0
303576444 10 23
303576418 2 0
303576396 2 40
303576379 7 7
303576374 1 0
303576363 6 0
303576341 8 1
303576335 6 0
303576318 23 13
303576310 6 11
303576301 40 5
303576294 1 0
303576275 0 0
303576260 12 1
303576255 9 45
303576250 18 1
303576244 12 4
303576240 12 1
303576230 0 2
303576216 3 0
303576205 1 0
303576199 5 0
303576197 18 2
303576194 24 4
303576185 4 0
303576177 20 1
303576175 5 5
303576174 15 2
303576173 3 18
303576171 2 0
303576162 3 0
303576153 1 0
303576143 6 0
303576137 10 2
303576121 1 0
303576107 0 0
303576093 6 1
303576079 0 0
303576073 21 11
303576070 4 8
303576063 0 1
303576059 2 0
303576036 0 0
303576034 4 43
303576030 2 4
303576022 13 2
303576018 0 0
303576015 10 2
303576012 8 1
303576005 25 4
303575999 0 0
303575985 12 3
303575982 10 2
303575972 7 0
303575971 8 0
303575967 5 1
303575965 9 1
303575955 6 0
303575945 3 7
303575944 19 2
303575935 4 1
303575928 4 0
303575925 8 2
303575915 10 0
303575906 0 0
303575893 4 2
303575879 27 14
303575871 15 2
303575870 11 1
303575863 12 1
303575838 6 0
303575826 196 4
303575811 3 0
303575799 10 1
303575789 3 1
303575769 21 2
303575768 2 0
303575758 37 18
303575754 13 2
303575729 0 1
303575708 7 1
303575691 8 1
303575689 6 4
303575682 15 2
303575667 5 3
303575660 1 13
303575659 1 0
303575650 15 4
303575648 0 0
303575628 5 3
303575618 16 0
303575614 0 12
303575609 9 3
303575594 71 0
303575590 2 7
303575580 0 0
303575572 5 1
303575558 1 3
303575557 13 1
303575532 0 2
303575506 22 2
303575505 2 0
303575495 21 2
303575492 15 7
303575490 9 0
303575451 9 1
303575440 4 1
303575334 0 5
303575333 1 0
303575319 1 0
303575293 1 1
303575288 23 3
303575285 4 113
303575276 19 1
303575271 1 0
303575270 0 0
303575269 33 2
303575259 21 3
303575255 6 2
303575250 7 0
303575246 0 7
303575219 14 1
303575215 1 0
303575213 7 0
303575208 11 7
303575200 9 1
303575187 0 0
303575175 16 18
303575168 10 0
303575155 19 5
303575152 10 0
303575150 9 1
303575142 19 28
303575122 14 1
303575105 2 0
303575096 17 1
303575090 12 0
303575082 9 6
303575073 10 1
303575071 6 3
303575066 11 1
303575050 0 0
303575018 3 39
303575016 8 3
303574997 4 1
303574988 11 0
303574981 1 0
303574968 0 0
303574959 3 1
303574957 4 0
303574956 0 2
303574955 9 1
303574952 8 1
303574949 8 1
303574947 8 1
303574946 10 5
303574943 4 10
303574940 0 0
303574938 10 9
303574929 277 6
303574923 8 4
303574915 2 7
303574852 1 1
303574850 18 4
303574847 8 0
303574844 5 1
303574842 7 3
303574841 1 0
303574840 4 0
303574836 2 0
303574835 20 4
303574834 3 0
303574833 8 0
303574832 13 4
303574829 17 5
303574828 3 1
303574827 0 1
303574826 14 1
303574824 0 3
303574823 6 0
303574822 5 0
303574818 6 6
303574817 10 0
303574816 4 0
303574790 15 11
303574784 5 3
303574781 13 0
303574780 2 1
303574710 0 1
303574696 5 1
303574662 0 0
303574636 3 0
303574609 3 0
303574606 2 0
303574598 1 0
303574596 5 3
303574587 6 1
303574521 0 0
303574510 11 1
303574484 2 41
303574477 8 2
303574451 8 2
303574445 4 1
303574441 3 0
303574429 8 1
303574426 0 28
303574407 4 4
303574403 11 4
303574390 2 1
303574380 1 0
303574379 16 2
303574377 0 1
303574374 1 0
303574369 8 1
303574360 2 3
303574335 1 0
303574327 0 24
303574322 13 4
303574321 1 22
303574307 0 0
303574299 11 5
303574298 4 1
303574296 1 44
303574295 1 6
303574294 4 2
303574286 6 2
303574283 1 0
303574282 4 55
303574279 0 29
303574275 0 30
303574266 6 4
303574256 5 20
303574252 7 1
303574245 0 0
303574216 2 18
303574214 12 4
303574210 4 20
303574205 1 19
303574204 2 18
303574187 10 1
303574179 11 1
303574174 1 0
303574173 4 0
303574166 1 0
303574161 6 52
303574154 11 2
303574153 4 0
303574142 2 2
303574139 6 0
303574130 11 1
303574118 1 0
303574117 4 69
303574089 0 42
303574076 1 14
303574073 0 28
303574062 4 51
303574057 2 44
303574052 0 24
303574046 0 0
303574043 0 20
303574038 0 18
303574035 1 28
303574030 1 11
303574026 0 29
303574022 0 57
303574013 0 48
303574008 2 50
303574003 2 95
303574002 5 1
303573992 1 53
303573990 1 13
303573989 1 54
303573983 0 1
303573978 41 2
303573965 19 3
303573960 14 2
303573957 4 0
303573955 0 0
303573949 4 4
303573944 2 0
303573928 0 0
303573921 1 0
303573915 0 0
303573914 12 1
303573912 23 1
303573906 28 6
303573898 4 2
303573896 8 1
303573883 10 3
303573880 5 1
303573876 4 0
303573872 0 0
303573868 5 0
303573860 3 0
303573858 9 1
303573857 4 5
303573853 18 3
303573838 32 2
303573827 0 0
303573815 13 1
303573782 12 9
303573773 8 1
303573759 3 0
303573735 1 0
303573721 6 4
303573716 7 1
303573708 0 0
303573706 5 0
303573702 11 2
303573701 3 0
303573700 8 1
303573686 9 1
303573676 1 0
303573670 10 1
303573657 10 3
303573646 18 1
303573641 15 2
303573625 7 0
303573606 0 1
303573590 1 0
303573570 11 8
303573569 5 1
303573566 5 0
303573537 7 0
303573501 0 0
303573499 14 12
303573487 8 1
303573475 0 2
303573462 7 2
303573461 7 0
303573459 1 0
303573451 1 1
303573439 12 2
303573424 12 3
303573421 3 0
303573418 0 0
303573397 23 5
303573388 34 0
303573369 0 0
303573356 20 0
303573350 1 0
303573332 4 34
303573327 5 0
303573312 8 33
303573310 2 0
303573307 15 0
303573297 7 20
303573276 9 7
303573274 7 0
303573271 8 0
303573267 0 0
303573262 14 4
303573245 0 0
303573235 2 6
303573232 11 4
303573223 0 0
303573209 260 10
303573206 342 25
303573202 3 0
303573192 1 0
303573172 0 0
303573166 304 8
303573161 167 4
303573151 0 0
303573139 5 0
303573129 0 0
303573115 5 0
303573111 0 4
303573081 0 0
303573080 9 0
303573077 5 0
303573039 5 28
303573036 15 5
303573025 5 0
303573005 19 4
303572986 7 0
303572977 208 9
303572952 9 0
303572935 0 0
303572930 0 0
303572915 5 2
303572881 3 0
303572860 2 0
303572858 3 1
303572849 0 0
303572845 0 0
303572842 6 1
303572840 0 0
303572828 4 0
303572813 13 2
303572807 1 0
303572804 8 0
303572793 19 2
303572790 26 7
303572773 32 1
303572771 0 0
303572768 17 7
303572724 1 0
303572719 0 0
303572712 2 4
303572709 2 1
303572684 12 5
303572683 0 0
303572662 14 6
303572658 6 0
303572650 331 9
303572647 1 0
303572646 18 6
303572642 1 0
303572633 14 6
303572632 1 0
303572619 3 0
303572618 14 4
303572597 14 5
303572592 5 1
303572591 0 0
303572578 2 0
303572574 0 0
303572565 0 0
303572563 14 3
303572556 1 0
303572555 11 4
303572542 70 1
303572519 6 2
303572510 3 0
303572504 0 0
303572490 0 0
303572486 0 0
303572485 4 0
303572483 11 3
303572479 0 0
303572478 0 0
303572469 0 0
303572462 1 0
303572457 4 0
303572445 0 0
303572439 9 3
303572436 0 0
303572435 0 0
303572429 2 0
303572428 0 0
303572427 0 0
303572417 3 0
303572405 0 0
303572400 1 13
303572397 3 11
303572396 3 19
303572394 6 0
303572387 5 0
303572383 5 0
303572380 6 8
303572375 4 0
303572367 8 0
303572358 10 5
303572354 0 0
303572349 2 6
303572347 12 3
303572339 30 0
303572338 11 19
303572324 4 0
303572318 0 0
303572305 309 6
303572301 0 0
303572296 20 9
303572294 0 0
303572288 2 0
303572283 308 31
303572272 0 0
303572268 5 0
303572242 1 1
303572236 8 3
303572229 0 0
303572228 0 0
303572220 0 0
303572211 95 2
303572202 0 0
303572199 17 0
303572196 1 1
303572192 1 1
303572191 0 0
303572178 3 0
303572176 7 0
303572171 0 0
303572164 0 0
303572159 3 0
303572155 0 0
303572154 5 0
303572150 12 3
303572145 0 0
303572136 0 0
303572135 13 3
303572126 6 1
303572123 0 0
303572122 6 3
303572105 2 0
303572101 0 0
303572088 12 3
303572087 6 3
303572080 0 0
303572072 0 0
303572063 15 7
303572057 0 0
303572051 0 0
303572050 1 0
303572046 0 1
303572040 225 4
303572036 3 0
303572033 8 0
303572027 6 0
303572023 7 0
303572020 0 0
303572019 10 5
303572018 3 3
303572014 7 8
303571999 26 1
303571997 1 0
303571990 7 0
303571986 6 0
303571983 1 0
303571973 10 2
303571971 0 1
303571967 5 1
303571964 10 3
303571953 5 0
303571951 9 5
303571940 9 0
303571938 1 0
303571930 1 0
303571927 8 4
303571924 1 0
303571907 0 0
303571904 0 1
303571901 0 0
303571899 0 0
303571898 4 0
303571891 0 0
303571883 416 4
303571880 15 1
303571878 4 2
303571877 6 0
303571864 7 1
303571861 1 0
303571850 2 1
303571847 12 3
303571846 0 0
303571838 3 0
303571837 16 8
303571836 8 0
303571833 0 0
303571831 2 0
303571828 0 0
303571824 0 0
303571819 6 2
303571817 2 1
303571811 8 1
303571807 2 1
303571801 0 0
303571791 1 2
303571787 6 1
303571786 0 1
303571779 2 6
303571776 1 1
303571770 5 1
303571761 10 4
303571759 8 2
303571751 1 1
303571748 7 2
303571747 0 1
303571738 0 0
303571735 6 2
303571715 1 2
303571710 0 1
303571708 0 1
303571702 6 2
303571699 3 1
303571686 6 3
303571685 6 3
303571684 0 1
303571683 4 3
303571681 8 1
303571680 10 2
303571673 0 1
303571670 0 1
303571668 1 1
303571660 7 3
303571650 0 1
303571648 3 4
303571642 0 1
303571638 1 1
303571635 1 2
303571632 1 1
303571623 2 1
303571620 6 4
303571616 4 1
303571610 0 1
303571605 1 5
303571591 3 8
303571587 6 1
303571586 5 3
303571578 0 2
303571577 4 1
303571569 0 2
303571558 1 1
303571557 4 2
303571554 1 1
303571548 3 1
303571544 18 5
303571543 2 1
303571531 5 2
303571518 2 1
303571492 2 2
303571483 0 1
303571481 9 2
303571478 0 2
303571475 0 1
303571470 201 7
303571458 0 0
303571451 3 0
303571447 0 0
303571440 0 0
303571436 33 3
303571432 0 0
303571416 0 0
303571410 0 0
303571399 6 1
303571392 0 0
303571384 11 3
303571376 0 0
303571375 10 0
303571365 0 0
303571348 7 1
303571343 9 1
303571338 0 0
303571336 10 1
303571311 13 3
303571302 1 0
303571299 0 1
303571297 0 0
303571296 0 2
303571289 0 0
303571280 0 0
303571279 0 1
303571274 10 3
303571267 0 0
303571255 0 0
303571252 7 0
303571243 2 8
303571239 0 0
303571226 5 44
303571218 2 3
303571217 0 0
303571216 0 0
303571210 6 1
303571196 0 0
303571193 18 7
303571190 5 0
303571184 0 0
303571178 8 3
303571171 451 13
303571170 0 0
303571165 7 0
303571161 16 9
303571157 9 5
303571148 5 0
303571146 0 0
303571143 7 0
303571136 11 3
303571135 9 1
303571131 0 0
303571129 8 1
303571124 2 0
303571118 1 0
303571105 1 1
303571094 1 0
303571082 13 1
303571073 9 1
303571065 4 21
303571047 0 0
303571032 0 0
303571028 7 2
303571027 5 1
303571021 0 0
303571009 0 0
303571000 0 0
303570999 0 0
303570991 10 12
303570987 1 0
303570984 5 1
303570974 9 1
303570973 0 0
303570970 0 0
303570956 0 0
303570949 1 0
303570945 10 0
303570938 0 0
303570929 5 2
303570926 8 0
303570913 9 4
303570888 7 1
303570887 0 0
303570885 0 0
303570875 8 0
303570865 0 0
303570864 0 0
303570863 1 0
303570850 1 0
303570832 0 0
303570830 0 1
303570824 6 1
303570822 13 0
303570817 5 0
303570815 0 0
303570813 13 0
303570796 0 0
303570793 606 15
303570791 13 7
303570784 0 0
303570781 0 0
303570777 9 0
303570765 2 0
303570737 3 1
303570733 9 0
303570729 0 14
303570720 0 0
303570718 10 1
303570715 11 0
303570710 402 6
303570707 2 0
303570705 13 1
303570703 7 2
303570692 162 3
303570682 10 0
303570678 1 0
303570674 4 0
303570669 20 1
303570668 0 0
303570663 10 3
303570650 3 0
303570649 0 0
303570645 1 0
303570641 0 0
303570636 1 0
303570635 8 0
303570628 10 0
303570625 11 3
303570623 2 1
303570608 0 0
303570586 0 0
303570582 8 43
303570581 11 10
303570580 2 0
303570576 10 2
303570557 1 0
303570554 6 1
303570540 7 5
303570538 0 0
303570533 641 68
303570528 35 6
303570525 1 0
303570517 0 0
303570513 4 1
303570498 0 0
303570483 12 0
303570479 11 1
303570471 3 0
303570461 9 1
303570459 4 0
303570455 0 0
303570451 0 0
303570449 0 0
303570433 1 0
303570431 801 13
303570427 4 34
303570397 0 0
303570379 7 0
303570360 0 0
303570359 523 12
303570357 6 0
303570353 0 0
303570347 10 0
303570342 1 0
303570305 29 2
303570301 20 1
303570300 15 5
303570291 1 0
303570285 6 1
303570281 2 0
303570274 1 0
303570273 30 2
303570271 1 0
303570270 9 1
303570252 9 0
303570245 5 3
303570244 1 0
303570232 5 0
303570230 13 0
303570229 2 0
303570227 3 0
303570211 9 0
303570207 13 2
303570202 15 12
303570199 7 1
303570195 1 0
303570187 7 1
303570184 13 2
303570183 9 1
303570178 4 1
303570176 10 1
303570172 0 0
303570143 9 0
303570135 6 41
303570132 4 0
303570131 11 1
303570128 6 0
303570124 5 0
303570123 11 7
303570121 0 34
303570105 9 0
303570104 0 0
303570098 5 1
303570092 2 1
303570086 5 0
303570084 4 1
303570073 1 0
303570072 0 0
303570066 3 11
303570064 6 0
303570063 1 0
303570062 2 0
303570059 8 9
303570057 8 1
303570048 7 1
303570045 9 0
303570038 8 0
303570018 0 0
303569978 8 1
303569976 0 0
303569960 0 0
303569956 9 2
303569949 4 1
303569939 10 0
303569926 17 4
303569917 9 0
303569914 0 0
303569912 7 0
303569907 2 0
303569892 12 1
303569889 239 8
303569886 535 5
303569880 1 0
303569865 1 0
303569857 6 1
303569856 13 1
303569849 921 6
303569848 2 1
303569828 10 18
303569822 0 0
303569819 1 0
303569818 7 0
303569810 14 3
303569808 5 1
303569798 1 0
303569791 4 0
303569790 0 0
303569786 186 5
303569777 1 41
303569767 1 3
303569766 189 5
303569758 19 0
303569749 6 0
303569746 1 0
303569745 6 0
303569743 5 1
303569740 3 1
303569736 3 1
303569734 1 0
303569727 318 8
303569726 2 0
303569725 5 0
303569722 1 0
303569719 9 0
303569708 123 24
303569706 0 1
303569703 2 0
303569698 13 3
303569690 8 0
303569689 387 9
303569688 1 0
303569677 0 0
303569676 332 7
303569670 1 0
303569669 7 0
303569667 4 0
303569651 0 0
303569647 450 10
303569646 15 1
303569642 1 0
303569638 4 1
303569625 2 0
303569621 4 1
303569615 2 5
303569601 3 0
303569597 0 0
303569590 7 0
303569589 7 2
303569577 12 1
303569573 22 4
303569571 0 0
303569570 6 42
303569559 1 1
303569546 12 1
303569544 16 2
303569543 5 0
303569537 11 1
303569521 189 3
303569520 7 1
303569518 8 0
303569513 11 1
303569506 1 0
303569505 5 3
303569503 8 1
303569498 7 2
303569472 7 1
303569468 2 0
303569467 3 28
303569464 1 0
303569462 10 2
303569459 1 2
303569455 0 0
303569447 3 2
303569444 0 0
303569434 0 0
303569425 6 0
303569406 2 2
303569401 3 2
303569396 12 0
303569390 1 0
303569384 146 26
303569373 17 1
303569371 0 1
303569367 11 1
303569366 1 2
303569340 2 0
303569334 3 1
303569326 15 4
303569319 0 0
303569318 9 4
303569299 4 44
303569296 6 0
303569277 4 1
303569270 0 0
303569263 5 1
303569257 0 0
303569247 10 2
303569240 5 0
303569235 8 48
303569228 8 48
303569215 20 10
303569210 10 2
303569204 593 9
303569197 10 0
303569194 984 7
303569183 0 1
303569170 1 0
303569158 1 0
303569149 6 5
303569146 27 5
303569137 23 2
303569136 7 0
303569130 14 1
303569108 23 1
303569092 1265 9
303569083 3 0
303569081 4 0
303569078 1 1
303569075 10 1
303569074 1 0
303569067 7 31
303569063 4 0
303569057 12 2
303569043 1 1
303569041 4 2
303569037 14 1
303569033 17 1
303569032 2 0
303569028 27 3
303569018 0 0
303569002 0 1
303568997 1 3
303568993 6 0
303568988 19 4
303568986 1 0
303568974 10 0
303568972 3 31
303568970 3 1
303568965 0 0
303568964 1 0
303568958 11 2
303568955 25 12
303568944 1 0
303568943 8 3
303568938 4 2
303568935 0 0
303568913 4 0
303568909 2 1
303568907 0 2
303568906 1 13
303568898 2 0
303568895 8 1
303568887 0 0
303568868 0 0
303568866 9 2
303568863 4 0
303568861 649 18
303568848 4 1
303568836 4 30
303568834 11 2
303568832 0 0
303568830 11 0
303568805 12 1
303568793 0 0
303568792 7 0
303568789 6 1
303568779 3 1
303568777 5 0
303568770 3 1
303568765 6 9
303568762 0 0
303568739 2 3
303568728 1 22
303568725 1 0
303568711 2 0
303568708 12 1
303568693 1 0
303568692 4 1
303568688 1 1
303568675 2 0
303568663 0 1
303568662 5 0
303568652 6 2
303568647 5 7
303568639 0 0
303568631 6 0
303568628 2 0
303568623 5 37
303568622 9 3
303568613 6 0
303568612 11 1
303568604 8 1
303568601 2 1
303568586 1 0
303568580 0 0
303568578 4 1
303568575 10 52
303568570 3 0
303568566 0 0
303568552 6 1
303568546 1 0
303568538 10 0
303568535 15 14
303568524 8 3
303568517 4 3
303568515 2 1
303568504 1 1
303568503 6 0
303568491 5 30
303568477 6 2
303568476 14 5
303568455 8 0
303568454 3 0
303568453 0 1
303568447 3 6
303568446 13 56
303568443 5 5
303568439 2 51
303568426 3 3
303568413 1 1
303568401 3 3
303568392 9 4
303568390 13 3
303568386 9 3
303568382 8 4
303568373 1 0
303568370 10 1
303568369 2 0
303568364 7 0
303568360 4 30
303568358 1 0
303568348 5 2
303568336 22 19
303568335 0 0
303568333 5 1
303568331 5 4
303568330 2 0
303568325 2 29
303568322 3 2
303568320 2 33
303568297 1 0
303568295 1 0
303568283 4 2
303568279 22 55
303568273 10 1
303568267 4 0
303568265 7 8
303568249 536 11
303568238 1 1
303568222 6 8
303568220 0 0
303568218 2 1
303568217 5 0
303568204 4 4
303568197 7 30
303568194 9 1
303568182 0 0
303568180 368 38
303568177 7 1
303568168 4 1
303568166 9 7
303568149 0 0
303568148 5 1
303568138 6 1
303568137 1 0
303568131 8 65
303568130 9 2
303568123 0 0
303568115 1 0
303568111 0 0
303568110 3 0
303568109 0 4
303568108 3 0
303568100 1 0
303568099 5 43
303568090 207 24
303568079 10 2
303568077 1 1
303568067 4 4
303568064 5 0
303568061 354 76
303568056 0 0
303568039 0 0
303568036 2 4
303568024 701 12
303568021 0 0
303568015 5 3
303568002 0 1
303567997 5 1
303567991 1 31
303567981 0 0
303567978 0 1
303567977 2 1
303567968 159 19
303567966 496 52
303567963 0 0
303567958 11 0
303567949 4 1
303567944 197 29
303567942 13 0
303567935 19 4
303567934 0 0
303567932 0 0
303567930 2 5
303567912 24 18
303567911 9 0
303567909 1 1
303567908 0 0
303567906 0 2
303567904 1 0
303567895 1 1
303567887 0 1
303567880 1 0
303567877 10 1
303567873 1 7
303567872 6 1
303567864 0 1
303567863 10 0
303567858 10 1
303567850 5 0
303567847 1 5
303567844 15 1
303567833 0 1
303567832 0 1
303567830 1 7
303567824 7 4
303567818 5 0
303567803 7 1
303567801 2 1
303567800 4 2
303567798 0 1
303567794 22 26
303567789 2 1
303567783 7 2
303567782 1 1
303567772 0 2
303567767 1 1
303567762 6 0
303567751 7 0
303567738 10 3
303567737 0 0
303567727 11 24
303567722 4 0
303567717 4 0
303567710 3 0
303567706 0 0
303567701 1 0
303567695 0 2
303567688 2 1
303567676 0 0
303567669 8 0
303567665 873 12
303567650 6 0
303567644 5 1
303567642 3 0
303567639 4 0
303567625 8 8
303567623 9 1
303567621 12 39
303567620 9 0
303567615 6 0
303567604 12 2
303567591 5 1
303567588 0 1
303567584 4 1
303567578 5 0
303567565 3 0
303567564 8 1
303567563 0 0
303567553 6 22
303567543 5 0
303567542 0 0
303567536 2 2
303567534 3 0
303567515 9 2
303567502 3 1
303567493 4 37
303567483 6 0
303567482 6 2
303567477 3 0
303567468 7 1
303567467 0 7
303567466 0 0
303567462 0 0
303567453 0 0
303567442 555 7
303567433 0 0
303567423 7 0
303567419 14 10
303567416 3 2
303567415 3 0
303567413 16 8
303567410 930 37
303567408 2 1
303567391 4 3
303567380 11 2
303567377 7 9
303567356 3 35
303567351 3 0
303567349 6 0
303567348 5 0
303567332 0 0
303567331 0 0
303567320 0 1
303567317 3 0
303567307 6 0
303567298 1 1
303567288 4 39
303567283 6 2
303567282 4 31
303567266 1 1
303567264 0 1
303567263 4 0
303567262 2 1
303567257 0 0
303567251 4 0
303567247 0 0
303567231 1 2
303567224 0 0
303567220 4 0
303567217 5 0
303567207 1 0
303567203 20 11
303567198 1 0
303567185 1 0
303567180 5 50
303567175 5 3
303567171 207 9
303567165 3 0
303567144 5 0
303567130 3 4
303567129 627 7
303567123 0 1
303567114 0 0
303567112 5 2
303567105 4 12
303567081 4 0
303567077 10 2
303567074 10 3
303567065 363 18
303567062 0 0
303567061 2 6
303567055 0 3
303567038 0 7
303567021 1 1
303567018 238 5
303567012 5 1
303567007 19 6
303567005 16 8
303566999 4 0
303566993 21 16
303566991 3 2
303566987 9 1
303566986 4 45
303566984 4 1
303566975 5 1
303566973 7 0
303566972 2 1
303566963 2 0
303566948 18 13
303566947 12 4
303566945 0 0
303566936 0 0
303566935 1 3
303566920 2 31
303566910 14 6
303566907 19 6
303566899 1 1
303566886 9 5
303566885 2 0
303566881 0 3
303566874 9 1
303566867 6 0
303566865 13 1
303566860 1 0
303566859 1 2
303566857 4 0
303566856 3 39
303566847 6 1
303566846 7 4
303566841 1 0
303566837 472 5
303566834 3 1
303566815 6 1
303566813 2 29
303566809 1 0
303566795 4 0
303566772 15 12
303566761 1 4
303566757 8 0
303566750 1 0
303566749 4 2
303566745 4 0
303566735 12 7
303566733 13 4
303566731 12 10
303566727 2 0
303566722 5 3
303566716 4 44
303566713 4 4
303566707 17 0
303566680 2 0
303566648 2 0
303566647 5 1
303566642 10 1
303566631 24 9
303566627 8 2
303566620 4 34
303566619 1 12
303566613 12 3
303566608 1 3
303566604 2 1
303566598 23 1
303566590 4 38
303566586 1 21
303566582 0 0
303566578 602 62
303566577 12 2
303566566 9 3
303566564 423 35
303566561 1 0
303566560 3 0
303566551 3 96
303566542 1 0
303566530 6 0
303566507 0 0
303566505 5 0
303566488 8 0
303566484 0 0
303566482 6 0
303566468 2 0
303566463 2 12
303566459 0 0
303566445 12 14
303566443 11 1
303566433 0 0
303566422 928 21
303566418 1 2
303566414 7 12
303566409 1 0
303566408 3 142
303566405 19 1
303566402 8 1
303566390 4 1
303566388 1 42
303566378 9 3
303566374 0 0
303566346 8 0
303566343 8 1
303566338 1 0
303566323 0 20
303566321 8 3
303566316 4 0
303566308 7 45
303566307 9 0
303566305 3 0
303566299 468 30
303566282 7 0
303566272 3 0
303566271 8 1
303566269 6 1
303566267 3 1
303566262 6 1
303566260 9 0
303566253 5 1
303566244 5 1
303566243 5 1
303566242 8 1
303566241 7 0
303566237 265 4
303566235 2 0
303566224 0 20
303566217 5 0
303566215 3 0
303566206 10 1
303566192 5 1
303566191 6 0
303566190 0 49
303566189 16 4
303566188 1944 28
303566186 3 33
303566181 4 0
303566170 2 0
303566165 5 0
303566160 4 0
303566154 10 1
303566151 0 0
303566145 6 3
303566143 0 0
303566136 4 0
303566132 9 5
303566121 1 29
303566112 1 0
303566109 7 0
303566097 0 1
303566095 7 43
303566088 8 3
303566080 4 0
303566077 7 3
303566074 1016 26
303566071 5 0
303566070 24 3
303566063 5 0
303566047 0 1
303566045 1 2
303566042 1 0
303566031 0 2
303566019 15 0
303566009 11 0
303566008 3 0
303566005 722 59
303566001 5 2
303565996 5 0
303565993 15 2
303565981 1 0
303565977 4 0
303565940 5 0
303565937 5 0
303565932 18 6
303565922 5 1
303565904 0 0
303565899 4 0
303565896 10 1
303565894 8 3
303565879 4 1
303565868 8 2
303565858 8 0
303565844 0 0
303565840 4 1
303565827 7 0
303565825 2 0
303565817 7 58
303565811 1 0
303565807 4 0
303565795 0 1
303565792 1 0
303565777 5 1
303565774 2 0
303565759 2 3
303565754 5 24
303565750 6 0
303565742 4 1
303565738 1 0
303565733 6 1
303565722 3 1
303565721 3 1
303565715 0 0
303565708 1 2
303565706 6 0
303565696 0 0
303565687 1 0
303565686 9 0
303565682 3 0
303565674 7 0
303565663 0 0
303565654 3 2
303565633 8 0
303565620 10 1
303565613 12 0
303565606 0 0
303565593 3 3
303565592 1 0
303565574 1 0
303565566 1 2
303565563 3 1
303565560 8 0
303565558 1 1
303565550 5 0
303565549 6 1
303565545 8 0
303565541 2 0
303565533 0 0
303565530 451 9
303565525 2 0
303565524 7 0
303565515 6 1
303565514 0 1
303565490 7 0
303565483 6 42
303565482 2 1
303565475 327 8
303565472 9 1
303565471 0 0
303565463 2 0
303565454 7 0
303565441 0 1
303565438 343 5
303565436 7 0
303565426 0 0
303565419 4 14
303565407 4 1
303565399 5 1
303565393 1 0
303565388 2 3
303565387 1753 92
303565384 11 1
303565375 10 1
303565370 4 0
303565358 6 1
303565356 1 0
303565352 0 0
303565339 7 3
303565325 3 0
303565302 4 0
303565301 1 0
303565281 16 1
303565280 9 1
303565279 4 0
303565269 10 0
303565268 0 3
303565265 5 1
303565264 0 0
303565251 4 2
303565235 3 1
303565209 2 1
303565191 2 1
303565188 2 0
303565168 1 0
303565162 346 27
303565154 2 43
303565149 0 0
303565146 5 0
303565142 2 0
303565140 6 0
303565137 257 12
303565122 6 4
303565119 0 0
303565117 2 46
303565111 3 0
303565110 0 0
303565107 0 1
303565104 4 1
303565101 8 6
303565086 0 0
303565085 6 1
303565076 1 0
303565070 2 0
303565065 4 1
303565053 0 0
303565050 7 0
303565037 2 28
303565035 6 1
303565034 1 3
303565016 3 0
303565015 0 0
303565000 0 0
303564998 9 1
303564994 2 0
303564984 14 2
303564980 1 1
303564979 3 2
303564977 0 1
303564967 0 0
303564965 2 0
303564948 3 0
303564947 1 1
303564933 0 0
303564932 2 0
303564926 3 0
303564910 0 0
303564906 0 0
303564900 120 4
303564898 0 0
303564897 1 0
303564886 9 0
303564885 0 0
303564876 7 0
303564865 0 0
303564858 1 2
303564851 0 0
303564849 1 2
303564844 2 0
303564843 7 1
303564831 4 0
303564823 3 2
303564819 0 0
303564817 0 0
303564816 1 1
303564815 0 0
303564811 6 16
303564810 6 2
303564807 0 2
303564789 10 2
303564787 1 0
303564785 5 1
303564784 11 1
303564781 0 0
303564769 2 1
303564767 2 0
303564761 3 0
303564759 4 2
303564739 1 0
303564734 10 3
303564728 1 1
303564719 7 0
303564694 1 0
303564689 0 0
303564676 0 0
303564670 2 2
303564665 4 1
303564661 1 0
303564621 8 0
303564620 6 2
303564604 2 2
303564598 597 36
303564588 643 14
303564547 1 0
303564543 2 0
303564529 0 0
303564525 0 0
303564519 7 0
303564517 3 0
303564516 3 0
303564507 0 6
303564494 2 2
303564487 7 0
303564460 3 0
303564456 6 0
303564443 1 0
303564440 3 0
303564437 0 0
303564430 0 0
303564429 0 1
303564427 0 0
303564424 0 4
303564422 5 0
303564413 0 5
303564401 0 0
303564381 0 0
303564379 6 0
303564375 5 1
303564373 0 0
303564370 6 0
303564358 5 1
303564357 2 1
303564353 0 0
303564349 7 2
303564344 0 0
303564329 0 0
303564325 1 0
303564319 4 0
303564316 0 0
303564305 7 1
303564304 3 0
303564300 15 2
303564298 4 2
303564295 2 0
303564265 1 0
303564256 2 2
303564255 0 0
303564248 5 2
303564245 2 0
303564243 6 0
303564233 0 0
303564213 0 0
303564208 1 42
303564199 9 3
303564189 5 1
303564158 7 0
303564153 0 0
303564142 4 0
303564136 0 0
303564132 0 0
303564131 0 0
303564122 2 0
303564120 8 0
303564112 1 1
303564079 2 0
303564078 4 1
303564063 1 0
303564055 0 0
303564054 5 2
303564037 7 0
303564035 7 0
303564027 0 0
303564016 4 0
303564003 3 1
303564001 9 1
303563985 5 0
303563976 5 1
303563959 54 0
303563950 0 0
303563948 4 2
303563938 0 3
303563927 1 0
303563923 7 1
303563905 0 0
303563898 0 0
303563890 5 1
303563889 3 2
303563877 1 0
303563875 349 13
303563874 0 0
303563870 0 1
303563869 0 0
303563857 2 15
303563849 2 1
303563833 0 0
303563816 7 0
303563815 8 4
303563811 8 2
303563800 23 9
303563787 2 0
303563784 0 0
303563783 10 1
303563777 6 1
303563774 459 5
303563772 1 0
303563767 7 1
303563764 0 0
303563760 6 1
303563752 4 16
303563720 0 1
303563704 4 0
303563699 1 0
303563698 4 0
303563689 5 3
303563674 0 0
303563671 0 1
303563669 0 0
303563660 9 1
303563657 1 0
303563644 6 1
303563636 6 3
303563631 1 0
303563630 0 0
303563623 6 1
303563617 7 2
303563616 0 0
303563607 7 1
303563600 0 0
303563577 1 0
303563573 4 2
303563564 0 0
303563558 0 0
303563540 359 6
303563538 0 0
303563518 0 0
303563515 9 1
303563511 0 2
303563510 8 0
303563502 5 2
303563497 1 0
303563487 0 1
303563481 1 0
303563472 0 1
303563448 5 2
303563437 6 48
303563427 0 0
303563417 5 2
303563402 0 0
303563401 0 0
303563400 10 4
303563397 4 2
303563394 0 0
303563393 1 2
303563390 0 0
303563359 7 9
303563347 556 14
303563344 6 0
303563337 0 0
303563326 1 1
303563322 0 1
303563318 0 0
303563316 12 1
303563315 1 0
303563312 1 0
303563299 5 2
303563293 4 1
303563280 14 5
303563268 2390 38
303563267 2 1
303563253 8 1
303563238 3 0
303563237 7 1
303563224 1 2
303563209 0 0
303563207 0 1
303563201 323 15
303563187 2242 147
303563184 1532 57
303563181 8 3
303563178 4 0
303563176 8 2
303563175 8 4
303563159 1 0
303563153 2 0
303563152 2 0
303563141 15 0
303563134 5 0
303563133 1 0
303563131 1 0
303563123 3 1
303563120 8 4
303563117 0 0
303563113 6 3
303563100 6 2
303563099 3 2
303563090 0 1
303563089 6 1
303563088 1 0
303563073 8 2
303563072 5 1
303563060 5 2
303563044 5 2
303563042 3 0
303563041 3 0
303563038 5 0
303563035 1 0
303563018 0 0
303563017 410 11
303563008 1 0
303563006 4 0
303562987 1 0
303562979 1 0
303562970 151 2
303562959 6 2
303562957 0 0
303562936 0 0
303562930 10 3
303562927 3 0
303562924 2 0
303562920 1 0
303562916 2 2
303562915 0 0
303562909 6 0
303562908 3 0
303562907 0 0
303562904 253 12
303562898 4 0
303562893 9 1
303562889 7 1
303562886 6 1
303562875 6 2
303562868 1 0
303562859 27 10
303562854 1 0
303562841 9 0
303562837 1 0
303562836 19 1
303562824 1318 44
303562820 274 6
303562817 16 0
303562813 169 8
303562811 1 0
303562802 0 0
303562796 7 1
303562788 278 37
303562783 2 0
303562778 298 21
303562768 0 0
303562766 0 0
303562762 1 0
303562754 5 0
303562741 6 3
303562731 7 1
303562730 12 0
303562724 3 0
303562722 1 0
303562709 4 2
303562705 1 0
303562698 2 0
303562695 6 3
303562688 9 1
303562685 249 4
303562683 2 0
303562674 4 1
303562666 4 5
303562654 0 0
303562653 114 4
303562647 6 1
303562646 4 3
303562636 6 2
303562621 5 1
303562619 0 0
303562615 7 366
303562608 0 0
303562598 3 4
303562592 6 1
303562585 12 0
303562566 5 2
303562559 0 0
303562555 0 0
303562549 20 7
303562547 8 2
303562534 8 0
303562533 9 1
303562528 4 1
303562527 3491 123
303562520 1 0
303562515 6 0
303562509 3 0
303562508 105 4
303562501 7 1
303562488 7 3
303562480 4 0
303562471 7 2
303562464 1 0
303562462 0 0
303562459 1 0
303562452 907 71
303562444 6 0
303562442 4 1
303562439 1 0
303562435 1 0
303562433 5 0
303562430 1 0
303562426 4 1
303562410 2915 353
303562400 5 39
303562399 1 1
303562385 2 0
303562378 4 71
303562375 0 0
303562365 1448 75
303562354 2 1
303562347 8 1
303562346 0 0
303562341 3 0
303562328 1 0
303562324 4 0
303562318 11 0
303562316 7 0
303562311 2 2
303562298 6 10
303562297 8 1
303562287 0 1
303562283 6 3
303562282 0 65
303562281 8 0
303562271 7 1
303562268 24 7
303562257 0 0
303562256 0 0
303562255 0 0
303562249 0 0
303562244 5 3
303562239 5 1
303562238 0 0
303562233 10 0
303562231 0 0
303562226 1 1
303562219 0 1
303562214 1 1
303562213 4 1
303562210 0 0
303562202 1 0
303562197 1 1
303562192 8 1
303562187 6 4
303562179 5 1
303562163 2 1
303562159 9 4
303562157 2 0
303562151 4 1
303562149 2 1
303562142 5 0
303562141 1 6
303562140 4 2
303562136 1 1
303562135 0 2
303562131 3 141
303562126 0 0
303562119 8 0
303562107 2 2
303562104 2 0
303562103 4 0
303562102 0 0
303562097 8 0
303562091 2357 131
303562088 0 1
303562086 1 0
303562085 0 0
303562084 1 0
303562076 1 0
303562066 5 2
303562061 6 1
303562060 1 0
303562059 4 90
303562058 2 0
303562056 1 0
303562048 2490 175
303562044 6 0
303562042 0 0
303562038 9 1
303562035 2 0
303562031 0 0
303562027 4328 49
303562025 1 1
303562024 0 0
303562020 0 2
303562018 0 1
303562015 3 0
303562011 5 0
303562009 0 0
303562008 5 4
303561986 4 4
303561981 0 1
303561979 0 0
303561976 3 1
303561974 0 0
303561965 5 0
303561960 18 1
303561959 0 0
303561954 0 0
303561951 7 1
303561947 5 1
303561945 1 35
303561942 1 0
303561933 5 1
303561932 4 0
303561930 1 1
303561921 0 3
303561917 489 10
303561914 0 0
303561913 6 1
303561911 4 36
303561910 4 1
303561898 1952 50
303561897 3 4
303561895 2 1
303561893 11 0
303561886 1 1
303561885 1 1
303561883 3 1
303561877 1 0
303561876 0 61
303561875 0 0
303561868 1 0
303561862 5 1
303561858 4 0
303561839 5 3
303561834 5 3
303561832 5 0
303561827 4 1
303561826 0 0
303561824 8 1
303561818 3 1
303561816 2 0
303561806 0 0
303561805 0 0
303561803 0 2
303561801 0 0
303561791 4 1
303561789 5 2
303561785 3 55
303561772 7 0
303561770 3 0
303561768 1 0
303561762 618 20
303561756 6 4
303561747 5 0
303561738 7 0
303561733 4 0
303561732 8 1
303561726 7 1
303561725 2 3
303561723 8 4
303561719 2 0
303561718 1 0
303561715 6 0
303561699 1 1
303561693 0 0
303561691 6 1
303561690 0 0
303561685 0 0
303561682 5 1
303561679 0 0
303561675 4 1
303561670 2 2
303561668 6 7
303561648 0 0
303561639 2 2
303561635 0 0
303561634 0 1
303561628 0 0
303561626 2998 50
303561614 0 1
303561611 3 0
303561609 3 2
303561598 11 1
303561597 3 0
303561596 4 2
303561582 1 5
303561571 5 1
303561569 4 0
303561568 13 3
303561562 0 1
303561561 0 1
303561560 1544 60
303561557 3 2
303561554 5 4
303561553 0 3
303561548 1 0
303561544 0 1
303561540 1 0
303561539 0 1
303561532 0 0
303561531 8 1
303561526 7 0
303561520 1 0
303561518 1 0
303561496 0 0
303561495 0 0
303561491 2 2
303561488 4 0
303561485 8 1
303561483 1 0
303561479 5 1
303561473 0 6
303561469 0 0
303561460 206 14
303561456 2 2
303561454 8 1
303561453 7 1
303561448 2 2
303561444 0 0
303561440 3 0
303561437 2 2
303561434 0 0
303561432 1 0
303561430 11 0
303561426 2 2
303561422 7 1
303561410 0 0
303561407 0 0
303561406 1 2
303561401 0 0
303561392 1 2
303561391 0 1
303561390 2 0
303561386 1 0
303561385 0 0
303561384 4 1
303561382 1 0
303561377 0 2
303561371 0 0
303561363 1 2
303561362 3 1
303561360 2 0
303561359 3 2
303561357 0 0
303561352 4 0
303561351 0 0
303561348 3 2
303561346 10 1
303561344 0 0
303561339 1 6
303561334 0 0
303561331 3 2
303561330 2 1
303561328 2 2
303561324 5 1
303561317 3 1
303561315 1 0
303561314 6 0
303561306 1 1
303561296 7 2
303561294 0 0
303561289 1 1
303561288 3 17
303561280 0 0
303561279 0 0
303561278 11 2
303561273 3 0
303561272 0 0
303561271 4 2
303561264 0 8
303561255 7 1
303561253 0 0
303561238 0 0
303561234 1 0
303561225 1 2
303561221 2 0
303561214 2 5
303561206 3 2
303561198 1 0
303561191 1 0
303561183 2 1
303561167 1 0
303561163 0 2
303561161 5 4
303561148 0 0
303561143 1 1
303561137 1 0
303561136 5 2
303561134 1 0
303561133 0 0
303561132 2 1
303561124 0 0
303561119 1 2
303561118 0 0
303561113 0 0
303561111 1 1
303561105 1 1
303561103 2 0
303561101 4 0
303561089 2 0
303561087 0 3
303561086 1 0
303561084 8 1
303561080 1 1
303561071 0 7
303561070 0 1
303561066 0 0
303561053 1 0
303561038 1 2
303561036 1 0
303561031 1 0
303561007 1 0
303561002 2 0
303560988 3 2
303560987 2 0
303560963 0 0
303560955 0 4
303560916 0 2
303560891 11 1
303560885 2 0
303560878 3 1
303560867 2 0
303560866 1 0
