303940789 0 0
303872943 0 0
303862206 0 0
303799038 0 1
303775154 0 0
303742714 1 0
303738651 0 0
303735629 3 0
303680618 2 0
303678591 1 0
303678245 0 0
303672681 1 0
303667386 1 0
303660800 4 2
303639720 1 14
303637503 2 5
303622991 1 0
303618828 3 0
303618822 0 0
303618807 0 0
303618804 0 0
303587293 0 1
303586152 2 2
303582594 1 0
303581096 1 0
303577299 2 0
303569203 0 0
303507512 0 0
303507511 0 0
303507509 2 0
303505643 8 0
303503268 6 0
303500996 5 1
303500393 1 0
303498810 1 0
303498543 6 2
303498023 2 0
303498002 3 0
303497517 4 1
303497495 0 0
303497205 2 0
303497200 0 0
303496490 0 0
303496071 0 20
303494656 8 7
303494056 3 3
303493760 6 0
303492948 4 0
303492006 3 10
303491932 6 8
303484295 1 1
303483761 1 0
303482334 12 0
303481971 8 0
303481775 1 0
303481352 7 0
303480451 4 0
303480200 0 0
303474115 2 0
303473872 1 0
303473863 2 0
303473382 1 0
303473377 2 0
303473357 2 0
303471618 4 0
303470757 0 0
303454806 1 0
303454801 0 0
303454681 4 0
303433382 4 0
303432577 4 0
303432571 3 0
303431861 7 12
303431485 2 1
303431059 3 0
303430293 1 0
303429957 0 0
303429950 3 0
303427378 5 0
303426549 3 0
303423023 2 0
303422556 2 4
303422456 8 4
303412890 8 5
303412797 8 0
303412765 3 0
303412741 2 0
303412740 0 0
303412722 14 1
303412707 5 0
303412653 6 0
303412553 1 0
303412443 7 2
303412440 0 1
303412420 2 0
303412419 0 0
303412414 2 0
303412409 1 0
303412350 4 0
303412331 3 0
303412315 8 4
303412278 0 0
303412244 0 0
303412140 0 0
303412132 5 1
303412027 10 0
303412003 4 0
303411931 1 0
303411904 2 0
303411892 0 0
303411888 2 2
303411875 1 0
303411873 10 0
303411840 0 1
303411839 0 1
303411778 1 0
303411760 3 33
303411741 0 0
303411726 0 0
303411725 3 0
303411723 0 0
303411719 4 0
303411678 13 0
303411669 1 0
303411656 1 1
303411613 17 0
303411519 5 0
303411372 0 0
303411350 13 1
303411250 1 0
303411125 6 0
303410907 4 12
303410483 0 0
303410450 3 9
303410445 1 1
303410411 5 1
303410392 13 11
303410384 1 0
303410350 2 0
303410321 11 3
303410272 3 0
303410266 14 4
303410259 11 6
303410234 12 10
303410215 2 0
303410185 6 0
303410112 2 0
303410040 9 0
303409940 1 0
303409907 4 0
303409887 0 0
303409870 8 0
303409868 4 4
303409864 2 0
303409862 0 2
303409859 6 0
303409797 10 3
303409794 5 2
303409667 0 0
303409573 3 1
303409558 2 0
303409490 0 0
303409440 3 1
303409416 4 37
303409360 8 1
303409256 1 0
303409255 4 0
303409160 43 2
303409139 5 0
303409138 1 0
303409133 10 0
303409125 6 0
303409121 17 0
303409108 0 0
303409052 1 16
303409041 1 0
303409027 8 3
303408997 5 1
303408990 4 36
303408980 2 19
303408908 0 0
303408905 0 0
303408889 2 31
303408825 0 11
303408823 3 0
303408822 29 8
303408817 3 0
303408811 0 0
303408797 1 0
303408778 5 0
303408768 4 0
303408759 2 0
303408738 3 9
303408710 0 0
303408616 9 0
303408610 1 1
303408486 9 0
303408463 7 0
303408398 11 3
303408383 2 0
303408365 2 45
303408355 8 0
303408338 3 0
303408303 9 0
303408301 12 2
303408281 14 0
303408263 4 0
303408244 9 6
303408229 7 3
303408111 16 3
303408109 1 0
303408104 15 0
303407793 4 0
303407768 12 1
303407753 14 1
303407733 12 5
303407707 16 1
303407697 7 2
303407688 7 0
303407673 4 3
303407658 11 8
303407651 0 0
303407640 6 0
303407620 15 2
303407579 6 2
303407560 8 1
303407556 3 38
303407539 7 0
303407531 3 0
303407521 17 0
303407445 1 41
303407429 3 0
303407423 9 1
303407374 0 0
303407362 5 3
303407361 8 0
303407346 8 1
303407311 0 2
303407305 7 3
303407291 2 2
303407280 6 0
303407254 0 0
303407222 1 1
303407208 5 1
303407203 2 0
303407196 4 13
303407192 4 1
303407185 9 2
303407179 5 0
303407178 0 0
303407176 0 0
303407174 1 0
303407110 2 0
303407102 1 0
303407092 0 3
303407075 1 0
303407046 5 4
303407004 8 0
303406999 0 0
303406997 4 0
303406993 9 0
303406980 6 0
303406974 16 1
303406936 17 0
303406890 12 0
303406877 1 66
303406872 7 0
303406866 0 0
303406854 21 1
303406846 10 3
303406830 10 0
303406824 15 12
303406808 9 0
303406804 6 0
303406784 0 0
303406777 12 4
303406750 0 0
303406704 0 22
303406689 0 0
303406682 4 1
303406596 1 0
303406577 9 3
303406576 7 2
303406537 3 47
303406530 4 8
303406519 0 3
303406493 7 0
303406474 2 0
303406465 4 0
303406439 6 0
303406409 7 0
303406402 11 1
303406380 7 19
303406363 9 3
303406335 19 22
303406334 0 0
303406325 5 1
303406319 2 67
303406318 2 0
303406302 18 33
303406282 0 6
303406260 0 5
303406242 0 5
303406200 5 1
303406182 6 1
303406180 0 2
303406172 10 1
303406137 1 1
303406130 9 1
303406129 4 1
303406101 6 1
303406098 7 1
303406063 7 30
303406054 3 44
303406046 7 2
303406043 2 2
303406038 6 1
303406031 12 1
303406020 0 1
303406019 5 1
303406017 1 24
303406015 14 3
303406012 2 3
303405917 6 2
303405885 1 1
303405867 2 1
303405830 15 0
303405825 0 0
303405810 12 3
303405804 0 2
303405786 11 21
303405784 0 78
303405774 0 17
303405766 2 2
303405757 22 0
303405745 17 4
303405744 14 21
303405736 0 2
303405725 8 0
303405703 16 0
303405698 7 0
303405697 5 0
303405636 66 2
303405624 30 0
303405612 0 0
303405584 2 65
303405562 10 1
303405542 1 0
303405538 10 0
303405490 9 3
303405467 9 0
303405453 0 5
303405388 17 34
303405367 0 0
303405365 11 3
303405361 0 0
303405351 4 7
303405311 0 0
303405306 5 0
303405295 0 0
303405255 6 0
303405240 0 0
303405225 33 22
303405219 1 0
303405208 0 3
303405186 31 0
303405172 5 65
303405169 10 1
303405161 0 0
303405138 0 0
303405122 7 1
303405063 0 0
303405027 0 0
303405020 6 0
303405015 1 0
303405013 9 0
303404998 2 0
303404988 32 11
303404987 8 0
303404974 8 0
303404970 0 20
303404951 31 3
303404950 23 2
303404943 16 3
303404940 16 2
303404927 14 4
303404918 8 4
303404913 14 2
303404896 11 1
303404895 1 0
303404894 3 29
303404879 4 0
303404863 3 0
303404857 0 2
303404854 2 0
303404841 13 16
303404840 13 1
303404839 2 0
303404835 1 0
303404828 11 1
303404824 7 3
303404821 1 0
303404818 11 2
303404815 13 4
303404808 0 0
303404794 5 16
303404787 12 3
303404764 0 3
303404757 0 4
303404750 5 1
303404744 28 1
303404729 26 1
303404715 7 2
303404713 16 1
303404709 1 29
303404704 6 2
303404690 11 1
303404689 0 0
303404681 0 0
303404680 7 2
303404676 5 1
303404674 2 50
303404671 6 13
303404664 0 0
303404663 9 2
303404631 2 0
303404628 0 0
303404614 4 25
303404608 2 1
303404586 3 2
303404575 0 0
303404573 13 25
303404567 0 0
303404566 8 2
303404544 2 1
303404539 7 74
303404538 6 28
303404535 5 79
303404529 5 3
303404517 4 116
303404489 0 1
303404472 11 1
303404468 2 22
303404457 15 16
303404436 23 4
303404427 27 2
303404415 11 0
303404410 13 0
303404401 1 0
303404400 2 37
303404394 21 0
303404382 0 3
303404371 14 3
303404359 2 0
303404343 11 1
303404317 46 4
303404288 31 0
303404282 13 13
303404275 3 0
303404274 5 0
303404260 12 3
303404247 8 0
303404235 14 0
303404223 8 0
303404221 18 2
303404218 5 41
303404206 2 2
303404203 0 1
303404197 9 0
303404185 29 1
303404168 1 0
303404166 48 8
303404163 17 0
303404158 12 0
303404148 5 3
303404135 23 1
303404112 0 0
303404111 2 0
303404103 21 0
303404077 4 0
303404066 4 0
303404060 1 0
303404056 6 0
303404051 9 0
303404037 6 0
303404001 6 0
303403990 28 0
303403972 21 0
303403962 7 3
303403961 17 1
303403923 5 23
303403901 4 4
303403898 3 0
303403876 8 0
303403867 42 4
303403846 30 3
303403842 1 0
303403826 3 1
303403808 10 5
303403805 7 18
303403784 26 6
303403776 11 3
303403775 1 0
303403767 7 3
303403754 17 5
303403743 8 2
303403733 11 24
303403730 4 0
303403718 18 0
303403706 9 5
303403705 0 3
303403688 6 0
303403655 1 4
303403645 6 1
303403642 8 45
303403602 22 1
303403589 4 31
303403580 6 64
303403576 44 1
303403575 26 3
303403571 1 17
303403570 14 0
303403566 4 32
303403558 11 0
303403555 0 3
303403548 2 15
303403545 13 15
303403541 10 11
303403526 9 1
303403520 2 0
303403509 15 2
303403495 4 0
303403489 3 0
303403463 2 14
303403450 7 6
303403425 11 6
303403408 0 2
303403404 18 0
303403359 3 0
303403351 17 7
303403347 1 1
303403306 7 0
303403295 17 1
303403293 9 0
303403291 6 3
303403275 1 0
303403267 5 0
303403262 1 0
303403203 38 0
303403197 10 0
303403192 4 3
303403191 2 3
303403165 24 0
303403162 18 3
303403153 9 0
303403149 5 3
303403144 20 0
303403137 11 2
303403131 16 6
303403115 12 9
303403114 5 3
303403113 3 51
303403101 14 0
303403080 6 57
303403075 3 0
303403074 12 2
303403069 0 0
303403066 2 0
303403061 1 0
303403057 11 2
303403032 7 5
303403030 7 0
303403025 10 14
303402971 6 0
303402969 0 34
303402963 6 0
303402962 5 1
303402950 1 1
303402937 4 0
303402887 3 8
303402864 5 46
303402816 2 1
303402805 0 0
303402771 18 46
303402743 27 0
303402738 16 3
303402728 9 21
303402707 6 0
303402706 3 0
303402667 30 5
303402665 12 0
303402644 9 26
303402639 19 2
303402596 6 3
303402555 0 0
303402538 2 0
303402527 0 1
303402498 11 0
303402475 5 0
303402461 7 0
303402434 6 0
303402429 19 36
303402424 17 35
303402418 16 30
303402411 9 3
303402410 16 35
303402397 11 39
303402382 17 3
303402345 26 2
303402333 1 2
303402326 0 0
303402275 2 2
303402258 12 0
303402246 11 0
303402236 1 2
303402214 1 0
303402191 8 1
303402184 0 0
303402180 0 1
303402178 1 0
303402156 31 2
303402140 2 1
303402138 18 4
303402135 33 5
303402117 5 0
303402114 1 0
303402112 20 2
303402108 16 1
303402103 5 1
303402082 1 0
303402080 5 0
303402077 35 1
303402074 12 0
303402070 7 0
303402067 32 8
303402062 11 0
303402048 22 4
303402046 11 2
303402030 7 10
303402010 16 5
303401996 20 0
303401981 8 0
303401970 17 5
303401966 8 0
303401949 25 16
303401948 0 0
303401924 15 10
303401919 0 0
303401876 0 0
303401855 1 0
303401852 15 3
303401833 3 0
303401831 21 12
303401826 4 0
303401800 14 0
303401789 11 3
303401773 76 1
303401771 4 0
303401740 0 1
303401688 18 0
303401669 6 0
303401660 7 2
303401652 7 4
303401630 8 49
303401628 18 0
303401600 18 1
303401596 8 1
303401594 14 0
303401586 5 128
303401583 9 29
303401568 4 83
303401564 4 89
303401548 2 0
303401494 19 0
303401446 4 1
303401438 0 4
303401414 0 4
303401405 4 0
303401398 31 3
303401381 28 4
303401335 11 8
303401301 1 0
303401282 12 6
303401274 2 0
303401257 1 0
303401244 1 0
303401154 1 0
303401153 1 0
303401132 9 0
303401111 1 0
303401107 4 0
303401083 8 0
303401070 0 0
303401041 20 0
303401036 6 0
303401033 13 14
303400982 46 3
303400951 0 0
303400909 9 6
303400895 21 1
303400890 3 0
303400887 22 1
303400865 58 1
303400852 46 4
303400849 51 0
303400834 18 0
303400833 14 1
303400828 10 0
303400815 21 3
303400807 14 1
303400786 13 1
303400783 16 2
303400778 13 0
303400763 15 0
303400758 5 69
303400736 22 0
303400735 2 9
303400725 11 1
303400719 5 1
303400695 24 7
303400686 7 1
303400653 2 0
303400646 6 0
303400632 19 0
303400613 0 0
303400605 24 0
303400595 8 1
303400591 6 0
303400587 4 16
303400579 0 6
303400567 7 25
303400564 18 2
303400560 6 0
303400559 8 25
303400557 7 1
303400545 20 0
303400542 6 0
303400537 0 0
303400534 0 0
303400532 3 0
303400529 4 1
303400527 40 2
303400526 3 15
303400522 8 2
303400516 12 1
303400499 13 0
303400490 7 0
303400483 0 0
303400476 12 51
303400475 17 0
303400474 3 67
303400471 3 1
303400465 0 0
303400446 11 6
303400445 9 0
303400440 5 0
303400438 0 0
303400394 13 0
303400386 11 0
303400384 15 1
303400367 11 0
303400354 21 1
303400353 12 0
303400340 6 1
303400334 10 1
303400327 11 0
303400311 10 0
303400299 7 1
303400298 2 112
303400288 3 0
303400276 9 0
303400266 4 0
303400257 14 1
303400256 7 1
303400247 2 0
303400245 8 0
303400244 22 3
303400235 6 0
303400230 5 0
303400217 40 0
303400216 11 8
303400215 11 0
303400213 18 8
303400178 8 0
303400176 13 0
303400154 31 0
303400152 4 31
303400135 6 0
303400122 12 0
303400106 5 0
303400097 7 0
303400096 5 0
303400088 46 2
303400085 34 1
303400082 9 0
303400071 8 0
303400070 7 2
303400067 8 0
303400060 6 2
303400053 12 0
303400049 1 11
303400045 20 1
303400031 8 0
303400002 14 0
303399966 6 1
303399939 39 0
303399926 7 0
303399906 20 2
303399901 12 1
303399893 1 0
303399891 9 0
303399885 8 0
303399877 10 0
303399875 8 1
303399855 15 4
303399835 0 0
303399833 6 3
303399810 10 0
303399786 21 3
303399762 9 1
303399758 0 0
303399742 12 5
303399740 17 0
303399716 8 20
303399707 8 1
303399700 8 0
303399692 7 4
303399676 3 3
303399649 18 0
303399648 12 1
303399636 9 0
303399593 7 45
303399592 16 2
303399578 7 0
303399567 8 3
303399565 11 0
303399562 3 0
303399544 8 62
303399532 0 2
303399524 1 0
303399496 18 1
303399481 3 0
303399449 1 0
303399433 0 0
303399365 6 67
303399345 13 48
303399307 2 0
303399301 11 0
303399296 8 0
303399291 2 0
303399275 14 0
303399267 6 45
303399264 16 0
303399249 1 0
303399245 16 1
303399231 4 38
303399230 7 2
303399219 22 2
303399218 10 3
303399217 25 0
303399198 27 54
303399186 1 0
303399184 15 2
303399155 6 63
303399147 0 6
303399138 32 0
303399136 14 0
303399129 3 2
303399124 11 2
303399122 41 2
303399099 18 1
303399095 32 5
303399081 22 5
303399073 8 3
303399057 0 0
303399041 15 2
303399040 6 0
303399037 14 0
303399012 1 0
303399006 0 2
303399000 13 1
303398998 16 0
303398983 12 0
303398972 17 0
303398965 18 7
303398951 14 1
303398947 12 0
303398904 17 0
303398879 9 4
303398875 38 1
303398873 17 0
303398866 8 3
303398862 18 2
303398850 7 0
303398846 23 5
303398840 6 0
303398833 20 2
303398825 19 1
303398817 15 1
303398814 10 0
303398801 11 0
303398773 10 0
303398765 26 0
303398759 32 0
303398711 286 3
303398708 8 0
303398707 0 0
303398699 40 11
303398680 8 0
303398678 7 1
303398672 8 0
303398662 17 2
303398658 31 2
303398655 15 1
303398646 6 10
303398642 8 1
303398634 153 5
303398626 13 0
303398625 12 4
303398623 12 0
303398620 1 0
303398604 178 2
303398589 0 0
303398587 18 0
303398579 10 0
303398569 6 0
303398549 11 4
303398548 17 2
303398545 1 0
303398533 0 0
303398531 0 5
303398528 5 1
303398526 15 0
303398522 9 0
303398509 1 0
303398504 14 0
303398496 3 77
303398493 11 0
303398490 24 0
303398485 1 0
303398468 0 0
303398456 11 3
303398446 1 0
303398443 25 2
303398441 18 1
303398425 94 2
303398420 12 0
303398413 0 0
303398403 13 0
303398395 3 0
303398393 7 1
303398377 8 0
303398365 0 1
303398354 15 2
303398351 12 1
303398335 13 2
303398330 12 13
303398329 12 0
303398327 7 0
303398325 19 1
303398309 22 3
303398297 12 0
303398292 0 0
303398290 8 2
303398289 15 0
303398287 0 0
303398286 132 6
303398279 16 2
303398273 22 0
303398268 2 6
303398227 13 0
303398217 14 1
303398214 18 0
303398198 8 0
303398197 9 0
303398188 17 1
303398187 9 0
303398185 1 0
303398183 11 40
303398173 19 0
303398171 3 2
303398163 171 4
303398144 13 0
303398131 9 0
303398112 3 2
303398107 10 2
303398106 7 231
303398103 3 0
303398099 10 0
303398093 82 6
303398074 2 0
303398070 2 0
303398059 3 1
303398045 3 0
303398039 28 1
303398034 0 0
303398022 1 0
303398020 6 0
303398019 4 0
303398007 11 1
303398005 6 1
303398004 10 0
303397994 7 0
303397992 6 0
303397988 23 0
303397985 16 1
303397982 12 1
303397980 0 0
303397975 10 0
303397970 18 0
303397967 1 0
303397966 4 0
303397942 14 0
303397932 1 0
303397930 1 0
303397922 0 0
303397911 11 0
303397908 5 0
303397900 22 0
303397895 22 14
303397883 4 3
303397882 0 0
303397879 3 0
303397876 19 0
303397873 3 0
303397868 3 1
303397858 12 0
303397856 21 1
303397852 2 62
303397846 29 4
303397843 10 0
303397828 24 0
303397825 26 0
303397824 5 48
303397820 0 0
303397815 27 2
303397810 3 0
303397805 13 4
303397804 2 0
303397801 3 0
303397798 7 0
303397796 15 9
303397795 2 65
303397792 6 0
303397791 3 0
303397770 7 1
303397768 5 1
303397762 1 0
303397758 19 0
303397747 0 0
303397735 11 0
303397734 33 1
303397726 5 0
303397723 1 0
303397717 4 0
303397699 4 0
303397691 5 52
303397683 4 0
303397674 2 0
303397670 0 1
303397664 1 66
303397658 10 0
303397653 5 1
303397650 2 0
303397631 11 0
303397618 203 15
303397613 13 0
303397610 4 0
303397607 9 0
303397604 8 0
303397584 8 0
303397576 16 0
303397570 7 1
303397550 1 5
303397548 24 6
303397547 4 0
303397542 10 0
303397521 1 0
303397508 0 0
303397504 23 0
303397493 9 0
303397489 0 0
303397486 4 11
303397465 2 0
303397461 10 0
303397459 0 0
303397458 1 0
303397443 0 1
303397430 0 0
303397428 5 7
303397427 6 0
303397424 5 1
303397422 0 0
303397398 0 61
303397377 9 58
303397342 0 69
303397336 3 3
303397333 7 0
303397325 0 0
303397316 12 0
303397294 7 0
303397292 4 0
303397282 10 0
303397255 13 0
303397249 39 18
303397244 3 0
303397243 17 0
303397236 7 65
303397227 2 0
303397216 1 0
303397213 1 0
303397204 14 1
303397191 0 0
303397190 11 1
303397183 9 0
303397180 1 58
303397174 13 2
303397169 13 0
303397166 9 0
303397151 8 1
303397145 12 6
303397144 0 75
303397122 1 0
303397120 13 2
303397117 0 0
303397101 87 2
303397100 1 133
303397087 0 1
303397086 8 39
303397084 27 11
303397080 1 0
303397076 3 0
303397058 31 8
303397054 10 0
303397045 2 0
303397041 1 0
303397036 0 3
303397032 1 51
303397015 0 0
303397005 1 1
303397004 0 4
303397001 13 0
303396998 0 86
303396991 6 0
303396979 4 0
303396967 16 2
303396957 2 6
303396952 14 7
303396926 20 0
303396921 0 0
303396916 0 0
303396900 1 75
303396873 18 58
303396859 15 1
303396857 6 1
303396850 6 0
303396841 2 84
303396839 2 0
303396829 21 4
303396817 5 0
303396781 3 109
303396778 14 2
303396759 3 1
303396757 5 4
303396755 242 2
303396739 7 1
303396733 2 0
303396732 0 0
303396731 1 0
303396717 1 115
303396700 1 0
303396642 1 87
303396636 6 0
303396633 22 0
303396622 18 5
303396618 0 2
303396617 14 2
303396615 22 5
303396603 2 3
303396595 2 0
303396590 0 43
303396588 15 0
303396584 19 4
303396563 0 0
303396562 12 9
303396501 66 6
303396498 5 0
303396497 13 1
303396491 13 0
303396490 1 0
303396489 13 2
303396485 21 1
303396465 2 126
303396462 3 0
303396441 22 8
303396435 4 10
303396389 3 0
303396385 2 0
303396383 1 106
303396380 160 3
303396368 0 0
303396349 17 2
303396344 14 5
303396339 2 0
303396324 0 0
303396322 0 0
303396317 3 145
303396311 16 0
303396297 28 34
303396275 1 30
303396273 1 0
303396263 12 0
303396260 197 2
303396236 511 4
303396227 1 0
303396225 16 4
303396222 10 0
303396212 14 1
303396210 31 2
303396204 5 181
303396200 13 0
303396182 9 0
303396179 2 0
303396171 14 1
303396145 158 2
303396138 3 0
303396136 3 0
303396135 44 2
303396128 15 13
303396122 0 0
303396109 2 140
303396107 14 1
303396101 15 0
303396079 1 10
303396066 166 1
303396042 15 0
303396027 1 87
303396026 234 45
303396021 193 3
303396020 4 79
303396005 12 1
303396004 14 1
303395996 16 0
303395970 15 0
303395949 3 0
303395902 15 48
303395894 11 0
303395864 10 1
303395860 17 1
303395853 15 9
303395847 0 0
303395844 11 0
303395843 1 67
303395806 1 80
303395790 14 0
303395784 6 0
303395777 23 5
303395764 12 0
303395762 2 0
303395750 2 1
303395749 3 0
303395733 566 18
303395726 0 3
303395715 12 0
303395709 2 0
303395692 9 0
303395682 9 0
303395677 0 2
303395673 0 0
303395670 4 70
303395662 24 3
303395652 10 0
303395651 332 43
303395643 267 15
303395639 8 2
303395631 1 1
303395623 1 0
303395620 15 0
303395616 8 0
303395615 3 64
303395609 14 1
303395606 7 3
303395603 379 60
303395601 16 32
303395595 3 100
303395587 0 0
303395579 10 0
303395568 219 35
303395527 0 0
303395513 5 77
303395508 32 2
303395506 54 1
303395504 15 0
303395500 11 0
303395494 5 0
303395488 19 0
303395479 8 0
303395448 10 0
303395439 12 0
303395432 33 0
303395393 1 78
303395390 3 80
303395378 8 0
303395377 4 0
303395373 5 0
303395370 18 0
303395367 110 3
303395346 13 0
303395319 12 0
303395311 150 1
303395302 3 6
303395291 1 184
303395274 12 0
303395269 0 1
303395255 19 0
303395242 17 1
303395231 13 0
303395221 9 0
303395215 1 90
303395194 0 0
303395114 6 0
303395110 258 2
303395090 24 0
303395025 13 0
303395006 7 1
303394985 13 0
303394983 9 0
303394975 12 1
303394970 27 0
303394967 0 0
303394939 13 0
303394910 73 4
303394904 24 0
303394903 2 0
303394901 15 0
303394892 24 0
303394878 9 0
303394864 11 0
303394835 21 0
303394827 97 5
303394803 9 1
303394802 7 0
303394787 8 0
303394777 2 5
303394776 0 0
303394768 11 0
303394766 246 45
303394759 6 0
303394752 0 0
303394721 12 1
303394693 9 0
303394690 260 2
303394685 3 7
303394672 6 1
303394664 0 0
303394613 13 0
303394611 11 1
303394608 6 0
303394591 7 0
303394584 438 4
303394572 0 0
303394556 4 2
303394551 0 0
303394526 8 1
303394501 15 3
303394500 341 2
303394492 18 2
303394490 12 0
303394470 4 1
303394459 11 2
303394445 2 99
303394438 8 0
303394436 8 0
303394427 0 0
303394410 6 0
303394398 15 1
303394347 4 0
303394337 1 7
303394336 7 0
303394331 82 1
303394329 6 0
303394289 0 0
303394270 7 0
303394228 7 3
303394222 4 0
303394219 6 0
303394209 9 0
303394197 6 0
303394155 8 0
303394134 16 0
303394118 13 1
303394109 8 0
303394093 193 3
303394092 4 0
303394073 13 1
303394068 22 18
303394064 9 0
303394051 14 0
303394046 5 0
303394017 10 0
303394005 282 5
303393984 7 1
303393972 6 0
303393966 191 1
303393948 7 1
303393947 1 0
303393942 9 0
303393923 357 17
303393824 11 0
303393809 319 2
303393800 11 1
303393783 21 0
303393780 0 1
303393769 129 2
303393748 0 0
303393742 4 2
303393736 1 49
303393722 6 1
303393721 8 0
303393718 0 0
303393694 0 48
303393683 38 4
303393670 279 2
303393643 13 1
303393638 7 0
303393632 4 0
303393621 23 10
303393589 389 8
303393572 10 0
303393571 11 0
303393566 5 0
303393563 17 0
303393545 1 78
303393536 216 4
303393518 11 1
303393510 218 4
303393508 14 0
303393505 243 4
303393501 124 4
303393497 0 0
303393490 1 0
303393489 5 0
303393472 13 1
303393445 150 4
303393440 13 0
303393432 11 0
303393402 917 10
303393370 12 4
303393355 5 0
303393354 1 1
303393353 39 2
303393351 0 0
303393342 8 2
303393341 105 3
303393312 4 53
303393296 0 2
303393294 1 0
303393261 16 0
303393256 12 0
303393252 11 0
303393219 2 0
303393210 12 0
303393204 16 0
303393168 3 2
303393150 0 1
303393137 0 0
303393135 10 1
303393130 242 4
303393114 323 4
303393096 0 2
303393088 13 0
303393062 8 0
303393048 7 15
303393044 33 9
303393037 1 21
303393033 36 3
303393013 5 0
303392990 9 3
303392956 16 0
303392942 9 1
303392935 9 5
303392892 20 0
303392880 275 5
303392868 1 0
303392861 27 1
303392851 12 1
303392836 13 0
303392803 0 0
303392794 4 3
303392776 234 1
303392770 18 0
303392746 10 0
303392712 11 0
303392695 19 1
303392651 1 126
303392622 5 0
303392613 5 12
303392599 0 0
303392572 36 2
303392562 381 2
303392542 1 86
303392524 10 1
303392480 11 1
303392418 14 2
303392415 10 0
303392411 623 13
303392393 8 19
303392362 436 4
303392359 0 0
303392339 8 0
303392318 5 48
303392311 6 27
303392296 13 1
303392276 668 33
303392270 9 0
303392239 13 0
303392204 1 0
303392199 112 1
303392168 2 2
303392167 3 7
303392158 1 26
303392150 6 0
303392117 32 8
303392111 11 0
303392082 7 0
303392034 0 0
303392003 165 13
303391980 532 21
303391946 2 19
303391941 353 3
303391924 13 0
303391909 575 3
303391904 12 0
303391897 11 0
303391891 13 0
303391874 12 1
303391810 395 3
303391799 11 0
303391789 11 0
303391786 174 3
303391777 5 52
303391758 14 64
303391757 12 0
303391738 10 0
303391700 126 1
303391693 0 0
303391691 8 0
303391627 374 9
303391605 10 0
303391592 11 24
303391583 245 3
303391566 0 0
303391554 13 2
303391529 4 34
303391503 1 15
303391469 17 7
303391453 451 12
303391436 750 25
303391426 611 3
303391420 4 0
303391373 3 0
303391351 5 0
303391327 7 0
303391322 6 1
303391313 0 0
303391295 0 0
303391274 12 2
303391259 278 3
303391258 1370 27
303391237 3 0
303391227 9 2
303391218 4 2
303391201 8 0
303391198 11 2
303391195 6 15
303391180 1 0
303391172 144 3
303391152 9 104
303391124 13 1
303391121 190 3
303391119 355 2
303391116 11 0
303391093 7 0
303391080 7 0
303391069 11 0
303390986 35 2
303390983 0 0
303390971 2829 33
303390935 4 0
303390919 11 0
303390909 319 7
303390904 1 2
303390897 35 2
303390873 5 0
303390860 1 0
303390834 0 0
303390833 11 2
303390823 4 0
303390818 13 2
303390801 7 7
303390797 17 2
303390793 127 6
303390777 219 15
303390746 28 2
303390709 14 0
303390691 3 4
303390677 9 0
303390665 7 0
303390646 9 0
303390644 2 1
303390635 22 2
303390615 5 0
303390597 411 21
303390564 9 0
303390555 20 3
303390552 12 0
303390538 281 3
303390520 1 30
303390511 537 5
303390494 3 3
303390486 12 1
303390472 254 6
303390403 1289 41
303390400 0 1
303390386 5 2
303390380 6 56
303390349 0 0
303390337 0 0
303390309 21 1
303390301 2 14
303390295 12 1
303390294 22 8
303390266 228 2
303390265 28 1
303390253 24 0
303390241 13 0
303390235 7 1
303390226 18 44
303390206 7 0
303390191 0 0
303390176 0 0
303390156 1 0
303390154 510 27
303390151 15 0
303390081 3 0
303390061 6 1
303390058 5 3
303390043 9 0
303390038 11 0
303390026 10 3
303389983 0 0
303389966 22 2
303389962 0 0
303389952 4 41
303389947 17 1
303389941 5 0
303389940 485 3
303389928 8 1
303389892 2 13
303389878 1 5
303389868 15 0
303389862 1 0
303389857 10 0
303389849 4 10
303389829 469 7
303389789 126 8
303389781 8 0
303389760 8 0
303389734 2 48
303389729 1221 22
303389721 6 1
303389681 1 22
303389674 2169 133
303389670 9 0
303389650 17 0
303389642 13 0
303389634 14 1
303389595 12 0
303389575 2 7
303389567 0 0
303389565 9 0
303389558 0 0
303389545 13 2
303389543 1152 17
303389512 311 1
303389506 7 1
303389496 5 0
303389459 9 0
303389454 1 13
303389451 2 20
303389447 7 0
303389432 5 1
303389430 0 0
303389410 9 58
303389399 1 2
303389396 4 0
303389384 1 95
303389358 74 1
303389325 8 21
303389291 169 1
303389288 3 51
303389270 15 3
303389265 7 3
303389250 0 0
303389247 3 52
303389175 3 57
303389172 4 0
303389171 224 4
303389167 19 4
303389107 0 0
303389062 3 54
303389050 1500 21
303389039 0 0
303389036 6 0
303388990 0 14
303388989 0 14
303388986 0 0
303388984 3 43
303388983 2 6
303388981 5 10
303388971 423 7
303388970 276 6
303388954 4 0
303388949 103 5
303388943 332 16
303388939 1 1
303388924 0 0
303388875 11 0
303388870 0 0
303388868 18 1
303388865 10 0
303388840 1 4
303388835 6 1
303388825 22 27
303388796 0 0
303388784 402 2
303388764 12 1
303388745 5 15
303388743 4 1
303388739 11 1
303388733 3 89
303388701 3 0
303388673 388 11
303388651 7 1
303388647 14 1
303388643 6 3
303388620 1 0
303388617 291 4
303388585 6 4
303388556 6 2
303388552 4 6
303388549 5 0
303388544 6 1
303388514 136 2
303388509 11 1
303388505 0 0
303388499 1 2
303388494 9 0
303388492 0 0
303388482 4 7
303388475 125 4
303388461 2 1
303388451 2 1
303388447 14 0
303388433 5 4
303388432 7 0
303388424 4 0
303388401 17 0
303388392 1 36
303388391 1 1
303388380 7 0
303388372 6 41
303388357 0 40
303388355 333 5
303388351 3 1
303388329 1 21
303388321 7 1
303388314 0 1
303388309 6 70
303388305 3 6
303388303 2 0
303388285 1 40
303388282 4 2
303388276 4 2
303388275 4 2
303388266 1 0
303388264 1489 78
303388245 9 0
303388238 0 35
303388219 4 4
303388216 10 0
303388210 308 12
303388205 242 4
303388201 3 43
303388194 29 9
303388193 3 0
303388190 12 0
303388179 198 2
303388167 2 12
303388152 0 0
303388148 1 0
303388138 1 36
303388136 0 0
303388127 3 0
303388123 427 2
303388121 0 0
303388101 8 1
303388098 7 0
303388092 419 17
303388086 3 77
303388076 8 2
303388070 11 2
303388024 11 1
303388017 7 0
303388005 4 0
303387992 0 1
303387986 9 1
303387976 12 2
303387962 0 3
303387958 3 0
303387945 1 3
303387925 8 24
303387922 407 21
303387898 0 2
303387882 9 2
303387881 1379 21
303387858 2 2
303387857 5 2
303387850 1159 24
303387817 1 4
303387809 6 4
303387804 7 3
303387803 1 7
303387799 1 21
303387776 5 1
303387768 0 8
303387759 11 4
303387755 3 0
303387750 0 4
303387739 16 0
303387726 7 1
303387719 507 22
303387712 6 1
303387711 1169 66
303387705 1543 45
303387704 0 0
303387690 0 10
303387685 3104 23
303387680 3 2
303387664 4 0
303387662 1 18
303387655 9 0
303387641 7 0
303387638 2 0
303387633 1 0
303387627 8 1
303387626 1 19
303387624 2336 74
303387610 0 0
303387596 5 1
303387589 0 0
303387580 1 1
303387578 2124 335
303387571 2 7
303387567 3 1
303387564 1 2
303387554 3 1
303387548 1 24
303387540 0 0
303387538 299 6
303387535 1 7
303387518 1 0
303387509 3 2
303387507 0 0
303387495 9 0
303387488 1 0
303387486 3 9
303387467 5 1
303387429 11 0
303387425 8 45
303387424 0 16
303387414 0 0
303387402 8 1
303387394 1 1
303387392 1 0
303387391 1 1
303387388 0 3
303387387 0 0
303387385 2 2
303387382 0 0
303387378 2 0
303387370 0 5
303387365 9 5
303387357 1 1
303387332 6 5
303387328 0 2
303387306 2 6
303387301 7 1
303387297 6 4
303387295 10 1
303387294 4 0
303387279 4 1
303387277 0 0
303387251 0 0
303387239 4 2
303387236 2 0
303387231 5 5
303387219 9 1
303387211 2 5
303387187 2 1
303387173 2 1
303387172 0 4
303387150 4 0
303387135 0 0
303387133 0 24
303387131 0 0
303387130 9 1
303387126 3 5
303387082 0 4
303387079 1 10
303387046 6 5
303387045 0 5
303387041 0 5
