303955465 0 0
303955430 0 0
303937652 0 0
303890493 0 0
303862545 2 0
303860560 0 0
303858856 1 0
303856340 1 1
303823697 0 0
303821737 0 1
303821727 0 0
303821722 0 0
303762997 0 0
303738611 0 0
303738598 0 0
303738305 0 0
303738193 0 0
303735435 2 0
303734682 0 0
303733438 2 0
303733436 0 0
303733432 0 0
303698509 0 0
303677731 3 0
303672054 2 0
303670536 1 0
303668847 1 0
303664861 6 0
303662190 1 0
303642526 0 0
303585967 0 0
303575798 3 0
303567201 0 0
303567076 0 0
303545698 11 0
303507700 0 0
303507280 1 0
303507260 0 3
303499007 5 0
303497171 1 0
303496057 0 1
303495803 6 1
303492908 0 0
303491789 0 1
303484985 2 0
303471157 1 0
303456042 4 0
303448379 3 1
303444837 2 0
303435678 1 3
303433547 0 1
303412737 3 1
303412652 7 0
303412280 1 1
303411999 3 1
303411998 0 0
303411985 1 0
303411703 1 0
303411633 0 1
303410329 1 0
303409446 3 0
303409183 1 1
303407587 0 0
303407265 0 0
303407059 10 0
303406934 6 0
303406929 0 0
303406912 2 0
303406470 1 0
303406089 3 0
303404697 0 0
303404057 1 0
303402895 1 2
303402692 6 0
303402671 0 0
303401291 0 0
303395489 0 0
303393820 1 0
303369281 0 0
303367207 2 0
303360074 1 0
303350173 0 0
303349369 0 0
303349347 2 0
303349245 0 0
303349229 1 2
303346611 2 1
303345729 4 0
303345678 3 0
303345604 1 0
303345456 4 0
303345043 1 0
303342289 0 0
303342001 0 0
303341981 18 4
303341816 0 0
303337479 1 3
303333639 5 0
303333172 9 0
303327339 1 2
303326030 0 0
303325980 4 0
303325870 16 1
303325849 0 0
303325806 4 0
303325803 2 1
303325583 2 0
303325561 14 2
303325544 4 0
303325496 7 1
303325489 0 0
303325389 0 0
303325211 6 0
303325036 2 0
303325034 0 0
303324959 7 0
303324914 2 0
303324831 0 1
303324813 5 0
303324772 5 1
303324686 6 0
303324304 9 0
303324287 0 0
303324250 23 0
303324159 29 0
303324096 0 0
303324094 2 0
303324087 0 0
303324071 21 1
303323966 0 0
303323941 3 0
303323753 0 0
303323644 1 0
303323624 0 0
303323613 1 0
303323263 1 0
303323197 3 3
303323013 0 0
303323009 0 0
303323008 3 15
303322976 1 16
303322957 14 3
303322817 0 0
303322815 2 21
303322773 0 0
303322769 2 10
303322765 1 1
303322748 0 0
303322744 1 1
303322743 5 1
303322527 0 0
303322382 9 1
303322381 3 0
303322345 2 1
303322179 7 2
303322133 0 0
303322004 17 0
303321939 4 0
303321582 1 0
303321575 14 1
303321527 0 3
303321483 9 0
303321422 0 0
303321294 1 0
303321268 6 0
303321250 7 0
303321249 6 0
303321186 0 0
303321136 15 0
303321025 4 3
303320978 3 0
303320974 4 0
303320961 0 0
303320944 18 1
303320890 0 6
303320829 0 0
303320772 5 0
303320715 4 0
303320700 1 0
303320599 4 0
303320581 4 0
303320561 36 4
303320404 8 22
303320388 5 3
303320338 1 1
303320230 1 0
303320228 3 2
303319552 2 0
303319541 0 0
303319527 0 1
303319501 5 1
303319439 3 3
303319430 4 0
303319420 13 0
303319403 0 1
303319400 0 0
303319385 0 0
303319366 0 0
303319364 16 0
303319363 5 0
303319361 0 0
303319343 7 1
303319320 3 0
303319297 1 0
303319282 4 0
303319278 4 2
303319268 0 1
303319267 3 2
303319264 0 1
303319259 5 0
303319255 4 41
303319244 6 1
303319236 0 0
303319223 6 0
303319209 7 1
303319152 9 2
303319138 0 0
303319136 0 0
303319131 1 0
303319086 7 1
303319079 12 0
303319075 1 0
303319056 1 0
303319050 3 1
303318986 17 3
303318938 3 0
303318909 1 2
303318881 1 0
303318872 7 0
303318828 3 0
303318806 5 3
303318793 2 1
303318787 1 40
303318751 3 0
303318731 19 0
303318697 1 6
303318693 0 1
303318681 49 16
303318640 11 4
303318584 14 0
303318581 2 0
303318565 1 0
303318555 9 2
303318542 5 1
303318537 5 3
303318438 0 0
303318418 12 1
303318358 2 1
303318345 2 0
303318330 7 6
303318328 4 2
303318285 25 0
303318277 3 0
303318276 1 19
303318273 1 0
303318269 9 24
303318264 8 9
303318252 4 1
303318250 13 0
303318193 13 1
303318163 1 0
303318146 5 0
303318141 8 0
303318117 0 1
303318065 29 2
303318052 14 1
303318040 0 2
303318019 4 35
303318005 3 0
303317982 4 4
303317979 4 1
303317969 0 57
303317968 1 4
303317944 5 1
303317937 6 0
303317930 7 0
303317921 1 0
303317905 7 3
303317881 0 1
303317870 4 0
303317830 0 0
303317825 3 0
303317823 11 1
303317810 2 1
303317803 4 0
303317797 25 1
303317786 14 1
303317758 0 1
303317740 7 1
303317724 0 0
303317712 1 49
303317689 32 10
303317683 0 0
303317664 5 0
303317641 3 0
303317625 0 0
303317613 4 58
303317555 2 9
303317537 0 57
303317521 2 0
303317514 5 14
303317503 2 0
303317501 0 0
303317500 5 0
303317497 1 1
303317485 16 3
303317471 2 0
303317433 24 9
303317427 5 0
303317414 3 0
303317379 3 1
303317375 14 1
303317363 2 0
303317360 2 0
303317344 1 0
303317342 1 31
303317335 3 0
303317328 0 0
303317322 1 12
303317315 2 15
303317312 0 0
303317237 20 5
303317163 0 0
303317143 0 0
303317129 0 0
303317128 7 4
303317122 1 2
303317112 10 1
303317089 2 47
303317083 7 25
303317048 0 0
303317028 4 1
303317027 0 0
303316987 3 2
303316981 59 5
303316977 23 1
303316947 0 0
303316946 2 10
303316931 17 0
303316888 10 25
303316878 11 2
303316866 9 0
303316848 10 0
303316815 0 0
303316809 1 0
303316702 0 1
303316691 1 2
303316684 1 0
303316676 15 1
303316660 8 0
303316643 4 0
303316622 8 0
303316589 38 0
303316587 3 0
303316584 2 0
303316581 0 0
303316580 0 0
303316571 17 2
303316555 4 0
303316540 2 18
303316526 19 3
303316515 8 1
303316499 29 1
303316485 3 0
303316476 1 33
303316468 3 1
303316463 0 0
303316457 11 0
303316456 11 1
303316443 3 0
303316442 0 0
303316436 0 0
303316413 2 0
303316379 3 0
303316377 0 0
303316370 61 0
303316368 8 0
303316362 8 1
303316355 0 0
303316353 1 2
303316352 35 0
303316337 4 0
303316335 1 1
303316330 6 2
303316327 5 2
303316319 1 60
303316315 5 2
303316313 2 10
303316307 1 14
303316303 3 68
303316302 5 0
303316286 5 0
303316246 6 57
303316245 3 0
303316226 3 0
303316219 4 0
303316208 0 0
303316172 12 0
303316159 6 5
303316149 1 0
303316126 0 2
303316125 12 1
303316068 10 0
303316060 0 0
303316058 1 1
303316053 1 36
303316052 19 6
303316039 1 19
303316033 13 2
303316030 28 2
303316011 1 2
303316008 17 0
303316004 19 9
303315972 12 9
303315954 1 0
303315952 1 0
303315945 4 0
303315942 2 0
303315934 2 0
303315915 2 28
303315911 9 0
303315910 3 0
303315901 0 3
303315888 0 0
303315885 8 0
303315878 5 1
303315856 12 2
303315850 5 0
303315830 0 4
303315824 5 0
303315822 0 2
303315803 2 36
303315783 5 55
303315766 1 2
303315762 0 0
303315734 2 0
303315721 4 4
303315714 0 0
303315710 6 2
303315696 0 8
303315688 1 3
303315675 2 0
303315659 4 0
303315656 7 1
303315649 8 0
303315638 2 0
303315634 5 0
303315623 0 5
303315622 22 0
303315621 0 3
303315612 1 1
303315609 3 0
303315606 5 0
303315604 7 0
303315603 25 2
303315579 0 0
303315565 1 0
303315545 4 3
303315537 2 0
303315526 0 0
303315520 9 0
303315508 1 0
303315505 3 0
303315501 3 3
303315498 21 2
303315491 0 0
303315477 5 0
303315453 2 0
303315447 12 4
303315415 0 0
303315412 1 0
303315404 4 51
303315373 0 2
303315366 0 0
303315355 1 0
303315351 4 54
303315350 8 0
303315348 1 0
303315337 11 1
303315329 5 51
303315324 6 1
303315322 1 0
303315318 0 43
303315313 0 0
303315310 1 0
303315301 13 0
303315285 18 5
303315277 6 0
303315266 8 0
303315229 2 0
303315228 10 0
303315217 1 0
303315201 0 0
303315190 0 60
303315187 1 0
303315173 11 3
303315172 1 2
303315153 7 0
303315101 3 1
303315100 0 0
303315090 1 0
303315081 22 9
303315063 6 0
303315053 0 0
303314996 8 1
303314990 5 7
303314988 10 1
303314982 9 0
303314971 14 5
303314970 5 7
303314969 12 1
303314952 16 13
303314951 0 0
303314950 5 31
303314920 5 0
303314915 0 0
303314867 4 0
303314860 16 0
303314859 2 0
303314852 3 1
303314842 0 0
303314834 7 0
303314829 4 10
303314815 3 0
303314812 2 0
303314810 0 0
303314798 4 0
303314797 3 0
303314792 1 0
303314790 5 0
303314764 11 0
303314744 6 0
303314740 2 1
303314719 4 2
303314716 4 0
303314713 9 0
303314699 2 0
303314697 1 1
303314693 1 0
303314688 20 3
303314679 19 2
303314675 3 1
303314673 1 0
303314671 0 0
303314656 21 3
303314654 8 0
303314643 4 38
303314634 16 2
303314568 8 1
303314567 9 1
303314560 11 0
303314557 33 0
303314553 0 0
303314552 15 0
303314517 7 47
303314514 2 0
303314478 0 0
303314449 20 9
303314447 13 1
303314417 8 57
303314377 21 6
303314341 0 0
303314334 22 0
303314333 5 76
303314329 4 2
303314317 14 1
303314315 31 0
303314311 0 0
303314300 1 0
303314268 6 0
303314250 1 0
303314244 13 6
303314237 5 0
303314223 39 5
303314207 0 0
303314168 13 2
303314167 1 0
303314155 2 0
303314151 6 0
303314142 2 6
303314141 5 0
303314123 6 0
303314118 18 0
303314083 1 0
303314082 2 0
303314077 8 7
303314068 21 3
303314034 8 1
303314024 2 0
303314018 18 3
303314002 2 46
303313991 3 0
303313990 12 0
303313986 18 7
303313983 13 29
303313973 13 3
303313935 2 0
303313917 0 60
303313895 2 1
303313884 0 55
303313874 2 0
303313872 2 42
303313863 5 0
303313859 0 40
303313856 18 0
303313853 9 0
303313850 2 11
303313829 1 0
303313813 4 2
303313807 5 1
303313792 3 0
303313790 1 0
303313782 2 3
303313769 10 0
303313754 7 1
303313727 7 3
303313715 6 0
303313702 4 2
303313694 12 0
303313690 5 0
303313687 0 0
303313678 0 1
303313673 14 8
303313667 2 11
303313658 1 0
303313643 18 2
303313641 6 0
303313639 11 1
303313630 78 8
303313601 10 1
303313598 1 1
303313597 4 9
303313593 3 33
303313582 11 1
303313578 4 0
303313566 11 0
303313564 17 4
303313560 13 21
303313541 14 0
303313506 3 0
303313497 3 0
303313490 7 10
303313477 2 0
303313470 14 18
303313463 6 1
303313462 1 35
303313459 0 1
303313443 11 3
303313441 0 0
303313425 9 0
303313419 1 40
303313399 6 21
303313389 8 24
303313362 3 0
303313343 1 0
303313334 6 0
303313333 14 1
303313331 2 27
303313318 13 1
303313296 0 0
303313293 3 0
303313288 7 24
303313286 3 8
303313285 0 1
303313284 0 1
303313264 0 1
303313239 2 0
303313236 1 0
303313205 1 34
303313202 7 0
303313170 0 2
303313140 16 1
303313093 14 0
303313088 1 1
303313057 5 40
303313047 7 1
303313045 17 0
303313037 2 0
303313036 3 0
303313034 3 0
303313029 5 38
303313027 3 0
303313023 20 14
303313000 3 0
303312996 3 9
303312995 6 0
303312975 0 0
303312971 7 2
303312963 0 0
303312960 0 0
303312959 22 1
303312957 4 1
303312948 1 54
303312947 17 0
303312942 7 0
303312927 10 0
303312923 7 0
303312918 3 2
303312917 5 0
303312911 2 0
303312910 10 0
303312905 2 0
303312900 48 0
303312898 3 0
303312897 1 0
303312895 5 0
303312894 0 0
303312888 8 1
303312885 2 0
303312882 6 0
303312881 0 0
303312880 9 0
303312878 1 0
303312871 4 1
303312869 14 1
303312849 4 0
303312840 12 1
303312826 9 3
303312810 6 0
303312806 10 1
303312805 7 0
303312799 0 77
303312796 2 35
303312794 12 10
303312789 0 42
303312748 8 0
303312711 9 7
303312698 0 8
303312691 2 8
303312689 1 1
303312683 2 0
303312657 1 0
303312645 7 0
303312642 5 0
303312634 139 16
303312621 11 1
303312619 9 0
303312587 3 0
303312586 9 1
303312551 0 0
303312523 15 1
303312501 5 5
303312493 2 0
303312487 0 51
303312473 0 0
303312468 2 1
303312460 4 21
303312457 13 0
303312453 2 0
303312436 1 3
303312389 1 0
303312380 14 0
303312359 4 0
303312333 0 67
303312332 1 0
303312325 9 0
303312323 5 0
303312318 13 5
303312317 5 0
303312314 4 0
303312305 18 3
303312285 5 1
303312279 0 0
303312263 0 0
303312256 1 0
303312252 8 0
303312230 1 0
303312222 6 1
303312219 0 0
303312213 10 0
303312201 14 0
303312189 13 4
303312188 5 0
303312172 3 0
303312167 10 0
303312166 0 0
303312153 0 0
303312152 4 1
303312147 0 0
303312144 0 2
303312143 0 0
303312140 0 0
303312139 0 0
303312134 3 2
303312124 1 2
303312115 3 3
303312105 25 1
303312091 5 0
303312088 5 3
303312084 0 0
303312081 8 0
303311989 4 41
303311980 4 43
303311976 2 3
303311963 5 0
303311949 21 1
303311939 0 0
303311929 6 1
303311912 1 1
303311897 21 2
303311864 6 0
303311852 3 39
303311834 15 0
303311827 8 0
303311816 5 0
303311811 10 2
303311804 1 0
303311781 10 0
303311762 1 0
303311760 16 2
303311723 1 0
303311721 4 0
303311710 4 45
303311708 0 0
303311697 3 2
303311693 5 2
303311681 12 0
303311673 10 1
303311623 2 0
303311620 4 0
303311601 19 2
303311581 19 0
303311570 0 0
303311559 1 0
303311543 4 0
303311535 1 0
303311505 3 1
303311497 10 0
303311490 4 1
303311489 5 4
303311470 6 1
303311464 0 0
303311431 5 0
303311425 4 37
303311417 6 22
303311413 7 3
303311405 14 2
303311401 1 0
303311400 5 2
303311397 2 0
303311391 0 0
303311375 23 1
303311372 2 3
303311349 0 21
303311347 0 0
303311346 2 2
303311335 9 1
303311325 1 2
303311317 29 7
303311314 2 8
303311311 11 0
303311284 0 0
303311279 280 1
303311277 4 2
303311264 17 0
303311260 8 20
303311259 0 0
303311257 1 0
303311246 2 1
303311231 21 16
303311218 0 0
303311215 0 0
303311211 12 1
303311210 4 0
303311185 0 0
303311175 8 1
303311157 1 38
303311150 22 0
303311136 5 4
303311122 0 52
303311121 8 1
303311112 1 0
303311097 7 0
303311095 5 0
303311080 3 42
303311075 9 0
303311070 13 5
303311068 5 5
303311065 4 6
303311064 8 0
303311063 16 6
303311037 1 95
303311026 11 0
303311022 8 4
303311019 7 3
303311014 0 0
303310991 7 0
303310975 4 0
303310956 7 1
303310950 6 1
303310944 14 85
303310909 5 0
303310903 5 0
303310902 14 1
303310899 6 0
303310892 8 1
303310889 7 0
303310879 3 7
303310876 0 0
303310871 8 0
303310856 5 1
303310848 5 2
303310846 0 1
303310845 0 0
303310836 2 0
303310832 0 21
303310825 10 2
303310802 4 1
303310790 3 1
303310788 2 0
303310786 8 0
303310783 14 3
303310776 3 1
303310773 2 2
303310763 0 8
303310761 32 10
303310756 20 2
303310753 6 0
303310744 0 0
303310729 13 1
303310714 5 1
303310710 15 22
303310699 5 4
303310696 8 0
303310689 29 1
303310678 5 4
303310677 0 0
303310647 1 0
303310643 19 1
303310640 3 0
303310636 0 0
303310613 13 1
303310608 9 0
303310601 7 0
303310597 1 0
303310587 24 1
303310586 15 2
303310583 3 1
303310579 5 0
303310571 2 26
303310568 1 2
303310558 0 1
303310546 2 2
303310538 0 0
303310501 4 0
303310472 2 1
303310471 11 1
303310465 16 3
303310451 5 3
303310449 10 0
303310444 6 0
303310439 6 0
303310435 2 0
303310421 2 0
303310403 7 1
303310401 0 2
303310395 26 1
303310388 4 0
303310381 6 9
303310374 16 0
303310361 0 0
303310333 5 20
303310332 4 0
303310325 0 0
303310296 15 1
303310274 4 0
303310273 1 0
303310266 4 0
303310263 0 0
303310257 9 0
303310252 7 1
303310239 0 0
303310237 13 0
303310222 4 3
303310218 4 7
303310205 4 2
303310190 4 3
303310185 4 1
303310166 15 2
303310145 6 0
303310142 9 2
303310134 16 2
303310125 4 1
303310119 110 0
303310104 3 3
303310093 9 3
303310086 35 3
303310058 0 0
303310056 7 0
303310003 3 1
303309991 6 0
303309990 1 0
303309957 68 3
303309940 1 0
303309936 10 1
303309926 11 0
303309910 6 8
303309906 103 15
303309887 3 0
303309878 0 0
303309846 11 0
303309836 4 0
303309830 236 28
303309827 0 0
303309808 3 2
303309792 9 0
303309777 2 0
303309774 176 3
303309754 9 1
303309741 13 2
303309722 18 2
303309720 0 0
303309709 2 1
303309694 3 5
303309692 15 0
303309690 6 1
303309679 92 1
303309673 4 0
303309669 4 0
303309661 0 0
303309653 1 0
303309652 4 1
303309651 2 1
303309635 3 0
303309630 3 41
303309626 17 1
303309625 5 0
303309615 12 2
303309614 5 1
303309574 4 75
303309572 479 11
303309561 2 0
303309548 17 6
303309536 0 0
303309525 1 0
303309521 6 34
303309507 6 0
303309504 6 3
303309488 0 2
303309480 0 0
303309478 3 0
303309439 3 0
303309414 6 0
303309409 7 2
303309402 1 55
303309399 3 0
303309375 11 3
303309342 1 121
303309337 15 22
303309327 0 1
303309307 6 10
303309289 8 0
303309278 5 2
303309266 12 0
303309257 2 0
303309252 32 0
303309205 9 0
303309144 3 0
303309140 13 2
303309109 9 2
303309095 418 2
303309069 0 0
303309068 7 66
303309045 13 4
303309034 16 0
303309032 32 0
303308988 2 0
303308977 14 2
303308975 5 78
303308974 4 0
303308965 1 3
303308942 12 0
303308941 11 3
303308936 2 10
303308933 0 0
303308902 190 1
303308898 9 9
303308883 4 0
303308876 8 8
303308865 0 0
303308849 4 0
303308814 2 1
303308799 3 1
303308792 0 0
303308791 1 3
303308781 3 0
303308774 22 2
303308772 5 1
303308769 314 1
303308767 10 0
303308750 4 1
303308697 6 0
303308694 1 1
303308692 2 0
303308682 6 1
303308660 1 47
303308656 3 22
303308639 4 0
303308638 4 0
303308636 2 0
303308634 45 1
303308613 10 15
303308595 8 1
303308592 11 1
303308588 14 4
303308586 5 0
303308560 3 0
303308558 128 5
303308550 6 0
303308530 35 0
303308529 1 0
303308527 5 0
303308523 2 56
303308522 17 24
303308497 3 0
303308487 6 18
303308456 12 1
303308455 3 0
303308449 9 7
303308442 4 0
303308434 5 0
303308430 7 12
303308418 15 0
303308395 7 0
303308394 23 25
303308382 2 0
303308381 2 59
303308375 40 22
303308364 2 0
303308359 7 0
303308353 6 0
303308343 1 0
303308329 13 0
303308316 79 4
303308308 0 1
303308304 3 0
303308294 9 2
303308291 54 0
303308285 16 0
303308276 1025 13
303308269 7 0
303308253 11 3
303308251 1 0
303308234 0 1
303308231 13 3
303308228 8 0
303308212 14 0
303308209 8 0
303308206 7 0
303308197 1 0
303308192 7 0
303308191 15 0
303308184 586 14
303308178 1 0
303308167 3 0
303308165 5 15
303308164 5 0
303308154 9 2
303308152 12 4
303308148 3 0
303308140 7 0
303308138 10 0
303308134 2 11
303308131 3 1
303308119 11 1
303308109 242 6
303308100 5 1
303308092 5 0
303308088 5 0
303308081 11 0
303308074 7 0
303308057 2 0
303308054 12 0
303308040 7 3
303308007 6 1
303307997 8 0
303307995 2 0
303307963 61 3
303307960 0 0
303307942 3 0
303307940 5 0
303307936 4 28
303307922 197 18
303307921 2 0
303307899 8 0
303307893 5 1
303307891 0 0
303307861 1 0
303307827 1 2
303307811 7 0
303307805 8 0
303307800 348 16
303307771 395 35
303307769 1 0
303307749 1 0
303307745 0 0
303307733 8 0
303307728 3 0
303307706 1 0
303307702 2 0
303307700 5 0
303307676 9 4
303307665 8 5
303307662 6 0
303307651 20 0
303307633 12 29
303307632 26 11
303307627 0 1
303307620 198 10
303307610 2 0
303307606 1 28
303307580 0 1
303307563 390 5
303307553 9 2
303307552 3 76
303307533 12 0
303307528 25 7
303307508 4 16
303307505 7 0
303307493 10 1
303307492 14 3
303307477 0 0
303307462 7 0
303307461 4 3
303307459 0 0
303307451 0 0
303307440 23 3
303307427 0 0
303307424 138 8
303307416 9 0
303307414 525 3
303307409 13 1
303307406 4 0
303307384 8 0
303307381 8 1
303307380 3 88
303307374 8 0
303307373 6 0
303307370 105 32
303307360 6 0
303307357 3 0
303307346 1 0
303307338 384 11
303307312 0 0
303307300 5 0
303307298 3 0
303307293 9 0
303307292 5 2
303307278 7 4
303307261 7 2
303307255 331 7
303307254 4 0
303307240 1 0
303307237 1 2
303307234 9 38
303307231 163 14
303307228 1 5
303307218 2 0
303307199 4 12
303307198 8 0
303307194 9 0
303307184 260 3
303307178 14 0
303307160 104 2
303307157 7 16
303307150 0 64
303307147 20 3
303307142 5 0
303307126 0 0
303307120 457 8
303307102 14 0
303307099 10 9
303307097 9 0
303307090 21 17
303307089 7 0
303307072 103 9
303307071 4 2
303307052 2 0
303307041 7 2
303307040 2 71
303307036 10 1
303307032 1 0
303307021 4 0
303307002 3 5
303306998 11 2
303306997 8 1
303306989 0 0
303306988 6 5
303306987 0 0
303306985 9 1
303306984 8 0
303306982 0 0
303306979 3 2
303306971 6 0
303306965 1 0
303306933 5 2
303306928 6 2
303306919 16 6
303306918 5 129
303306912 86 2
303306911 12 4
303306909 3 0
303306905 6 0
303306904 348 45
303306898 9 0
303306882 2 42
303306880 22 2
303306873 0 0
303306859 2 1
303306845 4 2
303306843 0 0
303306835 6 1
303306832 172 1
303306807 7 2
303306805 8 1
303306796 6 0
303306794 12 0
303306788 441 6
303306774 2 0
303306769 0 0
303306758 17 0
303306747 0 1
303306739 9 0
303306738 9 0
303306707 2 32
303306704 3 0
303306697 2 0
303306687 8 0
303306676 2 0
303306666 1 0
303306653 14 0
303306633 0 0
303306628 48 7
303306617 7 7
303306608 10 0
303306598 4 1
303306593 1 4
303306587 8 0
303306585 0 36
303306583 10 3
303306579 1 0
303306578 1 0
303306572 9 0
303306530 1 0
303306527 6 13
303306525 6 0
303306524 270 2
303306519 1 0
303306517 0 93
303306513 4 0
303306490 0 0
303306484 1 0
303306482 2 56
303306478 5 1
303306466 6 1
303306464 15 1
303306456 4 19
303306444 0 0
303306420 0 0
303306418 5 0
303306408 10 0
303306404 9 5
303306394 12 1
303306374 4 92
303306353 4 0
303306349 5 15
303306341 2 146
303306337 13 2
303306324 1030 93
303306319 3 160
303306312 9 0
303306308 3 41
303306300 6 2
303306289 0 0
303306280 5 0
303306264 6 1
303306256 1 1
303306247 8 1
303306243 5 100
303306235 0 0
303306223 1 0
303306217 8 0
303306215 7 0
303306211 1 0
303306208 6 42
303306183 5 1
303306181 0 1
303306172 3 18
303306164 1 6
303306155 9 0
303306137 8 1
303306116 0 0
303306112 10 1
303306107 5 0
303306091 11 1
303306088 7 3
303306078 16 0
303306075 7 0
303306066 0 2
303306064 169 31
303306059 190 0
303306028 0 0
303306011 97 2
303306010 3 0
303306008 4 0
303306005 8 0
303306004 16 0
303305992 13 0
303305991 3 10
303305984 0 0
303305965 22 5
303305961 17 1
303305947 336 3
303305892 0 0
303305883 96 16
303305876 0 0
303305862 5 0
303305844 1 0
303305816 261 15
303305798 16 0
303305773 0 0
303305763 15 1
303305762 91 1
303305746 581 37
303305730 142 5
303305715 5 0
303305709 0 0
303305708 6 0
303305691 0 0
303305689 5 0
303305687 7 3
303305676 2 126
303305670 0 0
303305667 12 2
303305658 9 1
303305656 1 3
303305644 8 1
303305643 13 1
303305637 2 1
303305633 12 0
303305620 12 2
303305602 9 0
303305593 0 0
303305592 722 4
303305587 12 1
303305582 0 0
303305571 0 0
303305564 1 0
303305562 3 0
303305559 0 0
303305547 3 0
303305543 5 1
303305531 1 0
303305518 6 0
303305513 169 5
303305509 31 0
303305508 11 0
303305507 12 0
303305505 3 81
303305504 3 0
303305497 9 1
303305485 701 28
303305483 5 0
303305479 1 0
303305472 9 2
303305467 1 0
303305443 2 0
303305434 16 2
303305432 4 1
303305426 4 10
303305423 162 7
303305406 17 0
303305392 3 0
303305390 12 1
303305383 0 0
303305375 3 0
303305371 0 1
303305360 18 1
303305359 15 0
303305339 0 1
303305338 6 0
303305332 4 94
303305324 8 0
303305319 0 0
303305318 2 0
303305316 0 0
303305314 18 2
303305311 366 7
303305273 1 0
303305271 5 0
303305260 7 0
303305247 1 0
303305242 1 0
303305234 5 0
303305230 247 44
303305213 1 0
303305208 3 0
303305205 2 0
303305201 1 0
303305189 0 0
303305180 11 1
303305177 4 0
303305170 3 27
303305168 0 0
303305167 8 10
303305163 3 0
303305144 6 0
303305128 9 0
303305108 492 83
303305106 2 0
303305085 3 0
303305067 253 6
303305058 54 0
303305042 9 0
303305036 12 1
303305033 0 0
303305020 8 0
303305005 12 0
303305002 190 12
303304990 8 0
303304961 0 41
303304960 1 3
303304952 0 2
303304947 6 0
303304941 5 0
303304930 3 0
303304925 7 1
303304873 9 1
303304859 1 0
303304854 0 0
303304851 1 51
303304849 9 0
303304844 97 24
303304839 9 1
303304832 64 1
303304809 8 0
303304796 1 0
303304786 2 0
303304783 3 31
303304780 1 1
303304767 11 0
303304748 6 0
303304708 5 1
303304700 2 0
303304694 6 2
303304680 0 0
303304678 1 27
303304668 0 0
303304658 0 0
303304648 2 0
303304645 3 0
303304629 6 0
303304628 3 0
303304623 0 0
303304606 9 0
303304597 8 0
303304560 2 0
303304543 0 0
303304542 4 54
303304539 341 5
303304536 0 0
303304533 0 0
303304529 0 0
303304522 1 0
303304518 81 2
303304510 0 79
303304480 0 0
303304475 370 4
303304474 1 0
303304452 6 0
303304440 4 0
303304439 1361 105
303304432 8 0
303304410 4 10
303304407 0 54
303304398 86 7
303304352 1 0
303304351 67 11
303304344 1 0
303304315 0 3
303304305 178 18
303304289 0 0
303304287 0 0
303304269 10 0
303304268 12 7
303304261 416 7
303304257 0 0
303304208 10 0
303304205 6 46
303304193 3 0
303304192 11 0
303304188 1028 91
303304172 2 1
303304158 1 68
303304154 6 1
303304136 8 0
303304135 0 0
303304134 3 1
303304116 0 0
303304103 1 1
303304098 266 3
303304096 9 1
303304093 4 0
303304092 0 0
303304077 3 1
303304068 12 0
303304054 110 3
303304037 3 0
303304032 0 0
303304030 4 0
303304029 4 1
303304016 0 2
303304014 10 0
303304004 4 51
303303990 1 0
303303977 2 0
303303972 2 0
303303958 3 0
303303953 10 0
303303948 4 0
303303944 2 2
303303934 20 2
303303928 13 0
303303913 5 233
303303898 11 0
303303880 1 1
303303878 10 0
303303849 0 0
303303840 8 1
303303836 4 0
303303835 11 0
303303830 4 0
303303823 4 0
303303819 0 62
303303793 598 44
303303785 14 0
303303774 183 4
303303768 5 1
303303739 0 7
303303736 434 4
303303715 6 0
303303710 1 0
303303709 1 41
303303700 1 0
303303692 6 0
303303691 5 105
303303678 4 0
303303675 1 0
303303673 6 0
303303667 4 1
303303665 3 1
303303663 0 0
303303643 0 0
303303631 50 1
303303616 1 0
303303614 7 0
303303613 3 112
303303594 7 0
303303586 0 0
303303578 8 46
303303563 2 0
303303553 1 88
303303550 3 3
303303540 122 21
303303536 7 0
303303528 14 1
303303522 2 58
303303519 19 1
303303515 3 0
303303514 4 0
303303506 7 0
303303505 10 0
303303485 72 2
303303476 3 32
303303473 9 0
303303462 8 1
303303457 4 2
303303452 7 3
303303423 3 1
303303417 7 1
303303414 15 1
303303410 1 1
303303405 1 1
303303393 7 1
303303384 14 3
303303382 0 1
303303377 2 0
303303366 379 65
303303354 9 1
303303350 9 291
303303338 0 0
303303332 3 0
303303329 8 1
303303321 0 0
303303316 2 1
303303304 7 0
303303294 3 37
303303292 6 0
303303291 5 0
303303281 4 1
303303276 6 0
303303266 1 1
303303261 5 0
303303247 3 0
303303246 8 0
303303245 7 0
303303240 2 186
303303231 14 1
303303223 0 0
303303214 10 0
303303213 3 0
303303209 2 0
303303208 3 0
303303201 5 0
303303199 10 0
303303197 1 2
303303193 4 0
303303190 5 0
303303186 8 0
303303175 230 3
303303173 4 1
303303169 6 0
303303163 13 1
303303153 5 0
303303140 111 0
303303131 1 0
303303126 5 4
303303101 4 0
303303078 0 0
303303076 5 6
303303061 7 0
303303057 2 3
303303048 0 0
303303041 5 0
303303037 2 0
303303026 5 0
303303023 2 0
303303022 0 0
303303017 1 0
303303005 1 0
303302991 3 0
303302990 1 0
303302985 14 5
303302984 6 0
303302981 5 0
303302980 8 0
303302975 6 0
303302973 3 0
303302964 8 7
303302960 5 0
303302957 2 1
303302956 7 1
303302949 10 0
303302940 1 0
303302939 3 10
303302932 2 0
303302918 9 0
303302917 3 0
303302914 2 1
303302900 2 0
303302895 9 0
303302874 0 0
303302832 293 2
303302830 7 4
303302826 256 5
303302821 3 0
303302818 1 0
303302791 629 31
303302776 2 0
303302771 7 0
303302770 1 0
303302767 2 0
303302766 1 5
303302759 3 0
303302738 1 0
303302727 117 1
303302717 8 2
303302710 1 2
303302703 254 1
303302702 12 2
303302675 3016 135
303302671 1189 28
303302661 7 1
303302654 845 45
303302650 4 0
303302626 1 11
303302614 4 0
303302612 13 10
303302596 9 0
303302593 1 1
303302581 1 12
303302580 0 0
303302577 1495 68
303302554 1 0
303302535 6 0
303302534 5 0
303302527 7 0
303302525 0 0
303302522 5 1
303302516 1 7
303302507 2 0
303302505 0 0
303302465 4 0
303302462 2671 243
303302460 4 0
303302458 2 0
303302446 2507 54
303302442 1 0
303302440 2 11
303302432 3 9
303302431 1 0
303302418 1 0
303302416 0 0
303302415 4 2
303302413 5 0
303302380 0 1
303302376 1797 30
303302367 5 0
303302365 5 0
303302348 173 6
303302345 9 0
303302326 1 0
303302320 3 0
303302312 7 1
303302311 2 30
303302297 165 3
303302295 0 1
303302290 9 1
303302281 1 45
303302280 9 0
303302274 1467 12
303302252 0 29
303302250 2 0
303302242 2 0
303302238 3 0
303302229 13 8
303302228 0 0
303302194 2024 20
303302190 1 0
303302186 2 0
303302185 5 0
303302182 1 0
303302175 0 0
303302164 6 1
303302144 0 0
303302115 3 0
303302113 159 2
303302110 3 0
303302104 3 0
303302102 7 0
303302079 4 0
303302076 7 0
303302069 1 0
303302067 0 0
303302059 3 0
303302051 0 0
303302048 11 2
303302047 0 0
303302016 2 0
303302012 4 0
303302008 4 0
303302004 0 1
303302002 7 0
303301992 9 0
303301985 0 1
303301971 1 0
303301940 10 2
303301918 1 0
303301905 4 5
303301902 2 2
303301900 4 0
303301896 1 0
303301895 9 0
303301892 3 0
303301887 0 0
303301880 10 0
303301879 15 3
303301878 95 2
303301875 2 0
303301874 0 0
303301873 0 0
303301872 3 2
303301864 0 0
303301859 9 0
303301851 4 0
303301848 1 5
303301829 1327 32
303301805 6 1
303301804 2 47
303301796 7 1
303301785 12 0
303301784 12 3
303301781 144 5
303301779 2 1
303301756 4 1
303301745 1113 84
303301742 7 2
303301734 6 1
303301729 0 1
303301722 6 3
303301710 2 0
303301707 2 0
303301706 1 0
303301699 0 0
303301697 4 0
303301695 0 0
303301669 1 2
303301644 5 2
303301622 1 0
303301620 8 0
303301614 5 1
303301609 4 0
303301603 1 2
303301591 0 1
303301582 2 20
303301579 1 0
303301573 12 1
303301563 9 3
303301562 0 0
303301543 1 0
303301532 3 1
303301523 6 3
303301511 5 0
303301501 6 0
303301497 2 3
303301491 0 0
303301482 1 7
303301481 0 7
303301476 1 0
303301475 9 1
303301472 4 1
303301471 1 0
303301449 2 15
303301442 1 0
303301441 2 64
303301437 0 1
303301402 6 0
303301401 4 0
303301397 0 0
303301388 4 2
303301386 2 1
303301376 11 0
303301359 0 0
303301352 2 0
303301341 0 0
303301337 2 0
303301328 0 0
303301326 0 0
303301323 1 0
303301321 2 6
303301319 0 0
303301318 0 0
303301315 0 0
303301309 8 1
303301307 0 0
303301299 3 1
303301297 3 1
303301294 2 2
303301283 2 0
303301273 1 9
303301272 1 0
303301270 2 5
303301266 1 0
303301265 2 0
303301242 0 0
303301239 1 0
303301237 0 0
303301235 5 1
303301227 1 0
303301222 8 2
303301220 0 3
303301215 1 3
303301210 3 0
303301206 1 0
303301205 5 2
303301203 7 0
303301188 7 2
303301172 1 9
303301164 3 8
303301159 3 1
303301124 0 1
303301114 0 8
303301111 1 2
303301109 0 7
303301106 0 7
303301103 0 8
