303947922 0 0
303916606 0 0
303877250 0 0
303862515 1 0
303862508 0 1
303821658 0 0
303804634 1 0
303804632 0 0
303801323 1 0
303744846 1 0
303743772 0 0
303740274 0 0
303738640 6 0
303736596 0 0
303730094 0 0
303708606 0 1
303693912 4 0
303680027 5 0
303668706 0 0
303665733 3 1
303664906 6 1
303663304 4 0
303652483 0 0
303586258 3 0
303580737 0 0
303577059 0 0
303507007 6 35
303506438 6 0
303503542 10 2
303498438 1 2
303492916 1 0
303472453 2 0
303472449 2 1
303456881 4 1
303446866 0 0
303444889 0 0
303412724 1 0
303412565 3 0
303412561 0 0
303411845 2 2
303411844 1 24
303410835 0 0
303407931 1 0
303407886 2 0
303407833 1 0
303407186 2 2
303406316 4 0
303405393 27 29
303404370 10 3
303404015 3 0
303403151 7 2
303403044 0 0
303402443 8 1
303401273 0 0
303401241 5 7
303400366 0 0
303399424 0 0
303395029 0 0
303394323 0 0
303385443 17 10
303369600 9 4
303361130 1 0
303347913 12 0
303347888 0 0
303345522 0 0
303344748 2 0
303325882 0 0
303325783 4 1
303325780 1 0
303325779 10 2
303325476 0 0
303325437 6 0
303325367 2 0
303325227 0 0
303325004 2 11
303324956 4 0
303324892 0 0
303324731 0 4
303324719 8 1
303324478 18 0
303324213 1 1
303323846 0 0
303322245 2 0
303321711 9 0
303321705 0 0
303321061 2 0
303320530 1 0
303320183 0 0
303318729 0 0
303318726 1 0
303318553 0 2
303317874 1 0
303317760 2 0
303317052 8 0
303316522 4 1
303316145 6 46
303315837 2 0
303315616 1 0
303315303 0 0
303314889 7 0
303314562 34 3
303314070 0 0
303313576 1 0
303313076 8 2
303312903 0 0
303312303 1 0
303312058 1 0
303311637 0 9
303311178 0 4
303311009 0 0
303310798 1 0
303309377 4 0
303308711 1 1
303308688 0 0
303308348 1 0
303308172 4 6
303307904 5 0
303306508 0 0
303304986 3 0
303304094 0 0
303299813 6 2
303299663 5 0
303297508 0 0
303297495 0 0
303296687 3 0
303296587 3 0
303282940 5 7
303282413 1 11
303282407 1 0
303282406 0 4
303282405 0 0
303282404 0 14
303281734 6 1
303280167 6 1
303279828 0 0
303279408 5 1
303279370 4 0
303279340 0 0
303278915 8 1
303278625 2 0
303275028 2 0
303275016 3 0
303274984 2 0
303274971 8 1
303274258 5 1
303268182 2 0
303267481 1 0
303266961 6 2
303266668 2 0
303266502 5 2
303266331 4 1
303266078 3 7
303265672 11 2
303265113 0 0
303264915 1 0
303264911 14 4
303264199 0 0
303263144 5 1
303260392 6 0
303260043 6 0
303259931 0 0
303258972 6 0
303258647 1 23
303258059 5 60
303257969 0 0
303257035 3 0
303254316 6 4
303253478 1 0
303252023 4 3
303251413 15 7
303251380 0 3
303251348 5 4
303251289 0 56
303251277 6 0
303251212 14 3
303251209 0 0
303251186 0 0
303251103 0 0
303251102 2 5
303251044 21 3
303250951 0 0
303250947 26 4
303250927 0 1
303250924 6 3
303250917 4 1
303250864 0 1
303250850 0 1
303250837 0 8
303250814 2 2
303250809 5 2
303250800 4 0
303250799 1 2
303250791 2 0
303250788 13 2
303250764 8 5
303250718 4 0
303250686 4 5
303250683 1 5
303250675 6 5
303250673 0 2
303250667 8 2
303250660 12 1
303250625 11 0
303250624 0 0
303250615 4 2
303250525 0 0
303250508 5 0
303250495 6 1
303250409 1 41
303250358 2 4
303250351 2 0
303250342 14 0
303250330 2 0
303250329 0 2
303250302 0 0
303250300 0 0
303250194 0 9
303250191 0 0
303250187 0 0
303250102 2 2
303250061 0 0
303249956 0 0
303249874 1 0
303249819 3 0
303249772 2 0
303249770 1 0
303249768 2 8
303249765 0 0
303249708 4 0
303249701 7 1
303249678 0 0
303249674 21 2
303249665 5 0
303249659 1 0
303249586 17 1
303249484 2 0
303249477 8 24
303249419 1 0
303249364 7 2
303249326 4 9
303249309 0 7
303249264 30 27
303249257 5 0
303249253 2 0
303249245 2 0
303249236 3 2
303249208 1 0
303249098 0 0
303249081 0 0
303249038 0 2
303248853 4 7
303248728 3 4
303248672 4 5
303248635 14 1
303248573 13 2
303248538 2 0
303248459 4 51
303248277 10 2
303248126 3 0
303247935 0 0
303247833 0 0
303247801 0 1
303247795 2 48
303247794 1 5
303247791 7 0
303247771 0 0
303247770 0 0
303247698 0 1
303247686 0 62
303247664 17 5
303247658 22 1
303247650 4 2
303247598 1 36
303247591 2 54
303247472 0 0
303247336 26 1
303247294 18 1
303247268 6 1
303247241 1 0
303247238 0 0
303247081 11 3
303247078 9 4
303247052 0 0
303246897 0 7
303246894 4 61
303246881 16 2
303246849 2 0
303246843 13 1
303246811 3 5
303246755 17 6
303246736 1 56
303246733 5 0
303246716 0 1
303246675 0 0
303246573 7 0
303246547 3 0
303246465 2 0
303246407 4 0
303246393 5 1
303246385 5 0
303246269 2 1
303246251 12 2
303246170 1 88
303246167 6 0
303246146 10 9
303246082 25 3
303246074 30 3
303245998 6 0
303245995 4 0
303245994 4 0
303245985 3 0
303245979 2 0
303245977 2 0
303245972 0 0
303245968 2 0
303245961 4 0
303245953 1 2
303245940 3 0
303245938 10 0
303245930 9 0
303245923 6 0
303245920 27 3
303245874 12 2
303245836 9 1
303245814 4 0
303245789 20 2
303245581 11 0
303245573 2 0
303245554 4 5
303245550 0 1
303245534 1 4
303245526 25 1
303245397 14 2
303245385 7 0
303245313 0 0
303245262 1 5
303245251 0 3
303245225 1 0
303245214 9 1
303245175 12 0
303245149 0 2
303245107 4 0
303245091 2 0
303245024 0 0
303245008 1 0
303245002 1 0
303244963 21 0
303244920 13 1
303244894 2 1
303244852 1 0
303244838 0 0
303244819 3 56
303244782 4 0
303244725 7 0
303244724 35 7
303244579 4 1
303244540 12 4
303244517 0 0
303244447 1 2
303244423 24 3
303244211 21 5
303244131 1 1
303244009 12 2
303243971 0 0
303243745 0 0
303243737 7 1
303243728 0 0
303243726 4 3
303243723 1 0
303243705 11 1
303243695 1 45
303243692 13 2
303243676 7 0
303243640 13 3
303243626 6 1
303243624 1 1
303243621 3 0
303243604 21 1
303243599 0 0
303243581 1 0
303243575 2 0
303243543 1 15
303243517 3 0
303243500 0 18
303243494 0 3
303243478 4 7
303243462 0 0
303243461 3 1
303243444 2 0
303243438 3 0
303243420 11 3
303243419 1 1
303243417 0 0
303243408 5 1
303243406 3 0
303243395 1 0
303243374 1 0
303243369 21 20
303243352 2 0
303243339 2 0
303243331 13 6
303243310 11 2
303243290 12 2
303243278 2 5
303243273 1 6
303243254 3 1
303243235 22 7
303243208 9 1
303243185 4 1
303243168 24 2
303243152 13 1
303243141 16 2
303243138 2 1
303243136 4 1
303243129 6 2
303243083 4 29
303243080 22 2
303243075 3 2
303243043 1 1
303243018 4 1
303243016 6 1
303243012 10 1
303243006 1 5
303243002 9 1
303242999 5 1
303242990 1 1
303242988 3 1
303242986 7 2
303242977 0 8
303242973 4 0
303242969 4 1
303242958 15 1
303242956 6 1
303242946 10 3
303242941 2 1
303242917 6 2
303242913 5 1
303242905 1 0
303242900 2 1
303242896 3 33
303242860 3 1
303242828 22 5
303242788 0 26
303242782 5 1
303242774 10 1
303242759 13 3
303242743 2 0
303242739 3 40
303242732 2 38
303242695 10 18
303242676 2 1
303242674 1 1
303242647 6 1
303242621 2 1
303242569 20 0
303242565 2 0
303242497 16 1
303242468 9 0
303242460 0 6
303242438 27 2
303242416 36 0
303242404 2 0
303242400 13 1
303242391 17 1
303242389 4 1
303242388 5 1
303242382 1 10
303242353 9 1
303242340 2 3
303242337 1 7
303242327 0 54
303242313 4 0
303242302 18 3
303242258 6 0
303242255 8 1
303242226 9 5
303242212 19 3
303242164 2 48
303242117 4 0
303242115 13 0
303242113 8 1
303242111 6 0
303242107 6 1
303242102 25 3
303242091 21 4
303242082 11 2
303242072 9 0
303242051 1 3
303242050 4 22
303242043 10 1
303242042 12 0
303242031 20 1
303242022 2 0
303242021 11 4
303242013 1 37
303242012 9 1
303241998 8 0
303241997 4 3
303241993 13 0
303241985 3 0
303241959 4 1
303241947 1 5
303241943 9 0
303241940 8 0
303241937 8 0
303241935 3 0
303241920 10 1
303241917 3 0
303241916 16 0
303241892 8 0
303241870 4 0
303241851 0 5
303241837 0 0
303241824 5 11
303241819 0 1
303241815 0 0
303241814 6 1
303241766 5 6
303241743 17 1
303241730 1 0
303241727 11 1
303241724 2 42
303241715 7 1
303241706 2 4
303241704 0 5
303241703 19 1
303241690 13 0
303241681 3 0
303241679 13 2
303241667 0 0
303241662 7 0
303241660 1 37
303241659 0 0
303241656 18 1
303241632 1 5
303241612 5 1
303241603 3 2
303241598 0 1
303241589 16 4
303241588 9 0
303241586 8 0
303241584 7 1
303241578 1 0
303241576 12 1
303241572 15 2
303241569 3 7
303241559 1 0
303241557 1 0
303241554 4 0
303241518 7 0
303241517 3 1
303241513 7 1
303241502 11 1
303241501 11 22
303241495 14 0
303241490 5 1
303241484 3 0
303241483 1 1
303241476 6 0
303241473 1 0
303241464 4 1
303241458 1 0
303241453 4 0
303241442 8 1
303241435 6 0
303241434 1 0
303241426 16 0
303241420 16 1
303241418 3 0
303241417 5 0
303241414 23 2
303241410 2 0
303241402 5 57
303241393 3 0
303241369 2 1
303241340 1 0
303241323 20 2
303241318 1 0
303241313 7 0
303241284 7 0
303241278 3 51
303241270 2 0
303241266 2 6
303241228 11 2
303241209 16 1
303241204 4 2
303241199 3 4
303241198 5 1
303241196 10 3
303241195 12 0
303241194 4 0
303241193 5 0
303241184 1 4
303241162 1 0
303241160 4 0
303241149 11 2
303241121 1 3
303241105 22 4
303241100 10 1
303241060 14 0
303241059 0 6
303241051 12 1
303241049 8 0
303241012 3 47
303240961 0 0
303240941 1 0
303240940 2 0
303240938 0 3
303240935 8 2
303240927 9 0
303240905 0 1
303240900 0 6
303240855 6 5
303240843 1 0
303240841 16 8
303240825 19 0
303240810 25 0
303240804 3 19
303240795 0 26
303240780 1 0
303240771 21 0
303240770 2 0
303240768 0 0
303240764 6 1
303240751 20 1
303240742 26 3
303240734 0 3
303240715 0 0
303240712 8 1
303240700 3 0
303240691 7 7
303240686 4 0
303240657 5 0
303240633 15 20
303240627 19 0
303240588 9 0
303240581 5 13
303240580 24 3
303240578 0 1
303240564 16 0
303240555 7 0
303240542 13 3
303240538 4 1
303240525 1 0
303240519 16 1
303240500 6 0
303240497 15 3
303240474 2 0
303240466 0 0
303240465 20 3
303240435 6 12
303240375 9 2
303240350 14 5
303240346 1 0
303240343 3 0
303240339 3 2
303240328 6 1
303240322 15 5
303240319 2 50
303240310 6 0
303240302 8 0
303240293 3 1
303240282 4 0
303240279 2 0
303240276 3 0
303240274 27 0
303240259 4 0
303240253 15 1
303240250 3 0
303240239 7 67
303240222 23 5
303240220 64 1
303240215 7 75
303240210 6 1
303240209 2 0
303240205 4 11
303240177 33 1
303240152 1 6
303240120 1 0
303240097 2 0
303240090 19 0
303240089 2 0
303240085 29 1
303240084 9 1
303240079 4 0
303240077 10 3
303240073 1 0
303240070 5 2
303240068 26 6
303240062 16 0
303240061 8 0
303240055 0 21
303240048 4 0
303240039 1 0
303240024 6 83
303240013 9 0
303239991 0 1
303239982 1 1
303239980 3 1
303239976 5 1
303239957 1 0
303239951 17 4
303239949 0 0
303239948 9 1
303239907 1 8
303239896 3 62
303239892 0 0
303239882 6 0
303239863 0 3
303239845 8 40
303239825 21 6
303239819 7 98
303239813 1 0
303239791 1 7
303239790 1 1
303239788 0 2
303239774 8 0
303239731 4 0
303239725 6 102
303239715 1 0
303239708 1 0
303239680 38 4
303239654 36 8
303239653 39 8
303239622 23 2
303239611 8 2
303239609 10 4
303239600 19 16
303239586 23 0
303239580 0 18
303239579 5 60
303239568 0 2
303239567 6 2
303239528 7 1
303239514 1 10
303239512 1 2
303239504 28 8
303239471 17 6
303239455 60 5
303239434 21 2
303239416 10 2
303239401 13 5
303239365 18 2
303239362 3 16
303239361 6 3
303239355 1 2
303239345 12 3
303239340 7 83
303239335 3 2
303239324 2 2
303239285 2 5
303239275 1 4
303239261 11 5
303239256 8 7
303239253 29 2
303239245 2 5
303239224 12 3
303239219 2 2
303239204 5 1
303239203 0 0
303239200 18 3
303239190 0 0
303239186 6 62
303239179 1 9
303239172 7 73
303239167 6 52
303239162 3 2
303239160 24 12
303239157 29 1
303239156 3 78
303239154 1 0
303239152 2 19
303239143 19 1
303239129 22 2
303239124 28 5
303239120 16 8
303239081 24 1
303239055 14 2
303239047 17 1
303239020 11 1
303239018 21 2
303239008 1 1
303238978 11 1
303238973 9 1
303238970 18 2
303238968 0 3
303238934 2 1
303238933 2 0
303238926 6 1
303238913 3 64
303238899 6 0
303238895 7 1
303238887 2 0
303238884 4 0
303238883 14 0
303238875 3 78
303238872 3 95
303238871 8 1
303238858 8 1
303238855 3 0
303238854 24 3
303238849 19 4
303238832 18 1
303238825 10 2
303238823 4 0
303238814 12 0
303238805 2 17
303238793 3 1
303238787 4 76
303238776 1 2
303238769 16 3
303238764 14 4
303238763 0 1
303238758 0 1
303238757 19 7
303238741 15 3
303238733 0 27
303238729 13 2
303238728 16 2
303238722 2 0
303238713 1 1
303238709 23 0
303238706 14 0
303238701 23 2
303238678 13 2
303238670 5 0
303238661 0 12
303238630 39 1
303238629 1 1
303238625 26 1
303238618 1 64
303238607 18 2
303238606 0 65
303238602 5 3
303238592 9 1
303238589 1 41
303238583 2 1
303238582 10 0
303238577 1 50
303238574 3 47
303238564 0 0
303238556 1 40
303238555 2 0
303238550 22 2
303238547 1 47
303238536 10 2
303238532 10 2
303238528 1 5
303238517 3 34
303238510 4 26
303238497 14 1
303238486 7 70
303238478 1 0
303238476 7 1
303238468 10 8
303238466 5 1
303238462 27 1
303238455 12 2
303238446 1 12
303238443 0 0
303238430 11 1
303238426 9 26
303238413 6 3
303238377 0 1
303238371 14 59
303238367 4 0
303238353 11 1
303238344 29 6
303238337 8 1
303238322 6 59
303238309 10 3
303238297 2 2
303238289 12 2
303238286 7 20
303238281 16 3
303238278 12 2
303238270 11 3
303238265 3 1
303238253 14 3
303238245 23 3
303238242 8 2
303238237 24 5
303238227 27 5
303238225 4 0
303238220 18 1
303238215 16 4
303238214 12 5
303238208 21 2
303238200 11 1
303238197 14 4
303238190 5 1
303238185 7 1
303238183 7 3
303238178 9 3
303238174 5 53
303238156 2 0
303238150 9 4
303238135 14 0
303238132 1 2
303238120 3 98
303238111 3 0
303238107 8 3
303238104 2 0
303238098 13 0
303238090 3 9
303238089 15 0
303238088 14 0
303238079 13 1
303238055 5 0
303238054 3 0
303238043 3 0
303238041 6 0
303238038 9 0
303238031 8 2
303238012 7 2
303238004 2 0
303237997 12 0
303237990 3 0
303237978 0 5
303237975 1 1
303237964 0 1
303237963 16 0
303237959 2 0
303237911 10 3
303237892 9 0
303237889 11 0
303237883 7 1
303237875 7 0
303237872 13 3
303237871 9 1
303237869 2 61
303237861 8 0
303237858 0 5
303237854 9 0
303237852 6 16
303237851 1 0
303237844 9 15
303237842 4 0
303237839 0 49
303237837 4 10
303237814 1 0
303237803 8 0
303237800 9 67
303237798 6 0
303237797 10 19
303237795 2 0
303237789 9 0
303237788 3 0
303237787 1 0
303237785 2 1
303237783 7 0
303237762 1 0
303237757 2 0
303237751 19 2
303237750 0 0
303237747 18 5
303237746 8 0
303237734 4 0
303237728 3 2
303237720 7 0
303237717 4 49
303237713 18 1
303237711 7 1
303237701 3 2
303237691 6 0
303237684 7 0
303237680 3 32
303237669 1 0
303237663 6 3
303237660 11 5
303237659 8 1
303237656 1 0
303237636 0 0
303237634 8 0
303237627 14 4
303237624 3 0
303237623 5 0
303237615 11 1
303237612 9 1
303237600 9 3
303237597 0 0
303237596 2 1
303237572 4 4
303237566 2 1
303237546 1 0
303237541 5 1
303237536 10 3
303237530 11 2
303237520 17 4
303237508 5 3
303237504 1 0
303237503 2 0
303237497 8 4
303237479 6 3
303237471 28 1
303237445 17 0
303237440 0 11
303237433 16 0
303237431 5 0
303237428 3 43
303237420 26 6
303237413 8 0
303237408 19 0
303237396 4 0
303237390 6 3
303237382 8 12
303237363 13 2
303237362 2 78
303237361 20 8
303237344 8 1
303237331 1 0
303237327 13 2
303237326 1 19
303237322 1 0
303237304 6 29
303237285 4 6
303237280 7 0
303237270 7 3
303237265 13 8
303237264 18 1
303237256 30 1
303237255 0 10
303237253 6 7
303237233 13 0
303237232 3 1
303237226 12 1
303237225 3 32
303237221 2 50
303237214 10 0
303237210 4 43
303237208 10 1
303237193 7 1
303237191 11 0
303237187 21 0
303237176 22 0
303237175 11 0
303237167 4 85
303237160 0 14
303237159 0 57
303237145 8 0
303237138 1 36
303237125 19 1
303237105 14 1
303237099 0 13
303237097 10 0
303237095 2 0
303237084 3 2
303237067 5 0
303237046 11 7
303237043 2 0
303237042 0 1
303237035 2 0
303237031 2 7
303237030 6 0
303237028 12 0
303237009 15 1
303237006 3 6
303237002 13 1
303236965 20 0
303236961 4 74
303236958 28 7
303236953 2 0
303236949 6 0
303236944 4 28
303236938 5 76
303236937 0 2
303236914 9 38
303236902 3 1
303236891 14 3
303236890 14 2
303236867 2 1
303236864 11 1
303236838 8 2
303236833 1 0
303236828 13 1
303236810 8 2
303236807 11 3
303236803 11 5
303236785 2 0
303236782 4 0
303236770 12 1
303236759 9 0
303236741 0 15
303236736 20 4
303236734 7 0
303236716 0 8
303236711 7 0
303236709 4 56
303236704 0 4
303236693 57 0
303236691 16 3
303236686 48 0
303236684 2 0
303236681 0 11
303236678 2 12
303236668 3 1
303236661 2 10
303236659 12 2
303236656 8 1
303236654 16 5
303236648 10 5
303236647 17 3
303236632 1 1
303236623 11 2
303236609 0 33
303236605 12 1
303236592 2 1
303236586 2 1
303236568 7 0
303236562 3 71
303236550 8 0
303236548 4 1
303236545 26 0
303236531 2 2
303236512 1 0
303236509 6 0
303236504 12 4
303236490 3 6
303236487 26 3
303236481 4 2
303236479 2 0
303236477 3 2
303236474 2 61
303236461 20 64
303236454 7 8
303236443 7 1
303236421 14 2
303236398 5 0
303236393 5 0
303236391 4 0
303236385 3 7
303236384 1 16
303236372 18 1
303236368 2 0
303236366 1 1
303236365 2 0
303236357 6 0
303236349 20 1
303236333 17 3
303236327 2 0
303236324 8 1
303236320 5 1
303236319 16 4
303236311 2 1
303236306 1 1
303236301 3 0
303236292 6 61
303236291 2 0
303236287 1 0
303236285 1 0
303236277 0 4
303236268 31 6
303236259 1 2
303236246 7 4
303236240 0 1
303236239 3 2
303236234 2 1
303236221 1 1
303236216 1 0
303236215 12 0
303236212 20 7
303236209 2 0
303236198 1 2
303236197 8 2
303236192 2 1
303236191 16 1
303236186 1 4
303236181 11 3
303236168 5 1
303236148 10 2
303236135 3 0
303236132 73 52
303236126 4 3
303236119 21 4
303236118 6 25
303236113 8 4
303236105 4 102
303236102 4 5
303236101 5 57
303236098 5 1
303236095 2 1
303236090 2 1
303236089 8 2
303236082 36 19
303236076 3 10
303236071 3 1
303236064 20 6
303236063 14 2
303236058 10 1
303236052 4 0
303236047 7 0
303236046 5 2
303236045 7 1
303236041 5 17
303236040 33 9
303236036 3 0
303236030 44 10
303236027 3 0
303236010 11 1
303235993 4 1
303235992 1 1
303235978 2 1
303235977 22 1
303235962 7 0
303235949 7 0
303235947 37 17
303235935 14 0
303235930 1 0
303235929 28 10
303235923 11 4
303235919 4 0
303235913 25 3
303235909 5 0
303235907 85 4
303235900 0 0
303235871 4 0
303235868 10 0
303235866 0 0
303235859 1 0
303235855 4 0
303235852 16 4
303235845 1 1
303235838 25 10
303235831 5 77
303235827 0 0
303235818 12 4
303235815 5 67
303235800 3 0
303235781 16 28
303235776 4 1
303235767 3 0
303235742 6 5
303235732 18 1
303235726 5 0
303235704 62 10
303235697 3 0
303235693 3 0
303235659 4 0
303235650 8 2
303235643 14 2
303235641 23 3
303235577 15 4
303235523 5 30
303235514 9 0
303235480 1 2
303235474 25 1
303235426 7 1
303235421 4 2
303235420 4 3
303235413 6 2
303235410 4 1
303235407 4 2
303235405 7 2
303235401 7 2
303235397 5 1
303235396 13 5
303235391 8 6
303235379 19 1
303235334 3 0
303235327 8 4
303235314 22 5
303235312 5 0
303235299 2 1
303235294 3 1
303235292 15 2
303235267 4 1
303235262 7 3
303235259 35 1
303235250 0 2
303235248 0 1
303235196 12 1
303235186 22 2
303235183 27 0
303235167 3 23
303235159 2 1
303235158 1 3
303235157 1 0
303235153 12 1
303235133 8 4
303235131 143 5
303235120 3 1
303235118 3 3
303235117 12 4
303235112 3 78
303235097 1 0
303235083 2 0
303235076 15 0
303235068 28 0
303235063 3 43
303235062 0 0
303235053 3 41
303235028 4 6
303235018 12 3
303234991 9 6
303234978 18 0
303234969 18 3
303234951 3 0
303234950 14 3
303234942 6 0
303234939 3 0
303234937 26 5
303234928 4 0
303234908 5 0
303234901 10 3
303234885 6 0
303234884 12 2
303234881 12 1
303234876 6 0
303234872 10 2
303234871 19 5
303234866 3 0
303234861 18 3
303234857 19 1
303234854 13 2
303234853 13 4
303234826 0 14
303234816 3 0
303234806 0 31
303234804 16 0
303234797 6 0
303234794 11 1
303234776 4 0
303234772 3 0
303234770 7 0
303234763 8 0
303234755 1 91
303234739 17 1
303234736 20 2
303234732 8 0
303234731 8 0
303234725 0 0
303234723 11 1
303234706 3 0
303234695 13 4
303234692 17 1
303234663 4 0
303234660 1 0
303234645 10 2
303234644 3 0
303234630 12 0
303234622 15 0
303234604 24 0
303234601 8 1
303234597 11 1
303234585 3 0
303234570 7 0
303234552 1 1
303234546 1 1
303234536 5 2
303234507 102 3
303234506 21 1
303234505 4 52
303234487 18 10
303234479 14 6
303234475 4 0
303234473 5 0
303234458 5 1
303234457 26 2
303234430 3 0
303234415 22 2
303234409 6 1
303234408 3 1
303234388 2 80
303234376 0 9
303234374 4 1
303234364 4 1
303234363 2 2
303234362 0 1
303234356 7 2
303234335 4 0
303234333 22 6
303234317 2 1
303234282 14 4
303234274 5 1
303234267 92 2
303234261 21 1
303234250 27 8
303234238 10 0
303234236 4 64
303234233 16 0
303234228 2 1
303234226 14 0
303234220 1 1
303234219 18 4
303234218 3 1
303234212 15 1
303234206 0 69
303234202 10 2
303234189 16 2
303234165 31 3
303234164 3 0
303234144 6 1
303234132 1 1
303234128 4 0
303234121 6 1
303234115 32 4
303234113 6 5
303234091 6 0
303234083 26 11
303234075 7 1
303234071 4 0
303234070 0 0
303234063 14 6
303234056 32 4
303234055 12 1
303234049 29 17
303234047 29 3
303234045 0 3
303234041 11 3
303234034 2 5
303234033 18 2
303234031 4 6
303234018 8 2
303234016 0 0
303234006 8 0
303234000 9 1
303233999 8 4
303233997 6 1
303233996 2 0
303233993 3 0
303233987 2 0
303233980 67 3
303233978 5 2
303233977 2 0
303233974 7 1
303233965 7 0
303233964 7 0
303233957 5 0
303233952 13 0
303233942 1 0
303233911 1 0
303233908 21 0
303233903 14 2
303233900 39 5
303233889 4 0
303233888 9 0
303233887 1 0
303233886 1 0
303233870 4 0
303233856 2 0
303233845 0 2
303233844 8 1
303233832 6 0
303233821 1 4
303233811 8 0
303233804 3 65
303233790 3 67
303233765 2 0
303233764 2 0
303233758 1 0
303233731 2 61
303233693 3 0
303233688 2 0
303233686 6 0
303233676 5 0
303233666 13 2
303233654 15 2
303233643 16 0
303233642 12 2
303233640 22 3
303233635 2 0
303233621 11 0
303233581 7 3
303233569 10 0
303233567 16 1
303233566 24 6
303233553 15 1
303233534 3 1
303233533 13 2
303233530 145 1
303233517 8 1
303233513 4 72
303233506 8 2
303233501 12 1
303233500 3 1
303233492 4 1
303233488 7 2
303233480 14 2
303233467 6 1
303233455 2 16
303233454 11 1
303233444 4 1
303233435 6 51
303233427 6 2
303233407 6 1
303233404 2 1
303233403 18 2
303233360 5 1
303233329 7 1
303233322 16 1
303233320 11 0
303233318 2 8
303233314 7 1
303233295 14 2
303233290 0 55
303233284 14 2
303233278 12 1
303233235 19 1
303233223 0 5
303233222 15 1
303233212 13 2
303233197 2 52
303233196 6 1
303233180 9 3
303233167 9 1
303233161 0 15
303233158 1 9
303233154 26 5
303233135 11 2
303233131 1 16
303233123 21 31
303233114 10 1
303233096 29 2
303233073 142 7
303233066 6 1
303233061 5 1
303233057 12 3
303233052 14 1
303233043 4 6
303233034 11 2
303233024 8 2
303233014 16 1
303233003 16 2
303232999 1 10
303232985 12 3
303232982 13 2
303232971 13 3
303232969 8 0
303232968 3 16
303232959 24 1
303232955 5 1
303232951 12 2
303232948 11 2
303232943 3 1
303232938 21 4
303232934 0 10
303232927 9 1
303232920 12 1
303232914 12 2
303232893 5 1
303232892 11 1
303232879 13 4
303232867 19 1
303232862 10 2
303232859 17 2
303232854 4 1
303232847 4 1
303232838 18 2
303232833 3 6
303232827 16 2
303232818 1 8
303232809 5 2
303232804 16 2
303232792 14 1
303232790 19 2
303232784 8 1
303232769 12 2
303232758 8 5
303232752 13 2
303232738 27 9
303232728 21 4
303232721 8 1
303232709 139 4
303232678 10 1
303232675 30 5
303232664 5 2
303232662 11 1
303232656 13 1
303232651 6 1
303232637 10 1
303232624 12 2
303232615 27 3
303232604 6 1
303232602 5 1
303232569 7 0
303232567 7 3
303232552 3 63
303232549 5 9
303232547 6 1
303232537 0 7
303232535 5 1
303232522 6 16
303232517 10 3
303232514 23 1
303232511 5 3
303232506 1 10
303232501 4 3
303232485 15 1
303232484 5 1
303232480 8 1
303232451 18 2
303232446 25 2
303232444 7 1
303232434 6 1
303232426 9 1
303232413 6 1
303232410 9 1
303232384 5 1
303232382 30 4
303232380 20 1
303232376 4 1
303232372 16 1
303232359 6 1
303232352 17 2
303232349 2 53
303232339 23 1
303232316 7 3
303232301 1 8
303232298 132 11
303232295 10 2
303232269 6 1
303232262 3 0
303232260 16 4
303232245 10 0
303232239 5 0
303232236 15 0
303232232 19 0
303232227 3 1
303232224 9 0
303232222 8 0
303232220 9 1
303232216 20 1
303232211 18 0
303232198 6 0
303232195 11 2
303232186 6 0
303232165 11 1
303232162 4 0
303232152 6 0
303232149 13 1
303232148 4 0
303232128 1 3
303232108 0 14
303232105 5 2
303232097 0 8
303232094 18 0
303232091 9 0
303232084 5 0
303232065 5 0
303232058 2 0
303232049 5 1
303232043 3 0
303232038 5 2
303232036 8 0
303232029 1 6
303232019 34 6
303232015 5 1
303232005 13 2
303231998 69 2
303231991 5 1
303231981 7 0
303231977 10 0
303231958 188 7
303231954 7 0
303231952 5 0
303231951 3 142
303231949 11 2
303231940 4 10
303231934 2 5
303231933 16 2
303231925 17 1
303231923 4 0
303231918 22 0
303231912 7 0
303231910 20 1
303231904 17 0
303231901 5 0
303231896 12 0
303231888 4 0
303231886 9 0
303231881 21 4
303231877 12 0
303231875 11 0
303231862 4 0
303231859 7 0
303231858 13 0
303231849 8 0
303231846 14 0
303231842 5 0
303231841 15 3
303231840 6 0
303231837 9 0
303231823 4 0
303231820 6 0
303231811 6 1
303231810 18 0
303231804 14 0
303231786 9 1
303231783 8 3
303231781 23 2
303231771 4 1
303231768 25 1
303231764 6 2
303231735 13 3
303231724 12 1
303231718 3 148
303231699 4 0
303231663 3 2
303231656 133 8
303231652 6 0
303231645 11 1
303231640 17 0
303231636 6 0
303231622 4 0
303231620 4 41
303231605 1 6
303231602 16 0
303231600 15 44
303231599 15 0
303231589 7 0
303231585 16 0
303231584 22 1
303231579 18 1
303231564 9 0
303231554 6 0
303231548 6 0
303231545 4 0
303231541 3 0
303231523 5 0
303231511 17 0
303231504 14 0
303231503 7 2
303231501 3 0
303231498 17 0
303231497 4 0
303231494 126 1
303231485 4 0
303231477 12 16
303231473 17 2
303231468 2 42
303231448 257 2
303231440 5 0
303231425 13 0
303231422 3 0
303231415 7 0
303231414 22 0
303231410 33 2
303231403 11 0
303231401 20 0
303231399 0 0
303231360 1 0
303231345 7 0
303231341 15 0
303231336 28 1
303231324 5 1
303231323 15 0
303231318 10 0
303231316 8 0
303231304 0 1
303231300 2 0
303231295 14 0
303231273 14 0
303231268 6 1
303231264 5 35
303231256 23 0
303231249 104 5
303231239 18 0
303231228 3 0
303231223 8 0
303231220 14 0
303231219 5 0
303231212 175 15
303231210 8 1
303231209 6 0
303231203 3 0
303231201 1 0
303231199 9 0
303231198 12 0
303231191 2 0
303231185 25 1
303231155 10 2
303231137 2 0
303231133 1 0
303231132 10 0
303231118 428 2
303231097 11 0
303231096 11 0
303231089 12 1
303231072 73 2
303231070 9 1
303231069 87 8
303231066 6 0
303231062 1 0
303231059 9 1
303231052 1 37
303231039 2 0
303231032 14 1
303231029 11 1
303231027 2 0
303231021 3 34
303231001 7 1
303230994 10 0
303230986 12 0
303230982 19 0
303230973 5 0
303230972 6 0
303230961 9 0
303230958 6 0
303230956 16 0
303230949 24 0
303230938 9 1
303230933 1 0
303230924 9 133
303230922 110 3
303230915 0 0
303230912 6 0
303230895 6 0
303230884 3 0
303230875 4 1
303230863 10 0
303230858 6 9
303230839 8 0
303230838 1 99
303230829 0 0
303230826 9 2
303230824 1 29
303230821 0 0
303230819 12 0
303230818 18 2
303230817 2 0
303230812 10 0
303230797 1 0
303230795 11 0
303230788 19 2
303230787 10 0
303230784 102 3
303230781 6 0
303230751 3 22
303230723 3 0
303230705 3 0
303230703 16 0
303230701 8 0
303230700 0 0
303230684 4 0
303230680 7 0
303230676 5 0
303230670 6 0
303230653 12 0
303230646 218 9
303230643 180 10
303230640 2 0
303230631 8 1
303230621 3 145
303230616 12 0
303230608 1 0
303230598 6 1
303230592 9 1
303230576 11 1
303230575 177 7
303230570 118 6
303230554 21 23
303230553 213 41
303230534 6 0
303230531 10 0
303230530 10 0
303230529 16 0
303230528 16 1
303230525 4 0
303230521 18 69
303230515 11 0
303230512 4 0
303230509 17 0
303230456 3 0
303230451 3 0
303230447 1 0
303230445 12 0
303230441 7 0
303230440 2 135
303230423 59 5
303230408 0 1
303230400 9 1
303230399 6 1
303230391 3 0
303230375 11 1
303230372 3 6
303230371 15 322
303230370 4 0
303230365 15 0
303230364 5 55
303230360 4 0
303230351 8 0
303230348 32 23
303230343 11 1
303230340 21 0
303230331 7 1
303230322 4 1
303230319 241 10
303230311 2 9
303230300 9 1
303230298 5 0
303230282 1 0
303230275 6 0
303230273 2 0
303230269 2 53
303230267 1 0
303230262 8 0
303230256 8 1
303230250 23 1
303230240 138 8
303230231 19 5
303230219 645 62
303230186 4 0
303230185 16 1
303230173 7 0
303230172 12 0
303230169 7 0
303230147 3 1
303230142 2 11
303230141 9 0
303230138 6 0
303230133 1 0
303230122 1 2
303230114 16 2
303230109 8 0
303230106 2 3
303230104 2 63
303230098 1 0
303230091 173 12
303230090 26 0
303230086 63 0
303230083 3 0
303230080 1 0
303230078 2 0
303230058 13 0
303230047 2 0
303230046 3 0
303230039 6 0
303230032 82 1
303230031 12 0
303230030 4 0
303230015 7 0
303230011 7 0
303230006 9 0
303229993 9 0
303229991 4 0
303229981 5 0
303229975 3 82
303229972 6 29
303229960 6 0
303229945 7 0
303229936 11 1
303229931 18 3
303229923 9 1
303229916 14 1
303229914 1 0
303229909 10 1
303229907 8 0
303229905 4 0
303229902 14 2
303229894 4 0
303229890 10 1
303229889 6 0
303229888 12 0
303229887 3 0
303229883 1 140
303229877 26 0
303229876 2 0
303229850 81 1
303229833 29 5
303229832 4 1
303229831 3 0
303229824 9 1
303229820 3 0
303229817 16 0
303229812 5 2
303229808 0 0
303229803 7 1
303229800 11 0
303229796 5 140
303229791 0 0
303229786 18 1
303229766 0 0
303229760 17 2
303229755 0 0
303229754 126 2
303229746 1 0
303229739 1 0
303229735 2 0
303229734 7 2
303229732 10 0
303229707 8 0
303229705 9 1
303229669 64 2
303229661 8 1
303229660 9 0
303229655 7 1
303229648 0 0
303229646 1 0
303229642 5 1
303229635 7 0
303229631 5 0
303229614 15 0
303229586 2 156
303229571 15 0
303229559 4 1
303229546 3 0
303229544 19 2
303229538 17 2
303229528 2 0
303229525 14 8
303229505 10 248
303229499 0 3
303229498 14 1
303229484 16 1
303229476 2 0
303229469 0 0
303229461 13 1
303229438 4 7
303229437 3 0
303229431 12 2
303229421 9 1
303229414 11 0
303229412 10 1
303229411 23 0
303229392 6 0
303229386 22 0
303229379 4 0
303229370 8 0
303229363 2 25
303229344 10 1
303229342 65 1
303229340 0 0
303229333 5 2
303229329 284 11
303229322 0 0
303229290 1 59
303229284 3 0
303229281 15 1
303229269 7 30
303229262 23 1
303229254 3 130
303229249 15 0
303229243 22 0
303229239 212 8
303229227 15 4
303229211 0 0
303229204 13 0
303229178 1 0
303229133 216 9
303229131 1 7
303229118 22 0
303229114 3 0
303229111 4 0
303229109 19 0
303229104 31 1
303229094 0 0
303229090 11 0
303229089 19 1
303229067 1 130
303229053 257 7
303229051 3 0
303229050 2 0
303229040 3 0
303229039 8 0
303229016 24 3
303229004 21 0
303228986 22 0
303228985 26 3
303228971 10 1
303228960 45 3
303228956 4 0
303228955 16 0
303228926 23 0
303228922 3 0
303228921 0 0
303228920 12 2
303228905 8 3
303228904 3 0
303228903 4 0
303228900 8 1
303228893 5 2
303228886 17 0
303228881 2 0
303228862 53 0
303228859 3 0
303228850 5 146
303228847 25 3
303228824 12 1
303228808 7 3
303228807 9 0
303228769 2 0
303228766 12 0
303228764 16 2
303228763 16 0
303228709 19 1
303228707 13 0
303228682 12 4
303228658 7 0
303228651 0 12
303228648 10 6
303228635 5 0
303228633 3 40
303228619 3 132
303228598 13 0
303228574 12 0
303228571 4 0
303228569 10 1
303228567 16 0
303228565 2 0
303228549 2 0
303228546 3 0
303228529 5 0
303228527 9 0
303228522 11 1
303228514 13 1
303228482 1 7
303228443 3 0
303228428 0 0
303228415 114 5
303228412 3 0
303228398 3 0
303228389 12 0
303228368 8 230
303228352 3 0
303228349 20 3
303228344 6 1
303228341 7 0
303228340 27 1
303228326 148 3
303228316 12 6
303228297 267 17
303228279 26 1
303228269 8 0
303228251 11 2
303228238 13 4
303228223 17 0
303228203 6 0
303228202 11 1
303228196 3 0
303228194 22 7
303228186 11 0
303228185 8 0
303228146 0 2
303228144 6 0
303228141 20 1
303228124 25 1
303228117 4 79
303228107 9 0
303228105 0 124
303228099 6 0
303228054 9 0
303228053 0 0
303228035 12 6
303228022 20 0
303228014 1 1
303227998 3 1
303227995 38 1
303227984 16 0
303227969 5 0
303227955 4 0
303227911 9 2
303227908 3 29
303227900 3 1
303227897 135 5
303227893 16 0
303227890 0 0
303227884 391 4
303227875 8 0
303227860 2 61
303227852 2 202
303227847 9 1
303227832 31 0
303227821 1 53
303227820 21 0
303227818 1 64
303227808 0 5
303227807 0 7
303227800 4 0
303227787 3 0
303227784 17 0
303227776 6 6
303227769 7 1
303227754 12 1
303227753 2 0
303227749 9 0
303227733 0 0
303227712 7 0
303227711 5 0
303227708 9 0
303227706 4 0
303227694 4 0
303227692 2 0
303227667 1 0
303227664 16 0
303227661 0 5
303227660 15 0
303227639 16 2
303227633 2 106
303227630 21 0
303227613 10 0
303227612 1 0
303227608 2 0
303227598 17 6
303227597 2 0
303227573 0 14
303227565 1 0
303227564 3 0
303227562 92 1
303227549 0 6
303227545 2 0
303227541 30 31
303227539 9 0
303227536 5 0
303227510 14 447
303227461 28 20
303227444 14 1
303227440 0 0
303227435 0 0
303227423 7 0
303227413 2 1
303227399 0 0
303227397 17 1
303227387 4 245
303227386 1 0
303227367 29 3
303227357 3 0
303227346 2 0
303227344 7 2
303227322 3 7
303227317 12 0
303227312 2 0
303227299 5 1
303227293 0 0
303227289 5 0
303227281 6 4
303227261 2 18
303227253 3 0
303227248 0 1
303227238 12 0
303227223 10 0
303227218 2 11
303227208 1 0
303227202 3 0
303227193 7 1
303227190 13 1
303227185 30 3
303227181 10 0
303227176 2 6
303227173 15 0
303227153 0 0
303227152 195 12
303227151 1 0
303227146 1 0
303227143 6 2
303227131 2 0
303227103 10 0
303227083 5 0
303227079 4 0
303227073 2 65
303227072 14 1
303227069 20 4
303227068 8 3
303227062 5 0
303227061 1 0
303227057 9 2
303227055 90 4
303227050 0 0
303227032 19 1
303227016 6 1
303227004 1 2
303227002 2 0
303226986 0 0
303226972 0 0
303226938 10 0
303226929 5 0
303226928 12 1
303226917 0 0
303226906 7 1
303226895 4 0
303226883 1 0
303226873 4 0
303226855 8 0
303226853 24 1
303226840 2 0
303226820 6 0
303226819 2 0
303226818 2 0
303226780 12 1
303226768 0 0
303226758 19 1
303226757 5 0
303226744 15 3
303226741 5 0
303226738 1 0
303226735 1 0
303226730 12 0
303226729 253 4
303226675 4 1
303226666 22 0
303226661 5 3
303226652 11 0
303226651 11 0
303226647 3 0
303226633 8 0
303226628 11 0
303226608 6 39
303226604 15 0
303226594 16 0
303226590 14 0
303226579 4 0
303226565 12 4
303226550 3 0
303226543 3 1
303226539 13 1
303226531 8 0
303226522 9 35
303226507 6 1
303226496 7 0
303226486 437 6
303226485 2 0
303226473 13 0
303226404 16 4
303226402 5 0
303226400 16 2
303226396 1 0
303226394 12 0
303226392 5 1
303226351 1 0
303226323 145 5
303226312 14 1
303226311 3 0
303226303 11 0
303226299 5 1
303226291 10 0
303226288 4 18
303226278 13 0
303226274 653 64
303226273 3 0
303226247 223 7
303226230 3 0
303226221 3 0
303226210 330 7
303226195 10 1
303226191 4 1
303226189 1 0
303226186 1 0
303226154 15 1
303226153 13 0
303226149 3 0
303226134 451 37
303226126 1 0
303226107 5 64
303226097 8 0
303226089 1 0
303226082 9 0
303226066 2 0
303226056 4 1
303226054 3 16
303226029 2 0
303226024 16 0
303225987 15 0
303225967 6 0
303225932 33 0
303225919 3 0
303225913 2 1
303225895 10 1
303225875 11 0
303225873 16 3
303225869 10 1
303225838 2 0
303225832 0 0
303225829 6 2
303225822 9 3
303225805 5 1
303225801 9 1
303225788 25 0
303225773 10 0
303225763 1 2
303225752 14 1
303225745 314 17
303225722 15 0
303225717 1 0
303225705 331 8
303225704 144 2
303225701 9 3
303225680 473 53
303225678 10 0
303225672 2 2
303225669 13 1
303225652 3 0
303225651 9 0
303225649 5 0
303225646 1 3
303225631 5 3
303225621 6 0
303225616 16 0
303225607 11 4
303225580 168 3
303225579 2 0
303225577 13 1
303225543 9 19
303225541 26 3
303225537 3 10
303225533 161 1
303225527 5 0
303225514 12 0
303225511 0 0
303225510 2 0
303225499 352 16
303225491 182 5
303225486 8 0
303225468 1 0
303225467 1 0
303225464 8 1
303225455 0 0
303225442 10 0
303225427 10 0
303225418 1 0
303225414 6 26
303225395 8 9
303225394 1 2
303225384 15 0
303225364 4 5
303225359 3 0
303225356 0 0
303225300 1 0
303225291 0 0
303225288 5 1
303225283 9 0
303225275 8 0
303225251 1 0
303225245 2 0
303225230 3 0
303225223 9 0
303225220 2 0
303225219 17 1
303225204 4 30
303225181 1 2
303225180 8 0
303225172 8 0
303225157 708 62
303225156 21 0
303225149 1 0
303225148 0 0
303225144 11 0
303225143 20 0
303225137 6 3
303225118 2 0
303225110 11 3
303225107 9 1
303225105 17 1
303225096 1 1
303225093 12 0
303225082 10 0
303225081 0 0
303225073 7 1
303225052 5 1
303225051 13 0
303225023 4 8
303225010 4 0
303225002 253 6
303224966 2 0
303224946 4 107
303224943 33 0
303224935 5 0
303224934 0 0
303224930 3 6
303224928 11 0
303224895 3 0
303224879 9 0
303224860 15 5
303224840 298 12
303224826 2 1
303224813 10 0
303224804 3 0
303224796 1 0
303224783 4 1
303224777 0 1
303224755 4 1
303224753 1 0
303224750 0 0
303224719 8 0
303224715 0 0
303224712 1 0
303224701 10 4
303224681 0 0
303224676 7 26
303224653 12 0
303224644 1 0
303224639 0 0
303224625 301 4
303224624 1 0
303224613 4 0
303224553 1 0
303224551 1 0
303224549 12 0
303224545 0 0
303224537 166 6
303224531 14 1
303224526 0 0
303224499 0 0
303224493 7 0
303224471 10 8
303224467 6 20
303224464 11 0
303224439 0 41
303224433 470 4
303224432 9 2
303224431 1 0
303224417 2 0
303224412 6 0
303224396 8 1
303224375 15 1
303224371 12 0
303224365 14 0
303224360 5 0
303224353 0 1
303224349 3 0
303224334 2 45
303224312 6 1
303224309 1 0
303224307 207 5
303224296 0 0
303224291 7 0
303224287 11 0
303224281 11 3
303224277 7 0
303224271 3 1
303224269 8 0
303224265 1 0
303224246 2 0
303224240 1 0
303224239 1 0
303224226 7 0
303224215 10 0
303224207 9 0
303224174 7 0
303224173 1 0
303224170 9 0
303224161 1 0
303224157 1 0
303224119 6 0
303224111 0 0
303224095 1 5
303224085 8 2
303224076 9 0
303224067 11 0
303224062 12 0
303224061 12 0
303224055 0 1
303224033 1 0
303224030 11 2
303224024 17 0
303224023 0 1
303224020 3 0
303224003 16 0
303224002 5 0
303223999 323 12
303223998 9 6
303223994 3 0
303223992 409 10
303223979 13 0
303223978 3 0
303223977 2 0
303223969 12 0
303223967 1 1
303223953 575 68
303223949 2 0
303223946 2 0
303223937 115 2
303223922 10 0
303223912 6 0
303223911 3 0
303223904 18 0
303223897 4 0
303223891 11 0
303223872 4 1
303223869 140 6
303223865 13 0
303223859 11 1
303223853 90 3
303223850 3 0
303223847 0 0
303223839 0 1
303223838 4 0
303223831 0 0
303223828 11 0
303223799 1 0
303223795 1 0
303223769 1 0
303223766 119 11
303223761 11 0
303223737 1 0
303223726 5 31
303223723 10 3
303223719 4 1
303223717 9 1
303223695 2 0
303223694 3 0
303223687 2 0
303223675 8 0
303223674 11 1
303223671 14 0
303223670 18 1
303223662 8 0
303223661 16 0
303223660 2 0
303223659 7 0
303223638 3 0
303223633 9 0
303223630 174 14
303223619 4 0
303223617 2 0
303223614 5 1
303223610 3 55
303223606 3 0
303223596 0 0
303223586 9 2
303223584 5 0
303223577 0 0
303223565 6 0
303223563 12 0
303223561 9 1
303223555 4 1
303223549 0 0
303223547 9 1
303223545 9 0
303223536 17 1
303223532 328 4
303223522 1 0
303223519 8 0
303223511 1 0
303223503 6 1
303223498 6 1
303223487 0 0
303223470 495 9
303223465 7 0
303223453 2 54
303223441 139 2
303223439 1 0
303223430 4 0
303223428 4 0
303223418 2 0
303223394 1153 44
303223392 10 0
303223391 11 1
303223390 526 9
303223378 3 1
303223367 1 7
303223365 3 0
303223363 2 51
303223359 0 0
303223355 1 0
303223346 276 3
303223340 4 0
303223327 3 0
303223322 2 0
303223310 5 0
303223301 12 0
303223297 6 0
303223294 8 0
303223293 19 2
303223286 993 32
303223285 4 1
303223284 1 0
303223282 4 0
303223281 4 0
303223277 18 5
303223276 1 0
303223270 11 0
303223267 13 0
303223266 10 0
303223263 0 0
303223257 2 0
303223254 136 4
303223251 3 0
303223250 2 0
303223240 2 0
303223215 3 0
303223210 2 40
303223193 11 0
303223187 2 0
303223186 3 0
303223179 0 0
303223163 4 5
303223156 3 1
303223143 0 0
303223141 0 0
303223122 3 0
303223120 9 1
303223105 0 0
303223100 9 3
303223092 11 0
303223088 12 17
303223078 2 0
303223076 0 0
303223072 4 59
303223051 8 0
303223049 0 0
303223044 0 0
303223043 2 0
303223029 1 0
303223018 3 1
303223015 4 2
303223012 0 0
303222995 10 0
303222983 15 0
303222980 12 0
303222979 1 0
303222978 1 4
303222975 5 0
303222969 2 76
303222961 2 0
303222923 3 0
303222922 14 1
303222913 12 0
303222912 7 0
303222907 9 0
303222893 0 0
303222892 11 0
303222880 7 0
303222874 10 0
303222867 4 0
303222863 5 0
303222859 9 0
303222855 1 0
303222848 13 1
303222842 1 0
303222832 2 0
303222831 11 1
303222827 80 2
303222811 2 57
303222804 3 0
303222803 13 0
303222793 0 0
303222782 11 0
303222781 2 0
303222772 2 0
303222770 2 0
303222766 4 0
303222759 7 0
303222758 2 0
303222727 0 0
303222725 4 0
303222721 9 1
303222716 1520 42
303222714 6 0
303222706 75 26
303222701 2 0
303222697 2 0
303222691 11 0
303222678 2 0
303222676 13 0
303222667 2115 127
303222661 9 0
303222654 12 2
303222640 169 4
303222632 1 0
303222625 22 0
303222623 7 0
303222622 1 0
303222611 1 0
303222590 2 0
303222585 7 19
303222582 14 2
303222579 10 1
303222573 16 0
303222563 1 0
303222562 0 0
303222561 0 0
303222560 0 0
303222555 0 0
303222553 3 0
303222538 5 0
303222536 4 0
303222511 0 0
303222500 15 0
303222484 2 0
303222476 9 0
303222473 7 0
303222467 2 6
303222466 12 0
303222460 6 0
303222440 10 0
303222431 10 0
303222424 3 0
303222421 0 0
303222420 0 0
303222416 18 5
303222412 0 0
303222410 0 0
303222402 7 1
303222392 4 1
303222391 10 0
303222390 4 0
303222383 0 0
303222379 0 0
303222376 6 1
303222369 12 0
303222365 6 0
303222359 5 2
303222355 5 3
303222348 211 4
303222340 1 0
303222337 1130 33
303222336 2 0
303222333 3 4
303222317 9 0
303222302 6 0
303222294 9 0
303222288 6 2
303222287 12 0
303222286 4 0
303222281 5 0
303222275 10 0
303222274 6 0
303222267 0 0
303222256 5 1
303222252 9 0
303222249 3 0
303222234 6 2
303222230 6 1
303222229 0 1
303222228 0 0
303222226 0 0
303222224 0 0
303222214 1 0
303222211 1 0
303222210 6 0
303222200 11 0
303222185 1 0
303222166 14 0
303222162 196 4
303222152 0 0
303222148 0 0
303222143 6 0
303222138 0 0
303222128 12 0
303222127 2 0
303222123 1 0
303222122 4 0
303222119 0 0
303222107 10 0
303222096 5 1
303222093 1 1
303222087 95 3
303222079 1 0
303222077 289 9
303222072 12 0
303222067 3 0
303222063 3 2
303222052 1 0
303222046 10 0
303222045 5 0
303222042 1 0
303222040 0 0
303222030 5 0
303222027 4 27
303222022 8 0
303222004 1553 58
303222000 9 0
303221995 90 2
303221990 11 0
303221988 2 0
303221987 3282 157
303221977 12 0
303221976 9 0
303221973 0 0
303221972 1 1
303221969 3 2
303221956 0 0
303221943 0 0
303221940 4 1
303221939 14 0
303221927 1 0
303221922 4 0
303221918 0 0
303221914 0 0
303221904 2534 80
303221889 2 0
303221868 0 0
303221866 10 1
303221865 2 0
303221861 2 0
303221856 198 2
303221850 12 0
303221840 17 2
303221837 0 1
303221831 250 6
303221830 0 0
303221826 2 4
303221825 7 0
303221824 0 0
303221820 9 0
303221819 0 0
303221818 7 0
303221817 8 0
303221816 1 0
303221814 9 0
303221807 0 0
303221806 5 0
303221805 1 16
303221804 3 0
303221803 2 0
303221800 5 1
303221799 17 1
303221796 12 1
303221794 2 0
303221793 426 8
303221789 5 6
303221782 5 0
303221774 0 0
303221772 6 3
303221765 1 0
303221748 2 0
303221745 0 0
303221738 847 55
303221737 0 0
303221735 8 0
303221727 0 0
303221724 466 4
303221722 13 0
303221715 0 0
303221713 1 0
303221704 0 0
303221702 0 1
303221691 11 1
303221680 7 2
303221674 1 3
303221673 11 1
303221665 10 0
303221660 5 0
303221658 7 1
303221655 0 0
303221644 1 1
303221643 1 0
303221642 4 1
303221640 130 3
303221616 0 0
303221615 8 0
303221612 12 1
303221589 9 0
303221580 11 0
303221571 0 0
303221568 4 0
303221567 1 7
303221554 13 0
303221552 2 0
303221551 0 0
303221543 6 0
303221540 2 0
303221524 11 0
303221521 10 0
303221520 17 0
303221516 145 5
303221507 3 0
303221497 239 5
303221494 2228 63
303221493 5 0
303221485 10 0
303221483 167 9
303221478 10 0
303221469 4 0
303221467 4 0
303221464 0 0
303221462 3 0
303221452 1 3
303221440 0 8
303221438 7 0
303221432 15 0
303221429 5 2
303221428 0 0
303221423 4 1
303221420 0 0
303221412 1 1
303221411 7 0
303221408 1582 41
303221407 1 1
303221404 15 0
303221403 1 0
303221399 4 0
303221394 0 0
303221384 9 0
303221382 3 0
303221373 0 0
303221372 0 0
303221368 2 0
303221365 4988 186
303221358 0 5
303221357 2 2
303221354 1 1
303221348 4 1
303221344 6 1
303221339 16 18
303221337 12 1
303221335 1 1
303221333 5 1
303221324 6 2
303221320 0 1
303221318 3 2
303221313 8 1
303221312 2 0
303221309 14 3
303221308 5 0
303221306 0 0
303221305 0 0
303221297 7 0
303221293 8 0
303221292 2 0
303221290 0 0
303221286 8 0
303221285 5 0
303221279 5 0
303221277 2653 157
303221276 1 0
303221275 3 0
303221273 6 1
303221272 6 0
303221270 0 0
303221266 4 0
303221265 3 0
303221253 4 0
303221245 3 0
303221244 2 0
303221242 8 0
303221237 3 1
303221233 1 0
303221230 2 0
303221224 5 0
303221221 3 0
303221214 3072 76
303221203 7 1
303221198 11 1
303221196 2 1
303221192 2 1
303221190 8 1
303221182 1 1
303221181 7 1
303221180 0 1
303221177 7 1
303221175 6 1
303221174 0 1
303221169 381 6
303221168 8 1
303221163 6 1
303221151 1157 39
303221150 4 2
303221146 0 2
303221142 9 4
303221141 2 14
303221139 0 1
303221138 2 14
303221132 7 1
303221124 0 2
303221115 1 1
303221113 1 1
303221111 4 7
303221108 5 1
303221107 4 1
303221092 6 2
303221091 0 1
303221090 228 4
303221089 1 1
303221088 8 1
303221085 0 3
303221078 1 1
303221074 3 1
303221071 1 1
303221069 0 6
303221068 1 1
303221064 10 1
303221059 1 1
303221048 0 1
303221046 0 2
303221033 2 1
303221031 0 1
303221028 0 1
303221015 6 1
303221009 2 20
303221008 6 1
303221006 6 2
303221005 9 4
303221002 2 1
303220995 7 1
303220993 1 1
303220992 1 1
303220988 2 2
303220984 0 1
303220982 2 2
303220967 2 1
303220962 0 1
303220954 0 1
303220953 2 1
303220945 5 2
303220937 1 4
303220925 1 1
303220910 0 1
303220907 3 1
303220903 5 1
303220894 0 1
303220892 1 1
303220891 2 1
303220887 2 1
303220886 5 1
303220881 3 1
303220874 0 1
303220873 6 1
303220869 5 2
303220857 5 1
303220854 2 2
303220851 4 2
303220847 0 0
303220845 4 2
303220825 3 0
303220802 4 1
303220787 6 0
303220781 0 0
303220780 1 1
303220777 1 20
303220776 0 0
303220761 0 0
303220759 3 0
303220751 4 1
303220727 1 1
303220716 3 0
303220707 1 0
303220702 2 1
303220700 1 1
303220695 244 7
303220687 0 0
303220686 1 3
303220679 4 0
303220677 11 52
303220675 2 0
303220674 5 1
303220672 1 1
303220669 4 1
303220658 3 0
303220643 1 0
303220641 2 0
303220638 4 1
303220627 4 0
303220602 5 1
