303955151 0 0
303955131 0 0
303950133 1 0
303949841 0 0
303949839 0 0
303941068 0 0
303940165 1 0
303939781 0 0
303865366 0 1
303865363 0 0
303865019 0 0
303862510 1 0
303862494 0 0
303862486 3 0
303857803 0 0
303857769 2 0
303857768 3 0
303804778 0 0
303804033 2 0
303744247 2 0
303744239 2 0
303743310 3 0
303742642 0 0
303740668 3 0
303719256 0 0
303664406 3 0
303663666 0 0
303662135 5 1
303603669 3 0
303586944 3 0
303579449 0 3
303579447 0 3
303579443 0 3
303579241 2 0
303506882 7 0
303504767 3 1
303500923 3 0
303500518 0 0
303498138 5 0
303489982 1 0
303421494 0 0
303412727 7 0
303412503 4 0
303407659 1 0
303325907 18 0
303325478 0 1
303325043 1 1
303267505 0 0
303262453 0 4
303251010 2 1
303250599 0 0
303250271 0 0
303247408 0 0
303239214 2 0
303157963 3 1
303079663 5 0
303079658 2 0
303078446 0 0
303066638 5 0
303008066 2 1
303000035 8 0
302979898 5 12
302979457 6 0
302979027 1 1
302978485 1 1
302893217 5 0
302892980 0 0
302890115 0 0
302889548 6 0
302883874 0 0
302883872 0 0
302880785 0 0
302880553 1 0
302879840 16 0
302879778 11 1
302871561 2 0
302861146 6 1
302843144 1 1
302818479 0 0
302815206 0 0
302812566 0 2
302812246 11 1
302810731 4 1
302810071 1 0
302809495 4 2
302807497 15 1
302807494 4 0
302806996 2 0
302806972 3 0
302776203 0 0
302775841 7 0
302745931 3 1
302730487 9 0
302726530 0 0
302725552 2 1
302724816 0 0
302724785 0 0
302712314 11 0
302645475 5 1
302642285 3 2
302634941 8 0
302634483 5 0
302610293 20 0
302610286 7 0
302599443 4 1
302599380 0 0
302570449 0 0
302570332 4 0
302569973 1 1
302568012 5 0
302567138 0 0
302566378 4 1
302565828 1 22
302561515 18 13
302547062 4 0
302524611 28 2
302523701 1 0
302523693 1 0
302497893 2 22
302497843 2 0
302497803 1 0
302496873 1 1
302496055 17 0
302490832 7 0
302490197 1 0
302489977 18 0
302489196 0 0
302487744 2 0
302453086 15 7
302438074 0 1
302412587 5 35
302411488 12 7
302411127 4 0
302411056 47 1
302410999 12 6
302410968 25 1
302410967 8 4
302410951 0 0
302410927 0 0
302409336 8 4
302404078 1 7
302401388 11 7
302401327 13 8
302400981 12 0
302400963 0 0
302400552 14 2
302400189 2 2
302366091 0 6
302347217 0 0
302330554 9 1
302314908 2 0
302314059 3 0
302312460 1 0
302310581 2 1
302310311 2 0
302308209 3 0
302306716 1 0
302305416 0 0
302305380 3 1
302303071 4 0
302278607 0 0
302277861 1 0
302277252 5 0
302274303 6 0
302265610 3 0
302260573 13 1
302260567 8 0
302251321 15 0
302249541 1 9
302246909 9 2
302238786 13 28
302238602 6 22
302238241 10 4
302237850 1 1
302237839 1 0
302237596 8 6
302237080 5 0
302236847 3 1
302232788 1 0
302230585 3 0
302228854 3 13
302227802 30 6
302221415 7 1
302219074 14 4
302201448 3 1
302201390 3 6
302191994 5 0
302190397 5 47
302189614 5 2
302183335 6 5
302183294 9 1
302179451 11 0
302179446 1 0
302178437 7 0
302176095 0 0
302175196 0 0
302175190 2 0
302175155 4 1
302175108 4 0
302174947 2 0
302174495 0 0
302174403 0 0
302174401 9 0
302174014 7 1
302173660 2 0
302172305 9 1
302171078 2 5
302164478 0 0
302145186 0 0
302143802 7 1
302137416 7 1
302137400 1 0
302125896 7 2
302125766 0 0
302125392 3 0
302124345 8 1
302120144 12 1
302119961 5 41
302119576 0 0
302118895 25 5
302117029 4 2
302116050 6 2
302111456 2 0
302110133 1 1
302101330 14 0
302093839 6 0
302085462 8 1
302082487 2 0
302081941 2 0
302081222 3 0
302078558 0 0
302078540 5 32
302078429 2 0
302078275 33 0
302078274 3 2
302078271 6 1
302078254 1 0
302078249 14 0
302077195 4 3
302076921 3 0
302076817 0 0
302075223 10 1
302074994 0 0
302074376 7 0
302073700 4 1
302073422 1 1
302073371 21 3
302073283 48 0
302073275 9 4
302072899 0 0
302072894 0 0
302072870 6 2
302072044 5 1
302071869 7 2
302071730 3 0
302070159 0 0
302070127 33 2
302069329 1 0
302065017 11 2
302064109 5 5
302063627 3 0
302060405 1 0
302055706 6 0
302049344 0 0
302040636 3 6
302040100 5 0
302035807 3 0
302035521 5 4
302035511 3 2
302033330 9 0
302032474 9 0
302031478 7 2
302031453 3 28
302030980 0 0
302030968 0 0
302030866 11 2
302030137 10 3
302029292 21 0
302029291 50 9
302029232 3 1
302028403 6 0
302028393 2 31
302028261 8 4
302027134 4 2
302026947 5 1
302024307 4 0
302019469 13 8
302016166 2 0
302015246 12 0
302014020 33 2
302013117 15 4
302012541 3 0
302007951 0 2
301991692 14 2
301976520 2 24
301976473 18 2
301976032 6 1
301975568 12 21
301973586 10 6
301972202 2 0
301972131 20 1
301972010 18 4
301971744 5 3
301971524 11 1
301971460 4 3
301971260 19 0
301971148 2 0
301971137 5 2
301971061 0 0
301970899 0 0
301970449 4 3
301970445 2 0
301970403 3 1
301970359 25 12
301970353 13 5
301970349 0 0
301970325 0 0
301969547 6 1
301969520 0 0
301968848 2 2
301968821 31 7
301967864 1 0
301967768 4 12
301967516 3 0
301967508 5 1
301967499 31 3
301967386 20 1
301967265 1 0
301967246 4 0
301967038 10 0
301966915 22 1
301966780 17 1
301966691 52 0
301966657 6 0
301966317 3 2
301966150 13 3
301966021 11 0
301965885 14 4
301965883 8 0
301965852 12 3
301965760 0 0
301965747 7 2
301965704 3 0
301965437 26 2
301965431 1 0
301965429 6 0
301965290 28 0
301965242 1 23
301964977 6 0
301964900 30 1
301964871 4 0
301964865 24 5
301964658 0 0
301964649 5 0
301964405 13 85
301964401 3 0
301964327 14 2
301964279 2 0
301964275 11 0
301964274 2 2
301964230 4 15
301963918 3 3
301963517 5 0
301963464 21 1
301963235 10 0
301963226 0 0
301963161 13 0
301963007 8 1
301962837 0 0
301962762 7 0
301962444 26 3
301962332 15 0
301962307 4 86
301961714 5 0
301961584 15 3
301961316 2 0
301961246 3 0
301961116 3 0
301961077 7 0
301961060 1 0
301960958 2 6
301960164 0 0
301958676 13 0
301954966 14 0
301954607 38 5
301954215 1 0
301953822 0 0
301953523 38 2
301953520 6 1
301953490 7 41
301953329 12 1
301953324 25 0
301953277 0 0
301952933 2 27
301952839 0 10
301952215 8 55
301952083 4 0
301942730 5 0
301940981 6 2
301938711 2 0
301936046 25 0
301934720 32 3
301934701 4 0
301934469 0 0
301926191 13 1
301926107 0 0
301925852 0 0
301925126 3 5
301925041 0 1
301924988 8 1
301924937 6 1
301924850 14 2
301924592 10 0
301924497 30 1
301924445 0 0
301924271 7 0
301923841 5 0
301923814 8 21
301923660 1 1
301923274 5 2
301923042 2 5
301920973 3 0
301920686 9 0
301920679 30 1
301920646 1 1
301920621 1 0
301920516 13 37
301920500 6 0
301920495 8 12
301920449 4 27
301920448 9 1
301920422 6 4
301920386 5 1
301920385 4 0
301920363 18 2
301920342 33 1
301920328 2 2
301920320 34 4
301920314 27 2
301920312 6 3
301920239 0 0
301920129 37 3
301920105 4 0
301920098 5 1
301920095 6 0
301920067 37 4
301920055 0 0
301919994 5 2
301919984 17 1
301919982 13 1
301919969 3 1
301919968 11 1
301919952 6 1
301919918 0 0
301919908 43 3
301919904 13 2
301919894 6 0
301919890 8 1
301919888 22 2
301919819 6 0
301919749 1 0
301919743 8 1
301919677 19 1
301919601 0 0
301919570 1 0
301919563 8 7
301919533 20 0
301919478 29 1
301919460 0 0
301919392 5 1
301919377 7 4
301919229 0 0
301919188 7 2
301919176 11 1
301919136 5 1
301919134 14 1
301919029 24 2
301919028 75 2
301918986 3 0
301918956 6 0
301918850 1 1
301918833 19 3
301918809 8 1
301918727 16 3
301918698 7 9
301918659 11 0
301918637 59 5
301918635 41 1
301918553 0 4
301918545 2 0
301918527 0 5
301918480 1 8
301918469 19 0
301918404 2 1
301918343 6 40
301918291 0 11
301918290 11 1
301918241 2 7
301918165 18 3
301918156 3 1
301918151 0 1
301918148 2 1
301918147 1 0
301918136 15 3
301918060 2 2
301918038 0 0
301917992 0 0
301917936 19 1
301917922 23 0
301917889 18 1
301917840 3 9
301917836 40 1
301917832 7 0
301917644 17 1
301917635 1 4
301917426 7 0
301917297 15 6
301917090 4 0
301916865 12 0
301916629 3 1
301916592 3 0
301916572 2 1
301916521 6 0
301915967 3 2
301915865 41 0
301915621 5 0
301915593 17 2
301915556 0 0
301915450 6 15
301915425 7 0
301915424 2 0
301915423 10 0
301915421 13 2
301915418 5 1
301915415 2 0
301915412 9 17
301915409 10 3
301915404 19 1
301915400 16 2
301915398 7 1
301915395 27 7
301915391 4 19
301915376 0 1
301915372 22 3
301915371 0 0
301915370 23 2
301915368 12 1
301915356 1 0
301915353 9 1
301915351 10 14
301915339 7 6
301915338 3 0
301915336 0 0
301915331 0 1
301915323 4 26
301915316 19 3
301915307 1 27
301915306 0 29
301915304 2 1
301915297 1 1
301915291 2 0
301915289 5 55
301915285 19 3
301915281 33 6
301915230 25 4
301915228 0 0
301915208 11 1
301915200 14 1
301915192 0 0
301915191 16 2
301915175 2 0
301915172 18 2
301915169 1 0
301915158 30 5
301915148 0 0
301915142 3 3
301915120 1 0
301915114 1 0
301915099 0 0
301915032 2 2
301915029 12 6
301915020 0 0
301915019 3 0
301915016 1 1
301915013 8 4
301915000 29 1
301914994 0 0
301914990 17 3
301914988 4 0
301914986 2 1
301914973 11 5
301914967 22 0
301914964 16 0
301914962 0 4
301914958 19 2
301914949 3 0
301914943 3 0
301914942 5 0
301914940 1 0
301914938 1 39
301914937 0 5
301914936 22 1
301914916 1 0
301914915 2 2
301914913 1 27
301914906 0 3
301914903 3 1
301914896 0 0
301914887 0 0
301914885 1 0
301914879 11 43
301914876 8 0
301914874 50 0
301914872 0 0
301914864 2 1
301914844 2 2
301914824 3 0
301914823 18 0
301914817 11 4
301914806 49 5
301914805 1 25
301914798 11 1
301914775 28 4
301914752 1 1
301914750 26 4
301914747 3 0
301914741 39 6
301914739 14 6
301914731 4 0
301914723 15 0
301914718 0 3
301914715 1 0
301914701 12 1
301914683 0 2
301914654 9 0
301914645 4 1
301914639 6 0
301914637 18 7
301914636 4 0
301914634 8 1
301914631 44 4
301914626 21 5
301914623 9 14
301914617 1 2
301914616 16 4
301914611 0 1
301914607 3 1
301914598 0 1
301914597 0 1
301914596 57 22
301914595 0 1
301914593 8 4
301914592 13 24
301914588 5 18
301914582 10 0
301914580 4 11
301914576 0 22
301914575 11 16
301914570 3 5
301914560 2 0
301914556 14 5
301914551 11 6
301914538 8 1
301914536 12 3
301914530 14 0
301914526 12 6
301914521 2 16
301914520 0 0
301914514 7 0
301914504 1 14
301914502 14 7
301914501 3 1
301914492 13 6
301914490 4 0
301914487 12 5
301914482 19 0
301914477 9 21
301914472 4 18
301914469 70 8
301914458 13 9
301914455 1 2
301914451 1 1
301914448 3 0
301914445 11 5
301914431 11 35
301914427 0 0
301914425 4 8
301914423 14 7
301914421 13 5
301914420 5 2
301914416 21 5
301914415 14 4
301914414 5 21
301914410 0 0
301914408 12 2
301914401 0 0
301914399 0 0
301914391 2 0
301914390 1 0
301914384 35 1
301914382 2 0
301914380 14 1
301914379 2 0
301914376 6 0
301914367 0 0
301914357 0 1
301914345 3 29
301914344 39 2
301914340 13 1
301914331 1 0
301914329 13 2
301914319 11 2
301914318 6 0
301914310 22 3
301914307 10 4
301914301 7 0
301914299 7 5
301914298 0 0
301914293 0 5
301914284 1 1
301914275 5 6
301914274 1 22
301914271 18 1
301914270 11 5
301914267 3 0
301914266 1 0
301914265 7 0
301914262 0 0
301914259 10 19
301914258 6 9
301914252 5 7
301914249 1 0
301914248 3 12
301914245 9 7
301914244 2 19
301914237 7 4
301914236 8 1
301914235 46 7
301914231 8 1
301914229 82 2
301914228 14 1
301914201 5 18
301914199 4 2
301914196 6 0
301914192 1 0
301914184 9 5
301914173 7 18
301914170 5 0
301914154 3 18
301914152 1 4
301914145 14 6
301914144 1 2
301914142 2 26
301914139 0 2
301914138 8 7
301914137 5 0
301914136 1 0
301914135 11 0
301914133 6 28
301914131 11 3
301914130 12 0
301914126 0 0
301914125 10 22
301914121 11 2
301914112 4 0
301914110 8 1
301914106 0 0
301914104 0 0
301914101 0 0
301914096 4 17
301914094 1 1
301914088 1 0
301914086 11 5
301914083 18 22
301914081 13 7
301914079 11 0
301914076 5 18
301914074 28 1
301914072 30 0
301914070 2 0
301914068 13 4
301914063 13 0
301914053 13 1
301914052 7 3
301914051 1 0
301914049 8 3
301914046 5 14
301914040 0 0
301914037 9 11
301914035 3 1
301914033 11 0
301914030 0 0
301914023 7 1
301914018 5 31
301914011 1 0
301914008 11 22
301914007 17 3
301914003 8 3
301914002 39 8
301914000 5 5
301913999 18 1
301913993 22 7
301913992 0 2
301913991 13 5
301913988 3 6
301913983 8 3
301913982 10 14
301913978 12 3
301913976 3 7
301913975 2 1
301913974 4 13
301913973 9 2
301913971 4 16
301913970 0 5
301913969 7 19
301913968 0 2
301913965 2 0
301913962 11 0
301913961 1 2
301913951 10 1
301913950 20 2
301913949 0 0
301913945 2 0
301913942 0 0
301913929 8 0
301913927 1 3
301913926 6 0
301913924 9 0
301913923 5 3
301913921 0 0
301913916 8 1
301913907 3 14
301913903 2 1
301913901 39 0
301913896 0 2
301913892 12 6
301913890 36 0
301913888 0 5
301913886 1 0
301913885 8 0
301913877 18 0
301913875 0 0
301913872 2 0
301913871 0 0
301913869 13 2
301913867 6 1
301913865 2 8
301913858 7 2
301913853 1 0
301913849 1 0
301913848 8 1
301913846 8 1
301913838 0 0
301913835 9 9
301913834 0 0
301913833 1 0
301913831 0 1
301913830 18 16
301913828 8 1
301913823 6 0
301913821 9 1
301913819 4 0
301913815 0 0
301913811 1 0
301913804 9 1
301913803 11 0
301913801 2 0
301913800 10 1
301913796 15 0
301913790 12 1
301913787 0 0
301913782 8 2
301913781 27 0
301913774 8 0
301913771 26 0
301913766 9 6
301913763 19 0
301913759 8 2
301913758 6 14
301913757 16 2
301913752 21 3
301913744 6 3
301913743 1 1
301913733 10 1
301913729 10 2
301913728 21 2
301913727 3 1
301913726 1 0
301913725 5 2
301913723 2 2
301913712 11 0
301913707 2 1
301913704 0 0
301913700 24 0
301913698 10 2
301913695 3 30
301913688 6 1
301913680 0 2
301913679 10 4
301913675 5 5
301913671 6 1
301913670 0 0
301913663 1 2
301913662 9 2
301913649 0 0
301913647 1 0
301913646 3 0
301913645 2 1
301913641 15 2
301913629 12 1
301913627 3 17
301913624 9 2
301913622 4 2
301913620 1 2
301913616 4 11
301913612 2 22
301913605 1 0
301913604 0 1
301913601 3 2
301913599 0 2
301913597 4 1
301913595 26 3
301913592 0 1
301913583 3 1
301913581 1 0
301913579 10 4
301913572 0 2
301913564 0 22
301913555 13 3
301913545 0 25
301913544 1 27
301913528 6 0
301913526 0 1
301913525 7 9
301913523 10 2
301913520 5 2
301913519 11 3
301913515 11 10
301913507 0 1
301913496 2 2
301913487 2 26
301913484 0 1
301913480 3 16
301913479 1 2
301913478 2 12
301913470 0 1
301913469 2 0
301913466 0 1
301913465 2 1
301913461 1 29
301913460 3 9
301913452 8 2
301913449 1 0
301913446 4 16
301913444 10 4
301913443 0 2
301913442 11 4
301913435 0 1
301913429 7 38
301913428 28 5
301913427 4 32
301913417 14 6
301913415 18 1
301913411 5 4
301913410 3 1
301913397 6 3
301913394 4 3
301913389 1 0
301913380 7 1
301913376 3 1
301913364 7 3
301913356 17 5
301913349 2 0
301913344 35 3
301913342 2 1
301913340 5 2
301913339 11 5
301913338 1 0
301913335 2 0
301913333 8 1
301913332 9 3
301913331 11 2
301913329 3 1
301913319 35 2
301913313 4 1
301913309 26 3
301913306 6 4
301913305 7 1
301913301 3 1
301913300 0 0
301913298 2 0
301913295 11 4
301913293 5 0
301913291 3 0
301913290 0 4
301913289 0 1
301913282 13 5
301913279 0 6
301913269 2 0
301913267 12 1
301913266 3 0
301913260 14 4
301913257 10 8
301913254 4 0
301913251 3 3
301913250 14 2
301913247 2 0
301913243 3 0
301913242 28 7
301913240 0 4
301913234 4 34
301913233 6 4
301913229 3 1
301913221 4 31
301913218 1 10
301913215 4 0
301913211 14 3
301913209 2 1
301913206 24 1
301913202 5 1
301913197 2 21
301913196 11 5
301913190 4 1
301913189 6 1
301913185 0 1
301913176 5 8
301913175 0 2
301913162 20 7
301913158 6 35
301913154 8 17
301913149 0 1
301913146 0 1
301913136 13 4
301913132 0 1
301913126 7 0
301913125 14 5
301913119 5 1
301913117 1 1
301913102 4 36
301913098 35 0
301913094 0 0
301913093 1 0
301913090 0 0
301913088 7 0
301913086 16 5
301913085 2 1
301913071 7 1
301913069 16 7
301913066 0 0
301913064 16 2
301913061 7 34
301913048 9 33
301913044 1 0
301913043 0 0
301913042 29 3
301913039 11 1
301913028 2 0
301913024 7 1
301913022 19 6
301913013 16 3
301913009 10 36
301913005 1 2
301912994 17 3
301912984 20 2
301912983 1 0
301912974 17 2
301912973 18 1
301912972 3 0
301912962 11 12
301912960 19 29
301912954 8 0
301912949 14 5
301912943 0 0
301912941 20 0
301912937 7 0
301912926 0 0
301912923 1 0
301912921 7 56
301912909 1 3
301912908 5 1
301912907 19 1
301912897 5 0
301912883 7 0
301912881 0 0
301912874 14 2
301912871 28 0
301912867 11 4
301912864 13 6
301912859 0 3
301912858 6 0
301912839 3 0
301912837 7 1
301912834 4 0
301912833 13 6
301912827 25 2
301912821 1 0
301912818 32 21
301912816 8 35
301912815 6 0
301912814 12 16
301912813 1 1
301912810 3 0
301912807 7 15
301912804 1 2
301912798 17 6
301912792 0 0
301912791 15 14
301912787 2 0
301912786 0 0
301912784 2 0
301912773 1 71
301912767 8 0
301912762 3 4
301912761 3 0
301912757 18 14
301912754 16 17
301912753 1 1
301912749 12 16
301912748 4 0
301912746 54 2
301912744 17 46
301912739 14 6
301912727 3 0
301912724 7 4
301912722 9 3
301912721 19 6
301912716 12 4
301912713 20 7
301912712 12 3
301912710 16 4
301912709 0 0
301912700 0 38
301912698 3 29
301912696 18 0
301912695 3 24
301912694 16 1
301912693 1 11
301912686 9 7
301912685 6 27
301912682 6 0
301912680 0 2
301912677 10 6
301912669 10 4
301912668 5 0
301912663 11 4
301912661 0 1
301912653 1 0
301912651 6 3
301912649 3 2
301912645 9 3
301912643 5 3
301912641 7 2
301912640 4 2
301912639 4 2
301912635 5 4
301912632 12 0
301912631 27 9
301912629 9 18
301912627 11 0
301912626 5 1
301912622 3 17
301912620 2 55
301912619 9 2
301912618 7 0
301912617 3 0
301912613 4 21
301912610 2 0
301912607 17 0
301912602 10 0
301912597 14 11
301912593 0 0
301912588 11 0
301912583 11 6
301912581 2 0
301912580 10 5
301912577 6 1
301912576 2 25
301912567 3 4
301912556 8 9
301912555 10 7
301912546 6 0
301912536 0 0
301912534 2 1
301912533 8 3
301912529 3 5
301912528 0 0
301912527 6 1
301912524 3 0
301912523 3 0
301912521 1 1
301912520 17 8
301912517 0 3
301912516 21 5
301912514 45 10
301912511 2 3
301912508 3 0
301912507 3 0
301912506 19 1
301912502 7 0
301912500 1 0
301912492 3 0
301912489 2 0
301912488 9 45
301912487 5 33
301912484 2 0
301912479 17 4
301912478 16 3
301912468 4 0
301912464 2 0
301912463 2 0
301912460 8 3
301912459 4 34
301912456 0 2
301912452 50 9
301912448 11 4
301912443 17 5
301912442 3 20
301912436 0 3
301912435 6 0
301912434 0 1
301912431 3 0
301912430 5 1
301912428 9 1
301912427 5 7
301912424 34 0
301912423 2 0
301912419 5 2
301912416 12 12
301912415 3 35
301912414 25 0
301912408 0 0
301912398 2 1
301912394 0 0
301912393 0 0
301912391 17 3
301912388 1 1
301912385 0 0
301912382 4 0
301912380 11 1
301912378 0 8
301912376 12 0
301912375 20 6
301912373 19 8
301912372 268 25
301912369 10 1
301912364 0 0
301912361 0 0
301912359 8 0
301912355 3 0
301912352 40 12
301912351 11 0
301912348 1 0
301912333 17 5
301912330 21 7
301912329 22 2
301912327 4 37
301912323 14 0
301912322 0 1
301912320 2 0
301912317 25 13
301912316 0 0
301912314 18 5
301912313 0 0
301912311 9 38
301912307 6 38
301912304 0 1
301912300 47 1
301912296 2 0
301912295 0 1
301912282 0 0
301912277 16 13
301912272 1 1
301912266 16 3
301912263 25 1
301912259 0 1
301912258 84 10
301912257 5 2
301912252 9 5
301912248 33 3
301912247 4 3
301912244 11 8
301912240 5 28
301912239 13 72
301912235 10 67
301912233 1 0
301912231 0 0
301912230 25 5
301912228 33 0
301912225 7 36
301912223 17 12
301912221 1 1
301912217 5 31
301912213 7 1
301912208 49 12
301912207 0 1
301912204 6 2
301912203 20 3
301912199 1 2
301912196 1 3
301912193 24 2
301912192 13 4
301912191 13 7
301912189 1 3
301912186 7 36
301912182 10 1
301912179 3 7
301912177 8 39
301912173 0 1
301912171 9 74
301912170 3 1
301912167 28 7
301912165 10 2
301912164 13 2
301912161 21 0
301912159 0 0
301912142 8 1
301912140 15 5
301912139 5 32
301912135 16 3
301912133 10 4
301912126 12 1
301912119 13 1
301912116 7 0
301912115 15 18
301912113 13 2
301912111 3 0
301912104 6 11
301912102 4 2
301912101 2 0
301912099 3 0
301912098 15 0
301912090 62 2
301912087 23 5
301912078 1 1
301912077 0 3
301912076 15 5
301912073 25 4
301912071 2 1
301912068 4 1
301912066 1 1
301912059 2 1
301912054 0 1
301912053 11 1
301912050 1 2
301912049 9 1
301912048 17 2
301912047 0 0
301912045 15 4
301912040 1 0
301912039 2 0
301912036 1 0
301912035 8 5
301912028 16 1
301912026 1 12
301912022 0 6
301912021 16 1
301912020 0 5
301912019 2 1
301912018 3 1
301912017 0 0
301912016 0 0
301912013 21 5
301912011 0 0
301912006 0 0
301912005 24 9
301912002 7 1
301912000 15 0
301911996 0 1
301911995 0 0
301911994 10 5
301911993 4 1
301911978 7 16
301911977 10 0
301911976 21 5
301911970 11 4
301911963 15 1
301911956 0 0
301911952 3 29
301911948 22 0
301911947 17 0
301911946 8 0
301911944 0 0
301911942 2 38
301911936 21 0
301911935 12 3
301911933 61 3
301911932 5 1
301911931 21 3
301911930 1 0
301911926 42 2
301911925 8 1
301911924 8 0
301911923 7 0
301911922 4 32
301911921 0 13
301911919 5 30
301911917 1 1
301911910 7 0
301911909 9 0
301911906 23 4
301911904 17 0
301911903 15 0
301911900 0 1
301911896 4 2
301911893 0 0
301911884 11 0
301911883 26 8
301911879 0 0
301911877 30 9
301911876 0 3
301911871 10 0
301911870 26 5
301911868 17 7
301911866 9 0
301911857 0 0
301911853 9 16
301911851 5 55
301911850 14 2
301911849 16 0
301911847 0 1
301911838 24 5
301911835 21 4
301911834 1 0
301911832 3 0
301911831 5 62
301911829 25 6
301911824 7 0
301911823 7 41
301911821 17 4
301911820 10 7
301911819 16 5
301911818 10 0
301911816 4 34
301911815 6 0
301911813 9 52
301911812 4 43
301911810 0 0
301911804 21 3
301911803 16 7
301911797 6 47
301911794 4 7
301911793 5 2
301911788 11 3
301911781 20 5
301911780 17 10
301911772 10 0
301911770 2 0
301911766 12 8
301911765 14 4
301911764 2 0
301911763 28 6
301911761 8 41
301911760 242 7
301911758 1 0
301911755 0 0
301911753 7 0
301911751 6 0
301911749 17 5
301911748 15 7
301911747 2 1
301911744 0 0
301911742 10 2
301911741 2 54
301911740 6 0
301911739 11 0
301911736 1 0
301911735 13 4
301911733 8 0
301911730 5 2
301911726 0 0
301911723 3 0
301911722 9 2
301911719 11 2
301911718 0 1
301911717 0 1
301911710 17 9
301911709 22 6
301911707 8 2
301911705 11 7
301911704 13 1
301911702 2 36
301911701 11 8
301911698 22 3
301911695 1 2
301911693 4 10
301911691 7 58
301911689 11 6
301911687 22 3
301911684 7 50
301911682 1 0
301911681 5 31
301911676 26 4
301911674 10 36
301911669 12 1
301911665 0 0
301911664 29 10
301911663 37 26
301911662 17 2
301911657 2 0
301911655 23 1
301911652 0 0
301911649 26 2
301911648 0 5
301911647 16 9
301911646 5 3
301911645 43 6
301911642 3 0
301911640 0 0
301911639 6 30
301911638 24 4
301911630 21 1
301911629 0 0
301911627 9 6
301911624 8 36
301911623 0 2
301911622 4 0
301911620 1 0
301911619 3 1
301911617 3 80
301911616 54 4
301911615 0 0
301911614 2 0
301911612 1 7
301911610 4 3
301911605 20 5
301911604 0 0
301911603 8 1
301911600 18 4
301911599 21 4
301911597 0 1
301911596 14 0
301911593 13 4
301911592 11 0
301911591 47 9
301911588 5 41
301911586 6 1
301911584 11 8
301911583 0 0
301911579 15 0
301911575 2 8
301911574 5 0
301911573 5 41
301911572 9 4
301911564 24 6
301911563 5 7
301911561 9 6
301911559 6 0
301911556 8 16
301911555 2 7
301911552 0 0
301911551 6 1
301911550 3 0
301911548 6 0
301911547 7 0
301911546 14 0
301911545 17 9
301911544 5 110
301911543 5 4
301911542 6 4
301911539 162 1
301911538 11 2
301911535 5 1
301911534 1 4
301911531 16 4
301911530 4 1
301911528 9 4
301911525 79 9
301911522 2 0
301911521 2 9
301911520 12 2
301911517 5 0
301911516 14 3
301911515 16 2
301911514 2 85
301911512 10 3
301911511 12 2
301911504 15 4
301911503 6 0
301911501 4 0
301911500 0 2
301911499 236 12
301911498 1 1
301911495 8 6
301911494 2 14
301911492 7 46
301911491 2 0
301911486 0 0
301911485 8 36
301911483 8 1
301911482 34 4
301911481 0 0
301911479 7 78
301911478 7 1
301911476 15 1
301911474 1 0
301911472 10 10
301911471 3 0
301911470 4 0
301911466 7 1
301911465 6 1
301911464 4 25
301911463 2 0
301911462 2 42
301911461 10 2
301911459 8 1
301911458 15 2
301911457 1 22
301911454 7 0
301911452 14 0
301911451 15 0
301911449 11 1
301911447 6 5
301911446 17 5
301911444 4 6
301911442 8 1
301911441 14 5
301911438 9 1
301911435 2 35
301911434 5 1
301911430 8 0
301911422 3 51
301911419 3 1
301911408 2 0
301911401 4 43
301911399 6 1
301911397 26 4
301911395 2 0
301911391 43 3
301911387 25 41
301911384 463 11
301911383 5 1
301911378 14 51
301911376 25 5
301911375 5 1
301911374 25 7
301911373 16 4
301911371 11 1
301911369 12 6
301911365 2 0
301911364 1 1
301911361 7 1
301911360 15 1
301911357 8 31
301911356 19 3
301911353 16 1
301911351 30 5
301911349 13 1
301911348 5 1
301911341 6 1
301911340 15 2
301911339 14 3
301911337 14 5
301911333 0 0
301911331 3 1
301911330 1 0
301911328 2 0
301911327 3 1
301911321 11 25
301911320 0 0
301911317 3 1
301911315 4 2
301911314 16 2
301911307 13 3
301911306 4 0
301911302 20 3
301911301 16 2
301911300 1 1
301911299 11 3
301911297 2 4
301911294 4 12
301911293 12 4
301911290 3 36
301911289 3 0
301911288 0 3
301911286 26 2
301911283 16 6
301911278 19 2
301911277 4 2
301911274 23 3
301911273 1 1
301911270 4 1
301911269 12 0
301911266 3 1
301911264 2 0
301911262 1 53
301911258 16 1
301911257 5 10
301911252 11 2
301911249 10 20
301911248 11 2
301911244 23 8
301911240 0 2
301911239 19 10
301911238 8 0
301911237 7 1
301911229 6 0
301911228 10 1
301911225 7 0
301911224 20 0
301911223 5 1
301911222 1 0
301911221 0 0
301911219 2 3
301911216 20 3
301911215 16 7
301911211 9 2
301911210 5 1
301911209 251 7
301911208 12 7
301911203 9 6
301911197 6 0
301911194 0 0
301911193 19 4
301911192 6 48
301911189 3 0
301911188 3 45
301911185 8 38
301911180 7 39
301911178 1 4
301911174 0 0
301911173 3 4
301911167 23 11
301911162 12 48
301911154 3 68
301911153 14 41
301911151 4 45
301911146 5 0
301911144 17 2
301911140 214 13
301911138 0 1
301911134 50 7
301911130 20 1
301911129 14 7
301911127 10 23
301911126 9 4
301911125 6 38
301911124 6 2
301911119 15 2
301911117 17 5
301911104 8 2
301911087 6 2
301911083 19 6
301911075 16 3
301911072 2 0
301911068 5 0
301911059 15 2
301911055 3 33
301911052 7 0
301911051 18 0
301911046 1 1
301911040 4 0
301911037 0 0
301911035 0 0
301911030 15 3
301911027 10 3
301911008 12 1
301911002 11 2
301911001 4 1
301910998 7 0
301910994 6 25
301910993 11 0
301910992 4 0
301910965 10 4
301910964 17 2
301910958 9 0
301910955 2 0
301910953 15 2
301910952 1 0
301910951 0 0
301910948 0 0
301910945 1 0
301910939 1 0
301910931 11 1
301910929 107 3
301910928 12 0
301910927 12 2
301910926 14 0
301910924 17 32
301910913 2 3
301910912 66 3
301910910 11 2
301910908 6 0
301910907 7 0
301910906 2 18
301910904 4 0
301910896 12 2
301910894 0 0
301910892 17 2
301910890 13 4
301910889 11 0
301910878 0 0
301910876 6 0
301910874 5 25
301910865 1 0
301910863 0 0
301910860 6 1
301910856 1 0
301910855 14 4
301910852 0 0
301910850 1 1
301910841 5 1
301910838 2 1
301910837 9 0
301910830 10 0
301910825 4 2
301910813 7 27
301910805 22 5
301910804 7 0
301910800 3 2
301910799 0 0
301910798 14 6
301910797 8 0
301910794 5 1
301910784 8 0
301910778 11 0
301910777 11 5
301910769 0 0
301910765 16 0
301910744 0 1
301910739 13 1
301910731 2 70
301910729 0 0
301910726 2 4
301910725 7 3
301910718 3 0
301910716 15 2
301910712 8 0
301910711 0 0
301910708 1 0
301910702 1 1
301910695 39 3
301910693 12 2
301910683 9 22
301910682 6 1
301910677 6 1
301910662 1 2
301910658 8 0
301910656 4 2
301910654 12 5
301910652 12 0
301910649 12 1
301910637 16 7
301910635 11 3
301910634 13 0
301910633 14 4
301910632 7 1
301910629 20 3
301910626 1 0
301910624 17 3
301910622 0 0
301910621 3 0
301910613 4 23
301910602 14 3
301910597 446 2
301910592 4 14
301910582 2 11
301910569 6 24
301910564 10 5
301910560 2 0
301910553 0 0
301910544 9 0
301910543 7 24
301910542 18 0
301910541 0 128
301910537 17 15
301910532 153 11
301910526 7 3
301910524 5 1
301910522 3 81
301910518 5 2
301910516 1 5
301910512 1 1
301910510 20 5
301910503 7 3
301910502 19 3
301910497 25 3
301910494 2 1
301910485 6 19
301910480 1 0
301910476 23 3
301910471 0 0
301910468 12 0
301910462 0 0
301910460 12 4
301910458 27 2
301910455 0 4
301910451 11 0
301910447 9 3
301910445 7 0
301910442 0 1
301910440 9 1
301910435 10 0
301910432 6 109
301910428 13 4
301910425 14 0
301910424 6 0
301910421 2 0
301910416 0 0
301910415 4 91
301910410 2 0
301910399 14 3
301910394 25 2
301910383 5 0
301910382 9 3
301910381 10 0
301910366 3 0
301910365 9 1
301910357 17 16
301910349 10 10
301910346 12 2
301910343 8 1
301910340 6 0
301910338 19 4
301910337 6 0
301910322 3 13
301910318 5 4
301910314 4 5
301910313 21 1
301910308 3 0
301910300 54 5
301910292 2 0
301910290 7 0
301910285 6 84
301910284 0 1
301910279 8 1
301910277 7 0
301910273 6 1
301910272 439 11
301910271 4 1
301910267 3 1
301910261 15 1
301910260 2 1
301910259 7 16
301910255 4 1
301910247 1 1
301910244 12 3
301910242 341 7
301910241 25 2
301910240 6 1
301910236 7 30
301910229 2 1
301910227 3 0
301910220 3 0
301910218 9 1
301910215 7 0
301910214 11 5
301910212 4 0
301910204 9 0
301910203 0 0
301910199 0 0
301910197 1 0
301910195 4 0
301910189 11 0
301910188 15 0
301910186 9 0
301910184 2 0
301910182 2 0
301910181 4 5
301910178 4 1
301910177 8 3
301910176 0 0
301910171 1 0
301910167 6 3
301910165 22 13
301910161 13 2
301910159 2 7
301910158 4 4
301910157 5 14
301910153 4 21
301910151 8 2
301910149 4 32
301910148 6 3
301910147 4 4
301910144 2 0
301910141 2 0
301910139 4 18
301910135 5 0
301910134 4 1
301910133 14 0
301910130 6 23
301910129 27 10
301910127 12 2
301910124 0 0
301910123 12 5
301910115 3 0
301910100 17 105
301910094 12 1
301910089 34 4
301910084 2 7
301910082 398 3
301910077 6 1
301910075 19 0
301910071 5 1
301910069 10 8
301910064 16 2
301910061 3 1
301910059 1 0
301910057 23 1
301910054 18 0
301910051 4 0
301910045 8 7
301910042 3 24
301910041 10 0
301910036 7 0
301910035 16 4
301910034 6 6
301910032 168 6
301910030 16 1
301910029 7 1
301910027 13 8
301910026 5 29
301910024 15 0
301910022 0 0
301910018 3 0
301910017 537 3
301910015 209 17
301910013 3 0
301909997 0 0
301909993 2 0
301909985 910 7
301909984 3 0
301909982 14 0
301909975 201 43
301909971 6 3
301909967 0 0
301909963 3 0
301909958 6 1
301909955 23 2
301909954 14 0
301909952 32 7
301909935 9 4
301909934 12 8
301909921 5 3
301909917 25 1
301909915 2 1
301909913 0 0
301909909 0 0
301909904 0 0
301909901 0 13
301909898 26 5
301909897 0 1
301909896 13 7
301909894 6 0
301909891 8 0
301909890 0 0
301909887 0 0
301909884 3 0
301909880 10 4
301909873 4 0
301909869 14 4
301909864 13 5
301909863 0 0
301909859 13 7
301909856 2 0
301909853 13 29
301909852 8 2
301909851 182 32
301909848 9 2
301909847 13 5
301909843 14 5
301909840 0 0
301909838 12 5
301909836 5 0
301909835 14 5
301909834 0 0
301909833 0 0
301909831 13 0
301909828 2 0
301909826 2 15
301909823 4 0
301909815 0 0
301909812 1 0
301909808 7 14
301909805 4 0
301909804 21 6
301909802 0 1
301909801 1 0
301909799 4 1
301909792 3 16
301909791 11 4
301909788 14 6
301909783 9 1
301909778 0 0
301909775 7 15
301909770 8 5
301909765 1 1
301909764 1 0
301909763 6 15
301909761 0 0
301909760 2 0
301909759 0 0
301909755 12 3
301909754 2 10
301909751 31 1
301909748 0 0
301909741 1 0
301909738 11 1
301909735 10 3
301909733 0 0
301909732 10 4
301909729 12 5
301909725 5 3
301909721 0 0
301909720 4 0
301909716 3 0
301909711 9 3
301909709 8 0
301909708 5 54
301909706 2 0
301909699 16 4
301909693 9 2
301909687 364 21
301909683 2 1
301909682 1 0
301909675 11 0
301909673 6 61
301909672 9 0
301909664 4 75
301909663 6 1
301909661 1 0
301909657 3 7
301909651 10 0
301909649 9 19
301909641 23 4
301909640 3 10
301909638 0 0
301909637 13 4
301909636 10 14
301909634 0 0
301909633 2 2
301909628 9 0
301909622 0 0
301909621 15 3
301909620 11 1
301909619 4 1
301909618 13 25
301909614 22 7
301909610 3 0
301909605 7 0
301909602 6 0
301909599 404 5
301909590 2 1
301909588 3 2
301909587 1 1
301909586 16 0
301909579 1 2
301909577 7 3
301909573 18 4
301909572 3 0
301909570 7 9
301909564 0 0
301909559 13 27
301909555 4 28
301909554 0 0
301909552 5 5
301909550 4 20
301909548 11 17
301909544 5 4
301909538 132 16
301909537 5 0
301909536 9 4
301909529 0 0
301909527 2 13
301909525 8 0
301909523 7 7
301909520 2 0
301909516 5 44
301909514 10 15
301909511 11 6
301909504 6 3
301909496 5 10
301909495 325 3
301909483 0 6
301909481 8 0
301909480 7 72
301909475 14 0
301909474 8 13
301909472 1 0
301909471 0 0
301909470 274 2
301909466 8 3
301909463 3 0
301909459 8 6
301909458 4 5
301909457 3 5
301909456 7 6
301909452 7 9
301909450 12 7
301909449 7 2
301909440 7 0
301909439 0 0
301909438 9 0
301909433 5 1
301909431 3 38
301909426 7 26
301909424 11 5
301909422 1 1
301909418 0 0
301909417 0 0
301909411 9 5
301909409 8 5
301909403 6 2
301909395 1 0
301909394 7 1
301909393 0 0
301909390 0 0
301909387 16 6
301909384 1 0
301909383 0 0
301909379 15 1
301909376 4 0
301909375 5 4
301909374 624 36
301909372 4 5
301909369 4 14
301909368 8 8
301909365 0 0
301909364 2 1
301909363 6 0
301909361 0 0
301909357 0 0
301909354 8 5
301909348 277 9
301909345 4 0
301909342 13 9
301909341 132 2
301909340 5 1
301909338 0 0
301909337 1 0
301909333 6 0
301909332 9 6
301909327 4 1
301909326 2 0
301909322 5 1
301909320 507 6
301909311 303 10
301909308 7 7
301909304 6 0
301909302 5 5
301909298 6 2
301909297 6 5
301909295 5 0
301909288 3 0
301909271 10 0
301909256 2 0
301909253 570 5
301909249 0 0
301909245 6 0
301909243 3 1
301909242 0 0
301909241 6 5
301909239 7 0
301909238 560 7
301909233 382 6
301909231 0 0
301909227 0 0
301909224 6 0
301909223 1 40
301909222 7 1
301909221 0 0
301909219 8 4
301909209 1 0
301909203 0 15
301909201 1 1
301909197 8 0
301909193 1 0
301909191 0 0
301909186 8 2
301909180 7 7
301909174 4 0
301909171 0 0
301909169 0 0
301909168 0 1
301909163 2 2
301909162 0 0
301909161 0 0
301909149 10 7
301909148 3 5
301909139 9 4
301909138 2 0
301909128 10 1
301909127 9 1
301909122 4 1
301909120 0 0
301909118 6 3
301909115 0 0
301909105 0 2
301909100 796 16
301909098 6 1
301909097 13 6
301909096 0 4
301909089 4 1
301909082 2 16
301909075 0 0
301909063 0 0
301909062 0 0
301909057 0 0
301909056 10 4
301909055 2 1
301909054 5 2
301909051 0 0
301909049 1 3
301909043 0 0
301909042 7 4
301909038 0 1
301909034 6 22
301909028 0 0
301909025 0 0
301909023 3 0
301909022 8 3
301909018 11 0
301909016 329 14
301909006 18 1
301909004 8 3
301909003 15 0
301909000 0 0
301908998 0 0
301908997 2 0
301908987 8 1
301908983 7 0
301908978 5 1
301908976 1 1
301908973 6 1
301908972 16 3
301908969 238 8
301908964 4 4
301908959 10 6
301908958 1 1
301908956 7 1
301908951 210 1
301908950 6 0
301908949 309 4
301908940 6 0
301908938 5 0
301908934 6 1
301908927 0 0
301908926 3 0
301908921 7 0
301908920 7 2
301908919 7 2
301908912 5 2
301908910 1 0
301908909 517 19
301908907 0 0
301908906 5 0
301908905 0 0
301908904 5 2
301908901 7 1
301908900 5 0
301908898 7 3
301908894 7 2
301908887 822 14
301908880 0 0
301908864 3 0
301908856 963 25
301908852 8 6
301908851 4 2
301908834 3 1
301908828 0 0
301908824 11 0
301908823 2 9
301908822 2 21
301908820 0 0
301908813 6 0
301908802 0 3
301908795 3 0
301908788 7 0
301908778 9 0
301908772 2 3
301908768 8 0
301908755 704 18
301908751 9 0
301908750 7 3
301908749 8 3
301908739 234 6
301908738 7 3
301908735 3 7
301908732 7 2
301908724 0 0
301908723 0 0
301908720 2 34
301908706 6 2
301908702 2 12
301908700 7 0
301908692 5 0
301908684 4 13
301908683 5 15
301908682 3 15
301908679 5 3
301908663 10 3
301908662 4 5
301908653 5 3
301908647 1 15
301908645 1263 17
301908635 2 17
301908631 7 3
301908628 0 0
301908623 5 28
301908619 5 1
301908618 5 2
301908614 6 0
301908612 6 0
301908609 5 2
301908606 0 0
301908602 0 0
301908593 0 0
301908590 2 8
301908586 19 43
301908580 6 16
301908579 28 35
301908575 7 0
301908573 6 5
301908564 23 35
301908563 0 0
301908562 10 1
301908557 4 5
301908552 8 10
301908544 8 0
301908540 5 1
301908534 6 0
301908524 0 1
301908522 1 1
301908513 11 3
301908509 3 0
301908505 8 2
301908502 14 2
301908497 7 0
301908491 28 34
301908487 2 5
301908483 25 34
301908474 23 3
301908465 1 1
301908457 7 3
301908455 6 2
301908449 38 20
301908440 9 2
301908437 0 1
301908434 103 5
301908433 6 15
301908429 4 1
301908428 5 1
301908418 10 1
301908405 884 19
301908403 8 1
301908402 253 2
301908394 8 0
301908391 6 3
301908388 3 34
301908387 1 0
301908383 1 0
301908378 10 1
301908371 0 0
301908362 5 4
301908360 1 0
301908355 6 1
301908351 1 1
301908347 8 4
301908345 910 16
301908339 839 43
301908337 8 0
301908336 207 10
301908335 0 1
301908326 7 0
301908309 12 2
301908308 5 12
301908307 1 0
301908303 5 1
301908295 2 122
301908287 1 0
301908284 1 0
301908280 0 0
301908279 16 0
301908278 4 0
301908274 13 0
301908267 8 0
301908261 10 3
301908260 9 7
301908257 6 2
301908255 6 1
301908252 6 4
301908251 0 1
301908245 0 0
301908241 7 1
301908236 7 2
301908222 2 1
301908220 17 1
301908218 6 0
301908215 494 95
301908208 16 2
301908207 5 11
301908205 8 0
301908202 130 40
301908198 3 22
301908196 9 0
301908187 1 0
301908180 1 0
301908177 17 0
301908175 5 1
301908173 7 0
301908168 0 0
301908159 1 4
301908154 0 0
301908153 6 2
301908152 6 3
301908151 7 0
301908148 0 0
301908125 390 5
301908124 2 1
301908119 4 2
301908116 4 1
301908108 0 0
301908107 3 0
301908091 21 3
301908088 7 18
301908086 9 3
301908082 11 3
301908081 9 3
301908080 0 0
301908078 13 2
301908077 295 9
301908076 0 0
301908073 5 15
301908067 4 0
301908064 7 0
301908062 14 2
301908059 0 0
301908057 2 1
301908052 0 9
301908047 2 1
301908032 5 2
301908031 6 0
301908025 7 1
301908024 12 0
301908020 11 1
301908017 0 0
301908015 11 6
301908011 13 1
301908009 10 1
301907998 6 0
301907994 8 0
301907985 6 0
301907982 13 1
301907977 383 30
301907972 4 1
301907971 6 0
301907962 6 2
301907958 9 2
301907948 6 2
301907946 0 0
301907943 4 1
301907939 2 8
301907938 5 0
301907931 0 0
301907926 5 0
301907924 6 0
301907921 0 0
301907919 10 2
301907912 819 11
301907903 3 3
301907901 8 0
301907893 6 0
301907888 13 4
301907884 5 0
301907856 4 1
301907855 5 0
301907850 1 0
301907848 2 14
301907844 2 2
301907832 8 1
301907831 5 0
301907822 0 0
301907819 2 1
301907816 10 0
301907813 1 0
301907811 1 2
301907807 0 0
301907804 4 0
301907799 0 0
301907795 9 0
301907790 4 0
301907786 1 0
301907784 3 40
301907782 7 2
301907776 6 0
301907775 0 0
301907772 475 70
301907770 2 0
301907768 0 0
301907767 4 2
301907766 1 0
301907764 2 0
301907762 4 1
301907753 0 16
301907752 11 0
301907751 7 0
301907750 4 3
301907742 0 0
301907740 0 0
301907738 14 1
301907734 7 3
301907727 3 0
301907714 4 2
301907712 4 1
301907706 8 3
301907689 4 2
301907679 1 0
301907676 7 2
301907671 2 1
301907650 11 3
301907646 9 4
301907640 0 1
301907633 7 2
301907632 6 1
301907616 10 3
301907613 4 1
301907608 0 1
301907599 7 0
301907592 0 1
301907591 2 1
301907589 4 0
301907585 5 1
301907583 9 0
301907580 4 2
301907571 4 0
301907567 3 0
301907562 4 0
301907557 7 2
301907554 3 15
301907550 7 3
301907549 4 0
301907546 9 1
301907541 1326 51
301907540 11 1
301907539 2 0
301907536 1 0
301907534 0 0
301907526 8 3
301907525 4 0
301907520 6 0
301907519 0 11
301907518 0 0
301907514 3 7
301907512 4 0
301907506 7 0
301907504 3 1
301907497 5 0
301907479 29 38
301907471 0 0
301907467 2 2
301907466 3 0
301907462 4 3
301907459 7 0
301907454 2 0
301907453 8 0
301907451 2 0
301907450 4 4
301907449 0 0
301907448 0 0
301907446 10 2
301907441 0 0
301907437 9 0
301907434 4 0
301907433 1046 10
301907428 18 0
301907423 4 1
301907421 6 0
301907417 3 8
301907416 13 5
301907415 0 0
301907408 0 0
301907407 6 1
301907406 12 2
301907403 2 0
301907398 0 0
301907396 10 0
301907393 12 2
301907391 2 6
301907388 0 0
301907383 11 2
301907381 0 0
301907368 2 0
301907356 2 1
301907354 2 1
301907351 0 3
301907337 10 10
301907330 1 1
301907321 0 2
301907320 550 103
301907318 3 1
301907310 13 0
301907305 13 0
301907301 288 11
301907300 6 9
301907292 9 3
301907285 9 3
301907284 2 0
301907283 3 0
301907279 3 0
301907268 9 1
301907263 1 0
301907260 2 0
301907259 3 2
301907255 7 4
301907250 3 0
301907249 13 0
301907247 3 0
301907241 0 0
301907225 6 0
301907217 0 0
301907208 0 1
301907197 17 0
301907195 7 5
301907191 7 0
301907190 1 0
301907188 4 1
301907182 4 1
301907178 1 0
301907175 2 0
301907173 17 3
301907171 4 3
301907166 6 7
301907162 0 0
301907140 2 0
301907134 6 5
301907133 0 0
301907119 13 2
301907115 0 0
301907102 2 3
301907099 3 0
301907096 8 0
301907095 0 0
301907093 0 3
301907090 17 4
301907085 0 0
301907083 6 0
301907081 14 5
301907074 699 76
301907063 711 78
301907052 7 0
301907048 7 11
301907042 7 0
301907040 8 0
301907039 7 2
301907036 465 8
301907025 7 0
301907016 7 38
301907014 1 0
301906973 1 1
301906964 0 1
301906955 3 0
301906946 9 2
301906936 2 3
301906927 2 0
301906921 21 1
301906917 2 12
301906914 0 0
301906911 3 0
301906900 1199 9
301906895 2 2
301906892 3 0
301906886 0 0
301906872 15 13
301906860 0 0
301906859 0 1
301906857 0 0
301906854 6 0
301906851 12 1
301906841 10 1
301906827 2 0
301906816 2 2
301906814 2 0
301906801 5 0
301906796 636 4
301906785 2 0
301906779 7 1
301906769 2 0
301906759 1 0
301906756 6 0
301906748 0 0
301906747 11 0
301906740 7 0
301906737 11 6
301906736 9 27
301906734 5 4
301906733 12 2
301906728 13 2
301906726 19 4
301906721 2 4
301906708 0 0
301906698 11 0
301906695 5 0
301906687 6 4
301906686 0 0
301906684 680 10
301906673 3 1
301906671 3 2
301906659 6 4
301906656 5 11
301906655 0 0
301906649 16 8
301906643 1 0
301906634 5 0
301906632 0 0
301906629 7 2
301906626 214 5
301906624 9 0
301906618 5 5
301906604 2 0
301906593 7 0
301906591 11 2
301906582 14 9
301906580 9 3
301906577 0 0
301906576 2 8
301906570 0 0
301906569 8 0
301906555 4 14
301906549 1009 14
301906545 6 0
301906537 880 28
301906526 0 0
301906524 0 0
301906520 9 3
301906510 7 0
301906508 6 3
301906506 7 0
301906493 4 0
301906475 765 138
301906473 2 1
301906471 1 0
301906460 0 0
301906457 11 2
301906455 4 1
301906452 368 7
301906442 7 39
301906427 2 0
301906424 9 0
301906423 571 30
301906421 0 0
301906420 3 2
301906418 2 0
301906409 1 1
301906403 6 0
301906395 3 0
301906394 0 0
301906393 5 1
301906385 4 0
301906384 5 11
301906351 3 1
301906347 0 0
301906345 11 0
301906313 3 0
301906309 1 0
301906305 14 3
301906291 3 0
301906285 0 0
301906277 5 8
301906274 2 1
301906273 1 1
301906269 7 11
301906266 3 0
301906263 7 0
301906260 1 0
301906258 0 0
301906251 11 2
301906246 2 0
301906244 0 0
301906243 1175 69
301906242 5 0
301906241 1 0
301906237 216 4
301906228 0 0
301906207 2 0
301906206 10 2
301906199 9 2
301906196 8 0
301906195 0 0
301906188 0 0
301906175 3 1
301906142 8 0
301906140 7 1
301906135 6 1
301906118 4 1
301906114 0 0
301906085 5 1
301906053 10 1
301906051 8 2
301906050 11 1
301906037 12 5
301906033 7 3
301906021 5 1
301906006 0 0
301905988 6 2
301905986 12 0
301905975 1 8
301905965 0 0
301905964 8 0
301905959 12 3
301905955 1219 7
301905953 0 0
301905951 2 14
301905946 0 0
301905939 4 8
301905936 2 0
301905912 6 1
301905884 0 0
301905871 487 40
301905858 1 0
301905823 15 4
301905819 0 0
301905817 1 1
301905815 2367 359
301905813 0 0
301905810 10 1
301905792 0 0
301905787 0 0
301905770 0 0
301905768 1 2
301905758 0 0
301905743 13 3
301905740 2 0
301905738 2 0
301905719 5 26
301905706 7 1
301905657 9 3
301905651 2016 23
301905637 771 73
301905634 0 0
301905625 6 3
301905624 0 2
301905616 0 0
301905609 4 0
301905595 1 8
301905594 16 3
301905583 1 0
301905555 683 44
301905550 9 2
301905547 2 1
301905546 879 40
301905542 2 0
301905537 4 3
301905519 6 0
301905514 4 2
301905507 5 0
301905468 4 3
301905458 7 10
301905421 4 1
301905413 2 0
301905410 2 0
301905406 1271 5
301905401 6 0
301905399 15 17
301905383 10 0
301905377 11 3
301905366 6 3
301905363 1078 13
301905359 731 9
301905351 0 0
301905337 8 3
301905336 2 0
301905325 6 1
301905310 8 1
301905291 2 0
301905287 625 9
301905275 9 2
301905268 9 3
301905263 3 0
301905258 9 1
301905251 2759 80
301905240 0 0
301905235 17 0
301905231 1 0
301905215 438 13
301905196 4 2
301905168 1 0
301905163 6 49
301905151 2 35
301905149 8 2
301905146 919 14
301905144 1 0
301905140 6 1
301905109 0 0
301905102 845 6
301905096 0 0
301905093 10 1
301905090 427 11
301905087 12 29
301905086 7 0
301905084 9 2
301905077 0 0
301905073 1301 2
301905057 7 0
301905055 3 0
301905052 0 0
301905039 0 0
301905036 1 0
301905031 0 1
301905026 8 1
301905019 9 1
301905013 9 1
301905009 5 1
301905002 9 2
301904999 1 0
301904998 1 0
301904981 6 5
301904977 0 0
301904975 1 1
301904971 7 3
301904965 8 0
301904963 6 0
301904961 4 6
301904959 5 2
301904958 5 30
301904952 0 0
301904949 420 3
301904944 1 4
301904932 0 7
301904906 4 1
301904900 9 1
301904899 5 0
301904879 6 1
301904869 2 1
301904868 2 3
301904867 8 1
301904865 7 0
301904864 7 0
301904861 5 0
301904844 4 5
301904840 0 0
301904825 0 1
301904808 6 1
301904805 1 0
301904791 1 4
301904790 5 4
301904782 804 15
301904774 5 0
301904764 4 0
301904755 7 0
301904752 2 0
301904749 1 0
301904739 0 0
301904737 0 0
301904734 6 0
301904732 0 0
301904729 8 1
301904725 5 0
301904720 5 0
301904716 0 1
301904714 2 0
301904711 1 0
301904708 2 0
301904706 7 0
301904695 748 10
301904694 3 0
301904689 6 0
301904687 4 1
301904682 6 0
301904681 2 0
301904680 1 0
301904673 5 0
301904670 0 0
301904669 0 0
301904668 5 0
301904661 0 0
301904655 4 1
301904651 2 0
301904644 6 0
301904636 1395 12
301904634 9 0
301904627 0 0
301904624 1 0
301904623 0 0
301904619 3 3
301904618 6 0
301904617 1 0
301904615 5 0
301904613 2 0
301904609 0 0
301904607 4 3
301904604 1 2
301904603 10 0
301904601 0 1
301904599 1 0
301904598 4 0
301904597 0 0
301904596 10 0
301904595 0 0
301904594 2 1
301904593 0 0
301904591 0 1
301904587 7 0
301904577 1 0
301904572 0 0
301904570 0 0
301904568 0 0
301904565 921 6
301904563 2 0
301904562 1 0
301904561 4 0
301904553 19 6
301904551 5 2
301904548 1 1
301904546 1 3
301904545 4 1
301904541 1 0
301904540 1 0
301904535 1 0
301904533 0 0
301904532 2 0
301904531 4 0
301904529 2 0
301904528 7 0
301904524 5 0
301904522 8 1
301904521 0 0
301904520 4 0
301904518 1 0
301904510 2 1
301904508 1 1
301904505 1606 31
301904503 3 0
301904501 0 0
301904500 5 0
301904493 1 0
301904490 4 0
301904488 1142 13
301904487 2 0
301904485 8 42
301904483 3 1
301904481 7 2
301904480 2 1
301904479 1 0
301904478 6 1
301904471 0 0
301904470 2 0
301904469 6 1
301904467 8 1
301904465 4 0
301904464 7 0
301904462 3 0
301904460 4 1
301904459 0 0
301904458 4 8
301904452 1 0
301904450 2 0
301904444 1 2
301904443 6 0
301904441 4 1
301904437 3 1
301904435 2 7
301904434 2 0
301904431 1 0
301904428 7 2
301904427 8 2
301904426 2 0
301904422 2 1
301904420 662 3
301904419 0 0
301904418 1 4
301904416 10 0
301904414 5 0
301904413 4 1
301904410 2 1
301904407 1 0
301904405 0 0
301904404 8 0
301904396 1 1
301904389 0 0
301904388 15 5
301904387 6 0
301904386 0 0
301904385 2 0
301904384 528 68
301904381 0 0
301904376 1 2
301904375 1 0
301904374 4 6
301904372 1 0
301904371 0 0
301904370 0 0
301904369 0 0
301904368 2 0
301904364 0 0
301904362 13 2
301904361 4 1
301904359 2 0
301904357 0 0
301904356 0 0
301904355 1 0
301904354 990 6
301904352 8 0
301904349 0 0
301904347 1 0
301904344 3 0
301904342 2 0
301904341 10 1
301904340 1020 8
301904339 8 0
301904336 0 0
301904333 9 0
301904331 8 0
301904329 1 0
301904328 5 1
301904327 2 0
301904325 8 0
301904321 0 0
301904313 9 1
301904312 0 0
301904310 3 0
301904305 2 0
301904303 0 0
301904302 8 0
301904301 4 0
301904300 3 1
301904298 2 0
301904291 15 4
301904290 2 0
301904289 2 0
301904288 0 0
301904283 9 0
301904282 3 0
301904279 2788 25
301904275 0 0
301904272 12 1
301904271 1 3
301904267 0 0
301904263 4 1
301904260 1 6
301904255 515 1
301904251 6 0
301904248 4 0
301904247 3 0
301904240 1 0
301904234 0 0
301904233 6 0
301904232 2 0
301904229 3 0
301904227 0 0
301904223 123 2
301904219 5 1
301904217 1 0
301904216 5 0
301904215 4 0
301904214 2 2
301904213 619 5
301904210 0 2
301904207 10 1
301904204 6 0
301904200 6 0
301904199 0 2
301904198 6 0
301904194 0 0
301904190 4 0
301904189 1 0
301904188 10 9
301904184 12 5
301904183 2 0
301904176 2 0
301904174 0 0
301904172 1 0
301904170 0 1
301904169 2 1
301904166 12 0
301904164 1 2
301904162 0 0
301904161 4 0
301904158 7 0
301904156 8 1
301904155 0 0
301904153 3 1
301904151 5 0
301904148 1 0
301904146 5 1
301904143 3 1
301904142 5 0
301904140 0 1
301904139 1 0
301904138 4 0
301904134 3890 370
301904127 4 0
301904125 2 0
301904124 0 0
301904123 6 1
301904119 7 0
301904118 2 0
301904117 2087 17
301904116 10 0
301904114 8 0
301904112 8 0
301904111 0 0
301904109 7 1
301904106 0 0
301904104 3 0
301904103 1 11
301904101 9 0
301904100 1 0
301904098 1 5
301904097 3 1
301904096 2 0
301904095 0 0
301904093 11 2
301904092 0 0
301904091 0 0
301904089 0 0
301904088 0 1
301904083 9 1
301904082 2 0
301904078 0 0
301904074 0 0
301904073 0 0
301904072 1 3
301904071 0 0
301904070 3368 268
301904069 7 0
301904068 583 2
301904067 1 0
301904063 1 0
301904062 5 0
301904059 1 0
301904058 5 2
301904055 4 0
301904054 2 0
301904048 0 1
301904045 0 0
301904044 0 0
301904041 11 1
301904040 7 0
301904039 4 0
301904038 74 1
301904037 1 0
301904036 0 0
301904034 7 0
301904033 11 1
301904032 2852 146
301904030 9 0
301904029 0 0
301904028 5 0
301904020 7 0
301904017 7 0
301904014 6 0
301904013 6 0
301904012 1 0
301904011 2444 46
301904008 6 0
301904006 7 0
301904005 2 1
301904001 4 1
301903999 4 1
301903996 2 1
301903994 0 2
301903993 0 1
301903992 0 0
301903990 1 2
301903989 0 1
301903987 2 1
301903986 0 1
301903985 5993 34
301903983 7 0
301903974 919 4
301903968 3 0
301903964 2 0
301903962 0 0
301903961 0 0
301903960 2253 35
301903957 2 0
301903955 0 0
301903954 2 0
301903953 0 4
301903951 0 0
301903950 0 0
301903949 12 0
301903948 9 0
301903947 10 0
301903944 1 0
301903941 0 1
301903933 0 0
301903931 5 2
301903930 7 1
301903929 2 1
301903924 0 0
301903921 5 0
301903919 0 0
301903917 4 0
301903916 12 1
301903914 0 0
301903912 8 0
301903911 6 0
301903910 0 0
301903908 0 0
301903904 0 1
301903898 0 0
301903897 4 1
301903896 3 2
301903895 1 1
301903894 0 2
301903892 0 0
301903890 8 0
301903889 6 2
301903885 4 0
301903884 0 0
301903881 0 1
301903880 1 0
301903877 0 0
301903875 6 0
301903873 7 0
301903872 6 3
301903869 0 0
301903867 2 1
301903866 4 3
301903865 0 0
301903864 0 0
301903862 2522 254
301903859 11 4
301903858 6 4
301903856 0 0
301903855 0 0
301903851 9 0
301903850 0 0
301903849 4 3
301903848 0 0
301903847 10 0
301903844 0 0
301903842 2 0
301903840 0 2
301903839 0 0
301903838 5 1
301903837 4 1
301903836 7 2
301903834 0 0
301903832 1 0
301903828 0 0
301903827 0 0
301903820 5 0
301903816 0 0
301903815 0 3
301903814 0 2
301903812 1 0
301903811 2 10
301903809 6 1
301903806 0 0
301903805 11 3
301903804 4664 347
301903800 1 1
301903799 3 1
301903798 2 1
301903797 7 1
301903796 1 11
301903793 5 0
301903792 0 0
301903791 2 2
301903790 11 2
301903788 5 1
301903787 0 0
301903786 6 1
301903784 9 0
301903783 1 0
301903782 8 0
301903780 0 0
301903779 11 2
301903777 2 1
301903775 4 1
301903774 1 0
301903773 9 1
301903770 0 0
301903768 5 1
301903767 2 1
301903766 1195 23
301903765 3 0
301903764 5 0
301903761 24 9
301903760 2 1
301903759 2 0
301903757 5 1
301903756 9 0
301903755 1 0
301903754 6 0
301903751 3 0
301903749 0 0
301903748 4 0
301903744 0 0
301903743 3 1
301903742 0 0
301903741 3 0
301903738 11 0
301903737 0 2
301903735 1 4
301903733 6 1
301903732 0 2
301903731 0 1
301903729 8 3
301903727 0 1
301903726 0 2
301903725 1 1
301903722 4 3
301903721 2 2
301903719 1 1
301903718 2 2
301903717 1 1
301903716 0 1
301903715 0 0
301903713 3 0
301903712 0 0
301903710 2 0
301903709 0 0
301903708 4 1
301903707 10 3
301903706 2 0
301903705 0 0
301903702 0 0
301903701 10 0
301903700 0 0
301903699 5 1
301903698 0 0
301903697 3 2
301903696 2451 30
301903694 0 0
301903693 0 1
301903692 2 3
301903691 959 59
301903690 493 1
301903689 2 3
301903688 5 2
301903686 4 1
301903685 0 1
301903684 1 0
301903683 0 0
301903682 7 0
301903681 5 0
301903680 2 0
301903679 3 0
301903678 5 2
301903677 0 0
301903676 2 0
301903675 0 0
301903674 0 1
301903673 8 0
301903672 0 0
301903670 0 0
301903668 5 0
301903667 6 0
301903666 3 0
301903665 3 1
301903664 0 0
301903663 2339 25
301903662 0 0
301903661 4 0
301903660 0 0
301903659 1 0
301903658 4 2
301903657 1 2
301903655 7 0
301903654 0 1
301903651 0 1
301903650 2 0
301903649 2 0
301903648 4 0
301903647 6 1
301903646 1 0
301903645 0 0
301903644 0 0
301903643 7 1
301903642 0 1
301903641 10 0
301903640 6 2
301903639 0 0
301903637 0 3
301903636 5 1
301903635 925 17
301903634 3 3
301903632 1 3
301903631 0 2
301903629 5 1
301903628 1 1
301903627 4 0
301903626 7 1
301903625 0 2
301903624 7 3
301903623 0 0
301903622 2 0
301903619 4 1
301903617 9 1
301903616 12 1
301903615 0 0
301903614 7 1
301903613 5 0
301903612 5 0
301903610 1 0
301903609 0 0
301903608 2 0
301903607 2 0
301903606 3 0
301903604 1 1
301903601 5 0
301903600 1 0
301903598 0 1
301903595 9 1
301903594 4 5
301903593 0 0
301903591 0 1
301903589 0 0
301903588 4 1
301903587 3 2
301903586 2 0
301903584 0 0
301903582 0 0
301903581 4 1
301903580 6 1
301903578 0 0
301903576 0 0
301903575 6 0
301903574 0 0
301903573 0 0
301903572 2 0
301903571 0 0
301903569 5 0
301903567 1 0
301903566 3 4
301903565 0 1
301903564 9 1
301903563 6 0
301903562 1 1
301903561 2 3
301903560 0 0
301903558 1 2
301903557 0 1
301903555 0 3
301903554 5 9
301903553 1 0
301903552 1 1
301903551 2 1
301903550 4 0
301903549 1 2
301903548 6 1
301903547 0 0
301903545 0 1
301903544 0 1
301903542 189 1
301903541 3 2
301903540 2 0
301903539 3 2
301903537 0 0
301903536 7 0
301903535 0 0
301903534 2 0
301903533 0 0
301903531 0 1
301903530 7 0
301903529 7 2
301903528 4 0
301903527 3 0
301903526 4 1
301903525 0 1
301903523 0 2
301903522 3 1
301903521 0 0
301903520 1 3
301903519 0 1
301903518 0 1
301903517 1 0
301903516 3 2
301903515 0 0
301903514 0 0
301903513 1 0
301903512 0 0
301903511 7 2
301903509 3 0
301903508 5 0
301903506 5 0
301903505 0 1
301903503 2 1
301903502 0 0
301903501 0 1
301903499 0 2
301903498 0 1
301903497 0 0
301903496 262 4
301903495 0 2
301903494 9 0
301903493 0 2
301903491 7 0
301903490 0 0
301903489 4 0
301903488 0 0
301903487 0 0
301903486 2 2
301903485 2 12
301903484 0 0
301903482 0 0
301903481 0 2
301903480 4 1
301903479 1 2
301903478 0 2
301903477 6 1
301903476 4 1
301903475 0 3
301903474 3 2
301903473 2 2
301903472 2 0
301903469 3 1
301903468 0 2
301903467 0 3
301903466 0 0
301903465 0 2
301903464 0 0
301903463 2 0
301903461 0 0
301903460 0 3
301903459 2 0
301903458 0 0
301903457 0 3
301903456 4 2
301903455 1 0
301903453 3 1
