303956293 1 0
303936913 1 2
303916428 0 0
303864820 1 0
303864816 0 0
303864575 0 0
303861497 1 1
303835637 0 0
303835602 9 4
303803705 4 0
303803588 0 0
303799295 8 0
303799292 6 0
303799112 6 0
303798891 0 0
303787627 3 0
303762730 0 0
303737533 3 2
303711317 14 0
303708531 2 0
303672734 3 0
303672016 1 0
303672003 0 0
303670703 1 0
303668780 0 2
303668777 3 16
303664960 2 0
303664945 8 0
303661454 8 1
303659289 0 2
303587334 0 0
303586280 7 1
303583729 1 5
303575943 0 2
303503397 29 2
303502668 0 0
303501027 16 0
303474068 11 1
303411862 12 0
303411861 9 4
303411431 1 0
303409597 0 0
303407757 4 0
303404159 5 1
303324859 1 0
303319353 0 0
303319340 0 0
303318546 7 0
303317842 13 3
303250281 0 0
303250280 0 0
303248968 0 0
303242199 0 0
303242160 4 4
303241958 6 2
303241930 0 0
303203021 4 0
303202183 43 1
303193258 0 1
303179644 0 0
303177607 11 3
303172072 1 0
303164110 1 1
303164083 6 0
303164055 13 2
303163839 3 2
303152041 50 0
303133345 37 0
303092081 17 0
303078096 0 1
303070807 75 2
303018810 2 0
302997702 11 2
302987684 3 0
302987421 8 1
302987348 5 2
302984782 0 3
302984775 6 1
302975898 0 0
302973907 1 1
302973858 34 2
302970678 0 1
302934958 4 0
302893898 0 0
302892235 20 0
302884793 7 0
302880421 4 0
302873264 0 0
302872922 36 5
302872124 4 23
302851747 43 3
302818754 1 3
302818731 16 0
302818718 17 0
302818716 49 0
302817935 5 0
302816043 13 2
302815919 18 4
302812462 0 0
302812087 14 2
302809346 42 0
302809344 20 0
302808013 33 2
302803973 7 16
302803949 10 23
302803835 20 3
302796743 0 0
302740673 21 2
302739104 29 3
302730653 52 1
302728862 0 1
302725897 24 0
302724368 0 0
302723569 7 1
302709644 20 0
302644812 1 1
302643585 13 1
302637094 56 2
302636203 5 2
302635249 2 0
302634035 5 0
302633613 76 8
302570944 16 0
302569997 15 1
302569924 34 0
302568476 5 0
302568450 5 0
302566956 43 2
302566510 28 3
302566171 27 4
302565948 30 1
302565945 9 0
302565854 13 0
302553752 0 0
302544490 29 2
302503818 42 1
302503191 44 2
302496460 0 1
302496300 1 1
302495230 61 12
302492420 2 0
302491307 46 4
302490755 12 10
302490301 90 11
302489845 38 3
302489779 62 5
302489000 26 2
302484903 0 0
302451711 59 5
302426974 57 3
302425837 0 0
302424431 3 1
302412905 0 2
302412885 24 1
302412759 0 5
302412717 5 0
302412709 3 60
302412417 0 0
302411349 10 2
302409034 51 3
302406583 16 0
302406522 4 0
302406007 1 0
302403339 19 1
302402911 6 0
302402180 8 0
302401031 3 3
302399755 0 1
302397075 4 0
302389346 12 1
302388726 15 0
302348054 42 1
302330851 43 1
302329562 63 0
302316838 5 0
302316482 29 4
302316361 0 0
302316043 5 0
302315923 15 0
302315915 59 54
302315764 0 0
302315644 16 0
302315129 6 1
302314894 0 0
302314647 1 0
302314394 15 0
302314390 37 1
302314029 4 2
302313960 30 2
302313060 7 3
302312446 30 2
302311549 162 4
302311070 53 10
302310958 19 1
302310334 12 0
302310216 0 0
302309502 45 2
302309346 18 6
302309192 0 0
302309190 0 0
302308481 76 50
302308394 25 1
302307167 31 52
302306641 0 2
302306345 8 0
302306109 0 1
302305267 0 0
302304753 5 7
302304413 29 1
302304392 32 1
302304199 25 3
302303495 15 4
302303012 52 4
302295934 2 49
302288394 5 3
302288356 39 2
302276305 2 1
302276299 6 1
302276001 40 0
302274580 18 0
302271216 10 3
302265618 3 3
302263982 1 1
302248102 6 0
302247514 37 1
302238814 7 1
302238111 6 0
302238106 54 1
302237511 0 2
302237213 28 5
302237187 21 0
302236719 13 20
302236416 6 41
302235460 29 18
302234140 74 14
302233943 38 2
302232596 11 0
302232518 17 0
302232166 19 0
302231884 15 0
302231508 8 0
302230964 24 0
302230564 7 2
302230538 0 5
302228747 41 6
302228664 12 1
302228338 10 2
302228211 42 4
302228110 0 1
302228007 8 5
302227186 0 1
302225353 57 2
302224929 18 2
302224889 9 2
302224850 11 0
302221758 8 1
302219670 29 0
302218411 4 4
302218381 70 5
302218332 29 2
302215498 9 1
302202439 33 1
302194292 32 3
302194057 7 4
302193741 17 6
302192892 27 3
302192211 40 5
302191281 46 1
302191178 7 30
302191174 7 0
302190679 31 1
302190625 11 1
302190602 10 0
302190588 7 0
302189543 9 0
302186648 29 2
302185287 31 3
302181216 0 0
302181136 5 1
302181019 37 11
302180992 50 0
302180989 131 4
302180759 47 1
302180755 4 1
302180748 57 0
302180736 17 2
302180648 6 0
302180646 10 1
302180471 18 1
302180195 12 30
302180177 35 3
302180158 21 16
302180132 16 0
302180112 51 3
302180078 0 0
302180001 1 0
302179866 5 0
302179831 14 17
302179793 51 11
302179205 46 2
302179100 12 23
302178220 0 6
302177957 59 0
302177495 10 25
302176138 1 0
302175858 12 2
302175504 49 23
302175464 6 1
302175462 39 0
302175432 46 8
302175399 18 11
302175337 16 2
302175201 17 3
302175082 11 1
302174783 19 1
302174771 40 2
302174732 1 0
302174705 0 1
302174683 0 0
302174673 30 5
302174559 36 2
302173999 62 0
302173679 0 0
302173542 0 0
302173533 71 3
302173409 34 2
302173338 28 2
302173033 5 1
302172899 7 28
302172695 14 1
302172636 5 1
302172617 5 0
302172464 4 18
302172283 4 0
302171959 24 9
302171937 7 28
302170613 48 3
302168956 35 4
302168580 46 2
302168475 26 1
302167762 3 0
302164386 6 34
302164074 34 9
302163615 0 0
302162775 16 2
302162341 0 0
302159223 2 1
302157519 20 3
302156064 2 0
302155078 55 5
302154368 40 26
302145298 72 2
302145291 39 12
302144742 20 0
302141106 0 0
302138712 0 0
302138401 18 7
302138393 23 5
302138296 1 0
302136830 26 2
302135403 2 0
302135196 2 0
302135025 10 2
302134166 1 1
302134161 8 25
302134149 12 1
302134046 1 0
302132584 62 9
302132294 13 2
302130072 14 2
302128989 11 2
302128544 21 2
302125993 37 0
302125867 41 0
302125792 25 3
302125695 31 2
302125670 8 5
302125634 4 12
302125560 2 0
302125553 4 0
302125485 26 2
302125303 20 2
302125299 46 5
302125242 2 1
302125235 24 8
302125178 21 3
302125042 12 0
302125040 33 26
302124948 17 1
302124939 15 0
302124497 21 0
302124425 4 4
302124409 6 2
302124250 4 1
302124228 164 4
302124215 19 8
302124100 31 8
302124012 29 2
302122979 26 9
302122943 13 1
302122799 14 3
302122784 10 4
302122738 55 7
302122688 48 1
302122629 3 19
302122333 44 7
302121014 5 11
302120956 8 6
302120935 24 5
302120925 15 1
302120770 3 0
302120683 7 1
302120678 10 1
302120459 38 3
302120442 1 3
302120389 2 1
302120364 1 0
302120355 23 45
302120319 8 4
302120275 2 28
302120241 1 1
302120193 17 9
302120190 5 0
302120187 3 0
302120170 88 1
302120169 51 7
302120135 15 1
302120111 67 5
302120110 39 17
302120083 24 0
302120080 0 0
302120073 72 5
302120064 9 1
302120055 27 9
302119870 14 0
302119869 38 4
302119815 4 0
302119805 26 8
302119744 0 0
302119743 0 4
302119742 0 0
302119721 0 0
302119715 14 2
302119712 17 1
302119685 7 6
302119676 4 1
302119650 4 0
302119516 1 1
302119462 10 2
302119442 3 1
302119441 2 2
302119408 20 3
302119391 42 2
302119293 12 1
302119170 6 0
302119164 46 1
302119161 37 1
302119156 21 6
302119153 58 4
302119087 13 0
302119083 11 1
302119070 1 1
302119068 7 0
302119027 5 0
302119020 34 3
302118987 1 0
302118946 13 10
302118923 95 12
302118837 12 8
302118835 7 18
302118780 10 11
302118710 21 1
302118674 26 1
302118659 58 1
302118633 1 0
302118540 15 1
302118477 19 2
302118435 18 2
302118398 6 0
302118280 3 1
302118270 17 1
302118204 19 4
302118170 8 1
302118164 9 2
302118159 3 0
302118142 8 3
302118047 40 8
302117999 77 7
302117954 22 0
302117948 4 31
302117947 3 31
302117889 25 3
302117884 26 0
302117833 22 7
302117814 10 1
302117731 4 0
302117721 19 8
302117719 42 3
302117677 17 1
302117671 42 9
302117651 24 2
302117640 1 3
302117545 12 32
302117448 0 0
302117446 2 0
302117426 21 0
302117414 27 8
302117266 0 4
302117237 7 0
302117232 1 4
302117231 13 58
302117226 12 6
302117122 22 0
302117105 38 3
302117080 12 1
302116974 10 60
302116958 12 64
302116844 8 0
302116843 3 0
302116770 11 0
302116758 10 2
302116733 1 1
302116621 8 11
302116608 76 4
302116541 2 0
302116327 47 8
302116261 25 22
302116253 20 9
302116034 1 3
302116033 21 2
302116029 2 5
302115989 4 0
302115950 5 0
302115806 5 4
302115754 6 5
302115535 37 4
302115513 17 5
302115468 33 8
302115453 8 11
302115449 1 6
302115447 25 2
302115443 1 1
302115433 32 36
302115420 3 18
302115387 15 15
302115311 43 1
302115225 11 1
302115199 4 19
302115176 10 5
302115156 0 0
302115134 44 4
302115131 1 1
302115107 19 1
302115105 2 1
302115065 13 2
302115060 42 0
302115016 46 6
302114999 1 4
302114963 17 5
302114946 40 2
302114761 4 0
302114682 35 11
302114549 37 4
302114451 0 8
302114370 85 6
302114246 9 4
302114185 28 6
302114115 17 1
302113973 5 0
302113927 3 30
302113832 17 2
302113783 22 4
302113772 4 0
302113745 0 1
302113729 37 3
302113566 3 0
302113435 22 13
302113366 26 0
302113270 4 0
302113220 7 4
302112903 5 0
302112719 5 1
302112717 0 0
302111827 0 0
302111609 0 0
302111559 1 0
302111544 31 1
302111382 5 0
302111295 8 3
302111206 17 5
302111181 0 0
302111179 6 36
302111138 0 3
302111131 30 3
302111112 0 1
302111110 10 0
302111107 23 2
302111103 0 0
302111090 27 2
302111083 127 4
302111079 2 2
302111076 1 0
302111038 0 1
302111028 0 1
302110995 0 1
302110956 0 0
302110955 7 28
302110926 16 3
302110876 1 0
302110867 0 41
302110808 15 3
302110736 0 0
302110661 22 0
302110529 0 4
302110332 4 0
302110238 3 4
302110224 5 22
302110159 18 5
302110134 1 0
302110131 3 0
302110019 6 5
302109994 18 2
302109859 6 2
302109731 27 4
302109713 39 1
302109676 1 0
302109379 16 0
302108814 1 22
302108577 6 35
302108540 31 2
302108504 13 6
302108273 1 0
302108242 2 0
302108230 3 0
302107965 21 2
302107843 8 24
302107839 4 24
302107821 0 0
302107788 2 12
302107639 13 3
302107150 5 0
302106466 3 3
302106457 0 3
302106384 34 0
302106344 3 1
302106343 0 0
302105886 6 3
302105831 3 29
302105762 54 1
302105582 11 0
302105499 8 0
302105489 46 5
302105405 44 12
302105289 31 8
302105218 75 7
302104304 33 3
302103767 1 3
302102801 31 9
302101053 1 3
302094621 5 1
302094616 9 2
302094556 41 18
302094554 0 1
302094449 13 6
302094376 2 2
302094294 10 1
302094277 17 26
302094271 3 3
302094066 31 1
302094046 5 0
302094044 5 3
302093951 37 4
302093855 2 2
302093787 4 0
302093739 7 0
302093712 25 2
302093710 61 32
302093707 4 0
302093616 13 3
302093591 6 7
302093466 11 1
302093439 17 0
302093404 9 0
302093377 1 1
302093345 6 0
302093289 39 7
302093251 14 45
302093113 2 1
302092999 2 0
302092655 3 0
302092568 67 33
302092552 65 21
302092455 6 1
302092445 8 22
302092401 7 1
302092287 37 6
302092244 10 1
302091446 16 5
302091440 19 2
302091432 4 13
302091427 0 0
302090312 1 0
302090152 10 5
302089488 3 18
302088972 29 37
302088205 6 47
302087980 7 2
302085781 7 1
302085779 66 3
302085768 46 4
302085762 34 3
302085757 25 2
302085723 11 5
302085719 20 7
302085716 3 3
302085647 38 1
302085646 50 8
302085633 33 7
302085624 22 12
302085609 6 34
302085571 53 14
302085511 40 10
302085509 23 7
302085505 4 1
302085422 8 26
302085396 27 44
302085387 1 0
302085376 2 1
302085352 0 3
302085310 0 1
302085224 7 1
302085201 21 65
302085189 32 27
302085178 75 9
302085166 38 8
302085121 17 13
302085090 11 3
302084974 1 0
302084968 12 1
302084967 33 7
302084856 0 2
302084847 52 20
302084732 10 32
302084717 19 18
302084647 1 0
302084543 2 0
302084526 32 2
302083981 12 25
302083934 4 8
302083819 10 4
302083668 8 3
302083477 9 2
302083467 58 14
302083428 45 3
302083330 15 0
302083196 26 16
302083182 33 2
302082951 8 0
302082922 11 34
302082821 7 10
302082814 3 5
302082811 2 0
302082807 0 0
302082791 12 2
302082771 20 4
302082763 10 0
302082712 12 0
302082708 9 1
302082681 14 59
302082678 4 0
302082673 38 14
302082667 41 3
302082666 3 0
302082643 6 1
302082641 13 8
302082629 85 8
302082607 1 2
302082599 60 2
302082590 4 0
302082566 31 1
302082565 32 79
302082544 13 4
302082519 2 0
302082498 160 6
302082490 1 1
302082480 2 4
302082471 30 59
302082463 25 79
302082462 19 1
302082458 2 0
302082441 1 0
302082440 1 0
302082436 1 0
302082435 4 9
302082434 17 78
302082427 20 2
302082421 1 0
302082420 5 3
302082405 14 28
302082404 56 14
302082399 24 49
302082398 21 35
302082396 12 11
302082388 70 26
302082385 82 1
302082379 18 39
302082369 1 0
302082330 10 4
302082328 1 0
302082327 2 16
302082208 2 0
302082202 8 2
302082157 6 3
302082153 80 1
302082152 3 2
302082151 26 2
302082145 15 22
302082141 35 37
302082132 17 33
302082130 1 0
302082125 5 0
302082124 19 2
302082116 19 3
302082094 7 0
302082085 23 34
302082076 10 0
302082075 4 0
302082067 67 3
302082042 7 0
302082041 17 0
302082019 3 0
302082014 1 3
302082005 37 2
302082000 46 2
302081971 8 39
302081966 1 1
302081950 1 2
302081935 5 0
302081929 0 0
302081928 1 1
302081927 2 0
302081926 0 0
302081919 5 18
302081875 33 0
302081867 8 45
302081837 7 0
302081835 13 11
302081770 8 1
302081758 8 30
302081754 9 3
302081724 15 71
302081717 51 5
302081711 2 0
302081703 29 3
302081686 7 0
302081676 5 1
302081624 0 3
302081608 3 1
302081606 85 11
302081579 5 0
302081538 0 1
302081514 3 2
302081507 79 12
302081437 5 5
302081433 4 0
302081408 83 8
302081398 0 0
302081384 56 4
302081382 4 27
302081277 21 3
302081271 0 1
302081237 5 1
302081236 10 3
302081215 90 8
302081205 18 2
302081202 19 0
302081201 25 1
302081197 5 0
302081185 4 2
302081184 10 1
302081152 3 3
302081138 48 6
302081128 68 21
302081124 130 17
302081117 54 6
302081100 13 1
302081097 17 19
302081091 69 11
302081090 62 6
302081088 2 0
302081082 36 3
302081080 2 0
302081077 8 1
302081032 2 7
302081003 1 1
302080979 26 28
302080963 2 0
302080957 3 6
302080945 0 12
302080938 1 2
302080930 3 5
302080925 36 17
302080894 32 43
302080869 4 1
302080867 29 73
302080859 13 16
302080837 14 48
302080819 53 4
302080818 24 1
302080780 28 6
302080768 9 1
302080764 14 7
302080735 27 50
302080716 18 1
302080708 48 12
302080686 4 0
302080680 31 11
302080657 5 0
302080625 43 4
302080615 1 0
302080604 4 0
302080593 1 0
302080572 47 11
302080547 42 6
302080504 8 57
302080500 4 66
302080479 29 0
302080447 75 1
302080440 11 1
302080434 29 2
302080431 10 58
302080423 1 0
302080414 2 0
302080413 4 0
302080396 14 1
302080390 0 0
302080370 5 2
302080352 14 2
302080342 0 0
302080319 16 1
302080314 2 0
302080280 31 3
302080230 15 1
302080219 254 15
302080205 0 0
302080170 3 1
302080155 19 48
302080154 10 1
302080147 40 0
302080140 37 4
302080116 38 1
302080110 8 0
302080083 1 2
302080021 12 3
302080004 0 0
302079930 15 5
302079916 96 4
302079900 7 2
302079874 19 0
302079869 13 0
302079833 19 6
302079818 29 6
302079787 1 0
302079738 38 5
302079612 22 2
302079599 24 2
302079579 16 0
302079560 10 2
302079510 18 4
302079457 1 0
302079425 20 1
302079352 1 3
302079326 2 23
302079283 2 0
302079233 15 0
302079168 3 8
302079122 3 0
302078972 29 2
302078895 1 16
302078861 6 7
302078801 1 0
302078730 22 1
302078711 7 0
302078710 50 0
302078709 3 0
302078708 27 0
302078703 6 0
302078701 32 4
302078699 66 2
302078697 9 0
302078695 32 0
302078694 2 0
302078693 16 19
302078691 6 33
302078690 38 9
302078687 2 0
302078686 16 0
302078685 6 0
302078683 51 0
302078682 8 1
302078681 2 1
302078678 21 0
302078677 5 0
302078676 0 3
302078675 8 0
302078672 1 0
302078671 6 4
302078668 9 0
302078667 6 1
302078666 2 3
302078664 3 0
302078663 22 0
302078661 29 0
302078658 5 0
302078655 1 1
302078652 13 0
302078648 52 5
302078647 24 1
302078645 31 1
302078644 11 2
302078640 25 1
302078639 1 0
302078638 17 1
302078635 18 1
302078634 34 4
302078633 8 0
302078632 28 0
302078630 0 0
302078624 23 2
302078622 2 0
302078617 3 0
302078615 1 0
302078613 64 6
302078610 5 4
302078608 3 0
302078606 30 4
302078605 30 10
302078603 24 0
302078598 0 6
302078596 2 0
302078594 22 41
302078578 23 85
302078572 1 0
302078570 7 1
302078569 31 95
302078568 32 0
302078566 0 0
302078563 1 1
302078561 3 0
302078560 2 0
302078559 6 5
302078556 41 2
302078554 1 4
302078552 44 5
302078549 28 1
302078548 11 9
302078547 18 4
302078542 22 49
302078535 2 1
302078534 7 2
302078533 31 17
302078532 32 7
302078527 0 1
302078524 26 5
302078523 2 0
302078521 32 8
302078520 3 0
302078517 26 7
302078514 15 11
302078512 27 9
302078509 26 2
302078507 31 3
302078504 8 1
302078502 29 3
302078501 5 1
302078500 23 3
302078499 0 0
302078494 12 2
302078491 18 0
302078490 33 4
302078488 3 0
302078486 24 2
302078484 29 2
302078482 38 0
302078480 0 1
302078479 1 0
302078477 3 0
302078476 51 0
302078474 5 0
302078471 40 2
302078469 22 2
302078468 43 4
302078467 56 5
302078465 1 0
302078463 69 3
302078461 6 1
302078460 2 1
302078459 8 1
302078458 10 6
302078456 18 2
302078455 0 1
302078454 26 5
302078452 8 4
302078451 15 4
302078450 165 6
302078446 48 0
302078444 0 1
302078434 5 2
302078433 0 0
302078428 4 27
302078427 0 6
302078424 24 3
302078422 4 0
302078420 4 0
302078416 4 0
302078413 5 0
302078412 0 0
302078411 2 0
302078409 1 2
302078407 17 4
302078403 16 11
302078393 22 1
302078392 36 13
302078391 2 1
302078388 1 29
302078387 6 1
302078383 28 3
302078381 1 1
302078379 55 14
302078378 12 17
302078376 40 3
302078374 24 6
302078373 8 7
302078370 0 0
302078369 30 1
302078368 20 2
302078367 3 0
302078366 1 0
302078360 45 2
302078359 3 1
302078353 25 0
302078352 16 0
302078351 51 0
302078345 43 1
302078343 2 3
302078341 4 22
302078340 1 2
302078338 28 8
302078336 10 0
302078332 24 2
302078330 22 4
302078328 3 0
302078324 0 0
302078321 2 0
302078318 17 4
302078317 0 1
302078314 0 0
302078312 0 0
302078309 0 2
302078308 61 10
302078302 5 0
302078301 13 4
302078300 22 1
302078295 37 2
302078293 3 8
302078292 1 0
302078291 14 3
302078289 26 5
302078283 24 2
302078278 55 7
302078273 33 2
302078272 12 0
302078270 18 68
302078269 6 1
302078265 65 1
302078262 11 66
302078259 20 44
302078258 18 0
302078251 31 5
302078250 5 1
302078248 42 4
302078247 27 0
302078245 9 3
302078239 6 0
302078238 29 2
302078235 13 1
302078233 4 4
302078228 14 0
302078223 9 1
302078222 2 7
302078221 13 2
302078218 4 3
302078212 5 0
302078211 2 6
302078210 12 1
302078204 4 4
302078203 49 0
302078200 12 42
302078199 3 9
302078196 3 8
302078195 39 2
302078189 4 0
302078188 4 10
302078186 6 0
302078184 20 2
302078177 5 1
302078176 34 4
302078175 12 1
302078174 4 10
302078173 11 1
302078171 2 1
302078168 11 2
302078167 8 1
302078165 4 3
302078163 1 1
302078162 1 8
302078159 27 62
302078157 19 7
302078156 86 21
302078155 46 0
302078149 1 1
302078148 72 4
302078145 19 2
302078144 1 6
302078141 3 0
302078140 2 0
302078139 0 7
302078138 6 0
302078137 58 13
302078135 32 3
302078134 37 1
302078133 28 7
302078131 17 12
302078129 8 0
302078128 21 60
302078127 48 2
302078126 127 9
302078121 0 1
302078119 2 1
302078116 12 12
302078114 35 3
302078113 0 4
302078111 5 3
302078108 16 4
302078104 25 0
302078101 5 2
302078100 2 1
302078099 54 3
302078095 31 6
302078093 24 6
302078092 4 4
302078091 14 1
302078089 0 4
302078087 5 1
302078086 2 3
302078084 0 4
302078083 0 4
302078082 0 0
302078081 11 108
302078080 2 3
302078078 0 0
302078077 27 1
302078074 0 3
302078073 2 0
302078072 35 20
302078071 19 2
302078070 47 7
302078066 27 3
302078063 27 4
302078060 20 1
302078058 24 5
302078056 16 1
302078055 14 10
302078053 16 5
302078052 27 2
302078049 44 2
302078048 2 0
302078047 8 10
302078046 2 2
302078045 19 5
302078043 25 1
302078042 2 1
302078041 37 5
302078040 15 0
302078039 3 1
302078038 11 2
302078037 24 20
302078036 12 0
302078035 28 8
302078034 5 31
302078031 21 1
302078029 5 0
302078028 22 2
302078027 44 16
302078025 81 10
302078024 4 6
302078023 5 1
302078022 3 2
302078020 20 10
302078017 29 37
302078016 11 51
302078009 7 26
302078005 3 1
302078004 9 0
302078003 299 8
302078001 9 7
302078000 25 3
302077998 6 14
302077997 20 28
302077996 7 11
302077994 27 3
302077991 398 5
302077990 22 12
302077989 14 1
302077988 3 0
302077987 54 10
302077986 25 11
302077985 41 6
302077983 22 8
302077982 20 37
302077981 9 0
302077980 2 5
302077978 1 1
302077976 2 7
302077975 1 4
302077974 2 8
302077972 21 5
302077971 55 3
302077970 16 5
302077969 3 2
302077966 4 6
302077964 0 1
302077963 8 1
302077961 144 1
302077960 59 6
302077958 21 4
302077957 1 3
302077956 11 37
302077955 26 0
302077954 3 1
302077953 9 4
302077950 46 19
302077949 14 3
302077948 9 21
302077947 0 11
302077946 38 13
302077943 35 5
302077942 42 5
302077940 16 3
302077938 9 44
302077937 164 2
302077936 3 1
302077935 22 1
302077933 2 0
302077932 11 2
302077929 0 0
302077928 11 1
302077926 27 8
302077925 23 5
302077922 0 0
302077921 21 79
302077919 2 2
302077918 6 4
302077916 0 0
302077915 0 1
302077913 10 34
302077912 0 2
302077911 5 0
302077910 4 12
302077909 0 0
302077907 5 2
302077905 7 11
302077902 0 0
302077901 4 0
302077899 1 4
302077898 2 1
302077895 14 1
302077894 22 9
302077892 4 11
302077890 12 9
302077889 22 2
302077885 67 4
302077882 48 8
302077881 11 2
302077880 3 1
302077879 1 1
302077877 2 6
302077876 9 2
302077875 7 1
302077873 0 1
302077871 0 2
302077868 0 1
302077867 6 0
302077866 32 1
302077857 4 3
302077851 5 5
302077849 41 4
302077846 2 3
302077844 27 5
302077843 7 1
302077842 9 9
302077841 37 2
302077837 0 0
302077836 13 2
302077835 28 1
302077834 6 4
302077832 4 1
302077830 0 8
302077829 3 9
302077828 1 6
302077827 8 1
302077826 1 2
302077823 7 3
302077822 13 3
302077821 0 0
302077818 2 3
302077817 3 3
302077810 3 0
302077808 29 1
302077807 20 3
302077806 26 4
302077804 2 0
302077797 21 3
302077796 14 8
302077795 2 1
302077794 3 1
302077793 8 16
302077792 6 20
302077790 7 3
302077788 3 3
302077784 5 63
302077783 1 4
302077782 20 6
302077781 142 17
302077779 0 0
302077778 2 12
302077777 2 6
302077776 1 2
302077775 3 2
302077774 4 1
302077773 13 5
302077772 2 0
302077771 7 6
302077767 0 2
302077766 0 1
302077765 21 13
302077763 4 5
302077762 1 3
302077759 3 4
302077758 2 5
302077757 0 5
302077756 25 4
302077751 5 0
302077750 2 2
302077749 0 1
302077748 34 7
302077747 0 1
302077746 0 1
302077744 7 5
302077740 27 1
302077739 2 2
302077737 10 2
302077736 24 5
302077735 11 13
302077733 0 11
302077729 2 5
302077726 0 7
302077725 3 5
302077722 28 4
302077721 0 5
302077719 0 1
302077718 17 4
302077716 16 5
302077715 2 1
302077712 1 1
302077709 2 1
302077708 0 1
302077707 0 1
302077706 5 20
302077705 6 15
302077703 1 1
302077700 4 2
302077698 2 3
302077697 1 5
302077696 0 2
302077695 9 5
302077694 18 8
302077693 0 1
302077692 5 1
302077691 29 18
302077689 17 14
302077686 2 11
302077684 2 2
302077680 34 6
302077679 20 11
302077676 120 16
302077673 16 0
302077671 3 0
302077670 4 2
302077668 10 0
302077667 4 0
302077666 1 0
302077663 6 31
302077662 36 1
302077661 6 1
302077660 1 4
302077659 21 5
302077658 4 2
302077657 20 5
302077656 1 2
302077655 0 3
302077654 1 3
302077653 1 3
302077651 18 2
302077650 100 1
302077649 10 7
302077647 4 18
302077645 49 2
302077644 16 2
302077640 17 3
302077639 13 0
302077637 42 1
302077634 32 2
302077632 3 15
302077629 6 4
302077627 1 0
302077626 5 2
302077625 19 3
302077624 0 1
302077620 19 1
302077609 43 2
302077601 4 3
302077597 2 1
302077596 0 5
302077595 25 3
302077592 0 0
302077591 7 0
302077590 8 1
302077589 8 1
302077587 4 0
302077586 10 15
302077585 1 0
302077584 31 7
302077582 0 6
302077581 3 3
302077579 18 2
302077578 10 3
302077577 1 1
302077576 0 0
302077574 0 0
302077569 3 0
302077564 14 0
302077563 14 19
302077562 15 8
302077560 0 0
302077559 44 2
302077554 7 4
302077553 0 1
302077552 43 1
302077551 42 6
302077547 9 3
302077546 0 2
302077545 2 4
302077544 3 9
302077543 20 5
302077539 5 0
302077538 0 3
302077537 27 2
302077536 37 2
302077535 14 1
302077534 8 1
302077532 8 1
302077531 7 1
302077530 5 1
302077528 1 0
302077527 9 2
302077526 13 5
302077525 4 5
302077524 20 3
302077523 2 0
302077522 4 3
302077521 10 1
302077519 3 1
302077518 10 2
302077517 2 0
302077516 1 0
302077514 0 0
302077512 2 0
302077510 0 3
302077509 21 2
302077508 0 1
302077507 9 1
302077506 0 2
302077505 15 6
302077504 9 4
302077503 8 12
302077502 6 1
302077501 1 1
302077499 17 1
302077498 23 4
302077497 1 1
302077496 340 2
302077494 9 0
302077493 16 3
302077491 4 1
302077490 8 10
302077489 11 0
302077487 19 2
302077486 6 1
302077485 3 0
302077484 5 1
302077483 1 0
302077482 1 0
302077481 37 3
302077479 25 5
302077478 35 7
302077476 18 0
302077475 3 3
302077473 14 3
302077472 14 3
302077471 2 9
302077470 6 1
302077469 25 12
302077468 1 0
302077467 17 7
302077466 14 0
302077465 22 3
302077464 37 9
302077463 1 1
302077462 2 0
302077461 5 4
302077460 17 7
302077459 21 3
302077458 8 1
302077457 0 2
302077455 20 3
302077453 0 1
302077448 3 4
302077447 1 1
302077446 8 9
302077444 21 11
302077443 31 5
302077442 26 4
302077440 20 31
302077439 13 1
302077438 16 0
302077437 1 0
302077436 15 1
302077434 19 1
302077433 0 2
302077432 2 2
302077431 22 3
302077430 0 1
302077429 5 1
302077428 1 2
302077427 1 4
302077426 6 11
302077425 4 5
302077424 22 1
302077423 4 33
302077422 0 0
302077420 7 3
302077419 6 34
302077418 16 0
302077417 5 0
302077415 3 0
302077414 2 1
302077413 1 0
302077411 2 0
302077410 54 3
302077408 30 1
302077407 1 0
302077406 1 0
302077405 20 40
302077404 13 0
302077403 0 1
302077402 2 0
302077400 4 0
302077399 29 11
302077398 2 5
302077397 29 4
302077396 2 1
302077394 1 8
302077393 3 1
302077392 278 13
302077391 8 7
302077390 22 0
302077389 370 2
302077388 5 5
302077386 2 0
302077384 2 0
302077383 38 27
302077382 2 0
302077381 10 6
302077380 37 1
302077379 11 1
302077378 8 0
302077377 5 0
302077375 0 0
302077374 12 1
302077372 1 2
302077371 8 1
302077370 3 0
302077369 9 4
302077367 15 13
302077366 0 0
302077364 25 0
302077363 1 0
302077362 18 0
302077361 12 1
302077360 38 3
302077359 5 16
302077358 5 0
302077357 4 1
302077356 14 1
302077355 25 5
302077354 2 0
302077352 118 2
302077349 55 1
302077348 9 4
302077347 12 1
302077346 17 8
302077344 36 5
302077343 16 0
302077342 9 2
302077340 42 10
302077339 15 1
302077335 5 0
302077334 1 0
302077332 27 21
302077331 1 5
302077330 9 0
302077329 205 2
302077328 16 6
302077327 18 3
302077326 3 1
302077325 2 3
302077324 7 1
302077321 3 0
302077318 0 1
302077316 14 3
302077312 22 17
302077311 4 0
302077309 32 7
302077307 15 11
302077306 6 0
302077301 1 0
302077300 4 0
302077299 1 0
302077298 3 0
302077297 51 27
302077296 21 2
302077295 4 3
302077294 8 2
302077291 540 119
302077290 13 0
302077289 0 0
302077288 0 0
302077286 61 5
302077285 13 2
302077281 20 2
302077280 0 0
302077275 1 0
302077274 29 1
302077273 10 1
302077271 1 0
302077270 8 1
302077269 1 0
302077266 1 0
302077265 0 0
302077264 0 2
302077263 17 2
302077260 3 1
302077259 25 10
302077257 0 0
302077256 7 0
302077255 5 0
302077254 14 4
302077253 4 3
302077251 5 0
302077250 4 1
302077248 30 10
302077246 1 0
302077244 37 4
302077241 3 184
302077239 37 3
302077236 16 7
302077235 22 0
302077234 77 3
302077233 22 2
302077232 19 1
302077231 14 3
302077230 0 1
302077229 11 0
302077228 3 0
302077227 2 0
302077226 18 11
302077224 8 7
302077223 16 5
302077220 4 0
302077219 16 1
302077218 4 85
302077217 11 1
302077216 5 10
302077214 1 0
302077213 9 0
302077212 5 5
302077211 4 0
302077209 1 0
302077206 31 2
302077205 8 0
302077204 15 3
302077203 5 0
302077202 6 81
302077201 8 3
302077200 2 1
302077198 4 0
302077197 4 7
302077196 441 4
302077194 19 2
302077193 23 1
302077192 15 0
302077191 14 2
302077189 18 0
302077188 12 0
302077187 3 2
302077186 500 7
302077183 1 1
302077181 322 2
302077180 14 3
302077179 14 1
302077178 3 1
302077175 9 31
302077174 0 0
302077173 3 0
302077172 0 3
302077171 48 1
302077169 0 0
302077168 15 1
302077166 6 0
302077165 26 3
302077164 0 1
302077163 18 1
302077162 22 12
302077161 0 0
302077160 15 5
302077158 10 1
302077157 2 0
302077156 0 0
302077155 54 3
302077154 1 3
302077153 0 9
302077152 16 5
302077150 30 0
302077148 10 4
302077147 38 3
302077146 1353 45
302077145 5 0
302077143 24 5
302077142 10 13
302077141 2 0
302077139 2 1
302077138 4 1
302077137 60 0
302077136 28 3
302077135 38 2
302077134 31 2
302077132 21 6
302077131 7 3
302077129 15 5
302077128 13 2
302077127 7 2
302077125 11 3
302077124 6 4
302077123 1 0
302077122 1 0
302077121 24 5
302077118 20 0
302077117 4 12
302077116 14 5
302077115 1 0
302077114 0 0
302077113 0 0
302077111 34 0
302077109 15 0
302077108 2 0
302077106 4 0
302077105 23 0
302077104 2 1
302077102 1 0
302077101 2 0
302077100 11 32
302077098 18 27
302077097 5 1
302077096 70 1
302077095 3 2
302077094 2 0
302077093 38 3
302077092 41 6
302077091 7 2
302077089 13 2
302077088 24 3
302077087 9 0
302077086 25 2
302077085 0 0
302077084 19 12
302077083 4 1
302077082 24 5
302077081 11 0
302077080 13 0
302077079 6 0
302077077 33 6
302077076 10 1
302077075 7 0
302077074 17 6
302077072 20 3
302077071 16 0
302077070 1 0
302077069 1 1
302077064 2 1
302077062 578 52
302077061 11 45
302077060 34 11
302077057 0 2
302077056 21 3
302077053 25 6
302077052 8 3
302077050 5 2
302077049 24 3
302077048 22 11
302077046 27 2
302077044 3 5
302077043 32 1
302077042 10 0
302077041 601 6
302077038 0 1
302077037 5 14
302077034 6 0
302077031 4 6
302077030 18 2
302077029 12 1
302077028 35 8
302077027 7 3
302077026 11 1
302077024 9 1
302077021 6 0
302077020 13 0
302077019 0 1
302077018 28 2
302077016 2 1
302077015 1 1
302077014 3 5
302077013 18 0
302077012 9 2
302077011 9 0
302077010 14 0
302077008 50 2
302077007 281 2
302077006 3 0
302077005 0 4
302077004 18 1
302077003 5 0
302077001 9 1
302077000 37 3
302076999 27 5
302076998 31 3
302076997 2 3
302076996 8 17
302076995 5 0
302076994 5 1
302076993 4 1
302076991 23 0
302076990 26 8
302076985 1 3
302076982 54 1
302076980 22 2
302076979 1 2
302076978 0 1
302076976 8 1
302076974 6 0
302076973 25 0
302076972 15 21
302076971 7 0
302076970 34 2
302076969 6 17
302076968 18 4
302076967 12 0
302076966 13 3
302076965 4 1
302076962 1 4
302076960 12 1
302076959 9 2
302076958 18 2
302076956 3 1
302076955 23 2
302076953 34 4
302076952 22 2
302076951 10 1
302076948 4 1
302076947 37 6
302076945 5 0
302076944 3 0
302076943 3 0
302076942 18 2
302076940 4 0
302076939 0 3
302076938 3 8
302076937 40 11
302076936 20 20
302076935 8 6
302076934 3 0
302076932 3 5
302076931 17 13
302076930 8 3
302076928 7 1
302076927 2 6
302076926 2 0
302076925 21 5
302076924 6 28
302076922 3 1
302076919 2 2
302076918 741 40
302076917 27 7
302076916 7 0
302076915 6 2
302076914 8 23
302076913 9 3
302076912 6 69
302076911 1 4
302076910 30 3
302076909 54 2
302076908 10 0
302076907 43 8
302076906 21 2
302076905 18 2
302076903 19 1
302076902 1 0
302076901 18 3
302076900 7 1
302076899 18 0
302076898 10 21
302076897 1 0
302076896 8 37
302076895 11 0
302076894 17 2
302076892 35 4
302076891 3 0
302076890 11 0
302076889 12 1
302076888 16 1
302076887 16 2
302076886 1 0
302076885 5 0
302076882 24 4
302076881 2 0
302076880 7 0
302076879 1 0
302076878 8 0
302076877 0 1
302076876 5 36
302076875 17 1
302076874 2 1
302076873 0 0
302076872 277 20
302076871 1 0
302076870 54 1
302076868 18 0
302076867 7 0
302076866 2 2
302076864 1 2
302076863 8 0
302076862 2 0
302076860 0 1
302076858 1 1
302076857 2 0
302076856 27 6
302076855 210 3
302076854 8 3
302076853 2 30
302076852 16 0
302076851 3 0
302076850 20 1
302076848 11 23
302076847 8 1
302076846 5 0
302076845 1 2
302076844 302 38
302076843 0 0
302076841 1 0
302076840 1 0
302076839 0 0
302076838 0 1
302076837 7 0
302076836 2 0
302076835 7 5
302076833 1 0
302076832 1200 10
302076831 36 1
302076830 2 0
302076829 2 0
302076828 14 3
302076827 0 3
302076824 2 0
302076823 1 0
302076822 0 1
302076821 4 0
302076820 2 0
302076819 1 0
302076818 9 17
302076816 8 0
302076815 1 0
302076814 14 0
302076813 4 0
302076812 13 3
302076811 2 0
302076810 15 50
302076808 1 1
302076806 4 1
302076805 2 0
302076804 14 7
302076803 18 7
302076802 23 0
302076801 2 0
302076800 18 1
302076799 2 2
302076797 4 0
302076796 24 5
302076795 7 1
302076792 12 0
302076791 14 11
302076790 3 0
302076788 5 2
302076786 7 0
302076785 7 3
302076784 22 9
302076783 1 0
302076782 13 1
302076778 2 4
302076776 1 3
302076775 40 3
302076774 4 0
302076773 2 0
302076771 2 1
302076769 22 0
302076768 4 1
302076766 1 0
302076765 0 0
302076764 4 0
302076763 5 0
302076762 4 0
302076761 8 5
302076760 0 0
302076759 2 0
302076758 0 0
302076757 28 1
302076756 0 1
302076754 2 0
302076753 3 0
302076751 1 2
302076750 11 0
302076748 1 0
302076746 0 1
302076745 8 25
302076743 1 0
302076741 840 7
302076740 2 0
302076739 18 2
302076738 0 0
302076735 40 6
302076734 1 0
302076733 14 4
302076732 1529 12
302076731 34 1
302076730 0 0
302076729 7 2
302076727 3 3
302076726 26 3
302076725 7 0
302076722 13 4
302076721 8 8
302076720 5 2
302076719 0 0
302076718 0 2
302076717 2 1
302076716 2 0
302076715 18 9
302076713 1 0
302076712 36 1
302076710 6 17
302076709 36 7
302076708 6 2
302076707 14 2
302076706 0 0
302076705 3 12
302076704 0 0
302076702 0 0
302076701 3 0
302076700 0 0
302076698 0 1
302076697 1 0
302076696 21 1
302076695 23 3
302076694 1 0
302076693 0 1
302076692 9 1
302076691 2 0
302076689 23 2
302076688 9 1
302076687 30 2
302076685 0 18
302076684 2 0
302076682 1 0
302076681 1 1
302076680 13 0
302076679 3 1
302076678 28 0
302076677 6 3
302076676 45 12
302076675 21 0
302076674 0 15
302076673 23 3
302076672 0 0
302076671 7 0
302076670 24 4
302076669 11 0
302076668 23 24
302076666 28 0
302076665 27 7
302076663 1 0
302076662 0 3
302076660 1 0
302076659 27 1
302076658 23 0
302076657 8 8
302076655 25 1
302076653 8 4
302076652 0 1
302076651 19 0
302076650 16 12
302076649 6 0
302076648 1 38
302076647 1 0
302076646 17 2
302076645 5 0
302076644 21 2
302076643 10 0
302076642 8 0
302076641 35 4
302076640 3 26
302076639 29 11
302076638 29 0
302076637 3 1
302076636 5 1
302076635 14 0
302076634 4 0
302076633 7 1
302076632 25 4
302076630 1 2
302076629 373 45
302076628 28 0
302076626 39 0
302076625 18 1
302076623 21 2
302076622 2 1
302076621 32 4
302076620 2 0
302076619 5 87
302076618 150 1
302076617 1 0
302076616 1 0
302076612 1 2
302076611 29 5
302076610 11 3
302076608 1 1
302076607 2 1
302076604 3 0
302076603 25 3
302076601 44 4
302076600 19 13
302076598 6 6
302076597 11 2
302076596 1 2
302076595 1 0
302076594 36 0
302076592 7 0
302076591 643 48
302076590 2 2
302076589 3 0
302076588 20 6
302076587 13 0
302076586 12 2
302076585 1896 24
302076581 1 1
302076580 1 0
302076579 12 1
302076578 13 0
302076577 4 0
302076575 10 1
302076574 6 0
302076573 0 1
302076571 1 4
302076570 22 4
302076569 28 6
302076567 38 2
302076566 1 0
302076565 14 2
302076564 1 0
302076563 25 29
302076562 10 3
302076561 5 4
302076560 17 5
302076559 0 0
302076558 289 7
302076557 15 2
302076556 12 1
302076555 11 1
302076553 4 2
302076552 7 1
302076551 7 3
302076550 36 4
302076549 3 0
302076548 7 0
302076547 2 2
302076546 5 0
302076545 40 23
302076544 2 1
302076543 2 5
302076542 14 1
302076541 3 0
302076540 26 2
302076539 10 1
302076538 282 5
302076537 4 0
302076536 6 5
302076533 13 1
302076532 1 1
302076531 5 1
302076530 2 2
302076528 15 1
302076527 19 4
302076526 5 3
302076525 33 5
302076524 26 1
302076523 9 36
302076522 4 0
302076521 2 0
302076519 407 5
302076518 23 2
302076517 3 1
302076516 9 2
302076515 13 0
302076514 7 2
302076513 17 1
302076511 19 38
302076510 45 2
302076509 29 9
302076507 1 1
302076506 12 20
302076505 10 3
302076504 10 10
302076503 1 1
302076502 19 4
302076501 35 7
302076500 46 2
302076499 3 0
302076498 3 0
302076497 28 4
302076496 3 1
302076495 4 3
302076494 8 2
302076493 580 2
302076492 5 1
302076491 14 1
302076489 5 1
302076488 4 0
302076487 5 0
302076484 1 0
302076483 1 0
302076482 1 0
302076481 3 0
302076480 14 6
302076479 327 9
302076478 6 1
302076476 2 11
302076475 3 1
302076474 35 8
302076473 19 2
302076472 5 0
302076471 2 2
302076469 3 0
302076468 498 6
302076467 0 5
302076466 23 1
302076465 6 0
302076464 6 6
302076463 6 71
302076462 14 4
302076459 2 1
302076457 114 3
302076456 2 1
302076455 11 0
302076454 3 1
302076453 21 1
302076452 0 0
302076451 1 3
302076450 2 0
302076449 17 1
302076448 5 3
302076447 10 2
302076445 2 3
302076444 2 0
302076443 7 35
302076441 5 0
302076440 1 0
302076439 11 4
302076438 27 2
302076437 2 0
302076436 2 0
302076434 4 1
302076433 1 1
302076432 13 40
302076431 2 0
302076430 24 2
302076429 407 22
302076428 4 2
302076427 457 10
302076426 0 0
302076424 15 6
302076423 0 0
302076421 3 0
302076420 9 10
302076419 1 1
302076418 1 0
302076416 6 2
302076415 28 5
302076414 16 3
302076412 0 0
302076411 4 44
302076410 20 8
302076408 1 0
302076407 12 5
302076406 2 1
302076404 1 1
302076403 1 3
302076402 341 22
302076401 2 48
302076400 15 3
302076399 33 3
302076398 2 1
302076397 0 1
302076396 2 1
302076395 27 10
302076394 0 1
302076393 5 2
302076392 49 2
302076391 21 1
302076390 2 0
302076389 341 13
302076387 623 25
302076386 11 1
302076385 1 0
302076384 0 0
302076383 25 3
302076381 17 0
302076380 2 0
302076379 4 1
302076378 0 0
302076377 1 1
302076376 3 0
302076375 16 2
302076373 0 2
302076372 2 0
302076371 14 3
302076370 29 1
302076369 18 0
302076368 0 3
302076367 1 1
302076366 0 0
302076365 5 0
302076364 0 1
302076363 2 0
302076362 0 1
302076360 3 1
302076359 10 8
302076358 0 0
302076357 19 2
302076356 1 0
302076355 2 0
302076354 0 0
302076352 1 1
302076350 11 7
302076349 30 16
302076348 22 2
302076347 14 1
302076346 6 3
302076345 2 0
302076344 9 3
302076343 3 1
302076342 11 2
302076339 13 2
302076338 10 5
302076337 5 10
302076336 14 2
302076335 7 0
302076334 19 2
302076333 0 0
302076332 11 9
302076331 13 9
302076330 2 0
302076329 5 5
302076328 382 3
302076327 8 1
302076326 1 0
302076325 8 0
302076324 2 0
302076323 0 2
302076322 12 1
302076321 0 1
302076320 0 0
302076319 12 3
302076318 5 1
302076317 1 6
302076316 4 1
302076315 14 1
302076314 4 0
302076313 0 0
302076312 2 2
302076311 19 8
302076310 15 0
302076309 20 13
302076308 6 2
302076307 3 1
302076306 1011 14
302076305 2 1
302076304 11 1
302076303 3 0
302076302 1 0
302076301 3 2
302076300 0 0
302076299 7 2
302076298 5 0
302076297 0 0
302076296 10 2
302076294 4 1
302076293 11 3
302076292 1 2
302076291 11 3
302076290 3 0
302076289 0 0
302076288 0 0
302076287 0 0
302076286 12 1
302076285 0 1
302076284 6 1
302076283 9 0
302076282 6 2
302076281 4 0
302076280 15 1
302076279 1 0
302076278 1 0
302076277 15 9
302076276 2 2
302076275 0 1
302076274 2 7
302076273 0 0
302076272 1 0
302076271 0 1
302076270 3 0
302076269 7 4
302076268 1 0
302076267 2 10
302076266 3 0
302076265 2 3
302076264 20 0
302076263 10 3
302076261 0 2
302076260 9 5
302076259 0 1
302076258 14 7
302076257 16 21
302076256 13 3
302076255 2 1
302076254 3 3
302076253 397 8
302076252 7 15
302076251 2 1
302076250 12 2
302076249 0 2
302076248 1 2
302076246 5 23
302076245 1 0
302076244 3 1
302076243 6 2
302076242 12 0
302076241 10 6
302076240 4 21
302076237 21 5
302076236 1 0
302076230 4 0
302076228 12 3
302076227 16 24
302076226 455 7
302076225 0 1
302076223 3 1
302076222 19 0
302076221 8 0
302076219 0 0
302076218 1 2
302076217 0 2
302076216 0 0
302076215 394 6
302076214 10 1
302076213 1 0
302076212 10 1
302076211 1 0
302076209 7 4
302076207 30 19
302076206 2 11
302076205 2 2
302076204 12 5
302076203 9 3
302076201 0 2
302076200 0 1
302076196 10 3
302076193 9 3
302076192 2 19
302076191 6 3
302076190 3 1
302076189 2 2
302076188 2 1
302076187 0 1
302076186 1 2
302076185 6 4
302076184 7 3
302076183 1 3
302076182 7 3
302076181 4 0
302076180 20 1
302076179 543 10
302076178 0 0
302076177 1 2
302076176 7 2
302076175 5 0
302076174 0 0
302076173 3 2
302076171 14 2
302076170 15 1
302076169 2 2
302076168 1 0
302076167 10 7
302076166 11 2
302076165 7 0
302076164 10 1
302076162 670 33
302076161 2 0
302076160 2 0
302076159 1 0
302076158 0 0
302076157 2 2
302076155 6 1
302076153 12 2
302076151 2811 45
302076150 4 6
302076149 1 3
302076148 6 2
302076147 6 0
302076146 1019 176
302076145 1 2
302076141 2 0
302076140 4 6
302076139 4 0
302076138 3 0
302076137 11 0
302076136 3 0
302076135 20 0
302076134 722 10
302076133 2 10
302076131 2451 36
302076130 6 2
302076129 4 0
302076128 9 0
302076127 20 6
302076126 10 1
302076125 2 3
302076124 4 2
302076123 2510 93
302076122 0 0
302076121 2 0
302076120 3 0
302076119 2 0
302076117 3626 163
302076116 9 1
302076115 0 0
302076114 8 2
302076113 6 2
302076112 3 0
302076111 6 2
302076110 9 0
302076108 6 1
302076105 19 1
302076104 11 3
302076103 3 1
302076102 10 1
302076101 4 1
302076100 2 1
302076099 2352 70
302076098 6 2
302076096 1 2
302076095 831 21
302076094 1395 22
302076093 6 2
302076092 9 5
302076090 2 7
302076089 13 0
302076088 7 0
302076087 2 5
302076086 9 0
302076085 0 1
302076082 7 1
302076081 4 7
302076080 2 0
302076079 15 0
302076078 26 0
302076076 1185 7
302076075 1 0
302076074 4 0
302076073 3 0
302076072 0 3
302076071 2 1
302076070 5 35
302076069 3 17
302076068 0 0
302076067 5 3
302076066 0 2
302076065 0 0
302076064 508 6
302076063 10 3
302076062 2 0
302076061 3 5
302076060 6 1
302076059 2 0
302076058 603 15
302076057 8 3
302076056 1040 14
302076055 10 1
302076054 1 1
302076053 2 3
302076052 2 1
302076051 5 0
302076050 6 1
302076048 2 1
302076047 2 0
302076046 4 2
302076045 1 0
302076044 684 22
302076042 0 0
302076041 1 1
302076040 1 2
302076038 1 0
302076036 0 3
302076035 2 1
302076034 0 0
302076033 20 9
302076032 0 0
302076031 0 2
302076029 2 1
302076028 1 3
302076027 13 1
302076026 1598 58
302076025 11 1
302076022 1 1
302076021 2 4
302076020 1 3
302076019 3 2
302076018 4 0
302076016 9 3
302076015 4 9
302076014 0 0
302076012 0 2
302076011 10 1
302076010 1 3
302076009 1528 10
302076008 1 0
302076006 1 5
302076005 15 2
302076004 0 1
302076003 1 4
302076002 1852 119
302076001 2127 65
302076000 0 1
302075999 0 1
302075998 6 0
302075997 1 1
302075996 8 1
302075995 6 0
302075994 0 0
302075993 742 9
302075992 6 0
302075991 2 0
302075990 1 0
302075987 3 0
302075985 19 3
302075984 1 2
302075983 5 1
302075982 3 0
302075980 5 4
302075979 0 2
302075978 0 2
302075976 729 41
302075975 0 0
302075973 866 22
302075972 25 0
302075971 0 0
302075970 1009 62
302075969 7 6
302075968 1 0
302075967 2 0
302075966 5 4
302075965 3011 59
302075964 3 1
302075963 11 0
302075962 1052 21
302075961 11 0
302075960 1 1
302075959 17 1
302075957 10 7
302075955 1 1
302075954 0 1
302075953 8 3
302075952 5 3
302075951 466 3
302075950 1 1
302075949 1 1
302075946 1 2
302075945 6 3
302075944 8 3
302075942 0 2
302075941 7 4
302075940 2809 91
302075939 3 1
302075938 18 4
302075936 14 4
302075935 0 3
302075934 11 3
302075933 2 1
302075932 19 6
302075931 13 7
302075930 0 0
302075929 10 3
302075928 4 11
302075924 0 4
302075923 3 1
302075922 1 1
302075921 0 1
302075920 21 4
302075919 0 1
302075918 8 3
302075917 8 3
302075916 3 1
302075915 5 4
302075914 0 1
302075913 6 3
302075912 1 1
302075911 1 0
302075910 2 11
302075909 2 1
302075908 9 2
302075906 4 0
302075904 0 1
302075903 738 17
302075902 4 0
302075901 2 0
302075900 2 0
302075899 3 3
302075898 9 0
302075897 9 18
302075895 1 0
302075893 3 2
302075892 5 2
302075891 18 2
302075890 5 1
302075889 2 9
302075888 0 1
302075887 1 2
302075886 2 1
302075885 2 1
302075884 1 2
302075883 2 2
302075882 4 4
302075879 6 1
302075878 9 2
302075877 8 2
302075876 1 1
302075875 9 0
302075874 4 0
302075873 5 0
302075872 5 1
302075871 6 1
302075870 0 1
302075869 12 1
302075868 846 26
302075867 11 2
302075866 1 1
302075865 4 0
302075864 4 0
302075863 11 6
302075862 12 1
302075861 0 0
302075859 3 0
302075858 1 0
302075857 0 0
302075856 0 1
302075855 4 0
302075854 5 4
302075853 1 0
302075852 9 0
302075851 1 0
302075850 223 3
302075849 3 0
302075848 1 1
302075847 2 0
302075846 856 6
302075845 4 1
302075844 0 0
302075843 30 9
302075842 0 1
302075841 16 5
302075839 10 5
302075838 10 6
302075837 3 1
302075836 4 0
302075835 0 1
302075834 0 0
302075833 1 0
302075832 8 0
302075831 0 2
302075830 7 8
302075829 4 0
302075828 7 12
302075827 2 4
302075826 7 4
302075824 3 0
302075821 0 0
302075820 12 1
302075819 5 3
302075818 1 1
302075817 19 3
302075816 575 8
302075815 1025 7
302075814 3 2
302075813 10 4
302075812 7 6
302075811 1 1
302075809 2 2
302075808 2 2
302075806 9 3
302075805 0 1
302075804 8 2
302075803 1 2
302075802 1 1
302075801 0 1
302075800 1 1
302075799 2 3
302075798 7 6
302075797 4 1
302075796 0 1
302075795 29 2
302075793 4 0
302075792 1 0
302075791 5 6
302075790 1 1
302075789 0 1
302075787 1 2
302075786 3 0
302075785 1 0
302075783 502 7
302075782 0 1
302075781 1 0
302075780 8 1
302075779 0 2
302075778 5 3
302075777 866 148
302075776 4 1
302075774 4 3
302075773 0 0
302075772 1 0
302075771 3 0
302075770 0 1
302075769 1 2
302075768 0 0
302075767 3 2
302075766 26 48
302075765 0 0
302075764 3 0
302075763 0 0
302075762 4 0
302075761 0 0
302075760 6 0
302075759 1 0
302075758 0 0
302075756 5 3
302075754 4 1
302075753 14 43
302075752 3 0
302075751 5 0
302075750 20 19
302075749 7 0
302075748 13 2
302075747 16 1
302075746 13 2
302075745 30 1
302075744 2 1
302075743 3 1
302075742 10 2
302075741 0 1
302075739 6 1
302075738 2 3
302075737 0 1
302075736 11 3
302075735 9 0
302075733 1 1
302075732 12 0
302075729 5 1
302075728 5 11
302075727 7 2
302075725 1 2
302075723 3 7
302075722 1 4
302075721 2 1
302075720 4 0
302075719 3 0
302075718 664 9
302075717 9 2
302075715 417 92
302075714 2 2
302075713 2 1
302075712 6 0
302075711 10 2
302075709 10 0
302075707 0 0
302075706 3 0
302075705 3 0
302075704 0 1
302075703 13 6
302075702 2 2
302075701 7 21
302075700 5 2
302075699 2551 116
302075698 0 0
302075697 0 1
302075696 2 1
302075695 7 2
302075694 4 9
302075691 0 2
302075690 325 11
302075689 2 4
302075688 26 10
302075687 1 2
302075686 4 2
302075685 2 2
302075684 3 0
302075683 9 6
302075682 0 2
302075680 15 2
302075679 4 1
302075678 12 0
302075677 1 0
302075676 0 0
302075675 0 1
302075674 0 3
302075673 0 1
302075672 0 0
302075670 7 6
302075669 1 0
302075668 7 1
302075667 0 1
302075666 1 1
302075665 0 0
302075664 7 0
302075661 6 0
302075660 4 0
302075659 18 9
302075658 2 0
302075657 2 0
302075656 429 6
302075655 1 0
302075654 13 2
302075653 11 5
302075652 3589 442
302075650 3849 421
302075648 7 1
302075647 5555 653
302075646 6 0
302075645 509 8
302075644 1097 2
302075643 15 1
302075642 0 0
302075641 0 3
302075640 0 0
302075639 1 0
302075638 10 1
302075637 2 0
302075636 6 8
302075635 1 0
302075634 1 1
302075633 0 0
302075632 5 1
302075631 2 0
302075630 2 0
302075628 4 0
302075627 0 1
302075626 1 0
302075625 3 1
302075624 7 1
302075623 1002 22
302075622 0 3
302075621 0 1
302075620 1047 21
302075619 0 1
302075617 0 0
302075615 3 1
302075614 1 0
302075613 0 0
302075612 1 0
302075611 11 5
302075610 1069 7
302075609 3 0
302075607 0 0
302075606 7219 404
302075605 6 0
302075604 14070 717
302075603 1 1
302075602 0 1
302075601 0 1
302075599 6 3
302075598 7 4
302075597 3 0
302075596 0 0
302075595 0 0
302075594 74 27
302075593 0 0
302075592 12 3
302075591 2 1
302075590 2 0
302075589 0 1
302075588 7 0
302075587 0 8
302075586 2 0
302075585 0 3
302075584 1 1
302075583 2 0
302075582 15 0
302075581 8 3
302075580 0 1
302075579 2 0
302075578 6 15
302075577 8 6
302075576 9 10
302075575 7 9
302075574 0 0
302075572 9 1
302075571 2 0
302075570 3419 58
302075569 0 0
302075568 8 5
302075567 2 1
302075566 3 1
302075565 1 1
302075564 0 0
302075563 3 0
302075562 2 2
302075561 5 1
302075559 7 0
302075558 1 1
302075557 0 0
302075556 1 0
302075554 11 9
302075553 10 0
302075552 0 4
302075551 0 2
302075549 0 0
302075548 14 10
302075546 6 6
302075545 0 0
302075544 1 0
302075543 285 3
302075542 0 0
302075541 1 1
302075540 0 0
302075539 0 1
302075538 6 30
302075537 1 3
302075536 0 1
302075534 0 0
302075533 3234 57
302075532 2 2
302075531 3 1
302075530 2 0
302075528 7373 964
302075527 3 1
302075526 1 1
302075525 9 3
302075523 3 0
302075522 9 0
302075521 2 1
302075520 3 0
302075519 1059 13
302075518 3 0
302075517 8 5
302075516 2 1
302075515 1 0
302075514 0 0
302075513 0 0
302075512 0 0
302075511 0 0
302075510 4 4
302075509 2 0
302075508 1 0
302075507 3 2
302075506 1 2
302075505 2 0
302075504 6 0
302075503 7 4
302075502 1403 228
302075501 0 0
302075500 2 4
302075498 1 0
302075497 0 0
302075496 4 1
302075495 3 6
302075493 1 5
302075492 0 0
302075491 0 0
302075490 4 1
302075489 0 0
302075488 0 0
302075487 1 0
302075486 0 0
302075485 3 2
302075484 9949 124
302075483 574 4
302075482 0 0
302075481 2 1
302075480 11895 278
302075479 5 7
302075478 0 0
302075477 2 1
302075476 1 0
302075475 0 0
302075474 0 1
302075471 1 0
302075470 5 1
302075469 0 1
302075468 1128 154
302075467 1 0
302075466 0 0
302075465 6 2
302075464 1 2
302075463 6015 544
302075462 19 2
302075461 2 0
302075460 5588 196
302075459 5 13
302075458 1 0
302075455 2 1
302075454 2 2
302075453 3 1
302075452 5 1
302075451 1 0
302075450 2517 34
302075449 5 3
302075448 4 1
302075447 1 1
302075445 0 0
302075444 1 3
302075443 0 4
302075442 1 1
302075441 0 0
302075440 8 0
302075439 4 0
302075438 10 1
302075437 0 1
302075436 1 0
302075435 5 4
302075434 2 2
302075433 2 1
302075432 3 1
302075431 0 1
302075430 8 3
302075429 0 3
302075428 11 8
302075427 0 1
302075424 0 4
302075423 4 0
302075422 0 1
302075421 3 1
302075420 5 1
302075419 0 1
302075418 0 1
302075417 9 12
302075416 1 1
302075415 0 3
302075414 0 6
302075413 3 3
302075412 0 5
302075411 4 1
302075410 0 0
302075409 3 0
302075408 0 1
302075407 4680 67
302075406 1 1
302075405 1 1
302075404 0 1
302075403 1 0
302075402 0 1
302075401 2 0
302075400 0 1
302075398 7 2
302075397 2 1
302075396 7 1
302075395 0 0
302075394 1 0
302075393 0 0
302075392 4 1
302075391 0 0
302075390 2 0
302075388 0 0
302075387 5 0
302075386 0 0
302075385 6247 90
302075384 3 1
302075382 2 0
302075381 1 0
302075380 24 8
302075379 0 0
302075378 1 1
302075377 0 0
302075375 2 0
302075374 1 0
302075373 0 0
302075371 0 0
302075370 7 0
302075369 2 0
302075368 1 1
302075367 11 0
302075366 6 0
302075365 0 0
302075364 1 0
302075363 1 0
302075362 6 0
302075361 1 0
302075360 0 0
302075359 5 1
302075358 0 0
302075357 1 5
302075356 0 1
302075355 0 0
302075353 0 0
302075352 3 0
302075351 5 1
302075350 0 0
302075349 2 0
302075348 0 2
302075347 7 1
302075346 0 0
302075345 0 1
302075344 1 0
302075343 3 6
302075342 0 12
302075341 12 1
302075340 4 0
302075339 2 17
302075338 0 1
302075337 3 0
302075335 4 0
302075334 0 0
302075333 5 0
302075331 0 0
302075329 53 29
302075328 0 0
302075327 1 5
302075326 0 0
302075325 0 0
302075323 0 0
302075322 2 1
302075320 4 0
302075319 3 0
302075318 0 0
302075317 3 0
302075316 6 1
302075315 0 0
302075314 9 0
302075313 0 0
302075312 0 0
302075311 8 0
302075310 1 1
302075309 1 0
302075307 0 2
302075306 9 2
302075305 2 1
302075304 0 0
302075303 2 0
302075302 9 0
302075301 3 1
302075300 8 2
302075299 5 0
302075298 0 0
302075297 1 1
302075296 0 0
302075295 1 2
302075293 1 1
302075292 0 0
302075291 3 1
302075290 1 2
302075289 3 1
302075288 0 0
302075287 0 0
302075286 0 0
302075285 7 1
302075284 0 1
302075283 2 1
302075282 0 0
302075281 0 0
302075280 0 0
302075279 1 0
302075278 1 0
302075277 0 1
302075276 2 6
302075275 2 2
302075274 6 1
302075273 0 1
302075272 2 1
302075271 2 1
302075270 0 1
302075269 1 0
302075268 2 1
302075267 0 1
302075266 0 1
302075265 0 0
302075264 0 3
302075263 7 1
302075262 0 1
302075261 0 0
302075260 2 1
302075259 1 0
302075258 0 0
302075257 3 1
302075256 0 0
302075255 0 0
302075254 0 0
302075253 0 0
302075252 0 0
302075251 0 0
302075249 0 0
302075248 1 1
302075247 0 1
302075246 1 0
302075244 2 1
302075243 0 0
302075242 0 0
302075241 0 0
302075240 2 0
