303958017 0 0
303958007 0 0
303958006 0 0
303957993 0 0
303957982 0 0
303957979 0 0
303957977 0 0
303957974 0 0
303957965 0 0
303957961 0 0
303957928 1 0
303957864 0 0
303957824 0 1
303957823 0 0
303957812 0 0
303957808 1 0
303957802 0 0
303957800 1 0
303957776 0 0
303957721 2 0
303957685 0 0
303957648 0 0
303957575 2 17
303957569 0 0
303957535 7 3
303957534 0 0
303957531 1 0
303957485 1 0
303957472 0 0
303957467 1 0
303957462 0 0
303957451 0 0
303957440 0 1
303957417 2 1
303957396 0 1
303957390 1 0
303957374 2 0
303957344 2 23
303957328 6 8
303957263 0 0
303957236 2 0
303957234 2 0
303957229 2 0
303957207 0 1
303957184 2 0
303957181 0 1
303957176 8 1
303957171 4 0
303957126 1 1
303957120 0 0
303957087 1 3
303957079 2 1
303957069 2 1
303957038 1 1
303957007 0 0
303956980 3 0
303956933 3 1
303956901 2 1
303956894 1 2
303956873 1 4
303956812 0 2
303956798 0 2
303956796 2 2
303956795 0 4
303956794 1 6
303956793 5 5
303956770 1 0
303956663 6 2
303956650 1 1
303956630 2 0
303956614 0 6
303956553 11 4
303956546 0 1
303956539 4 0
303956519 3 1
303956517 8 0
303956501 0 1
303956374 5 3
303956371 3 1
303956369 6 5
303956353 1 4
303956282 1 8
303956256 0 1
303956255 2 0
303956244 0 0
303956234 3 0
303956199 0 0
303956130 14 1
303956128 0 1
303956127 5 3
303956093 7 0
303956023 4 1
303956006 4 1
303955985 1 1
303955981 3 0
303955977 2 0
303955925 0 0
303955914 1 0
303955892 1 2
303955885 2 0
303955882 1 4
303955869 3 7
303955862 2 1
303955826 6 1
303955780 3 0
303955734 3 1
303955733 2 0
303955698 17 1
303955670 1 0
303955609 5 0
303955602 3 0
303955579 1 0
303955530 12 0
303955511 5 1
303955476 5 0
303955471 8 1
303955438 2 4
303955410 4 0
303955266 3 1
303955209 5 0
303955137 5 5
303955116 2 3
303955102 2 0
303955096 4 2
303955032 11 0
303955029 3 1
303955016 6 4
303955012 3 0
303954995 4 0
303954978 1 1
303954944 7 0
303954920 7 2
303954910 19 2
303954882 3 0
303954879 7 2
303954839 2 0
303954803 1 3
303954738 6 1
303954720 7 2
303954702 4 1
303954674 4 1
303954432 2 0
303954222 3 0
303954052 1 0
303954007 0 0
303954001 1 0
303953999 0 0
303953997 6 28
303953993 0 1
303953991 0 0
303953987 0 2
303953982 7 27
303953922 9 26
303953895 13 1
303953892 2 1
303953831 3 1
303953789 0 2
303953783 7 2
303953751 0 0
303953743 3 0
303953715 2 0
303953643 0 3
303953626 10 17
303953601 1 0
303953599 4 0
303953592 1 2
303953565 2 0
303953495 0 0
303953494 1 2
303953477 5 0
303953348 0 1
303953164 1 0
303953137 8 0
303953131 8 22
303953125 6 18
303953067 0 5
303953039 1 0
303953034 1 0
303953014 0 0
303953002 7 1
303952981 0 50
303952962 0 3
303952954 0 3
303952950 13 0
303952935 1 13
303952927 1 1
303952848 17 6
303952776 2 2
303952769 4 0
303952761 2 2
303952749 6 6
303952724 6 2
303952708 0 1
303952700 0 1
303952622 4 3
303952431 18 2
303952413 16 5
303952406 9 2
303952400 1 0
303952356 10 12
303952341 0 0
303952332 0 1
303952328 6 3
303952273 30 2
303952239 12 3
303952134 7 2
303952054 0 0
303952049 13 22
303952000 0 0
303951892 0 0
303951882 0 1
303951867 7 1
303951737 14 7
303951723 0 3
303951709 11 0
303951643 0 1
303951504 17 0
303951500 4 7
303951493 8 0
303951481 5 11
303951454 11 1
303951414 11 1
303951393 0 0
303951359 28 1
303951357 0 0
303951271 6 6
303951087 7 0
303951058 1 0
303951049 2 0
303950986 0 0
303950944 2 3
303950919 0 0
303950832 29 1
303950767 2 0
303950766 11 9
303950734 0 0
303950691 0 1
303950527 25 3
303950526 0 0
303950495 7 3
303950452 2 0
303950267 10 1
303950157 3 30
303950140 7 2
303950137 25 2
303950127 1 16
303950059 9 8
303950050 1 4
303949605 17 4
303949604 28 13
303949598 6 0
303949596 8 0
303949579 0 1
303949571 14 2
303949561 0 0
303949362 0 0
303949149 1 1
303949102 3 26
303949095 7 29
303949091 6 31
303948882 0 0
303948739 13 19
303948726 10 3
303948505 11 2
303948490 8 1
303948485 0 0
303948450 0 0
303948449 13 2
303948436 5 0
303948420 2 1
303948385 0 0
303948307 13 1
303948273 0 0
303948253 4 0
303948242 10 0
303948203 4 2
303948139 3 21
303948062 3 3
303948041 0 0
303947920 5 4
303947919 8 1
303947671 8 1
303947668 24 1
303947577 3 1
303947473 3 1
303947320 22 1
303947101 7 0
303946778 2 1
303946731 9 0
303946688 5 1
303946629 30 2
303946577 8 3
303946571 11 0
303946537 18 6
303946314 1 1
303946304 7 0
303946257 12 2
303946247 4 3
303946245 5 2
303946199 24 1
303946194 0 0
303946186 25 1
303946126 3 1
303946104 0 0
303946045 0 3
303946043 24 1
303945821 9 5
303945704 8 1
303945671 10 1
303945616 2 12
303945514 3 2
303945508 9 1
303945138 1 7
303945006 0 4
303944620 2 2
303944519 6 1
303944455 5 1
303944402 31 2
303944341 5 6
303944068 7 14
303943962 8 1
303943933 0 0
303943900 0 0
303943669 6 1
303943579 39 2
303943371 5 41
303942867 8 4
303942530 0 0
303942488 5 1
303942473 0 0
303942471 0 0
303942463 11 5
303942450 1 27
303942445 13 6
303942430 4 1
303942427 0 0
303942420 4 3
303942419 1 0
303942395 1 0
303942390 7 42
303942388 7 1
303942379 16 1
303942373 1 0
303942360 2 1
303942353 9 7
303942348 0 6
303942344 3 0
303942337 9 2
303942319 2 0
303942292 0 0
303942287 3 19
303942283 34 1
303942269 8 1
303942263 0 4
303942258 4 2
303942251 1 1
303942247 5 2
303942244 5 1
303942239 7 0
303942216 3 0
303942208 6 0
303942201 4 3
303942194 2 1
303942186 2 1
303942175 1 16
303942172 4 1
303942141 0 2
303942139 0 0
303942103 0 3
303942101 1 7
303942098 0 0
303942097 0 0
303942081 6 0
303942075 4 2
303942071 4 13
303942062 3 20
303942060 2 16
303942048 1 0
303942040 6 2
303942036 0 5
303942034 0 5
303942033 2 0
303942025 6 0
303941990 4 3
303941987 7 2
303941985 0 1
303941983 4 7
303941979 7 19
303941969 1 1
303941960 1 0
303941958 2 1
303941950 4 1
303941933 7 2
303941932 3 2
303941928 1 0
303941924 7 4
303941923 1 1
303941920 0 0
303941914 1 22
303941896 5 2
303941894 4 1
303941884 4 1
303941871 5 12
303941870 27 2
303941858 8 0
303941855 7 1
303941842 4 4
303941832 5 21
303941829 3 2
303941816 7 1
303941802 6 3
303941794 0 6
303941791 3 23
303941789 4 2
303941787 1 3
303941785 7 9
303941775 4 3
303941769 6 3
303941763 16 3
303941760 1 4
303941757 2 0
303941750 2 0
303941739 9 4
303941737 0 8
303941732 4 22
303941729 4 2
303941725 5 4
303941721 8 4
303941719 6 0
303941718 4 7
303941712 0 0
303941709 4 15
303941704 3 0
303941703 8 19
303941695 4 2
303941692 8 17
303941686 1 2
303941685 1 4
303941683 3 4
303941682 1 3
303941674 1 0
303941663 2 1
303941661 0 20
303941657 0 14
303941640 1 0
303941638 1 0
303941621 1 0
303941620 2 3
303941595 3 2
303941593 2 8
303941571 5 23
303941566 1 0
303941557 26 2
303941547 2 2
303941539 0 0
303941538 0 0
303941520 1 0
303941493 17 8
303941475 1 0
303941468 13 18
303941464 1 3
303941463 21 16
303941461 2 14
303941460 11 10
303941455 3 4
303941454 0 0
303941444 4 5
303941440 2 1
303941407 0 0
303941404 3 18
303941403 2 1
303941398 2 1
303941382 2 1
303941381 25 7
303941359 1 1
303941358 3 9
303941336 5 4
303941330 8 50
303941320 1 0
303941314 7 1
303941312 5 0
303941303 2 2
303941294 1 0
303941292 4 10
303941286 0 1
303941285 0 1
303941282 22 5
303941281 11 8
303941280 1 12
303941269 10 4
303941263 12 1
303941257 5 4
303941254 13 9
303941230 2 0
303941215 1 1
303941214 22 8
303941207 0 0
303941196 10 3
303941190 5 5
303941179 7 5
303941174 11 21
303941168 1 0
303941164 1 0
303941162 1 8
303941160 1 4
303941159 1 22
303941156 9 17
303941154 0 11
303941151 29 1
303941134 11 26
303941127 9 1
303941112 2 1
303941109 1 1
303941106 3 0
303941098 8 32
303941093 8 15
303941087 8 4
303941071 3 33
303941070 9 3
303941069 10 2
303941066 1 0
303941050 2 1
303941049 1 0
303941044 0 0
303941041 4 4
303941039 1 0
303941035 4 0
303941023 6 0
303941017 1 1
303941016 6 29
303941005 10 3
303940997 0 5
303940993 0 5
303940991 5 22
303940990 5 1
303940975 11 1
303940971 4 0
303940969 1 3
303940963 13 7
303940959 1 0
303940957 3 1
303940955 3 0
303940942 5 10
303940938 1 4
303940936 12 4
303940922 13 3
303940919 3 0
303940916 9 1
303940910 1 5
303940908 2 0
303940905 8 10
303940889 5 34
303940888 2 0
303940883 12 5
303940853 13 6
303940847 12 5
303940820 5 4
303940819 0 0
303940817 8 7
303940805 1 0
303940798 7 1
303940785 5 0
303940782 1 0
303940772 6 3
303940771 23 2
303940769 0 1
303940766 21 2
303940763 1 6
303940756 0 2
303940754 3 0
303940753 1 33
303940748 1 47
303940718 5 18
303940713 8 1
303940712 8 28
303940711 9 1
303940708 14 2
303940705 4 60
303940703 22 15
303940694 2 2
303940693 1 0
303940689 16 1
303940687 18 3
303940686 17 11
303940682 15 2
303940663 2 15
303940662 1 0
303940661 2 12
303940656 0 0
303940652 0 0
303940644 0 0
303940643 1 0
303940642 6 53
303940641 1 0
303940638 0 0
303940633 0 0
303940627 6 7
303940626 2 40
303940623 9 7
303940622 6 17
303940617 0 1
303940611 10 1
303940607 0 1
303940604 5 0
303940598 2 0
303940592 8 5
303940591 2 0
303940585 7 6
303940584 3 5
303940583 5 47
303940581 19 0
303940575 0 3
303940573 0 0
303940571 1 0
303940563 11 5
303940557 9 0
303940539 1 1
303940537 1 1
303940534 1 0
303940527 2 0
303940520 2 2
303940515 23 0
303940513 19 0
303940507 11 4
303940488 2 0
303940479 2 0
303940474 0 0
303940452 5 4
303940448 2 0
303940438 1 2
303940434 25 1
303940424 1 5
303940419 11 4
303940413 8 21
303940410 1 0
303940405 0 4
303940395 4 3
303940381 10 3
303940373 3 4
303940371 1 1
303940361 9 69
303940358 10 1
303940355 22 32
303940350 6 2
303940349 3 0
303940336 9 0
303940329 0 3
303940327 0 0
303940323 1 0
303940322 28 4
303940321 16 3
303940318 5 1
303940317 6 1
303940315 16 8
303940313 0 0
303940312 1 1
303940309 2 0
303940303 16 0
303940302 1 2
303940297 4 3
303940296 0 3
303940294 13 2
303940289 2 25
303940284 2 3
303940282 4 6
303940281 2 3
303940280 0 7
303940279 30 3
303940276 1 9
303940274 8 0
303940266 0 4
303940264 1 1
303940263 0 0
303940262 0 0
303940259 0 0
303940252 0 0
303940250 0 0
303940240 7 6
303940236 6 2
303940227 6 7
303940226 7 2
303940221 1 0
303940217 5 0
303940214 10 23
303940212 2 0
303940209 3 0
303940204 4 4
303940201 7 38
303940199 14 4
303940192 2 0
303940191 9 2
303940189 6 1
303940184 3 0
303940183 22 0
303940176 0 2
303940173 2 1
303940169 1 1
303940168 0 0
303940167 0 0
303940159 1 0
303940153 4 2
303940150 0 1
303940146 15 0
303940137 0 0
303940126 4 1
303940125 0 0
303940122 5 2
303940119 3 0
303940103 1 0
303940090 2 0
303940088 7 4
303940087 6 3
303940082 6 3
303940081 25 2
303940077 1 0
303940072 10 0
303940063 1 1
303940059 24 1
303940055 3 0
303940043 9 1
303940027 6 3
303940025 13 14
303940010 3 28
303940002 5 0
303939999 1 0
303939996 1 0
303939994 6 2
303939992 6 18
303939990 7 2
303939974 11 7
303939973 0 0
303939969 7 2
303939960 3 0
303939957 4 0
303939954 12 1
303939951 0 1
303939944 8 3
303939943 1 0
303939940 1 2
303939939 12 0
303939938 47 5
303939935 16 1
303939927 2 1
303939921 0 1
303939915 0 1
303939910 1 1
303939904 0 0
303939895 7 2
303939894 9 3
303939884 5 4
303939881 7 1
303939880 17 0
303939878 0 3
303939872 4 1
303939860 38 7
303939859 20 2
303939857 7 0
303939853 4 1
303939848 1 1
303939842 5 0
303939841 6 0
303939840 5 1
303939830 1 1
303939818 4 2
303939817 8 0
303939813 0 0
303939808 17 1
303939799 3 1
303939795 5 1
303939794 4 2
303939789 0 0
303939778 8 0
303939763 3 1
303939759 12 0
303939758 13 1
303939754 0 0
303939753 3 25
303939750 8 19
303939746 0 0
303939741 0 0
303939739 29 0
303939735 1 7
303939734 2 0
303939728 0 2
303939726 0 0
303939725 1 1
303939723 12 11
303939721 21 3
303939718 5 2
303939717 6 3
303939716 3 1
303939711 2 1
303939705 4 0
303939702 6 1
303939690 3 0
303939688 2 0
303939684 14 8
303939683 11 18
303939678 11 4
303939673 0 0
303939662 25 19
303939661 3 0
303939660 10 2
303939658 1 0
303939657 9 2
303939647 32 57
303939645 6 37
303939639 8 1
303939636 10 2
303939635 0 1
303939630 21 3
303939624 3 3
303939622 13 5
303939621 4 1
303939615 0 0
303939605 2 0
303939600 7 8
303939599 3 3
303939598 4 2
303939594 5 6
303939593 1 1
303939591 5 6
303939587 0 3
303939586 1 2
303939584 3 3
303939582 5 5
303939579 5 2
303939574 28 3
303939573 1 1
303939570 1 0
303939565 4 2
303939563 0 0
303939562 6 2
303939561 22 2
303939556 0 0
303939555 2 1
303939548 1 0
303939546 6 9
303939534 3 0
303939532 5 0
303939529 7 1
303939525 3 2
303939509 0 0
303939507 6 2
303939505 5 3
303939503 6 4
303939496 27 4
303939489 24 3
303939487 4 1
303939470 5 0
303939466 0 0
303939463 0 2
303939462 3 2
303939456 3 3
303939453 5 2
303939452 0 0
303939445 2 0
303939439 3 1
303939433 3 3
303939426 14 3
303939425 1 0
303939424 1 1
303939423 0 1
303939405 24 5
303939404 3 5
303939400 24 3
303939399 5 3
303939392 14 2
303939391 5 0
303939381 10 0
303939380 1 4
303939373 29 2
303939370 2 2
303939368 0 1
303939364 1 1
303939361 2 3
303939360 14 2
303939352 1 0
303939346 6 0
303939335 12 5
303939332 7 8
303939320 5 1
303939319 3 3
303939318 0 2
303939313 1 1
303939311 4 8
303939308 7 9
303939305 2 2
303939298 7 7
303939289 3 3
303939278 1 13
303939272 6 1
303939267 6 5
303939265 0 3
303939263 0 3
303939253 6 32
303939248 4 2
303939243 0 3
303939235 20 4
303939231 3 1
303939221 7 1
303939217 2 0
303939216 2 0
303939197 12 5
303939191 12 0
303939189 8 8
303939184 84 7
303939181 3 1
303939174 1 0
303939171 1 0
303939169 1 0
303939167 4 4
303939165 24 10
303939162 12 1
303939160 2 5
303939143 0 1
303939137 0 2
303939135 0 0
303939134 0 3
303939131 4 0
303939129 0 1
303939128 9 28
303939121 0 1
303939119 26 2
303939104 0 0
303939096 5 1
303939092 0 0
303939090 4 0
303939087 5 6
303939085 4 9
303939083 1 0
303939065 7 1
303939061 0 1
303939050 4 6
303939049 1 2
303939046 1 10
303939037 8 8
303939035 4 4
303939027 6 2
303939025 0 1
303939024 4 1
303939023 17 2
303939021 8 0
303939018 16 9
303939016 4 4
303939012 9 1
303939007 1 7
303939005 3 1
303939004 0 1
303939003 0 1
303939002 0 1
303939001 0 1
303938997 11 4
303938996 14 1
303938991 20 7
303938986 3 1
303938982 1 1
303938979 4 1
303938960 0 1
303938959 0 1
303938950 6 1
303938948 0 1
303938945 1 1
303938940 0 2
303938939 4 9
303938929 4 3
303938928 24 2
303938923 24 14
303938913 4 1
303938912 3 1
303938908 1 0
303938907 2 6
303938902 21 0
303938899 3 25
303938897 3 0
303938894 0 0
303938893 5 0
303938892 5 10
303938891 2 0
303938890 5 1
303938887 5 4
303938886 1 0
303938885 10 19
303938884 5 1
303938883 12 7
303938880 3 16
303938878 1 0
303938877 29 4
303938873 5 21
303938864 8 27
303938861 8 0
303938858 8 7
303938847 26 4
303938843 10 1
303938839 0 0
303938835 7 16
303938834 5 7
303938831 1 2
303938830 0 1
303938829 4 5
303938812 13 2
303938810 0 0
303938809 7 1
303938804 3 1
303938799 1 0
303938794 23 7
303938789 2 5
303938788 17 5
303938783 0 2
303938775 10 12
303938763 21 4
303938762 0 0
303938759 8 1
303938757 4 8
303938756 2 28
303938753 5 2
303938751 7 0
303938750 2 4
303938749 5 4
303938748 5 35
303938747 12 4
303938743 5 14
303938734 1 0
303938733 178 3
303938732 3 3
303938729 14 19
303938727 0 0
303938726 14 5
303938718 4 4
303938716 19 1
303938714 2 2
303938706 6 0
303938702 11 15
303938700 6 3
303938697 4 1
303938696 13 28
303938690 17 3
303938689 20 14
303938685 5 0
303938682 12 28
303938681 1 0
303938680 11 0
303938678 0 1
303938677 0 0
303938671 16 9
303938670 10 0
303938665 0 0
303938663 4 37
303938655 9 0
303938648 5 1
303938647 28 8
303938642 2 4
303938641 11 1
303938635 17 3
303938631 9 8
303938622 1 0
303938616 11 2
303938614 9 5
303938613 8 21
303938608 9 1
303938607 2 0
303938603 4 2
303938602 1 1
303938601 3 10
303938596 1 1
303938590 2 3
303938578 26 4
303938575 0 1
303938573 11 4
303938566 0 0
303938564 2 4
303938563 2 1
303938562 0 0
303938561 1 0
303938558 2 12
303938556 3 2
303938552 9 23
303938550 15 20
303938548 3 0
303938546 1 1
303938537 9 21
303938534 0 0
303938533 17 10
303938531 18 8
303938528 22 1
303938523 12 4
303938522 14 10
303938520 5 24
303938518 5 28
303938516 6 28
303938508 5 3
303938507 7 3
303938503 1 27
303938502 1 24
303938496 7 3
303938494 39 8
303938493 1 1
303938490 169 3
303938488 4 6
303938485 12 4
303938484 3 5
303938483 24 6
303938481 131 7
303938480 0 1
303938478 1 2
303938477 0 0
303938474 4 6
303938472 5 3
303938470 4 4
303938469 3 20
303938465 0 1
303938464 3 0
303938462 2 3
303938460 3 5
303938458 5 4
303938457 3 3
303938455 5 9
303938454 0 2
303938449 3 2
303938443 0 1
303938440 6 2
303938437 0 2
303938433 2 2
303938431 0 1
303938426 2 3
303938423 0 0
303938417 2 5
303938415 3 24
303938414 2 2
303938413 1 0
303938411 3 1
303938410 3 2
303938409 5 3
303938407 1 2
303938406 0 1
303938400 3 0
303938398 0 1
303938397 0 0
303938396 0 0
303938393 3 2
303938390 0 2
303938387 2 2
303938382 0 0
303938381 1 2
303938373 3 5
303938364 21 6
303938362 3 3
303938361 8 1
303938360 6 16
303938358 35 3
303938357 5 3
303938356 14 0
303938352 0 0
303938349 23 20
303938346 14 8
303938344 5 4
303938341 8 9
303938339 2 33
303938338 0 0
303938337 22 15
303938331 4 2
303938325 2 1
303938324 1 0
303938323 3 45
303938320 2 1
303938316 4 5
303938314 1 6
303938313 0 2
303938311 6 4
303938310 7 1
303938308 3 0
303938307 19 12
303938299 4 5
303938298 6 6
303938297 0 0
303938296 0 0
303938293 6 26
303938290 5 6
303938289 0 0
303938288 2 0
303938287 3 3
303938283 0 2
303938276 2 3
303938269 4 1
303938267 1 0
303938265 9 1
303938260 2 6
303938254 4 4
303938246 2 3
303938242 31 1
303938240 8 4
303938236 2 0
303938234 174 6
303938231 4 2
303938230 200 4
303938228 0 1
303938224 3 1
303938222 2 0
303938219 2 0
303938212 1 3
303938208 9 6
303938206 1 0
303938203 7 6
303938201 10 3
303938197 3 0
303938183 0 1
303938180 10 6
303938177 11 0
303938175 5 2
303938172 5 3
303938165 9 5
303938139 10 7
303938138 6 3
303938135 9 2
303938134 2 0
303938133 8 7
303938125 2 1
303938124 4 1
303938121 0 19
303938115 7 19
303938114 1 0
303938109 24 2
303938105 17 34
303938098 3 3
303938084 1 0
303938083 1 0
303938081 2 0
303938080 9 4
303938069 2 1
303938066 12 8
303938063 5 6
303938061 8 5
303938060 2 0
303938053 10 2
303938049 0 9
303938035 5 7
303938017 3 1
303937993 2 0
303937988 7 1
303937978 10 8
303937968 11 6
303937963 7 6
303937957 7 39
303937950 2 1
303937940 0 1
303937939 3 1
303937935 4 1
303937930 1 0
303937928 33 1
303937927 0 0
303937915 1 4
303937913 12 7
303937907 3 2
303937889 0 0
303937883 6 20
303937861 10 8
303937855 0 8
303937854 0 0
303937848 1 28
303937845 6 31
303937844 3 0
303937841 1 20
303937839 47 23
303937834 1 14
303937830 0 0
303937829 0 0
303937825 0 0
303937818 7 3
303937815 1 0
303937791 2 0
303937790 1 0
303937783 1 0
303937782 1 0
303937775 27 2
303937767 5 3
303937761 22 1
303937759 4 0
303937758 1 1
303937747 6 5
303937739 2 27
303937735 16 8
303937723 1 0
303937722 223 30
303937720 6 0
303937708 1 1
303937697 12 4
303937664 10 6
303937663 13 1
303937646 11 9
303937643 8 0
303937642 1 0
303937621 38 3
303937618 12 22
303937614 7 6
303937609 5 1
303937608 24 0
303937606 1 0
303937597 18 4
303937594 5 1
303937589 7 4
303937588 1 0
303937581 1 0
303937578 1 0
303937573 186 23
303937571 2 0
303937559 1 0
303937553 13 7
303937552 0 0
303937547 0 2
303937546 11 7
303937544 12 19
303937542 8 39
303937537 1 1
303937536 10 9
303937529 3 4
303937524 3 28
303937518 7 7
303937516 10 4
303937515 5 1
303937510 6 7
303937508 11 3
303937505 12 4
303937497 9 1
303937493 8 6
303937491 1 1
303937489 12 24
303937488 1 1
303937487 12 1
303937486 0 1
303937485 10 6
303937483 14 1
303937482 3 1
303937470 0 1
303937469 9 8
303937466 11 3
303937463 16 14
303937461 0 1
303937452 2 1
303937449 7 2
303937445 0 2
303937439 0 3
303937431 9 2
303937430 2 4
303937427 3 8
303937424 11 8
303937416 19 16
303937414 1 2
303937411 29 12
303937410 7 8
303937406 0 10
303937405 10 18
303937397 3 1
303937395 7 0
303937389 10 8
303937387 2 0
303937386 2 4
303937383 2 2
303937379 8 8
303937377 6 6
303937370 12 2
303937369 12 9
303937368 432 27
303937366 6 7
303937363 25 9
303937361 1 1
303937360 3 3
303937357 1 2
303937356 20 1
303937355 2 2
303937352 17 1
303937351 5 7
303937348 5 3
303937347 6 7
303937346 9 0
303937344 4 0
303937341 0 0
303937338 7 2
303937336 6 1
303937332 0 1
303937331 6 4
303937329 3 44
303937323 28 2
303937322 82 1
303937321 12 6
303937317 247 6
303937316 6 5
303937313 5 36
303937308 6 1
303937307 2 3
303937292 52 4
303937291 9 9
303937287 170 7
303937285 13 14
303937283 0 1
303937275 3 5
303937273 7 1
303937266 3 3
303937264 0 4
303937263 6 2
303937260 0 1
303937257 3 3
303937256 6 6
303937253 255 10
303937251 7 2
303937246 6 1
303937245 4 2
303937239 4 2
303937234 7 3
303937233 8 24
303937228 23 3
303937227 3 7
303937225 6 2
303937223 6 1
303937221 2 3
303937214 3 6
303937212 82 2
303937210 22 0
303937207 531 47
303937206 9 1
303937200 0 0
303937197 4 2
303937196 0 1
303937193 2 1
303937187 3 4
303937184 0 0
303937181 5 1
303937180 115 3
303937171 9 11
303937169 328 11
303937168 1 7
303937165 7 1
303937164 7 3
303937161 4 3
303937160 2 0
303937159 0 0
303937157 10 5
303937154 4 3
303937150 2 6
303937148 0 0
303937143 0 0
303937140 6 5
303937131 11 2
303937130 1 6
303937129 228 17
303937126 5 4
303937125 3 4
303937121 6 4
303937119 200 11
303937114 0 0
303937110 3 2
303937106 7 0
303937097 0 0
303937090 0 0
303937087 9 4
303937080 5 2
303937075 1 0
303937073 15 1
303937070 291 25
303937068 12 0
303937062 1 0
303937061 12 7
303937057 128 2
303937053 6 4
303937046 0 0
303937042 632 82
303937039 3 0
303937038 1 0
303937026 0 11
303937022 396 24
303937020 8 18
303937019 7 2
303937018 11 1
303937014 6 2
303937010 3 2
303937007 3 2
303937006 0 0
303937003 10 0
303937000 7 1
303936991 1 0
303936989 9 2
303936985 5 1
303936980 1 7
303936973 9 1
303936970 64 1
303936969 11 0
303936964 2 0
303936961 22 4
303936958 74 10
303936957 1 0
303936955 8 4
303936951 7 0
303936947 8 0
303936946 6 2
303936942 8 2
303936939 4 0
303936938 2 1
303936937 2 2
303936935 1 0
303936933 0 0
303936931 5 1
303936930 15 0
303936928 66 6
303936927 6 1
303936924 5 1
303936919 3 1
303936917 1 0
303936914 6 1
303936910 9 1
303936908 0 1
303936906 6 2
303936905 5 0
303936901 514 25
303936895 0 0
303936891 3 0
303936890 152 10
303936889 2 1
303936887 2 1
303936885 2 6
303936884 14 5
303936879 228 25
303936875 5 0
303936872 1 13
303936871 5 2
303936867 111 11
303936863 16 7
303936862 0 3
303936861 1 1
303936856 10 0
303936852 0 0
303936850 14 4
303936849 3 2
303936846 3 2
303936838 10 0
303936837 8 3
303936828 2 1
303936827 2 2
303936825 4 1
303936822 2 4
303936816 1 2
303936809 2097 152
303936807 0 0
303936805 0 0
303936803 24 2
303936802 3 1
303936797 11 0
303936794 0 0
303936783 6 0
303936781 5 1
303936775 7 0
303936774 4 1
303936773 17 3
303936772 9 3
303936768 21 2
303936767 1 1
303936766 258 5
303936764 3 1
303936763 7 5
303936760 5 1
303936759 3 1
303936758 2 5
303936753 0 0
303936750 7 1
303936749 0 1
303936748 0 1
303936745 0 0
303936744 12 1
303936741 9 1
303936740 1 3
303936736 1 2
303936734 0 0
303936731 3 1
303936730 4 1
303936726 1 1
303936722 0 0
303936718 2 1
303936714 10 1
303936713 1 0
303936710 303 10
303936707 5 6
303936704 5 1
303936702 0 0
303936699 0 0
303936697 3 0
303936693 4 0
303936689 1 2
303936687 0 1
303936684 3 0
303936682 0 6
303936680 6 2
303936674 2 0
303936673 1 0
303936672 8 2
303936670 4 1
303936668 6 1
303936667 3 0
303936666 5 2
303936663 9 1
303936658 8 2
303936657 3 0
303936655 8 0
303936653 12 1
303936652 0 0
303936647 0 0
303936642 2 0
303936640 10 0
303936636 3 1
303936635 61 4
303936633 1 1
303936630 2 0
303936629 2 0
303936627 2 2
303936621 1 5
303936620 0 0
303936619 9 1
303936612 1 1
303936611 2 1
303936609 3 0
303936608 2 4
303936607 19 1
303936605 0 0
303936603 7 1
303936601 6 2
303936599 1 0
303936596 2 2
303936593 0 0
303936592 1 1
303936589 17 2
303936585 1 10
303936581 1 1
303936579 7 1
303936578 6 0
303936575 6 0
303936573 1 0
303936569 2 18
303936568 2 1
303936566 350 3
303936565 0 1
303936564 1 3
303936563 0 0
303936561 0 0
303936560 0 0
303936558 16 3
303936557 2 1
303936556 6 0
303936555 0 0
303936552 5 0
303936550 1 0
303936548 0 0
303936547 11 9
303936546 0 1
303936542 3 1
303936541 1 4
303936540 0 0
303936537 7 0
303936535 2 0
303936534 0 0
303936533 18 2
303936526 1 1
303936525 6 0
303936524 261 5
303936523 1 0
303936522 2 2
303936519 23 3
303936518 7 2
303936507 5 5
303936495 12 1
303936488 7 1
303936486 22 0
303936483 5 2
303936479 3 1
303936473 1 0
303936469 8 2
303936466 2 0
303936465 6 2
303936461 4 1
303936460 6 4
303936459 0 1
303936458 2 1
303936456 2 1
303936454 0 0
303936453 1 0
303936449 9 0
303936444 0 0
303936443 0 0
303936442 10 2
303936440 0 1
303936438 5 0
303936437 1 17
303936429 3 1
303936428 7 2
303936419 1 0
303936416 3 3
303936413 2 0
303936412 4 1
303936411 6 1
303936410 8 0
303936409 78 4
303936408 4 1
303936402 2 0
303936400 2 1
303936396 1 2
303936393 1 1
303936389 6 0
303936388 3 0
303936383 2 1
303936382 3 1
303936379 4 0
303936376 3 0
303936375 0 0
303936374 7 2
303936370 3 1
303936369 25 5
303936367 1 0
303936365 2 0
303936362 0 0
303936361 3 0
303936357 4 0
303936354 1 4
303936352 25 3
303936350 2 0
303936349 3 0
303936346 5 0
303936344 23 3
303936343 0 0
303936342 3 1
303936341 0 0
303936340 3 0
303936339 2 0
303936338 4 0
303936334 29 32
303936333 7 0
303936332 0 0
303936328 2 1
303936326 1 4
303936325 3 0
303936324 0 0
303936323 0 0
303936321 3 0
303936320 3 0
303936319 3 2
303936318 1 1
303936317 0 0
303936316 3 0
303936315 1 0
303936312 9 2
303936311 1 0
303936308 4 1
303936307 23 1
303936305 3 2
303936302 0 1
303936300 2 1
303936298 0 0
303936297 1 1
303936296 4 1
303936292 0 0
303936291 1 1
303936289 2 2
303936288 4 1
303936286 2 1
303936285 0 1
303936283 0 2
303936278 0 0
303936277 1 0
303936274 1 0
303936273 7 0
303936271 0 1
303936268 1 1
303936266 3 2
303936265 4 3
303936262 1 1
303936256 5 10
303936254 1 2
303936253 3 16
303936251 2 3
303936250 0 1
303936249 2 0
303936248 5 1
303936247 6 3
303936246 6 2
303936245 2 1
303936244 0 1
303936243 0 1
303936241 10 0
303936240 4 1
303936238 3 2
303936236 4 1
303936235 2 1
303936234 10 5
303936231 1 1
303936230 4 5
303936229 2 0
303936227 1 3
303936222 1 0
303936221 111 5
303936220 6 2
303936218 0 1
303936217 1 1
303936212 0 3
303936210 0 0
303936209 1 1
303936207 1 1
303936206 6 1
303936205 4 1
303936201 307 52
303936199 5 4
303936198 0 0
303936197 2 0
303936195 1 2
303936194 2 1
303936188 3 1
303936186 2 0
303936183 37 12
303936181 3 1
303936180 1 0
303936179 1 2
303936177 0 1
303936173 1 2
303936171 209 3
303936169 135 7
303936164 1 1
303936161 2 2
303936160 3 2
303936159 1 0
303936158 1 7
303936154 0 0
303936153 3 1
303936150 4 1
303936147 10 1
303936145 2 1
303936144 0 0
303936142 2 0
303936140 0 0
303936137 5 2
303936136 1 1
303936135 3 2
303936132 27 1
303936130 3 1
303936128 355 7
303936126 1 0
303936124 0 0
303936122 1 0
303936121 0 0
303936120 0 0
303936111 3 0
303936110 5 0
303936109 0 0
303936103 1 0
303936096 8 2
303936095 4 1
303936090 4 0
303936089 0 0
303936082 0 0
303936071 1 1
303936067 1 1
303936055 12 3
303936054 0 0
303936052 3 4
303936047 0 3
303936046 7 0
303936045 1 1
303936043 13 1
303936041 10 2
303936039 1 0
303936037 1 1
303936035 7 6
303936033 8 1
303936032 0 1
303936029 152 2
303936028 7 0
303936027 0 3
303936018 1 2
303936013 4 3
303936004 5 0
303936003 2 1
303936000 7 3
303935997 165 11
303935992 4 3
303935990 1 2
303935985 0 0
303935977 0 0
303935976 4 3
303935968 30 1
303935965 6 0
303935963 3 0
303935961 5 3
303935952 4 5
303935947 5 3
303935946 251 12
303935944 7 2
303935943 6 2
303935940 5 1
303935938 1 3
303935931 8 1
303935929 0 0
303935926 4 5
303935924 2 0
303935921 0 0
303935920 0 2
303935910 3 4
303935908 0 1
303935904 15 0
303935903 6 3
303935901 4 0
303935896 9 0
303935894 5 2
303935892 4 0
303935891 6 2
303935886 5 0
303935885 1 0
303935883 0 0
303935881 34 3
303935875 2 0
303935865 0 0
303935863 2 1
303935860 6 1
303935858 2 0
303935852 4 0
303935850 0 0
303935846 0 1
303935845 0 1
303935843 1 1
303935838 0 1
303935833 4 0
303935829 10 2
303935827 0 1
303935824 21 1
303935821 0 0
303935820 1 3
303935817 8 1
303935816 9 0
303935814 1 4
303935813 24 1
303935810 0 0
303935808 0 16
303935804 0 9
303935800 7 0
303935797 4 0
303935795 2 0
303935791 20 0
303935790 8 1
303935782 4 1
303935775 5 0
303935768 0 0
303935765 3 21
303935763 5 2
303935760 7 2
303935758 0 0
303935756 0 0
303935753 6 1
303935751 4 1
303935745 1 0
303935739 2 2
303935738 3 0
303935737 0 0
303935736 19 2
303935733 5 1
303935732 1 0
303935728 301 37
303935727 1 0
303935716 325 7
303935715 0 0
303935714 11 1
303935710 4 0
303935707 3 1
303935706 3 0
303935705 10 3
303935704 4 1
303935703 0 1
303935700 0 0
303935698 14 9
303935697 2 3
303935695 9 22
303935690 1 1
303935688 6 1
303935686 4 1
303935684 14 0
303935683 428 27
303935681 3 0
303935678 4 2
303935676 0 0
303935674 1 1
303935670 0 4
303935669 4 0
303935668 3 2
303935662 2 11
303935656 8 17
303935646 4 1
303935634 1 1
303935630 0 0
303935627 3 0
303935622 4 0
303935618 7 7
303935617 6 8
303935612 3 0
303935600 4 1
303935598 64 2
303935597 6 3
303935596 3 0
303935594 2 0
303935593 4 2
303935592 12 2
303935591 23 1
303935583 3 2
303935581 1 0
303935578 10 0
303935577 10 0
303935574 1 1
303935570 10 5
303935566 1 0
303935563 1 2
303935561 1 1
303935556 10 2
303935551 12 0
303935542 18 0
303935541 1 1
303935540 9 1
303935537 6 0
303935536 2 1
303935534 5 1
303935533 3 9
303935532 1 1
303935527 0 0
303935524 6 0
303935521 5 7
303935516 3 5
303935515 0 1
303935507 3 2
303935506 4 0
303935505 6 3
303935504 5 1
303935499 7 1
303935498 5 2
303935497 2 2
303935496 1 1
303935494 1 2
303935493 6 1
303935492 4 0
303935490 3 1
303935487 4 24
303935483 7 1
303935475 0 0
303935474 3 2
303935473 0 0
303935468 4 0
303935463 4 0
303935462 2 0
303935461 0 0
303935459 2 3
303935457 5 0
303935452 1 0
303935450 4 0
303935447 0 1
303935442 1 0
303935440 2 1
303935439 3 0
303935438 8 5
303935437 8 2
303935430 5 2
303935421 10 1
303935420 0 0
303935418 0 0
303935416 7 3
303935415 0 0
303935413 8 1
303935412 2 0
303935411 1 0
303935410 0 1
303935409 0 2
303935408 138 1
303935407 5 0
303935406 3 11
303935403 3 0
303935402 15 1
303935400 2 0
303935395 6 1
303935394 5 3
303935392 3 0
303935390 2 10
303935389 0 1
303935388 2 0
303935387 0 0
303935385 2 1
303935382 33 14
303935379 1 6
303935378 0 2
303935377 1 2
303935376 0 0
303935373 0 9
303935372 5 1
303935366 5 1
303935364 3 0
303935363 11 0
303935362 12 0
303935360 12 2
303935358 4 19
303935357 0 0
303935353 1 34
303935351 7 2
303935346 2 2
303935344 3 3
303935342 4 0
303935339 0 0
303935336 0 0
303935335 0 2
303935334 3 3
303935330 1 0
303935326 0 1
303935325 5 0
303935321 1 0
303935319 1 0
303935310 0 3
303935307 0 3
303935306 6 2
303935304 4 5
303935303 7 0
303935302 4 0
303935300 1 6
303935295 1 0
303935289 1 1
303935287 6 2
303935284 4 12
303935275 2 15
303935272 8 32
303935268 3 3
303935266 6 2
303935264 2 5
303935263 1 0
303935258 1 2
303935254 1 1
303935249 9 4
303935244 4 3
303935239 4 4
303935237 4 2
303935235 0 0
303935234 3 0
303935232 1 1
303935227 0 13
303935226 6 2
303935225 6 2
303935223 0 1
303935221 0 0
303935220 4 1
303935217 0 0
303935215 250 34
303935214 7 1
303935210 0 0
303935208 3 1
303935207 0 0
303935206 10 0
303935194 6 1
303935192 0 7
303935191 10 10
303935188 226 5
303935187 3 1
303935181 10 1
303935180 25 7
303935179 8 2
303935169 11 1
303935168 1 2
303935164 2 1
303935163 1 0
303935158 4 3
303935157 0 1
303935154 2 7
303935152 12 15
303935149 6 0
303935148 0 0
303935145 0 0
303935143 0 0
303935141 0 1
303935139 2579 40
303935138 1 0
303935137 1 2
303935135 4 0
303935129 7 2
303935127 5 8
303935126 5 2
303935124 1 1
303935123 4 1
303935118 6 0
303935117 5 1
303935114 2 3
303935113 1 3
303935112 4 3
303935109 0 0
303935107 4 10
303935106 5 0
303935105 1 1
303935104 27 7
303935102 1 3
303935100 0 1
303935099 1 2
303935095 4 3
303935090 132 10
303935086 1 2
303935084 3 2
303935078 3 2
303935076 1 0
303935075 4 2
303935073 4 2
303935068 6 5
303935065 5 3
303935064 10 5
303935058 7 12
303935057 0 2
303935056 12 1
303935054 3 2
303935052 3 8
303935048 5 2
303935042 3 2
303935040 3 1
303935038 26 7
303935036 0 0
303935033 4 2
303935029 7 1
303935024 6 4
303935021 149 6
303935019 9 11
303935015 4 1
303935011 5 6
303935005 1 6
303935004 0 2
303935003 2 3
303934998 2 8
303934996 4 28
303934993 8 2
303934990 0 3
303934989 5 0
303934984 0 1
303934980 8 5
303934974 2 1
303934971 4 7
303934970 0 0
303934969 0 0
303934966 5 4
303934963 1 1
303934962 1 0
303934956 0 1
303934952 25 14
303934950 6 6
303934949 1 18
303934945 0 1
303934940 0 6
303934935 6 2
303934934 5 1
303934931 4 1
303934926 0 0
303934925 17 17
303934923 7 4
303934921 4 8
303934913 4 1
303934912 4 5
303934910 0 4
303934909 0 6
303934904 1 0
303934903 7 2
303934902 2 5
303934897 0 4
303934895 0 0
303934887 17 23
303934884 14 1
303934882 0 5
303934880 425 18
303934879 2 3
303934877 0 1
303934873 4 1
303934870 3 5
303934866 8 3
303934864 7 6
303934863 2 0
303934860 11 13
303934854 1 1
303934853 16 1
303934850 3 13
303934849 4 0
303934848 0 0
303934843 0 0
303934839 1 2
303934838 0 0
303934834 7 3
303934832 6 6
303934830 0 0
303934825 0 0
303934823 12 4
303934822 0 6
303934815 11 7
303934814 4 3
303934813 1 0
303934812 1 6
303934811 1 3
303934808 2 3
303934805 2 1
303934801 3 0
303934799 15 1
303934798 13 3
303934796 0 0
303934795 5 9
303934794 2 5
303934792 4 3
303934790 0 0
303934785 2 5
303934783 12 7
303934781 5 3
303934779 1 1
303934777 6 2
303934770 1 2
303934767 1 3
303934765 0 0
303934761 3 1
303934754 4 1
303934747 0 1
303934745 13 1
303934740 1 1
303934738 22 2
303934735 6 7
303934732 2 0
303934730 7 8
303934726 711 38
303934724 3 2
303934723 2 3
303934720 2 9
303934718 1 3
303934717 1 2
303934716 1 2
303934715 1 0
303934713 2 0
303934712 13 9
303934706 4 2
303934700 2 3
303934698 5 4
303934697 1 6
303934691 0 2
303934687 11 0
303934685 0 1
303934682 14 0
303934681 1 2
303934677 3 0
303934675 9 5
303934673 6 2
303934670 1 0
303934669 33 35
303934668 1 1
303934667 0 0
303934666 1 0
303934664 7 2
303934660 2 2
303934658 0 1
303934653 321 40
303934651 9 19
303934649 2 3
303934648 3 2
303934646 0 3
303934645 0 6
303934643 3 4
303934642 0 8
303934639 0 0
303934630 3 0
303934629 0 1
303934628 2 5
303934625 0 3
303934622 1 4
303934621 0 1
303934618 1 0
303934617 2 2
303934615 0 0
303934613 993 64
303934608 4 0
303934607 0 1
303934606 2 3
303934602 2 1
303934601 1 1
303934600 1 3
303934598 0 0
303934594 8 8
303934585 1 1
303934584 3 0
303934579 4 2
303934578 4 1
303934577 0 2
303934576 8 0
303934568 6 1
303934567 2 1
303934566 1 2
303934564 0 15
303934562 0 1
303934559 1 1
303934558 1 1
303934554 0 0
303934552 3 0
303934545 7 1
303934544 1 0
303934539 1 1
303934537 2 1
303934536 8 0
303934533 3 2
303934525 1 4
303934524 2 0
303934522 3 0
303934515 0 0
303934507 9 2
303934505 2 0
303934504 4 0
303934502 4 1
303934498 0 0
303934497 1 0
303934496 1 2
303934493 1 18
303934488 10 3
303934485 6 11
303934482 0 4
303934480 4 2
303934479 4 1
303934477 2 0
303934475 2 3
303934474 0 0
303934469 3 2
303934467 1 0
303934466 4 1
303934464 1 0
303934463 1 2
303934462 3 1
303934459 12 1
303934454 15 3
303934450 1 0
303934449 3 3
303934444 5 1
303934440 0 0
303934439 0 2
303934437 0 1
303934435 0 1
303934433 0 1
303934429 2 1
303934427 2 1
303934423 2 0
303934419 2 2
303934416 2 5
303934405 1 0
303934403 4 0
303934397 9 2
303934392 198 2
303934390 2 0
303934387 3 1
303934386 3 0
303934384 2 3
303934377 2 0
303934375 4 0
303934373 1 5
303934372 4 0
303934367 1 8
303934365 6 17
303934358 501 6
303934355 1 2
303934352 1 0
303934347 2 43
303934344 2 1
303934343 1 1
303934342 2 1
303934340 3 0
303934337 4 2
303934336 4 0
303934334 2 6
303934329 4 4
303934327 0 0
303934325 4 8
303934323 1 1
303934321 920 30
303934318 2 3
303934316 4 1
303934311 4 2
303934309 4 1
303934308 2 3
303934304 2 1
303934303 3 2
303934302 2 1
303934301 1 1
303934300 0 0
303934299 5 0
303934295 5 3
303934294 6 1
303934293 0 4
303934290 3 3
303934288 6 1
303934287 0 0
303934283 1 2
303934278 2 2
303934276 2 0
303934272 581 17
303934271 1 0
303934265 3 3
303934257 1 0
303934254 4 2
303934250 0 2
303934247 1 1
303934245 0 0
303934244 0 2
303934243 6 1
303934242 0 1
303934238 3 3
303934233 1 2
303934232 2 1
303934231 2 1
303934227 30 10
303934224 2 3
303934223 2 3
303934219 1 2
303934217 18 5
303934215 1 2
303934214 1 2
303934207 456 60
303934196 6 4
303934194 1 0
303934193 3 0
303934191 1 0
303934190 2 2
303934188 4 2
303934184 16 7
303934182 1 1
303934181 5 5
303934178 0 0
303934177 0 0
303934174 26 9
303934173 286 15
303934171 1 0
303934168 0 1
303934159 3 1
303934158 3 1
303934148 8 5
303934147 2 0
303934146 6 0
303934144 12 6
303934141 0 3
303934135 0 1
303934129 5 2
303934125 0 0
303934120 2 4
303934118 0 6
303934114 0 1
303934100 4 14
303934099 1 0
303934096 0 10
303934095 2 3
303934094 1 1
303934091 0 0
303934089 0 3
303934086 3 1
303934085 0 2
303934084 4 5
303934077 0 0
303934076 3 1
303934072 14 1
303934071 4 0
303934070 2 3
303934069 312 6
303934068 3 3
303934063 1 1
303934061 16 5
303934060 1 0
303934058 5 1
303934044 9 1
303934043 0 0
303934041 0 0
303934037 0 0
303934031 5 4
303934029 9 8
303934025 6 8
303934023 2 0
303934021 5 4
303934018 5 1
303934016 3 4
303934004 1 4
303934000 3 5
303933999 2 1
303933994 1 0
303933992 0 0
303933991 3 6
303933988 1 1
303933987 2 4
303933986 1 3
303933984 5 8
303933981 2 4
303933970 0 0
303933967 2 2
303933966 6 3
303933961 4 3
303933960 2 1
303933958 1 7
303933956 8 2
303933953 0 0
303933952 165 10
303933951 5 2
303933950 5 2
303933942 3 3
303933940 2 2
303933928 2 2
303933923 2 1
303933917 7 6
303933913 10 3
303933910 2 5
303933908 557 71
303933905 17 6
303933904 4 3
303933901 1 5
303933900 0 0
303933898 1 1
303933893 2 1
303933889 5 2
303933887 2 3
303933886 14 2
303933884 0 2
303933882 0 2
303933881 567 105
303933879 5 2
303933877 2 3
303933876 3 2
303933870 1 2
303933868 3 6
303933861 2 2
303933855 1 0
303933851 1 0
303933846 6 2
303933843 3 1
303933842 7 3
303933840 1 4
303933836 2 1
303933834 2 1
303933832 4 4
303933828 0 2
303933825 10 7
303933824 6 17
303933822 12 1
303933820 1 0
303933817 5 0
303933816 1 5
303933815 2 1
303933814 5 7
303933811 0 2
303933808 2 0
303933806 1 3
303933804 219 5
303933802 6 4
303933799 7 2
303933797 1 3
303933794 3 0
303933783 2 1
303933779 0 2
303933775 2 3
303933767 598 6
303933765 1 1
303933764 0 1
303933759 9 0
303933751 2 2
303933749 6 1
303933746 2 5
303933744 2 1
303933740 0 0
303933739 13 3
303933738 1 9
303933734 0 1
303933733 2 1
303933732 386 57
303933729 3 2
303933727 3 5
303933726 2 4
303933724 3 2
303933722 2 0
303933721 13 29
303933720 2 0
303933715 2 1
303933706 1 4
303933704 0 0
303933697 4 14
303933695 4 13
303933694 0 4
303933690 8 5
303933682 0 0
303933681 9 3
303933679 5 5
303933672 3 2
303933671 0 0
303933669 9 9
303933665 1 1
303933660 12 8
303933659 2 1
303933658 683 80
303933657 0 4
303933656 0 1
303933655 0 1
303933651 2 2
303933648 0 0
303933645 53 2
303933644 14 6
303933640 3 5
303933638 0 12
303933635 0 0
303933628 7 1
303933627 1 2
303933625 3 2
303933622 1 2
303933613 19 12
303933609 69 7
303933607 655 34
303933606 2 1
303933605 0 0
303933599 3 2
303933598 4 2
303933597 0 0
303933593 0 1
303933589 0 0
303933588 7 3
303933587 0 0
303933586 35 11
303933584 3 0
303933583 1 1
303933579 2 1
303933577 4 3
303933575 5 3
303933572 6 0
303933571 0 0
303933564 2 4
303933560 7 3
303933557 3 0
303933554 2 1
303933553 1 0
303933546 0 4
303933544 2 6
303933539 3 2
303933534 5 6
303933532 1 1
303933528 0 2
303933525 1 3
303933524 2 2
303933516 8 0
303933512 4 2
303933505 1 2
303933504 2 5
303933503 2 6
303933502 1 6
303933501 1 5
303933500 1 4
303933495 4 4
303933491 1 2
303933490 0 5
303933487 2 1
303933483 2 4
303933480 2 8
303933478 6 2
303933477 3 0
303933475 0 1
303933474 0 2
303933470 3 14
303933468 0 4
303933462 0 2
303933459 1 4
303933457 7 6
303933449 0 5
303933445 3 0
303933444 2 3
303933440 5 2
303933438 11 4
303933437 2 2
303933436 2 2
303933433 4 14
303933428 2 6
303933425 173 7
303933417 4 0
303933416 11 1
303933415 4 2
303933414 3 1
303933411 0 7
303933408 0 0
303933403 1 4
303933398 4 2
303933394 0 1
303933383 7 5
303933382 2 5
303933377 1 4
303933376 13 4
303933371 1 2
303933370 0 0
303933368 0 4
303933367 0 9
303933366 1 4
303933362 0 2
303933360 0 7
303933359 10 0
303933354 0 4
303933350 3 7
303933348 4 3
303933347 0 3
303933345 2 3
303933342 0 4
303933341 0 4
303933338 5 0
303933333 6 5
303933332 1 2
303933328 0 3
303933326 3 3
303933322 3 2
303933319 0 5
303933318 0 5
303933317 5 1
303933315 1 2
303933305 0 2
303933304 1 4
303933303 339 13
303933294 6 2
303933292 4 2
303933291 0 1
303933286 4 4
303933285 4 4
303933284 6 3
303933282 1 0
303933279 1 2
303933276 1 1
303933272 0 5
303933269 3 5
303933268 1 1
303933264 5 2
303933256 4 5
303933253 2 5
303933251 0 0
303933247 10 2
303933241 3 3
303933239 1 5
303933238 1 2
303933234 0 0
303933233 0 5
303933219 1 6
303933216 0 5
303933210 0 0
303933209 0 4
303933207 4 16
303933205 0 0
303933204 6 2
303933203 5 2
303933200 0 6
303933198 0 11
303933197 0 4
303933196 347 24
303933186 1 4
303933185 4 2
303933184 0 0
303933183 0 0
303933177 1 4
303933169 6 2
303933168 2 4
303933167 2 3
303933159 3 5
303933157 0 3
303933156 28 35
303933154 1 3
303933152 2 2
303933150 0 2
303933148 1 3
303933147 3 7
303933146 13 2
303933142 1 4
303933141 0 4
303933139 8 1
303933138 3 2
303933133 0 3
303933130 5 3
303933129 2 2
303933127 11 2
303933125 0 1
303933124 369 5
303933122 1 3
303933114 6 1
303933112 2 2
303933110 0 0
303933105 6 2
303933104 2 3
303933101 12 2
303933099 2 5
303933097 3 3
303933095 4 5
303933094 4 3
303933091 2 2
303933088 9 3
303933087 3 4
303933083 3 3
303933080 1 3
303933079 1 0
303933078 11 1
303933077 1 3
303933073 2 1
303933072 0 4
303933071 6 2
303933068 0 4
303933066 1 3
303933062 1 3
303933061 3 1
303933055 0 3
303933052 1 4
303933051 0 1
303933049 6 18
303933047 6 2
303933039 2368 100
303933036 3 1
303933030 1 0
303933026 1 4
303933024 1 3
303933021 3 2
303933017 1 1
303933012 1 0
303933011 2 1
303933009 0 0
303933005 1 0
303933004 1 4
303933003 11 5
303933002 2 1
303932998 6 4
303932996 2 3
303932992 0 0
303932990 1 1
303932988 1 3
303932982 2 2
303932981 1 3
303932980 790 78
303932976 0 2
303932975 1 3
303932973 1 1
303932971 1251 266
303932965 0 2
303932964 1 2
303932959 1 6
303932957 1 3
303932956 3 3
303932952 2 1
303932947 1 3
303932943 0 3
303932942 1 3
303932941 0 3
303932940 1 0
303932939 1 2
303932938 1 3
303932937 13 2
303932936 1 1
303932934 2 1
303932933 1 1
303932932 384 25
303932931 3 1
303932928 2 2
303932917 0 2
303932916 0 2
303932914 0 3
303932913 1 0
303932912 1 4
303932910 6 7
303932907 5 4
303932902 0 3
303932901 0 1
303932900 3 0
303932896 2 3
303932895 12 1
303932894 0 0
303932893 1 4
303932888 2 1
303932884 0 0
303932881 4 1
303932880 4 3
303932875 7 1
303932869 0 12
303932868 0 3
303932863 0 0
303932862 8 11
303932854 6 7
303932844 6 1
303932842 1 2
303932839 5 0
303932836 1 0
303932835 6 9
303932833 0 4
303932832 0 4
303932831 0 0
303932829 2 9
303932822 2 2
303932814 2 3
303932812 0 3
303932811 8 2
303932804 1 4
303932803 1 4
303932798 20 4
303932796 0 1
303932792 0 0
303932790 438 10
303932789 4 3
303932787 1 4
303932786 1 8
303932780 2 6
303932779 1 4
303932778 586 55
303932777 2 7
303932775 8 7
303932773 0 2
303932769 6 1
303932767 0 3
303932754 3 5
303932750 1 2
303932741 0 2
303932740 0 3
303932739 0 2
303932738 3 2
303932733 1 3
303932731 7 0
303932728 1 3
303932726 1 0
303932723 0 0
303932721 12 2
303932719 6 4
303932716 2 3
303932701 1 3
303932688 7 5
303932685 1 2
303932673 2 5
303932672 6 9
303932665 0 1
303932664 0 0
303932658 0 1
303932655 645 24
303932650 4 4
303932642 3 3
303932637 0 4
303932636 1 4
303932634 1 4
303932632 2 5
303932629 4 2
303932625 5 0
303932624 3 3
303932623 0 3
303932617 3 3
303932616 0 1
303932615 3 2
303932614 2 3
303932613 48 17
303932609 0 3
303932608 1 4
303932606 2 4
303932602 11 2
303932601 2 4
303932600 0 0
303932598 3 3
303932597 9 4
303932595 36 31
303932591 2 0
303932588 0 2
303932585 126 5
303932582 3 3
303932577 1 3
303932575 2 28
303932572 1 1
303932570 1 2
303932559 7 21
303932553 0 3
303932552 0 3
303932551 17 5
303932545 6 1
303932541 1 2
303932537 5 3
303932535 0 2
303932529 3 3
303932523 5 2
303932522 10 1
303932520 3 3
303932517 0 0
303932512 1 0
303932508 2 0
303932506 0 4
303932502 3 9
303932501 1 5
303932498 2 1
303932491 3 2
303932490 1 0
303932486 6 4
303932479 276 5
303932477 1 1
303932474 1 4
303932472 0 7
303932467 2 2
303932466 2 0
303932464 0 0
303932459 5 7
303932457 1 0
303932456 1 1
303932455 2 3
303932452 1 0
303932448 1 1
303932437 3 3
303932435 4 2
303932430 2 1
303932428 4 1
303932427 0 4
303932419 4 4
303932418 7 5
303932414 7 3
303932409 1 1
303932408 1 0
303932406 3 1
303932402 1 9
303932398 3 2
303932397 2 1
303932396 1 0
303932395 0 6
303932394 5 3
303932390 2 2
303932387 0 2
303932385 6 1
303932384 7 1
303932382 2 1
303932381 1 8
303932378 2 0
303932376 7 2
303932375 5 1
303932374 5 3
303932373 1 6
303932370 1 0
303932368 4 1
303932367 231 9
303932358 2 0
303932357 2 1
303932355 0 0
303932352 8 14
303932351 2 1
303932350 0 11
303932347 0 4
303932346 2 1
303932344 3 5
303932341 9 0
303932337 3 1
303932334 3 1
303932333 0 0
303932330 0 5
303932327 3 1
303932326 1 2
303932325 6 1
303932323 4 2
303932322 1 1
303932321 0 3
303932316 4 3
303932315 9 5
303932312 1 6
303932310 0 0
303932308 0 1
303932306 2 1
303932305 1 0
303932304 5 3
303932301 1 0
303932298 0 0
303932297 0 0
303932296 1 1
303932295 2 2
303932293 0 0
303932292 4 3
303932291 0 1
303932288 1 1
303932287 2 2
303932286 0 1
303932285 7 4
303932284 4 2
303932283 0 3
303932282 1 3
303932280 25 7
303932276 0 0
303932273 3274 142
303932270 0 0
303932269 0 2
303932266 1 7
303932265 0 1
303932264 4 3
303932262 3 9
303932261 7 2
303932259 1 1
303932254 9 4
303932250 7 2
303932248 2 0
303932247 6 2
303932243 2 0
303932242 0 0
303932237 5 3
303932236 1 1
303932235 0 1
303932234 1 2
303932231 1 0
303932230 4 9
303932229 2 0
303932228 1 0
303932226 1 6
303932225 1 1
303932223 0 0
303932221 4 4
303932220 2 0
303932219 2 0
303932214 9 2
303932213 2 2
303932212 0 0
303932211 3 0
303932210 7 2
303932205 2 2
303932204 3 4
303932203 5 1
303932202 1445 52
303932201 9 1
303932200 5 6
303932197 1 4
303932196 3 2
303932194 2 2
303932193 0 4
303932192 169 3
303932191 0 0
303932190 0 0
303932189 2 2
303932188 1 2
303932187 322 5
303932186 4 1
303932185 1 4
303932184 2 3
303932183 3 3
303932182 1 2
303932181 1 1
303932180 12 1
303932179 3 3
303932178 2 2
303932177 3 2
303932175 2934 53
303932172 1 1
303932170 3 2
303932168 2 4
303932167 3 5
303932166 0 2
303932165 1 2
303932164 1 2
303932162 0 0
303932161 2 1
303932159 3 4
303932158 3 2
303932157 3361 71
303932155 3 2
303932153 5 2
303932152 4 2
303932151 5 2
303932150 5 2
303932148 1 1
303932145 0 3
303932143 2 2
303932141 3 3
303932140 113 4
303932139 1 2
303932138 2 0
303932136 3 3
303932135 5 2
303932134 3 2
303932133 4 4
303932132 5 3
303932131 23 8
303932130 825 74
303932129 9 2
303932127 3 4
303932126 5 4
303932125 1 0
303932124 4 1
303932123 2150 51
303932120 2 0
303932118 4 1
303932116 2 2
303932114 1 0
303932113 5 2
303932112 6 2
303932111 7 1
303932110 5 2
303932109 3 0
303932108 4 1
303932107 3 1
303932106 9 2
303932105 286 26
303932104 2 2
303932103 5 6
303932102 2 0
303932101 3 1
303932099 1 2
303932098 16 9
303932097 3 0
303932096 3 2
303932095 3 3
303932094 3 0
303932092 8 3
303932091 2 1
303932090 3 2
303932089 3 3
303932088 1 0
303932087 2 0
303932086 5 4
303932085 2 3
303932084 2468 137
303932083 4 0
303932082 3 0
303932081 4 3
303932079 4 2
303932078 6 1
303932077 1 0
303932076 4 2
303932075 1 2
303932074 1 3
303932073 3 1
303932072 1 1
303932071 8 1
303932070 4 2
303932069 1 1
303932067 6 5
303932066 8 2
303932065 1614 157
303932064 1065 150
303932063 7 0
303932061 7 0
303932060 2 0
303932057 2 0
303932056 4 2
303932055 1 0
303932054 1 0
303932053 2 1
303932052 3 0
303932050 3 4
303932049 6 2
303932048 1 1
303932047 5 2
303932045 1 1
303932043 4 3
303932040 7 4
303932038 0 1
303932037 0 1
303932036 1 3
303932034 5 8
303932033 0 5
303932032 2 2
303932031 4 15
303932030 2 4
303932028 3 2
303932027 3 4
303932026 1 5
303932025 0 1
303932024 8 2
303932023 7 2
303932022 3 4
303932020 1 0
303932018 3 4
303932017 1 0
303932016 1549 110
303932014 0 7
303932013 10 4
303932012 2 1
303932011 0 1
303932009 0 1
303932007 1 6
303932006 1 4
303932004 0 4
303932003 0 3
303932002 5 1
303932001 2 7
303932000 0 1
303931999 0 1
303931998 3 3
303931997 17 6
303931995 3 3
303931994 6 4
303931993 1 3
303931992 3 4
303931990 0 8
303931989 3 3
303931988 1709 52
303931987 1 0
303931985 0 6
303931984 7 3
303931983 5 8
303931982 3 2
303931981 5 2
303931979 1 1
303931978 1391 67
303931977 1 1
303931976 1 1
303931975 1 1
303931974 1 4
303931972 0 8
303931970 0 9
303931969 9 4
303931968 2 8
303931966 3 7
303931964 0 6
303931963 11 10
