303935755 0 0
303871541 0 0
303858756 1 0
303801798 5 0
303799156 1 0
303755204 5 0
303754912 0 0
303754789 2 0
303754762 1 2
303754703 1 1
303745042 0 0
303745041 0 1
303745039 3 0
303745034 0 0
303745033 1 1
303745031 0 0
303740249 0 0
303739447 0 0
303732335 1 0
303731922 0 0
303710832 0 0
303671698 0 0
303671696 1 0
303671209 0 2
303585201 5 1
303580055 0 0
303571035 0 0
303570743 2 1
303557647 0 1
303506316 13 0
303494589 0 0
303336009 3 0
303333295 0 0
303320903 20 2
303317197 0 0
303306883 1 0
303303474 4 1
303300071 5 6
303300049 1 0
303266091 4 0
303262927 0 0
303251404 0 0
303246720 1 0
303245840 10 0
303243074 11 0
303240202 2 4
303237884 4 3
303234543 11 0
303232661 2 0
303163497 5 1
303162703 2 0
303162101 4 0
303156405 3 0
303154330 1 0
303153296 12 1
303152709 6 0
303152538 14 1
303148321 10 2
303138642 3 0
303138318 2 5
303138308 1 1
303137828 11 0
303135808 1 0
303115834 6 0
303113773 2 0
303110059 12 1
303084481 0 3
303082992 2 0
303079687 2 6
303079601 8 2
303079239 2 0
303079027 10 1
303078915 15 1
303078896 12 1
303078633 14 0
303078219 15 5
303078208 6 3
303078077 4 0
303077537 3 7
303076670 1 0
303076457 15 0
303076450 9 0
303072649 1 0
303072260 1 1
303070806 2 0
303070429 10 0
303069112 15 32
303069051 9 10
303068205 15 6
303067988 35 1
303067427 1 0
303067123 0 2
303066720 8 0
303066251 10 0
303065758 4 0
303065748 5 0
303058634 7 0
303058495 1 0
303054656 28 0
303052285 0 0
303052042 15 0
303032710 12 15
303032693 1 1
303032123 0 21
303030868 8 0
303030843 9 0
303030816 8 4
303028009 4 0
303024036 10 0
303023650 0 0
303023396 0 0
303020827 0 0
303020824 0 0
303013365 8 5
303008659 0 0
303004766 3 22
303002830 12 0
303000985 2 1
302999950 12 1
302994690 0 0
302992032 4 1
302988379 1 0
302988365 3 23
302988363 10 0
302988362 17 0
302988263 9 0
302988238 10 0
302988232 0 0
302988202 5 18
302988194 3 0
302988153 0 24
302988138 9 1
302988021 4 6
302988015 14 0
302987976 12 0
302987953 7 0
302987797 0 0
302987787 1 1
302987739 12 0
302987727 17 3
302987683 3 0
302987576 17 12
302987555 12 0
302987513 5 0
302987467 4 0
302987448 2 0
302987428 22 0
302987423 0 0
302987415 0 0
302987382 59 0
302987377 2 0
302987363 15 1
302987353 9 0
302987335 5 0
302987319 4 1
302987313 6 3
302987201 28 0
302987195 6 9
302987111 6 2
302987076 0 0
302986967 32 0
302986946 11 0
302986932 4 0
302986930 1 10
302986926 17 0
302986925 4 3
302986918 16 0
302986912 19 2
302986890 0 0
302986853 0 0
302986848 8 0
302986834 15 3
302986833 11 1
302986646 4 1
302986610 0 0
302986511 9 37
302986439 22 14
302986399 15 0
302986394 30 0
302986350 6 0
302986348 21 1
302986342 8 0
302986335 70 0
302986334 5 0
302986325 22 0
302986319 1 0
302986318 0 7
302986299 12 3
302986287 5 0
302986272 12 1
302986253 0 1
302986113 19 1
302986087 22 0
302986047 0 1
302986005 6 1
302985949 1 6
302985813 4 14
302985801 3 1
302985707 1 0
302985640 3 1
302985632 17 2
302985563 1 10
302985558 22 1
302985541 8 3
302985461 7 2
302985235 6 10
302985052 3 1
302984981 0 0
302984970 0 0
302984965 3 1
302984964 2 0
302984957 3 26
302984953 2 1
302984939 4 3
302984807 9 8
302984526 4 8
302984513 0 6
302984395 56 6
302984377 0 0
302984360 5 7
302984313 0 0
302984307 11 1
302984263 15 0
302984215 4 2
302984114 7 27
302984005 2 0
302983989 4 0
302983965 4 1
302983961 9 10
302983937 2 1
302983900 0 0
302983779 0 1
302983776 0 1
302983775 0 1
302983772 11 2
302983489 6 22
302983475 5 6
302983297 3 1
302983281 30 2
302983243 9 3
302982833 8 11
302982830 23 13
302982827 0 28
302982570 0 10
302982443 1 1
302982431 15 2
302982356 0 3
302982198 11 3
302982127 0 2
302982098 5 3
302982066 1 1
302982060 5 68
302982035 13 1
302981985 15 2
302981958 10 2
302981900 20 7
302981824 34 1
302981811 5 3
302981797 17 65
302981791 10 1
302981788 0 1
302981777 2 1
302981753 10 4
302981712 0 1
302981708 3 1
302981697 21 6
302981675 4 1
302981630 19 2
302981602 1 1
302981600 74 1
302981580 20 2
302981542 13 3
302981373 0 0
302981331 108 10
302981318 6 1
302981278 0 1
302981209 7 1
302981167 8 2
302980847 19 13
302980808 6 0
302980699 29 2
302980658 0 1
302980547 84 2
302980529 15 2
302980514 3 0
302980507 16 0
302980434 0 0
302980429 21 2
302980394 0 0
302980348 11 8
302980330 11 95
302980324 0 1
302980305 0 4
302980302 21 0
302980291 3 0
302980277 10 80
302980262 2 39
302980236 9 2
302980213 3 1
302980182 16 2
302980179 3 16
302980164 27 6
302980128 0 1
302980114 100 5
302980091 4 1
302980086 0 0
302979964 0 0
302979890 10 1
302979871 19 0
302979855 30 2
302979835 1 30
302979810 1 0
302979798 9 5
302979765 10 0
302979760 2 60
302979703 2 41
302979697 4 0
302979655 3 56
302979640 14 2
302979628 14 1
302979623 1 0
302979619 8 4
302979611 15 0
302979590 7 11
302979588 6 7
302979418 9 2
302979416 2 0
302979400 1 0
302979376 9 2
302979363 13 3
302979355 9 0
302979328 3 5
302979289 4 0
302979283 23 1
302979238 1 0
302979226 3 14
302979121 1 3
302979107 0 1
302979074 4 0
302979058 1 4
302979055 37 7
302979049 2 0
302979032 50 5
302978994 3 1
302978990 0 0
302978975 1 8
302978897 3 1
302978874 16 6
302978853 0 31
302978834 1 1
302978826 8 7
302978825 13 0
302978808 0 0
302978763 25 0
302978751 2 3
302978739 15 1
302978707 2 1
302978697 10 7
302978682 3 1
302978583 1 0
302978531 0 5
302978493 4 3
302978479 3 41
302978473 4 1
302978468 0 0
302978406 0 0
302978393 16 0
302978338 0 1
302978279 8 5
302978240 21 0
302978235 3 22
302978230 6 3
302978229 15 2
302978177 0 6
302978169 27 57
302978167 4 7
302978162 0 6
302978140 8 23
302978125 26 3
302978119 5 1
302978109 5 0
302978092 3 1
302978031 64 3
302978027 7 0
302978026 12 1
302978019 18 2
302978016 54 3
302978013 6 6
302978004 0 0
302978003 2 1
302977990 0 0
302977987 3 14
302977951 3 1
302977938 5 14
302977933 4 30
302977928 13 7
302977913 7 4
302977904 16 5
302977896 0 0
302977893 17 0
302977890 9 0
302977835 0 2
302977822 14 1
302977810 7 11
302977803 34 5
302977788 6 0
302977781 11 1
302977766 0 0
302977699 2 1
302977697 11 7
302977689 27 1
302977625 1 0
302977603 14 0
302977588 9 2
302977582 10 4
302977568 1 1
302977556 18 1
302977546 6 1
302977535 7 2
302977525 5 0
302977518 12 1
302977504 14 0
302977493 17 0
302977486 2 0
302977477 5 1
302977465 12 0
302977441 2 1
302977419 19 0
302977414 16 1
302977408 12 0
302977403 6 0
302977401 8 1
302977392 1 0
302977377 4 0
302977325 6 15
302977320 6 12
302977319 4 3
302977317 29 7
302977313 9 1
302977292 2 4
302977274 1 0
302977265 0 0
302977257 2 16
302977216 2 1
302977212 0 0
302977167 42 0
302977156 0 0
302977132 0 0
302977119 6 12
302977109 2 1
302977088 1 0
302977077 4 22
302977075 11 0
302977064 132 2
302977051 14 0
302977023 45 1
302976999 52 0
302976973 1 0
302976951 1 3
302976931 0 0
302976866 4 2
302976847 40 1
302976844 12 0
302976817 19 1
302976779 0 0
302976767 11 6
302976750 1 18
302976749 6 2
302976738 0 0
302976737 6 0
302976713 0 0
302976696 18 1
302976690 32 0
302976681 24 1
302976669 0 0
302976636 36 4
302976628 0 1
302976616 8 3
302976569 1 0
302976557 4 43
302976556 31 2
302976546 2 0
302976534 0 0
302976518 26 0
302976490 26 2
302976489 15 9
302976480 1 0
302976475 45 2
302976470 0 3
302976453 39 6
302976439 23 1
302976434 40 5
302976431 20 3
302976427 0 0
302976403 3 3
302976355 32 3
302976326 4 0
302976301 4 42
302976268 4 0
302976185 3 1
302976178 0 5
302976148 5 3
302976115 2 84
302976109 8 0
302976102 66 3
302976032 1 2
302976009 0 0
302975990 0 0
302975961 3 0
302975959 8 1
302975940 5 0
302975915 6 1
302975904 25 0
302975896 30 1
302975887 15 8
302975870 0 11
302975852 84 6
302975835 10 3
302975827 20 7
302975822 1 0
302975811 6 0
302975806 36 0
302975780 2 3
302975756 18 0
302975752 13 2
302975745 3 0
302975744 48 5
302975738 3 0
302975716 33 3
302975715 20 0
302975700 4 0
302975686 27 2
302975683 10 34
302975647 11 58
302975642 8 4
302975610 0 0
302975608 13 4
302975600 9 2
302975593 16 2
302975590 11 0
302975589 0 1
302975588 0 32
302975571 0 0
302975557 2 1
302975553 19 0
302975531 15 18
302975508 171 12
302975506 1 42
302975487 3 1
302975482 0 3
302975468 1 1
302975437 7 0
302975398 0 0
302975382 14 4
302975366 5 0
302975358 14 1
302975356 6 1
302975354 5 21
302975337 11 2
302975266 1 0
302975247 30 13
302975233 4 6
302975231 24 11
302975185 4 4
302975182 3 1
302975179 23 1
302975169 14 19
302975152 10 1
302975141 3 0
302975140 7 0
302975124 17 29
302975120 24 2
302975118 4 1
302975095 14 0
302975093 18 62
302975067 7 2
302975021 4 0
302975018 2 0
302975006 12 16
302975002 19 0
302974986 7 2
302974967 9 1
302974945 0 0
302974936 25 11
302974908 30 4
302974899 5 2
302974868 48 2
302974845 21 18
302974830 53 1
302974821 18 6
302974818 5 0
302974805 0 1
302974798 0 3
302974792 0 1
302974770 0 1
302974767 10 12
302974742 37 3
302974726 3 11
302974692 22 3
302974670 56 2
302974669 30 3
302974654 4 47
302974648 4 37
302974638 0 0
302974635 8 2
302974632 0 0
302974626 13 3
302974625 10 1
302974622 10 1
302974611 3 12
302974594 9 3
302974551 28 1
302974548 0 0
302974526 27 0
302974515 0 0
302974483 1 1
302974477 5 0
302974476 13 59
302974474 9 11
302974463 28 0
302974453 9 6
302974413 6 0
302974333 0 1
302974321 0 1
302974292 3 0
302974287 19 0
302974260 101 3
302974257 20 3
302974237 17 0
302974236 5 0
302974229 10 0
302974218 22 1
302974196 0 0
302974192 3 0
302974179 24 1
302974177 8 12
302974162 0 0
302974155 24 2
302974154 18 2
302974120 2 4
302974113 7 21
302974109 51 3
302974094 19 0
302974083 9 0
302974062 0 36
302974043 1 3
302974020 16 0
302974017 71 5
302974011 7 0
302974010 7 0
302973997 2 0
302973993 216 10
302973985 0 2
302973980 20 2
302973967 0 1
302973962 7 173
302973949 10 2
302973897 1 0
302973894 107 17
302973863 7 10
302973830 0 7
302973821 23 1
302973817 16 0
302973797 41 2
302973789 20 2
302973772 16 35
302973763 3 0
302973755 13 1
302973736 8 4
302973729 2 0
302973727 18 4
302973726 2 13
302973725 161 25
302973724 29 1
302973716 19 7
302973712 34 0
302973711 8 4
302973699 25 0
302973693 7 4
302973677 1 8
302973668 2 0
302973656 0 5
302973645 12 1
302973642 2 5
302973638 13 8
302973622 35 8
302973605 19 0
302973592 1 1
302973589 24 1
302973567 1 1
302973566 15 2
302973560 5 4
302973556 10 0
302973555 0 11
302973551 9 1
302973548 10 0
302973532 4 1
302973527 5 0
302973523 32 14
302973510 6 3
302973509 0 7
302973493 11 0
302973487 12 0
302973484 15 4
302973464 4 54
302973462 15 4
302973458 6 4
302973457 3 7
302973450 1 4
302973412 6 51
302973399 58 0
302973389 18 7
302973375 3 6
302973373 6 9
302973364 14 3
302973363 4 2
302973345 6 57
302973343 16 6
302973328 138 11
302973326 4 5
302973320 25 10
302973312 1 10
302973310 35 2
302973307 80 6
302973299 5 0
302973283 12 0
302973277 1 10
302973274 20 1
302973254 16 0
302973229 9 2
302973225 1 2
302973207 4 5
302973194 6 8
302973168 4 3
302973151 0 2
302973149 29 0
302973142 10 2
302973141 14 2
302973135 2 4
302973134 22 1
302973132 17 1
302973123 15 0
302973110 0 0
302973098 6 0
302973089 16 2
302973082 0 0
302973078 31 0
302973075 0 1
302973061 0 0
302973059 16 2
302973051 33 0
302973039 64 2
302973021 90 2
302972997 24 1
302972994 16 3
302972971 7 0
302972936 0 0
302972923 6 1
302972911 6 2
302972899 4 8
302972898 2 1
302972887 2 0
302972882 2 63
302972863 3 8
302972862 33 7
302972848 7 0
302972836 2 2
302972834 4 1
302972811 24 1
302972803 12 2
302972791 30 8
302972773 11 0
302972752 0 7
302972750 6 79
302972745 4 6
302972742 19 4
302972733 10 17
302972729 17 2
302972727 5 4
302972713 0 7
302972701 2 2
302972696 7 2
302972692 3 0
302972688 3 4
302972682 4 1
302972681 2 0
302972670 1 0
302972659 0 1
302972656 5 9
302972654 16 0
302972646 237 63
302972637 4 26
302972635 2 0
302972625 28 1
302972624 18 3
302972615 0 0
302972609 27 0
302972602 4 6
302972594 14 3
302972592 12 4
302972559 0 0
302972556 14 3
302972540 0 3
302972525 18 1
302972508 24 13
302972495 157 18
302972492 15 0
302972458 11 49
302972456 6 1
302972446 20 4
302972436 6 12
302972422 1 2
302972376 16 0
302972366 18 1
302972297 10 3
302972283 7 5
302972274 0 2
302972259 224 16
302972237 16 0
302972236 6 0
302972218 3 0
302972216 4 7
302972209 0 0
302972194 21 1
302972186 26 7
302972180 15 1
302972165 3 3
302972160 14 3
302972149 11 39
302972145 12 1
302972142 8 1
302972137 12 0
302972129 17 1
302972107 26 6
302972104 8 57
302972102 4 2
302972088 14 10
302972082 6 1
302972080 8 0
302972078 0 3
302972060 16 1
302972052 5 5
302972039 9 0
302972029 6 2
302972014 1 6
302972004 19 8
302971990 4 4
302971969 8 1
302971956 1 0
302971952 13 2
302971946 4 0
302971795 4 11
302971716 97 2
302971680 23 1
302971677 4 0
302971663 2 4
302971654 3 0
302971648 0 0
302971616 14 47
302971562 35 0
302971491 5 1
302971466 41 1
302971451 0 0
302971447 3 0
302971440 10 0
302971435 37 5
302971418 3 1
302971407 0 0
302971356 2 2
302971350 7 0
302971345 1 6
302971340 1 0
302971283 42 1
302971275 0 0
302971259 0 3
302971243 2 0
302971234 288 3
302971223 3 3
302971203 16 39
302971201 12 8
302971200 0 4
302971184 25 2
302971179 30 2
302971171 4 0
302971166 4 0
302971136 12 1
302971117 5 1
302971091 28 3
302971087 11 0
302971082 38 0
302971067 31 2
302971062 6 0
302971035 7 1
302971006 8 38
302971001 2 0
302970968 403 20
302970912 1 0
302970875 41 0
302970871 2 2
302970867 30 0
302970824 8 12
302970808 2 0
302970763 0 0
302970758 5 0
302970757 25 1
302970746 9 0
302970735 4 0
302970720 9 2
302970715 6 6
302970706 37 0
302970704 1 2
302970701 63 3
302970691 0 0
302970684 29 0
302970682 2 1
302970665 3 0
302970642 15 0
302970635 47 2
302970634 12 5
302970622 30 1
302970611 9 2
302970609 3 0
302970600 7 0
302970591 6 1
302970569 6 7
302970538 0 0
302970527 2 0
302970524 0 0
302970521 0 1
302970502 1 5
302970479 3 0
302970476 120 3
302970475 3 2
302970465 7 1
302970458 0 0
302970442 0 1
302970434 4 3
302970400 0 0
302970392 229 22
302970388 24 0
302970356 10 1
302970348 3 0
302970318 7 0
302970311 2 0
302970307 1 0
302970277 17 1
302970276 2 50
302970275 2 1
302970267 1 3
302970262 2 7
302970162 25 13
302970128 250 4
302970095 9 1
302970056 28 0
302970054 2 0
302970049 0 1
302970034 0 3
302970028 0 0
302970011 1 0
302969999 7 0
302969969 10 2
302969960 16 2
302969910 2 6
302969894 2 0
302969890 1 3
302969881 10 44
302969878 11 4
302969850 14 4
302969846 10 0
302969843 11 0
302969831 24 7
302969827 11 1
302969812 38 1
302969808 7 1
302969801 10 14
302969780 0 0
302969777 261 6
302969763 12 0
302969745 2 25
302969740 12 8
302969739 6 0
302969737 6 0
302969732 1 6
302969725 355 6
302969683 4 26
302969656 1 3
302969650 6 2
302969631 0 0
302969621 8 4
302969612 95 4
302969602 11 3
302969573 1 1
302969552 7 0
302969551 12 1
302969547 0 0
302969544 2 2
302969542 2 0
302969524 7 63
302969504 16 0
302969503 16 15
302969499 2 4
302969468 17 0
302969466 0 0
302969442 15 2
302969440 0 0
302969435 32 0
302969400 181 22
302969393 13 1
302969388 9 1
302969384 9 1
302969308 3 0
302969305 1 1
302969304 12 2
302969288 4 0
302969283 8 2
302969276 4 1
302969261 4 0
302969245 8 9
302969226 6 0
302969218 15 0
302969213 5 2
302969144 387 17
302969119 377 7
302969088 0 1
302969052 4 0
302969051 7 0
302969049 0 0
302969026 9 0
302969014 9 22
302968980 8 0
302968961 5 2
302968945 0 0
302968944 9 0
302968935 3 0
302968933 3 0
302968906 3 0
302968881 14 2
302968816 0 0
302968794 4 0
302968789 7 6
302968783 5 3
302968777 4 5
302968768 0 0
302968762 3 0
302968731 1 0
302968703 18 3
302968672 12 2
302968648 3 3
302968637 6 3
302968625 0 0
302968583 25 1
302968556 24 2
302968529 1 2
302968492 6 0
302968470 20 2
302968452 1 9
302968445 4 0
302968439 21 1
302968435 5 2
302968420 1 0
302968408 4 0
302968343 4 3
302968341 4 0
302968321 1 1
302968318 0 3
302968313 5 0
302968304 6 1
302968302 129 17
302968206 10 1
302968189 2 1
302968172 0 0
302968130 3 0
302968117 16 0
302968085 17 1
302968068 2 0
302968052 5 0
302968043 112 2
302967974 206 10
302967928 12 0
302967914 203 21
302967902 4 16
302967852 0 0
302967777 0 4
302967755 13 1
302967751 8 0
302967748 10 2
302967712 9 11
302967708 0 0
302967704 0 0
302967694 2 5
302967684 10 1
302967668 177 3
302967666 1 0
302967663 7 1
302967652 7 12
302967645 13 2
302967605 1 0
302967598 0 4
302967588 11 0
302967577 13 1
302967557 13 2
302967545 1 0
302967488 0 5
302967485 176 14
302967469 17 0
302967435 2 1
302967430 3 1
302967400 10 0
302967399 0 25
302967391 315 10
302967380 0 0
302967378 8 2
302967347 2 4
302967331 32 0
302967330 16 0
302967300 10 2
302967299 1 4
302967292 0 2
302967288 0 0
302967285 11 0
302967274 6 0
302967263 0 0
302967256 2 1
302967249 6 0
302967216 6 1
302967211 5 1
302967210 1 4
302967197 24 0
302967190 0 3
302967170 1 0
302967150 1 1
302967062 18 0
302967040 136 19
302966986 126 3
302966949 0 0
302966929 24 3
302966915 3 3
302966901 4 6
302966875 5 0
302966846 1 0
302966816 6 3
302966790 0 0
302966776 15 0
302966753 0 0
302966733 26 32
302966720 1 0
302966696 33 3
302966692 9 1
302966640 31 3
302966635 5 1
302966632 0 0
302966608 15 1
302966578 21 3
302966565 2 1
302966537 2 10
302966535 3 32
302966532 6 6
302966516 518 6
302966460 4 0
302966448 4 1
302966434 1 2
302966424 2 0
302966423 1 1
302966394 7 1
302966388 3 0
302966374 0 0
302966363 16 0
302966313 28 4
302966311 3 2
302966276 3 8
302966267 0 5
302966263 10 0
302966232 65 4
302966192 1 0
302966186 22 0
302966179 3 3
302966177 322 5
302966148 7 6
302966143 5 2
302966113 3 2
302966093 3 1
302966031 0 2
302966018 2 0
302966000 0 0
302965998 2 4
302965997 0 0
302965977 11 0
302965975 8 4
302965932 12 1
302965926 8 2
302965910 2 1
302965898 1 0
302965893 15 1
302965889 5 3
302965862 0 1
302965821 16 1
302965798 13 1
302965786 17 15
302965745 4 8
302965683 14 0
302965675 10 0
302965633 7 1
302965610 431 45
302965609 35 1
302965589 0 7
302965582 14 1
302965569 735 9
302965513 0 3
302965504 0 5
302965445 13 1
302965431 2 2
302965406 94 2
302965399 2 1
302965370 15 0
302965356 0 0
302965345 13 0
302965312 6 2
302965272 1 4
302965269 4 0
302965235 2 1
302965169 14 0
302965155 0 1
302965148 13 2
302965135 352 3
302965132 2 0
302965067 2 0
302965061 1 1
302965051 3 16
302964973 0 0
302964958 6 3
302964952 3 0
302964950 3 0
302964946 4 15
302964941 11 0
302964940 518 6
302964920 14 22
302964890 4 3
302964889 0 1
302964837 0 0
302964832 3 3
302964818 15 0
302964812 0 0
302964808 6 0
302964798 14 37
302964782 108 37
302964780 15 0
302964762 2 5
302964752 2 0
302964739 0 7
302964700 11 0
302964620 4 0
302964616 19 5
302964571 5 0
302964524 14 0
302964484 17 1
302964481 3 1
302964434 402 4
302964417 0 0
302964410 17 7
302964396 12 0
302964376 10 5
302964368 3 0
302964341 16 0
302964287 5 0
302964285 2 0
302964281 9 0
302964280 0 0
302964258 15 0
302964256 11 0
302964237 3 0
302964232 1 3
302964230 11 0
302964229 4 0
302964227 4 0
302964217 7 2
302964146 2 0
302964137 2 32
302964114 3 0
302964112 10 0
302964108 4 0
302964102 0 0
302964070 0 0
302964058 4 9
302964052 6 0
302964044 14 2
302964015 4 0
302963993 0 0
302963977 8 5
302963970 0 0
302963956 3 0
302963912 1 1
302963906 11 2
302963897 4 0
302963874 8 10
302963844 1 0
302963825 1 0
302963822 264 13
302963821 2 0
302963814 211 3
302963793 9 5
302963783 0 0
302963776 20 1
302963757 3 8
302963756 0 1
302963747 30 4
302963736 1 0
302963731 2 8
302963702 8 6
302963693 9 31
302963660 3 52
302963650 2 33
302963648 29 1
302963631 6 2
302963630 8 0
302963597 4 0
302963582 12 0
302963573 4 11
302963571 8 15
302963568 3 1
302963560 0 3
302963556 9 0
302963538 2 0
302963525 12 0
302963516 0 12
302963483 0 0
302963466 0 0
302963464 1 0
302963441 1 0
302963423 0 0
302963407 2 0
302963403 0 0
302963386 3 0
302963368 0 4
302963367 0 0
302963365 0 5
302963348 0 0
302963347 18 2
302963346 1 35
302963344 18 6
302963329 6 1
302963314 3 3
302963281 481 20
302963279 0 1
302963262 1 1
302963231 0 1
302963213 1 0
302963207 10 0
302963175 1 5
302963160 2 10
302963137 12 3
302963134 1 0
302963111 27 0
302963105 11 0
302963081 8 0
302963040 6 0
302963013 0 0
302963002 13 1
302962949 0 0
302962913 7 1
302962910 0 0
302962909 17 1
302962876 8 0
302962874 7 2
302962859 657 14
302962808 7 23
302962766 0 0
302962764 1 0
302962729 1 0
302962682 24 5
302962676 9 0
302962663 8 1
302962650 286 40
302962639 2 0
302962634 0 0
302962621 23 0
302962619 0 0
302962595 1 15
302962594 6 4
302962578 0 0
302962555 1 0
302962550 24 3
302962540 5 1
302962516 1 1
302962498 2 46
302962468 6 4
302962463 10 0
302962441 4 0
302962412 0 14
302962408 1 0
302962351 3 1
302962344 28 1
302962322 12 0
302962310 12 1
302962293 3 6
302962292 3 0
302962239 2 6
302962230 7 0
302962226 1 0
302962219 18 5
302962165 1 0
302962157 26 1
302962131 1 46
302962074 4 7
302962052 7 0
302962032 4 3
302962021 0 0
302962013 0 1
302961959 56 17
302961952 0 1
302961920 0 0
302961891 10 1
302961888 6 1
302961829 8 0
302961828 24 0
302961824 1 8
302961794 7 4
302961785 4 0
302961769 3 4
302961745 14 0
302961693 3 10
302961679 10 1
302961658 10 1
302961654 1 4
302961646 0 1
302961619 2 0
302961541 13 3
302961515 19 2
302961466 8 4
302961446 4 0
302961435 20 0
302961395 11 0
302961375 0 0
302961364 4 5
302961354 1 0
302961268 558 12
302961267 10 0
302961255 214 3
302961218 12 10
302961207 2 1
302961168 8 3
302961113 1 1
302961099 3 10
302961096 0 0
302961058 0 20
302961052 12 2
302961051 8 2
302961026 1 1
302961014 448 20
302961003 5 0
302960972 9 9
302960956 19 0
302960889 3 1
302960888 7 0
302960847 6 2
302960844 9 1
302960815 12 5
302960742 504 13
302960738 520 64
302960730 1 0
302960721 910 12
302960678 2 0
302960674 3 0
302960655 641 11
302960647 6 0
302960601 0 0
302960562 9 0
302960558 10 3
302960492 0 0
302960486 5 0
302960456 1 1
302960426 0 0
302960420 4 0
302960391 2407 31
302960382 5 3
302960381 0 0
302960374 25 0
302960365 0 2
302960356 17 8
302960350 3 0
302960346 9 0
302960339 0 0
302960327 5 0
302960310 5 0
302960300 23 0
302960292 2 1
302960271 29 0
302960258 312 11
302960233 1 1
302960175 777 9
302960174 2 0
302960162 6 0
302960123 11 0
302960119 9 1
302960116 3 0
302960111 3 22
302960110 1 34
302960088 8 7
302960081 18 1
302960079 5 6
302960069 5 0
302960063 1 4
302960032 9 0
302960025 16 7
302959977 2 1
302959894 3 0
302959858 1296 8
302959837 21 1
302959792 716 11
302959787 2 0
302959784 997 17
302959736 1 1
302959735 0 0
302959730 1081 45
302959696 2 0
302959690 809 23
302959671 13 4
302959666 4 0
302959641 361 29
302959606 5 4
302959598 16 5
302959592 2 0
302959579 575 36
302959578 3 1
302959574 1 0
302959548 627 23
302959518 9 0
302959496 6 0
302959495 25 0
302959442 0 2
302959412 152 3
302959406 6 7
302959392 12 16
302959371 4 2
302959369 2 0
302959350 3 0
302959342 146 5
302959281 0 0
302959265 14 4
302959258 405 6
302959255 2 0
302959232 5 0
302959223 3 1
302959206 4 2
302959204 2 1
302959193 18 3
302959116 1 0
302959066 570 22
302959061 22 0
302959043 2 0
302959027 4 3
302959013 3 1
302958990 1396 9
302958989 705 11
302958947 917 20
302958937 21 1
302958911 698 11
302958876 4 1
302958833 18 2
302958822 11 0
302958814 10 1
302958796 0 0
302958773 0 0
302958736 4 24
302958704 10 3
302958694 15 0
302958680 3 1
302958667 6 0
302958647 1024 13
302958640 7 6
302958590 4 1
302958553 11 0
302958543 7 2
302958524 5 0
302958520 7 0
302958517 2 49
302958515 0 0
302958507 5 0
302958422 270 61
302958414 30 1
302958394 6 1
302958390 2 1
302958361 3 0
302958348 530 13
302958298 8 0
302958293 1485 10
302958273 4 1
302958245 2 0
302958242 446 4
302958198 1 0
302958168 3 0
302958163 15 0
302958159 1 1
302958150 2 0
302958135 6 2
302958118 1 2
302958103 4 0
302958100 2 0
302958072 5 2
302958054 1410 11
302958045 4 4
302957991 15 1
302957989 10 1
302957980 9 7
302957961 0 0
302957947 0 0
302957935 3 2
302957932 3 6
302957914 1326 36
302957813 5 3
302957794 3 0
302957778 2 0
302957772 1290 9
302957759 1 4
302957755 4 1
302957739 1 0
302957732 2 2
302957727 736 21
302957708 4 34
302957674 2 3
302957666 12 0
302957662 5 22
302957622 9 5
302957617 1 0
302957611 7 6
302957584 1 4
302957576 8 3
302957562 0 20
302957538 2 1
302957484 0 0
302957483 16 8
302957384 3 0
302957368 17 1
302957362 28 9
302957293 3 0
302957282 8 0
302957261 2 0
302957259 12 0
302957251 1 0
302957250 14 5
302957220 5 0
302957219 6 0
302957166 1 3
302957136 2 14
302957135 4 0
302957129 0 0
302957119 0 3
302957114 23 0
302957104 6 0
302957035 10 2
302957033 0 0
302957026 0 0
302956993 5 2
302956991 10 1
302956968 0 0
302956956 4 6
302956955 311 7
302956944 2 0
302956933 8 1
302956926 0 0
302956921 12 3
302956919 0 0
302956916 1 0
302956915 0 1
302956910 0 1
302956841 2 0
302956832 3526 50
302956814 3 1
302956804 6 0
302956802 13 0
302956800 0 4
302956794 0 1
302956788 4 1
302956770 3 0
302956768 2 1
302956723 4 4
302956718 174 32
302956716 4 0
302956704 1 1
302956693 7 0
302956677 8 0
302956668 0 0
302956666 2 0
302956650 21 1
302956621 1 0
302956608 3 0
302956602 1 0
302956597 0 0
302956563 0 1
302956548 0 0
302956529 1 4
302956525 8 1
302956512 2 3
302956508 175 5
302956501 0 0
302956479 3 3
302956461 4 1
302956441 0 3
302956420 0 0
302956407 1397 15
302956389 1 1
302956382 7 0
302956333 0 1
302956313 6 0
302956295 5 3
302956288 8 2
302956286 1 1
302956283 12 3
302956275 6 1
302956262 10 2
302956241 7 2
302956208 7 3
302956206 3 1
302956198 13 1
302956195 1 1
302956154 3380 76
302956145 5 6
302956134 10 3
302956131 8 1
302956124 1 0
302956100 8 1
302956097 10 2
302956087 5 1
302956049 22 4
302956046 6 0
302956027 7 0
302956024 1 0
302956006 0 12
302955975 3 1
302955970 7 4
302955962 2 2
302955961 1 0
302955958 0 0
302955955 1 5
302955954 9 4
302955946 2 1
302955944 0 1
302955936 2 8
302955934 1 0
302955917 0 1
302955911 2 1
302955902 17 2
302955894 3 1
302955885 0 2
302955883 1 1
302955875 1 1
302955868 326 6
302955860 11 1
302955857 3 1
302955838 0 1
302955829 0 0
302955820 9 1
302955814 1 1
302955813 7 1
302955806 0 0
302955800 0 0
302955793 1 1
302955766 15 1
302955758 2 0
302955746 20 1
302955741 4 2
302955734 10 6
302955730 7 2
302955724 196 14
302955716 0 1
302955702 995 54
302955695 6 4
302955669 3826 263
302955662 5 3
302955659 0 1
302955651 4 1
302955645 5 2
302955639 7 3
302955628 8 13
302955626 1 2
302955625 1 0
302955614 1654 31
302955613 0 0
302955575 0 0
302955560 349 8
302955530 3 1
302955528 3 3
302955527 4 1
302955467 4 0
302955456 0 0
302955455 0 0
302955454 0 8
302955451 1 2
302955435 2 0
302955433 0 0
302955417 8 2
302955413 7 3
302955411 0 0
302955396 0 0
302955395 0 0
302955369 0 0
302955356 1 0
302955352 1 0
302955347 0 0
302955340 4 5
302955305 2 8
302955275 3 2
302955256 2226 33
302955224 6 1
302955200 2 2
302955193 5 1
302955178 374 9
302955170 0 2
302955163 7 1
302955162 1 0
302955148 1 1
302955147 2 0
302955137 0 0
302955134 0 1
302955133 6 2
302955131 1 2
302955130 5 0
302955116 1039 9
302955107 13 8
302955104 1 0
302955095 0 0
302955092 0 0
302955086 0 0
302955060 12 5
302955058 4 3
302955040 1 0
302955019 3 3
302954999 6110 583
302954994 9 2
302954993 2 0
302954981 5 10
302954978 1 0
302954973 0 0
302954968 0 2
302954966 1 0
302954961 0 0
302954956 4 3
302954954 1 0
302954951 4 5
302954947 6 1
302954937 0 3
302954912 0 1
302954905 2 2
302954899 0 0
302954880 0 0
302954872 3 3
302954871 3 0
302954868 727 8
302954857 0 1
302954849 0 0
302954843 3 3
302954842 1 0
302954826 2113 50
302954825 6 1
302954807 7 3
302954794 1 2
302954787 1 0
302954786 6 6
302954778 2 0
302954776 9 4
302954766 1 0
302954746 0 0
302954737 0 0
302954735 1 1
302954727 2131 87
302954706 3 0
302954697 3 3
302954695 8 7
302954684 5 2
302954664 7 1
302954661 202 26
302954660 0 0
302954650 2 3
302954640 1 0
302954639 3 0
302954629 5 0
302954611 9 4
302954607 0 0
302954602 0 0
302954599 1520 44
302954597 4 4
302954596 1 0
302954589 1 11
302954582 4 2
302954581 3 3
302954580 0 3
302954578 1 2
302954575 2 0
302954569 0 0
302954562 4 2
302954542 0 3
302954541 0 5
302954531 3100 425
302954518 0 0
302954507 1 0
302954505 684 19
302954504 3 1
302954490 4 1
302954484 2 0
302954482 0 22
302954474 4 0
302954470 1 0
302954468 3 0
302954466 1 0
302954465 461 6
302954461 585 16
302954460 6 1
302954457 5037 42
302954452 1 0
302954450 5 3
302954449 0 0
302954442 1 0
302954435 23 0
302954433 0 0
302954423 298 9
302954417 0 0
302954409 18 6
302954404 0 1
302954388 4 2
302954387 0 0
302954383 2 0
302954382 1 10
302954381 3 1
302954380 1 1
302954369 0 0
302954364 0 0
302954363 3 2
302954362 2 2
302954359 5 2
302954348 2 0
302954344 2 1
302954340 23 0
302954333 0 0
302954331 4 0
302954328 0 0
302954320 5 0
302954319 0 0
302954316 2 2
302954315 0 0
302954314 0 1
302954312 0 1
302954294 1836 101
302954289 1 0
302954288 1 0
302954278 5 2
302954271 13 1
302954267 9 3
302954260 1 2
302954259 0 1
302954251 5 20
302954249 0 0
302954247 7 2
302954242 5 2
302954236 1 0
302954227 1 3
302954220 4 0
302954212 1 1
302954196 0 0
302954195 2 12
302954185 6 0
302954181 0 0
302954180 3 0
302954178 2 0
302954166 0 0
302954159 0 0
302954152 0 0
302954149 0 0
302954141 1 8
302954126 3 0
302954122 4 0
302954119 1 1
302954118 1 1
302954117 1 1
302954111 3 9
302954105 2 6
302954097 0 1
302954085 0 0
302954080 0 0
302954067 5 2
302954065 0 0
302954054 1 0
302954051 0 1
302954042 2 1
302954036 2 0
302954033 4 0
302953999 0 1
302953998 4181 130
302953997 0 0
302953985 98 19
302953970 1 1
302953968 0 0
302953966 0 1
302953954 0 0
302953953 3 0
302953943 0 0
302953941 0 4
302953939 0 4
302953938 0 2
302953929 0 0
302953917 3 0
302953910 9 1
302953907 0 1
302953898 5 1
302953890 0 0
302953889 0 1
302953877 0 1
302953873 4498 104
302953872 9 0
302953870 0 1
302953869 0 1
302953866 0 0
302953861 7 1
302953857 10 2
302953855 0 1
302953846 0 0
302953843 1 2
302953836 0 0
302953833 5 1
302953829 0 0
302953828 0 1
302953827 0 0
302953826 0 0
302953821 1 0
302953814 0 0
302953791 3 3
302953788 3 1
302953786 0 1
302953777 0 1
302953776 0 1
302953760 1 3
302953756 0 1
302953754 0 0
302953753 0 0
302953750 0 0
302953739 1 0
302953736 0 0
302953729 0 1
302953726 2 1
302953720 0 0
302953713 4 1
302953708 0 1
302953707 4 2
302953699 0 1
302953674 0 2
302953658 0 2
302953652 0 0
302953647 5 1
302953641 1 2
302953631 0 3
302953630 0 2
302953628 3 1
302953625 1 1
302953624 2 0
302953620 1 1
302953618 0 0
302953596 0 0
302953579 0 2
302953570 0 0
302953545 0 2
302953543 2 2
302953541 0 2
302953536 0 2
302953530 1 1
302953524 0 4
302953523 1 1
302953515 4 0
302953512 0 2
302953502 0 0
302953485 0 3
302953479 0 0
302953473 5 1
302953472 1 1
302953460 0 0
302953458 2 1
302953442 1 1
302953429 0 4
302953428 4 1
302953408 2 4
