303865347 2 0
303865327 0 0
303859516 0 0
303849825 0 0
303849801 4 0
303802559 0 0
303763929 0 0
303743730 0 0
303740817 0 1
303724965 0 1
303724959 1 1
303719965 0 0
303685326 4 0
303677214 1 3
303671841 4 1
303663415 0 0
303622860 0 0
303587480 2 0
303576329 1 2
303559847 1 0
303559840 1 0
303559837 0 0
303559811 1 4
303522192 0 0
303521920 3 1
303471118 0 0
303412691 0 0
303325439 3 1
303319309 0 0
303314455 5 0
303250192 4 0
303242228 0 1
303185176 1 3
303164245 1 7
303164122 0 1
303162856 0 0
303160672 3 7
303151966 2 0
303079571 0 0
303079568 1 0
303007577 2 0
302988266 2 0
302987611 0 0
302987605 0 0
302987210 4 0
302986795 0 0
302986794 0 0
302983754 1 0
302950771 9 0
302892957 3 2
302891114 13 0
302891102 3 0
302890557 0 8
302884035 15 0
302882814 1 0
302882796 5 0
302880086 0 0
302852197 13 0
302816823 2 1
302816798 0 0
302812209 19 5
302810741 5 0
302809669 8 0
302807730 3 1
302805980 2 3
302796831 0 0
302731493 2 0
302731307 1 15
302731301 2 2
302731113 2 0
302730561 0 0
302729583 9 3
302724512 15 8
302722585 1 9
302722011 0 0
302720376 1 0
302688320 8 10
302662907 0 0
302656769 13 0
302645485 17 33
302644690 2 0
302644413 21 0
302644399 18 1
302644267 0 0
302644009 1 3
302643114 3 0
302642635 5 0
302636725 13 2
302635220 34 8
302633683 33 0
302633541 0 1
302633522 0 1
302583272 5 32
302583264 13 0
302583256 1 1
302581092 42 5
302574106 8 0
302571299 4 0
302569750 6 0
302568819 17 1
302567349 6 1
302567126 1 0
302566382 0 0
302565088 3 10
302563235 5 3
302563225 11 1
302561786 8 0
302552805 0 19
302550953 5 5
302550808 13 0
302550773 4 1
302546783 15 11
302534963 15 3
302531381 0 0
302508064 35 3
302499025 1 0
302496939 3 1
302495959 0 0
302495918 7 2
302495914 4 0
302495859 43 2
302495856 5 0
302495383 0 0
302495299 7 0
302495269 70 2
302492475 0 1
302492282 3 2
302492049 28 1
302491922 17 3
302491878 1 0
302491748 1 0
302491260 10 0
302491090 3 4
302490808 5 0
302490796 10 0
302490196 4 3
302490144 23 1
302490026 15 0
302489996 11 0
302489988 11 0
302489973 18 1
302489953 17 0
302489948 32 0
302489940 20 0
302489935 9 2
302489923 7 0
302489913 2 0
302489862 13 6
302489059 5 0
302489058 4 0
302489055 0 0
302488476 0 0
302487505 4 0
302487106 16 1
302486814 1 0
302476776 0 0
302471796 14 0
302464675 17 5
302452701 6 12
302451616 4 0
302448300 19 5
302443612 12 1
302443449 1 1
302441673 14 0
302438739 27 3
302438344 18 1
302437915 16 7
302436578 2 2
302436268 0 0
302434889 13 9
302426587 12 0
302426373 23 3
302426262 3 0
302426257 40 6
302426252 8 12
302426243 19 4
302425796 0 0
302425614 5 3
302425604 1 0
302425567 3 0
302425563 2 0
302424919 0 1
302423535 4 25
302423099 12 1
302422902 12 2
302422841 6 3
302419521 17 1
302413263 0 0
302413182 45 5
302413114 13 4
302413106 1 1
302412998 2 0
302412994 2 0
302412861 11 6
302412668 22 26
302412515 1 2
302412481 7 4
302412437 5 14
302412431 17 7
302412397 15 7
302412336 41 46
302412295 17 2
302412202 31 1
302412116 1 44
302412026 10 17
302412020 2 0
302411930 24 2
302411920 51 1
302411910 1 0
302411865 21 72
302411727 1 4
302411715 8 14
302411695 5 17
302411693 15 11
302411643 23 6
302411591 4 0
302411479 6 3
302411469 11 11
302411385 5 16
302411384 13 3
302411371 14 1
302411366 70 16
302411109 37 9
302411049 6 3
302411026 2 28
302410618 14 1
302410599 18 1
302410423 4 0
302410383 25 10
302410322 9 0
302410315 6 0
302410178 5 0
302410144 43 34
302410070 3 4
302409960 13 3
302409950 22 1
302409945 3 0
302409943 8 0
302409935 5 0
302409867 16 4
302409836 1 9
302409679 0 0
302409672 14 4
302409502 4 8
302409500 33 2
302409490 16 3
302409463 15 2
302409455 25 1
302409445 8 8
302409442 4 9
302409392 13 0
302409384 19 1
302409380 2 0
302409284 0 0
302409102 21 4
302409055 33 0
302408982 0 0
302408976 0 0
302408972 18 1
302408919 20 14
302408758 0 0
302408434 16 4
302408420 23 4
302407589 24 2
302407335 16 11
302407327 2 1
302407182 6 1
302407154 4 1
302406512 0 24
302405984 3 0
302405980 0 0
302405756 5 1
302404410 0 1
302404257 2 4
302404241 19 5
302404238 37 5
302404227 3 37
302404224 27 12
302404212 43 6
302404199 0 1
302404194 8 3
302404193 48 5
302404176 15 7
302404174 36 6
302404172 23 1
302404169 28 4
302404161 31 2
302404145 0 7
302404119 30 3
302404105 44 2
302404102 13 3
302404098 18 1
302404074 12 2
302404070 2 27
302404044 2 0
302404033 0 0
302404031 2 37
302403957 1 5
302403916 8 6
302403901 0 3
302403896 75 7
302403889 11 0
302403879 0 0
302403859 0 5
302403829 24 3
302403821 5 0
302403809 2 0
302403765 21 2
302403730 73 1
302403676 76 2
302403671 31 5
302403665 38 1
302403640 11 24
302403631 20 23
302403614 46 3
302403607 6 2
302403593 43 3
302403590 31 6
302403589 7 2
302403568 5 58
302403538 6 0
302403531 35 2
302403526 21 0
302403521 4 1
302403518 7 0
302403514 22 0
302403511 15 0
302403505 8 1
302403504 4 0
302403501 21 1
302403499 12 8
302403494 80 3
302403490 14 5
302403488 29 0
302403463 14 0
302403420 4 0
302403409 30 5
302403404 9 8
302403403 27 7
302403395 1 0
302403384 16 5
302403358 23 2
302403356 29 2
302403355 0 0
302403325 2 27
302403321 5 22
302403314 3 0
302403304 2 23
302403301 0 22
302403297 33 39
302403293 0 0
302403292 42 0
302403284 12 12
302403283 18 93
302403278 5 9
302403274 57 1
302403273 4 0
302403266 28 1
302403257 30 9
302403253 10 2
302403251 7 6
302403248 31 24
302403240 22 0
302403236 16 9
302403234 11 0
302403232 38 2
302403228 36 3
302403211 2 0
302403210 31 2
302403202 8 0
302403201 13 0
302403200 43 6
302403195 6 1
302403194 4 1
302403192 15 2
302403189 0 0
302403187 30 1
302403182 6 1
302403168 2 1
302403167 13 20
302403161 29 1
302403147 9 3
302403145 25 0
302403138 3 0
302403123 42 0
302403122 28 0
302403118 19 4
302403114 23 1
302403101 0 2
302403093 4 0
302403088 1 0
302403079 23 0
302403070 3 0
302403069 39 23
302403066 3 42
302403034 0 2
302403026 3 0
302403023 37 1
302403022 8 6
302403020 2 4
302403018 12 1
302403017 10 2
302403016 0 1
302403015 17 8
302403012 3 9
302403011 0 0
302403002 3 4
302402987 2 4
302402974 18 0
302402948 15 3
302402945 47 8
302402944 2 4
302402942 45 3
302402941 17 8
302402931 7 2
302402925 3 2
302402916 1 6
302402907 0 0
302402905 1 4
302402903 16 5
302402896 24 3
302402855 1 0
302402852 0 0
302402850 1 10
302402836 29 3
302402835 7 3
302402832 24 3
302402827 21 5
302402817 3 23
302402816 2 0
302402806 32 2
302402802 33 3
302402798 1 0
302402789 12 1
302402781 7 3
302402758 30 1
302402750 1 3
302402746 26 2
302402721 3 0
302402712 8 3
302402696 20 5
302402695 4 0
302402690 2 1
302402689 27 56
302402686 28 2
302402684 16 0
302402683 24 5
302402682 20 2
302402677 23 6
302402674 15 15
302402666 9 28
302402662 13 45
302402660 5 3
302402646 5 1
302402636 27 0
302402626 5 1
302402623 2 0
302402621 25 0
302402609 9 0
302402606 1 0
302402598 29 4
302402582 21 1
302402578 20 5
302402535 2 0
302402534 44 1
302402523 46 3
302402519 2 42
302402494 9 31
302402474 39 0
302402471 25 2
302402469 7 2
302402468 34 0
302402465 25 1
302402461 2 0
302402459 2 3
302402458 1 0
302402446 0 0
302402438 3 2
302402437 1 15
302402433 37 0
302402427 14 2
302402422 1 1
302402416 0 1
302402411 4 0
302402403 15 2
302402381 35 1
302402374 34 1
302402360 38 1
302402352 0 0
302402349 22 5
302402345 3 11
302402338 4 16
302402329 6 4
302402327 10 22
302402326 6 0
302402320 15 8
302402312 23 2
302402301 17 3
302402285 28 1
302402278 2 0
302402277 20 16
302402272 1 1
302402268 5 3
302402263 25 2
302402262 3 15
302402257 29 2
302402256 7 34
302402251 4 15
302402250 0 0
302402249 24 5
302402248 15 1
302402246 3 9
302402244 2 0
302402239 5 47
302402238 26 3
302402221 1 1
302402200 0 0
302402181 35 3
302402175 7 0
302402172 10 3
302402155 2 0
302402152 5 1
302402149 5 8
302402133 0 0
302402127 0 0
302402120 4 34
302402118 0 0
302402108 6 17
302402096 3 1
302402093 21 3
302402092 0 0
302402090 3 34
302402075 5 45
302402072 35 11
302402062 2 0
302402060 29 0
302402059 22 1
302402058 2 0
302402055 1 0
302402051 12 7
302402043 0 0
302402040 3 8
302402029 11 0
302402027 1 6
302402019 10 44
302402016 17 0
302402015 2 16
302402006 3 0
302402001 0 3
302401994 13 2
302401985 32 3
302401970 28 1
302401968 3 0
302401958 7 0
302401954 0 0
302401953 0 0
302401944 13 9
302401921 0 0
302401914 21 0
302401902 0 28
302401901 21 0
302401899 5 39
302401897 4 1
302401896 7 11
302401894 0 0
302401888 4 8
302401879 13 0
302401875 1 39
302401870 0 1
302401853 62 9
302401847 16 6
302401844 0 6
302401832 0 0
302401820 25 2
302401815 9 0
302401809 0 0
302401806 3 4
302401791 6 40
302401778 51 4
302401770 29 2
302401768 0 0
302401750 33 5
302401747 24 4
302401742 45 1
302401735 27 7
302401723 36 28
302401719 16 0
302401718 6 4
302401711 2 0
302401698 1 1
302401678 29 2
302401664 17 4
302401655 24 2
302401646 6 2
302401643 37 5
302401627 33 4
302401625 2 0
302401620 24 16
302401610 39 7
302401608 12 3
302401605 18 2
302401598 1 0
302401590 25 2
302401587 6 41
302401581 0 35
302401578 18 8
302401576 1 0
302401568 21 4
302401556 7 15
302401552 17 2
302401550 15 1
302401541 12 4
302401540 4 2
302401537 2 0
302401535 0 1
302401529 6 2
302401521 1 0
302401517 19 5
302401516 6 27
302401514 0 0
302401508 3 2
302401507 6 9
302401504 0 0
302401501 8 17
302401499 13 5
302401493 17 7
302401490 0 2
302401484 26 2
302401481 1 0
302401478 10 1
302401470 15 15
302401466 0 0
302401464 7 0
302401463 1 54
302401461 6 0
302401459 2 0
302401458 6 4
302401456 3 0
302401454 4 81
302401449 23 2
302401446 31 4
302401441 19 4
302401436 0 0
302401420 0 0
302401415 12 5
302401413 32 7
302401408 0 1
302401393 1 0
302401389 18 4
302401386 7 2
302401384 23 4
302401376 11 0
302401374 16 1
302401371 15 33
302401370 0 0
302401369 0 0
302401357 26 12
302401356 18 42
302401352 14 8
302401345 17 1
302401331 13 40
302401329 28 4
302401325 0 1
302401319 1 0
302401316 12 54
302401303 14 3
302401302 4 0
302401297 42 5
302401296 1 0
302401290 1 2
302401289 23 2
302401288 5 56
302401286 28 3
302401277 2 33
302401272 20 4
302401266 6 2
302401241 1 0
302401235 5 31
302401220 22 4
302401193 15 1
302401188 1 0
302401185 14 1
302401183 8 1
302401178 2 6
302401177 0 0
302401171 3 0
302401151 9 0
302401150 5 0
302401141 18 2
302401135 4 0
302401122 1 1
302401118 0 0
302401111 0 0
302401110 0 0
302401109 3 1
302401098 0 0
302401096 25 1
302401095 0 1
302401091 34 2
302401090 2 0
302401078 11 4
302401071 4 41
302401067 1 0
302401065 16 2
302401061 2 0
302401054 13 1
302401048 5 111
302401035 0 1
302401028 15 0
302401007 7 66
302401004 23 2
302401000 23 3
302400999 15 9
302400997 10 41
302400996 28 4
302400994 20 5
302400993 24 1
302400992 0 14
302400990 5 12
302400967 3 87
302400948 17 3
302400942 12 58
302400931 10 2
302400926 5 1
302400915 31 3
302400907 6 2
302400904 21 2
302400898 0 0
302400885 0 0
302400884 30 2
302400883 14 34
302400880 9 2
302400877 0 3
302400876 1 38
302400873 9 1
302400867 9 8
302400861 12 2
302400855 2 5
302400848 8 0
302400843 18 0
302400842 0 0
302400837 3 0
302400835 6 5
302400830 18 10
302400829 2 0
302400809 3 0
302400800 24 17
302400787 31 5
302400768 27 1
302400762 11 35
302400753 1 36
302400749 4 0
302400741 22 1
302400733 13 2
302400731 4 0
302400730 11 3
302400726 10 0
302400713 14 2
302400707 7 13
302400706 18 1
302400699 6 33
302400698 0 0
302400691 0 26
302400685 1 27
302400682 2 0
302400679 19 1
302400675 8 11
302400673 2 0
302400672 1 55
302400666 3 55
302400663 19 1
302400655 0 2
302400654 4 49
302400637 19 1
302400636 18 3
302400622 26 13
302400621 19 1
302400614 0 1
302400612 4 1
302400609 4 1
302400597 10 69
302400595 1 3
302400587 114 8
302400580 21 3
302400575 2 0
302400574 3 0
302400571 30 2
302400569 0 1
302400562 3 0
302400559 12 13
302400557 13 48
302400550 7 1
302400549 6 69
302400547 0 0
302400543 21 3
302400533 2 0
302400532 19 2
302400531 28 3
302400527 4 1
302400526 3 22
302400524 0 0
302400523 23 4
302400518 54 5
302400503 37 4
302400499 48 8
302400498 0 0
302400495 32 4
302400491 18 44
302400490 20 2
302400487 1 0
302400484 8 0
302400481 1 4
302400480 2 1
302400475 2 1
302400474 13 5
302400470 17 3
302400463 3 7
302400461 11 20
302400457 4 0
302400455 7 0
302400454 5 0
302400453 5 0
302400447 1 0
302400445 4 1
302400444 25 1
302400442 6 4
302400439 54 4
302400438 18 14
302400431 21 1
302400428 13 3
302400426 2 46
302400425 0 0
302400420 19 0
302400417 1 3
302400414 23 10
302400413 9 1
302400408 10 1
302400406 3 0
302400403 13 1
302400400 1 1
302400397 22 3
302400396 12 3
302400392 29 5
302400389 15 6
302400386 22 3
302400382 9 0
302400381 2 43
302400379 25 4
302400375 22 1
302400373 4 16
302400370 30 2
302400369 21 5
302400368 21 1
302400367 16 11
302400363 1 32
302400358 0 0
302400351 22 4
302400349 14 9
302400348 21 2
302400342 25 9
302400340 3 0
302400331 6 16
302400330 3 5
302400328 0 0
302400311 15 2
302400309 3 1
302400307 9 1
302400300 4 0
302400299 16 1
302400295 12 20
302400288 12 1
302400287 6 23
302400282 1 1
302400276 11 1
302400270 8 2
302400267 5 0
302400262 19 3
302400261 12 1
302400260 2 21
302400258 12 2
302400251 17 2
302400241 0 1
302400240 2 9
302400226 0 0
302400224 11 3
302400215 22 14
302400213 16 3
302400205 16 3
302400203 17 2
302400201 1 1
302400197 9 0
302400193 18 2
302400182 14 3
302400180 4 14
302400177 19 2
302400175 30 0
302400172 1 14
302400169 7 0
302400165 17 2
302400164 6 0
302400163 15 4
302400162 0 0
302400160 20 1
302400159 0 0
302400149 13 3
302400142 5 2
302400139 19 3
302400122 16 3
302400121 22 65
302400108 8 3
302400103 10 9
302400095 1 0
302400092 2 3
302400090 1 13
302400080 8 14
302400069 19 4
302400065 4 6
302400063 8 2
302400060 16 5
302400056 8 18
302400054 9 7
302400046 27 5
302400045 2 5
302400032 9 1
302400031 9 7
302400021 5 1
302400018 6 13
302400013 13 0
302400008 22 3
302400001 0 2
302399998 35 4
302399997 36 5
302399996 31 3
302399983 24 5
302399980 3 25
302399979 0 1
302399973 31 15
302399972 32 3
302399970 15 1
302399964 18 1
302399960 1 1
302399959 1 2
302399956 9 13
302399948 21 2
302399946 24 2
302399938 18 3
302399932 2 2
302399926 6 41
302399922 14 2
302399910 16 2
302399906 5 0
302399905 5 1
302399897 25 13
302399894 0 0
302399893 2 15
302399888 3 30
302399886 0 0
302399884 11 11
302399881 20 3
302399876 0 42
302399875 6 1
302399874 1 1
302399870 9 3
302399867 3 2
302399865 7 4
302399863 38 5
302399862 25 2
302399859 22 5
302399857 31 2
302399855 14 1
302399853 0 4
302399849 6 1
302399846 0 8
302399841 0 5
302399835 5 2
302399829 15 2
302399826 23 4
302399825 9 1
302399814 12 4
302399797 10 1
302399796 1 2
302399788 145 2
302399787 4 39
302399782 0 0
302399780 3 0
302399774 10 0
302399769 1 3
302399764 13 23
302399756 11 55
302399752 1 38
302399747 23 3
302399741 20 1
302399738 1 1
302399737 2 3
302399733 19 11
302399732 13 29
302399721 29 4
302399718 27 7
302399715 27 3
302399708 2 2
302399703 22 4
302399702 0 0
302399697 23 2
302399695 2 0
302399694 4 5
302399691 6 6
302399690 29 0
302399689 19 8
302399687 3 3
302399685 23 2
302399681 24 25
302399677 5 1
302399673 18 5
302399668 19 3
302399660 23 5
302399658 13 7
302399652 2 0
302399644 4 0
302399642 25 4
302399638 4 2
302399633 13 1
302399628 10 0
302399626 2 1
302399622 11 5
302399616 16 16
302399615 28 4
302399613 12 8
302399612 0 0
302399611 15 2
302399598 0 3
302399595 0 0
302399592 21 30
302399590 34 5
302399589 24 2
302399587 22 2
302399585 1 1
302399584 19 5
302399582 4 9
302399581 0 1
302399578 1 2
302399577 28 2
302399574 20 2
302399570 19 4
302399566 1 2
302399565 14 1
302399563 15 2
302399559 16 3
302399558 10 3
302399556 1 5
302399554 16 1
302399548 0 0
302399547 1 1
302399546 0 1
302399541 28 12
302399537 22 3
302399535 26 0
302399533 18 2
302399530 12 0
302399529 17 4
302399528 18 4
302399527 12 2
302399521 2 0
302399520 2 15
302399517 18 13
302399516 6 1
302399515 11 40
302399514 39 4
302399513 15 3
302399512 0 1
302399509 16 2
302399508 0 0
302399501 10 2
302399500 6 37
302399495 4 1
302399494 29 5
302399491 18 0
302399486 13 0
302399483 1 1
302399482 29 16
302399479 5 0
302399472 14 2
302399467 18 2
302399461 1 1
302399458 5 30
302399452 1 1
302399451 25 12
302399450 1 1
302399449 9 0
302399448 23 1
302399446 0 0
302399444 12 1
302399443 27 1
302399441 23 1
302399438 2 1
302399434 8 8
302399432 2 0
302399426 2 1
302399420 3 1
302399414 16 63
302399412 19 2
302399411 6 25
302399410 4 1
302399408 9 2
302399406 22 1
302399405 11 2
302399403 24 1
302399399 2 0
302399398 7 30
302399396 47 1
302399395 9 2
302399388 2 1
302399387 37 5
302399381 1 2
302399380 10 2
302399374 29 19
302399373 1 1
302399369 18 1
302399368 0 2
302399366 3 0
302399365 6 0
302399362 24 10
302399356 33 2
302399355 1 14
302399352 15 1
302399347 10 1
302399345 22 3
302399344 21 1
302399342 17 7
302399338 17 2
302399326 6 0
302399325 0 1
302399324 8 26
302399322 15 2
302399321 20 3
302399318 5 6
302399316 0 1
302399314 19 3
302399313 3 0
302399312 16 4
302399307 19 4
302399303 2 16
302399302 0 1
302399301 1 1
302399296 35 14
302399280 49 6
302399264 23 8
302399255 15 10
302399244 20 4
302399241 15 5
302399233 3 0
302399232 28 6
302399227 1 1
302399218 27 51
302399217 0 2
302399211 4 11
302399196 22 4
302399193 1 1
302399192 18 7
302399186 0 0
302399184 14 3
302399180 18 4
302399179 20 4
302399176 12 7
302399172 25 27
302399169 15 3
302399168 16 3
302399166 9 2
302399154 33 1
302399148 2 2
302399146 14 2
302399134 12 0
302399121 13 2
302399110 18 4
302399109 17 4
302399105 2 0
302399101 2 0
302399095 10 5
302399094 17 3
302399092 4 1
302399089 4 1
302399087 17 3
302399086 4 1
302399085 9 2
302399084 0 2
302399078 17 1
302399077 3 1
302399075 0 3
302399071 2 1
302399066 29 3
302399065 0 7
302399060 1 0
302399059 2 0
302399058 7 6
302399056 0 0
302399053 4 0
302399051 0 0
302399046 2 0
302399043 8 2
302399042 20 18
302399041 21 2
302399040 2 0
302399039 25 1
302399032 17 3
302399023 3 1
302399022 8 4
302399016 0 2
302399014 18 2
302399007 0 0
302399005 2 2
302398998 14 0
302398992 3 0
302398988 6 2
302398984 21 3
302398979 1 21
302398970 16 4
302398968 22 3
302398964 6 13
302398963 22 3
302398958 3 0
302398952 5 4
302398929 19 9
302398928 20 10
302398926 3 2
302398922 7 2
302398916 12 2
302398915 3 2
302398906 12 1
302398904 25 3
302398897 3 17
302398896 30 27
302398895 65 13
302398892 18 3
302398890 46 3
302398889 11 5
302398888 13 16
302398885 22 7
302398884 16 4
302398881 11 5
302398878 7 17
302398876 2 2
302398874 14 3
302398872 0 1
302398867 11 2
302398863 14 3
302398857 19 0
302398847 75 1
302398844 16 3
302398842 12 4
302398840 16 3
302398836 18 0
302398834 6 2
302398833 4 1
302398831 7 22
302398829 13 3
302398828 9 4
302398827 11 4
302398824 0 1
302398820 19 6
302398819 0 0
302398817 1 27
302398813 25 43
302398812 2 1
302398811 9 24
302398808 35 0
302398806 2 24
302398803 29 1
302398801 7 7
302398798 9 3
302398787 0 0
302398786 20 1
302398784 0 5
302398776 8 9
302398775 20 4
302398774 8 3
302398769 19 6
302398766 3 36
302398763 1 0
302398762 13 2
302398757 8 3
302398754 8 2
302398751 6 2
302398747 12 4
302398746 8 22
302398743 25 8
302398740 10 2
302398738 1 1
302398736 9 3
302398735 1 1
302398731 0 1
302398725 19 5
302398724 16 2
302398720 10 2
302398716 18 4
302398714 24 8
302398707 4 51
302398703 0 0
302398701 9 21
302398668 0 0
302398661 11 17
302398657 4 56
302398639 3 2
302398625 0 0
302398621 17 8
302398614 0 1
302398610 10 6
302398607 2 0
302398603 1 10
302398593 44 1
302398591 17 2
302398543 9 2
302398539 21 6
302398537 17 5
302398536 14 23
302398533 22 5
302398528 16 4
302398527 15 2
302398526 4 113
302398520 28 27
302398518 0 0
302398515 19 2
302398512 34 6
302398502 12 3
302398497 14 3
302398481 16 0
302398474 27 2
302398457 15 2
302398455 9 0
302398453 1 4
302398448 5 0
302398447 25 1
302398445 30 5
302398441 5 18
302398438 5 0
302398436 34 14
302398424 5 0
302398421 23 7
302398418 15 0
302398415 15 27
302398414 12 0
302398408 25 8
302398404 30 25
302398402 0 0
302398391 9 2
302398383 0 0
302398382 7 1
302398376 5 42
302398364 1 1
302398360 31 5
302398359 0 0
302398351 5 46
302398346 16 14
302398344 31 4
302398342 27 7
302398334 5 9
302398329 12 40
302398326 1 2
302398325 4 0
302398323 15 5
302398320 21 4
302398316 18 2
302398315 17 4
302398302 24 1
302398296 10 0
302398288 0 0
302398286 1 5
302398285 15 3
302398284 13 2
302398283 11 16
302398279 13 15
302398275 26 6
302398274 20 5
302398271 0 0
302398264 65 20
302398262 1 0
302398261 14 2
302398259 17 19
302398256 4 1
302398242 13 7
302398239 22 5
302398231 0 0
302398226 0 0
302398220 1 0
302398219 6 4
302398218 0 2
302398217 19 4
302398214 21 2
302398212 43 55
302398209 11 2
302398208 31 3
302398206 18 2
302398203 18 3
302398202 7 0
302398198 10 3
302398193 12 6
302398189 14 2
302398188 14 1
302398187 1 0
302398173 8 0
302398171 0 0
302398160 9 6
302398159 1 3
302398157 1 0
302398153 60 25
302398150 0 0
302398148 0 0
302398145 13 2
302398137 18 1
302398132 2 2
302398124 10 1
302398118 0 0
302398110 4 3
302398070 2 1
302398068 20 1
302398064 8 1
302398062 15 4
302398060 10 1
302398056 31 3
302398047 5 1
302398042 0 0
302398035 1 0
302398030 3 1
302398026 8 1
302398025 1 0
302398023 26 1
302398018 34 1
302398014 16 2
302398007 4 0
302398006 14 2
302398000 1 0
302397998 2 0
302397996 2 2
302397994 17 3
302397993 20 6
302397990 18 4
302397985 19 2
302397982 17 3
302397979 29 5
302397978 415 6
302397968 6 2
302397963 27 2
302397962 14 2
302397960 0 0
302397959 54 4
302397958 40 6
302397954 15 0
302397952 323 10
302397950 2 0
302397949 4 1
302397947 0 1
302397944 30 5
302397942 398 15
302397941 1 1
302397927 16 2
302397924 27 3
302397921 10 0
302397913 15 1
302397910 0 0
302397908 12 1
302397899 13 1
302397895 0 0
302397891 0 0
302397890 12 10
302397889 2 0
302397885 17 0
302397880 204 25
302397877 2 0
302397875 6 0
302397874 8 1
302397871 12 4
302397868 11 1
302397857 10 0
302397849 3 3
302397847 16 4
302397839 14 1
302397836 14 0
302397827 13 6
302397812 19 2
302397802 2 7
302397797 5 9
302397789 0 0
302397786 0 0
302397778 3 1
302397774 27 0
302397770 13 1
302397766 12 1
302397759 10 6
302397753 16 1
302397749 0 0
302397746 17 2
302397745 18 1
302397743 15 1
302397740 14 2
302397735 10 2
302397733 4 26
302397727 11 4
302397726 0 0
302397717 1 1
302397706 2 36
302397704 1 1
302397695 23 6
302397692 27 2
302397689 1 27
302397687 13 1
302397685 171 35
302397678 20 9
302397675 1 10
302397666 9 4
302397659 1 0
302397648 12 2
302397646 5 4
302397642 6 5
302397634 8 1
302397633 8 44
302397623 11 1
302397621 9 1
302397617 3 26
302397616 11 0
302397599 12 0
302397596 8 1
302397586 9 0
302397585 18 16
302397583 5 1
302397578 39 4
302397576 12 9
302397575 10 0
302397573 7 1
302397572 9 0
302397568 9 0
302397565 1 30
302397559 5 0
302397555 3 27
302397553 7 0
302397548 7 1
302397547 7 2
302397543 12 24
302397542 6 0
302397539 11 2
302397537 3 17
302397536 10 4
302397534 1 8
302397531 9 1
302397515 3 26
302397511 4 2
302397510 7 2
302397508 3 1
302397507 5 46
302397497 264 3
302397494 3 0
302397484 18 4
302397483 7 2
302397482 313 9
302397481 9 16
302397476 7 158
302397471 15 4
302397461 46 1
302397460 39 3
302397458 3 2
302397455 15 3
302397448 13 2
302397434 36 3
302397432 6 13
302397429 17 2
302397422 18 2
302397414 8 4
302397413 9 7
302397411 54 0
302397402 8 4
302397401 15 4
302397387 33 18
302397381 1 9
302397378 3 0
302397370 1 0
302397361 34 6
302397360 1 4
302397356 317 12
302397349 6 0
302397328 5 2
302397326 1 37
302397319 6 0
302397310 6 0
302397307 32 3
302397304 21 1
302397303 6 2
302397296 0 0
302397291 0 0
302397290 17 1
302397286 31 1
302397281 2 0
302397280 6 23
302397278 6 7
302397267 2 5
302397263 11 5
302397258 17 7
302397249 9 0
302397247 23 1
302397245 21 2
302397233 21 1
302397229 25 1
302397225 10 62
302397223 14 1
302397222 4 34
302397216 9 1
302397215 15 2
302397214 89 20
302397212 14 2
302397204 12 2
302397199 911 22
302397198 14 2
302397194 1 1
302397193 2 1
302397188 20 1
302397181 20 0
302397177 5 1
302397176 1 0
302397164 16 0
302397161 3 0
302397154 15 0
302397151 15 4
302397147 7 21
302397146 14 1
302397144 9 2
302397143 0 4
302397142 5 0
302397137 6 8
302397134 9 1
302397129 20 3
302397128 12 1
302397123 33 1
302397115 0 0
302397113 269 30
302397112 14 1
302397111 13 2
302397110 6 1
302397105 31 4
302397103 14 2
302397102 2 2
302397098 4 2
302397096 4 0
302397090 15 3
302397084 16 3
302397083 7 2
302397072 3 0
302397064 0 0
302397061 7 6
302397059 0 0
302397055 5 1
302397053 68 2
302397050 12 1
302397049 10 3
302397048 0 0
302397047 10 2
302397044 9 12
302397038 3 3
302397035 5 1
302397033 6 18
302397026 7 4
302397017 11 1
302397007 18 1
302397005 10 0
302396998 1 4
302396997 16 7
302396995 2 0
302396993 33 1
302396992 9 0
302396991 36 0
302396989 0 0
302396973 25 1
302396969 6 0
302396965 3 4
302396959 13 8
302396955 0 1
302396949 7 0
302396947 2 41
302396941 9 1
302396938 4 59
302396934 10 3
302396933 1 0
302396929 2 29
302396927 19 4
302396926 33 0
302396921 4 38
302396920 0 1
302396915 2 0
302396911 7 0
302396904 8 1
302396899 8 1
302396897 8 0
302396895 5 56
302396891 6 2
302396889 7 1
302396886 7 1
302396884 6 0
302396883 9 3
302396877 7 1
302396876 8 1
302396874 3 14
302396873 7 0
302396871 5 4
302396868 10 2
302396866 0 0
302396863 0 1
302396858 8 3
302396855 6 2
302396854 0 0
302396851 17 23
302396849 13 2
302396846 28 37
302396844 12 5
302396843 8 4
302396840 7 1
302396839 0 0
302396836 3 52
302396835 1 25
302396832 11 0
302396831 10 11
302396829 1 2
302396827 4 26
302396819 7 0
302396817 5 37
302396813 6 1
302396812 10 38
302396811 13 10
302396810 4 2
302396808 3 12
302396806 5 0
302396805 7 33
302396803 2 30
302396802 4 6
302396799 10 17
302396798 18 1
302396797 15 1
302396789 6 2
302396785 1 1
302396781 16 1
302396773 5 0
302396770 13 1
302396768 8 1
302396767 6 83
302396763 4 0
302396760 1 9
302396755 7 1
302396754 14 15
302396751 5 0
302396746 7 15
302396745 33 5
302396744 1 50
302396742 5 47
302396740 36 8
302396738 4 51
302396736 41 1
302396734 0 2
302396732 2 0
302396730 23 3
302396728 4 39
302396724 1 0
302396720 22 22
302396719 24 10
302396717 2 0
302396713 4 41
302396709 0 2
302396708 5 3
302396704 36 12
302396699 34 0
302396696 2 0
302396693 14 2
302396689 13 3
302396688 31 0
302396687 15 2
302396686 12 31
302396685 10 1
302396684 12 7
302396680 8 9
302396672 5 2
302396669 18 5
302396668 3 4
302396666 10 31
302396660 23 0
302396650 6 0
302396649 13 3
302396646 5 51
302396645 0 0
302396644 2 1
302396643 2 0
302396642 8 3
302396637 9 2
302396635 6 1
302396627 6 1
302396625 12 7
302396623 34 7
302396620 1 0
302396614 31 1
302396613 9 1
302396605 4 94
302396600 0 2
302396599 13 5
302396588 3 91
302396585 23 3
302396582 0 0
302396579 0 0
302396577 23 5
302396570 29 7
302396569 7 1
302396567 12 3
302396565 14 21
302396562 165 27
302396556 16 8
302396545 195 21
302396543 17 4
302396542 0 0
302396538 23 6
302396535 4 0
302396529 12 34
302396513 16 3
302396509 12 4
302396507 1 120
302396505 12 3
302396503 12 5
302396501 10 2
302396499 13 5
302396498 0 4
302396496 5 28
302396482 26 6
302396480 1 0
302396478 12 5
302396477 12 1
302396474 6 47
302396472 17 6
302396468 12 4
302396460 2 1
302396455 2 1
302396447 18 6
302396444 15 4
302396440 11 5
302396437 8 2
302396435 12 2
302396433 6 140
302396430 0 0
302396427 5 0
302396426 16 2
302396414 18 5
302396413 12 0
302396407 23 3
302396404 7 1
302396402 8 21
302396401 1 1
302396399 27 3
302396397 4 2
302396394 33 0
302396390 6 51
302396388 8 2
302396379 7 6
302396372 9 0
302396370 17 3
302396368 10 2
302396366 8 27
302396362 8 5
302396361 8 3
302396359 11 2
302396356 29 2
302396354 8 75
302396351 3 0
302396343 23 7
302396342 1 13
302396339 11 2
302396338 6 37
302396337 0 0
302396336 0 0
302396335 0 73
302396330 0 0
302396329 11 0
302396326 12 4
302396325 3 0
302396321 13 6
302396318 14 2
302396317 6 3
302396309 4 0
302396308 10 1
302396302 4 1
302396301 0 2
302396294 5 37
302396291 5 5
302396290 23 9
302396288 17 2
302396278 401 21
302396277 1 1
302396274 0 0
302396273 9 0
302396270 4 47
302396267 4 0
302396266 8 0
302396264 24 1
302396259 15 65
302396258 17 1
302396257 9 5
302396252 0 2
302396251 1 1
302396240 21 0
302396236 6 0
302396233 12 2
302396232 17 1
302396229 1 1
302396225 13 7
302396215 1 0
302396213 14 13
302396196 0 1
302396190 24 3
302396186 3 72
302396184 1 0
302396181 9 9
302396176 2 29
302396171 17 2
302396170 11 7
302396157 1 0
302396156 11 1
302396127 1 0
302396123 0 1
302396116 8 1
302396109 2 0
302396108 0 0
302396101 11 2
302396100 18 3
302396099 3 4
302396094 14 1
302396092 0 0
302396091 6 17
302396077 1 0
302396072 4 1
302396057 0 2
302396054 7 0
302396049 35 9
302396035 14 2
302396033 1 15
302396031 1 1
302396029 14 1
302396027 4 7
302396022 1 93
302396015 8 1
302396013 9 3
302396006 1 1
302396005 2 67
302396003 0 1
302395979 10 3
302395978 8 1
302395974 1 69
302395971 19 2
302395968 1 1
302395967 2 0
302395958 34 3
302395954 5 139
302395949 9 81
302395942 1 30
302395939 1 42
302395936 1 0
302395934 5 52
302395931 20 0
302395928 0 4
302395922 20 0
302395918 9 129
302395916 2 6
302395912 0 0
302395909 5 5
302395907 3 4
302395905 15 1
302395893 2 141
302395890 49 19
302395887 0 1
302395886 15 1
302395885 7 7
302395877 2 2
302395876 2 1
302395874 23 7
302395871 9 2
302395870 3 3
302395855 26 6
302395854 19 7
302395853 442 54
302395851 0 0
302395849 2 7
302395845 452 11
302395837 23 6
302395836 1 0
302395833 17 15
302395826 13 26
302395819 22 4
302395816 24 67
302395810 5 0
302395808 0 3
302395807 10 2
302395804 12 0
302395802 1 0
302395801 18 114
302395794 11 3
302395786 4 1
302395782 14 2
302395770 5 101
302395769 8 0
302395767 23 1
302395757 12 1
302395756 41 5
302395751 10 51
302395749 26 3
302395741 1 5
302395728 4 7
302395725 14 0
302395717 15 0
302395714 35 4
302395713 43 2
302395712 0 0
302395711 8 1
302395709 19 1
302395701 6 1
302395700 0 0
302395692 0 0
302395690 2 13
302395685 1 0
302395683 5 44
302395669 0 0
302395667 2 80
302395663 5 44
302395661 1 0
302395651 19 2
302395648 13 3
302395646 16 1
302395645 2 0
302395642 2 0
302395638 29 0
302395637 2 0
302395634 1 0
302395633 5 1
302395630 1 71
302395625 10 1
302395624 0 4
302395617 3 7
302395616 11 3
302395610 2 0
302395600 46 35
302395598 12 0
302395591 5 29
302395586 0 0
302395568 8 6
302395567 477 17
302395564 5 9
302395563 18 0
302395560 3 9
302395546 30 5
302395543 4 1
302395540 3 1
302395531 19 1
302395529 12 1
302395528 3 0
302395527 16 3
302395516 0 0
302395515 0 0
302395514 6 1
302395505 19 1
302395503 9 105
302395500 2 5
302395499 1 1
302395497 14 3
302395493 0 0
302395490 5 1
302395485 30 1
302395481 31 2
302395467 16 0
302395456 1 13
302395455 17 1
302395454 0 0
302395451 12 1
302395450 2 2
302395445 1 15
302395444 10 2
302395443 0 0
302395441 0 0
302395438 12 1
302395433 2 2
302395432 6 1
302395429 31 1
302395413 27 22
302395411 3 1
302395407 0 2
302395406 27 1
302395405 2 2
302395403 8 0
302395401 19 1
302395398 16 2
302395394 11 3
302395391 0 7
302395383 5 3
302395379 0 0
302395372 4 1
302395371 11 5
302395370 7 7
302395369 21 2
302395366 312 36
302395359 0 1
302395357 0 0
302395352 3 42
302395346 21 2
302395339 24 2
302395338 11 14
302395337 1 25
302395333 0 0
302395325 23 0
302395324 18 1
302395322 264 2
302395319 4 2
302395309 7 1
302395306 2 23
302395305 0 0
302395301 44 20
302395296 19 5
302395295 0 0
302395287 14 5
302395284 3 6
302395283 14 3
302395276 25 4
302395275 10 16
302395273 12 1
302395266 1 0
302395262 3 1
302395254 30 2
302395253 25 1
302395252 5 19
302395245 1 0
302395242 2 3
302395241 1160 11
302395240 1 1
302395232 23 10
302395226 4 49
302395223 18 1
302395222 23 16
302395221 23 1
302395219 17 2
302395212 0 0
302395204 17 0
302395203 2 13
302395202 10 17
302395200 3 26
302395199 22 3
302395196 0 5
302395188 7 1
302395186 22 0
302395181 2 0
302395179 5 3
302395175 17 4
302395172 0 2
302395162 1 1
302395158 20 2
302395150 17 0
302395145 2 0
302395135 3 3
302395134 1 0
302395131 0 0
302395130 419 11
302395126 16 1
302395125 1 0
302395122 13 3
302395120 0 2
302395118 13 0
302395106 16 1
302395101 245 25
302395096 4 1
302395092 5 1
302395091 15 0
302395090 636 77
302395084 4 1
302395077 18 1
302395068 30 2
302395066 24 3
302395060 10 1
302395055 14 3
302395045 15 1
302395039 17 3
302395028 653 11
302395025 20 32
302395024 0 0
302395018 11 11
302395003 6 1
302395002 6 2
302395000 1398 64
302394997 11 0
302394995 22 5
302394992 15 3
302394991 4 2
302394989 0 0
302394978 0 0
302394976 3 1
302394975 16 2
302394962 0 0
302394961 575 21
302394953 20 3
302394945 3 2
302394944 10 0
302394940 10 6
302394939 1 2
302394936 18 1
302394932 3 0
302394927 0 2
302394922 0 0
302394908 16 1
302394904 5 2
302394902 230 9
302394901 5 1
302394898 2 8
302394894 13 0
302394893 6 2
302394884 4 2
302394879 2 12
302394876 0 0
302394870 12 1
302394868 19 2
302394867 16 1
302394859 13 1
302394857 5 18
302394853 18 4
302394850 0 0
302394845 11 1
302394842 28 4
302394839 33 7
302394836 18 3
302394833 0 0
302394830 10 59
302394827 0 0
302394825 2 15
302394822 4 31
302394819 13 1
302394807 335 2
302394801 0 0
302394799 3 28
302394797 2 14
302394795 0 0
302394793 21 3
302394791 8 0
302394782 9 2
302394780 2 0
302394770 16 17
302394766 10 3
302394765 0 0
302394764 0 0
302394760 8 9
302394756 17 11
302394752 0 0
302394744 2 1
302394742 46 17
302394740 0 0
302394736 9 135
302394728 5 1
302394723 1 4
302394719 0 2
302394718 8 0
302394715 2 35
302394711 14 3
302394710 17 0
302394707 14 3
302394706 7 0
302394703 0 0
302394689 1 13
302394686 13 2
302394683 21 3
302394679 0 18
302394673 19 5
302394664 5 1
302394662 11 2
302394655 16 1
302394654 11 2
302394648 14 2
302394645 0 0
302394644 12 0
302394641 1 0
302394638 2 11
302394637 245 3
302394636 6 0
302394635 17 8
302394634 2 2
302394632 5 1
302394625 8 0
302394622 1 1
302394613 23 1
302394610 20 0
302394607 0 16
302394596 0 45
302394593 8 4
302394591 4 1
302394590 10 2
302394584 24 1
302394583 0 0
302394576 1 9
302394571 20 12
302394566 14 16
302394559 179 7
302394558 0 0
302394554 13 0
302394548 9 0
302394542 4 2
302394540 2 34
302394539 0 0
302394529 1 0
302394515 1 0
302394513 15 0
302394501 303 8
302394500 13 1
302394499 0 14
302394496 0 11
302394495 23 2
302394491 916 19
302394483 9 0
302394482 1 39
302394481 407 33
302394468 0 8
302394465 11 2
302394462 10 6
302394461 2 4
302394457 0 1
302394445 12 0
302394444 1 0
302394439 0 0
302394438 8 2
302394435 2 0
302394433 10 0
302394427 5 14
302394422 10 1
302394418 6 0
302394411 25 5
302394410 3 44
302394405 1 1
302394404 12 0
302394401 5 5
302394399 3 12
302394398 8 1
302394397 3 0
302394395 735 34
302394393 7 14
302394391 13 1
302394390 7 0
302394389 13 11
302394386 10 1
302394385 1 14
302394379 22 1
302394357 2 0
302394351 0 10
302394348 1 0
302394345 21 0
302394338 11 2
302394336 23 1
302394328 8 0
302394314 6 0
302394313 435 9
302394310 1 1
302394308 1 0
302394300 12 0
302394296 5 0
302394295 788 8
302394291 6 22
302394287 2 0
302394280 7 0
302394270 9 0
302394264 2 1
302394261 12 0
302394260 0 0
302394258 215 5
302394257 10 0
302394256 29 5
302394247 1030 59
302394244 3 8
302394243 9 0
302394231 4 11
302394226 25 6
302394224 8 1
302394222 1 0
302394219 9 0
302394215 8 0
302394213 9 0
302394211 7 1
302394209 8 0
302394201 10 1
302394195 0 0
302394190 1 11
302394189 11 0
302394188 11 1
302394181 1 8
302394178 519 13
302394177 4 7
302394176 12 0
302394175 12 0
302394173 12 0
302394164 10 1
302394160 1 13
302394152 12 0
302394140 4 1
302394134 0 7
302394128 406 12
302394119 2 0
302394112 4 0
302394110 8 2
302394106 8 0
302394104 8 0
302394102 11 1
302394101 2 0
302394095 2 1
302394088 14 8
302394087 15 1
302394085 5 1
302394083 9 1
302394081 0 1
302394079 333 9
302394075 2 0
302394073 0 0
302394071 2 1
302394070 16 2
302394063 4 1
302394059 0 2
302394057 37 2
302394056 10 6
302394055 0 0
302394054 1 67
302394042 0 1
302394041 1 0
302394040 2 0
302394036 37 3
302394034 15 1
302394029 7 21
302394025 2 23
302394014 0 1
302394011 1 1
302394004 2 8
302394002 683 64
302393996 11 0
302393993 7 1
302393991 7 1
302393982 10 8
302393981 0 4
302393978 0 0
302393974 7 1
302393973 6 87
302393968 1593 80
302393962 5 0
302393961 19 24
302393960 0 0
302393958 2 0
302393957 1 5
302393956 2 1
302393953 12 0
302393947 0 0
302393939 1 0
302393937 0 0
302393935 11 0
302393934 12 0
302393931 0 1
302393930 262 10
302393929 3 3
302393927 2 1
302393926 1 0
302393925 0 1
302393923 0 0
302393919 1 0
302393915 60 2
302393914 10 2
302393904 2 33
302393903 0 2
302393900 3 0
302393899 16 3
302393897 716 14
302393896 0 36
302393894 9 0
302393880 0 1
302393878 0 0
302393877 0 0
302393876 1 0
302393873 0 0
302393872 1 0
302393870 11 21
302393869 17 2
302393868 2 0
302393863 15 37
302393860 4 0
302393859 0 0
302393856 264 6
302393853 12 3
302393846 3 1
302393844 10 0
302393833 12 0
302393832 5 1
302393830 0 0
302393824 4 0
302393818 0 0
302393815 3 0
302393813 11 0
302393811 0 0
302393799 1 0
302393790 14 20
302393788 0 0
302393783 7 0
302393772 0 0
302393765 6 0
302393764 24 1
302393762 16 0
302393761 7 0
302393758 7 1
302393756 2 15
302393753 0 0
302393747 352 11
302393735 4 0
302393733 2 22
302393731 394 23
302393730 7 0
302393728 6 0
302393727 0 1
302393725 0 2
302393723 4 1
302393721 0 1
302393715 3 1
302393709 10 8
302393706 14 3
302393700 0 1
302393684 110 2
302393681 13 0
302393680 170 2
302393677 645 17
302393674 5 2
302393672 0 0
302393670 12 1
302393669 0 1
302393666 0 1
302393662 2 1
302393660 3 6
302393654 5 1
302393653 299 5
302393652 343 11
302393647 446 8
302393646 0 0
302393644 340 21
302393637 0 1
302393633 0 0
302393630 14 1
302393626 0 0
302393623 523 6
302393618 6 0
302393616 0 67
302393615 0 6
302393611 14 2
302393610 0 16
302393607 0 1
302393600 3 1
302393599 428 8
302393591 0 0
302393590 4 0
302393577 3 2
302393575 0 1
302393569 3 1
302393563 5 0
302393557 1 1
302393550 5 3
302393549 2 6
302393547 0 15
302393546 0 2
302393545 2 34
302393544 132 5
302393536 15 4
302393531 258 10
302393526 856 5
302393522 0 0
302393516 1111 14
302393515 0 2
302393514 958 60
302393504 3 0
302393499 31 1
302393493 11 4
302393481 19 1
302393477 20 93
302393471 558 7
302393465 0 0
302393454 5 1
302393453 0 0
302393452 7 2
302393445 0 0
302393440 12 0
302393431 3 1
302393428 1 20
302393422 9 22
302393407 10 0
302393394 0 8
302393377 8 4
302393376 0 6
302393367 5 1
302393365 2 2
302393354 1 0
302393352 334 25
302393345 984 16
302393335 0 0
302393322 10 12
302393308 23 37
302393306 1 0
302393305 4 0
302393291 1 0
302393289 2061 13
302393288 5 5
302393287 48 22
302393280 2 0
302393277 278 5
302393276 6 0
302393273 17 0
302393262 815 27
302393259 238 8
302393258 5 0
302393253 1 0
302393251 859 6
302393249 1 0
302393247 2 0
302393244 50 6
302393242 7 0
302393235 5 0
302393234 2 0
302393231 12 1
302393230 1 0
302393226 6 0
302393213 6 2
302393208 1 155
302393205 430 5
302393201 629 30
302393194 7 3
302393192 0 0
302393191 11 0
302393184 8 0
302393183 0 0
302393178 9 0
302393166 1 9
302393162 1 31
302393155 8 24
302393153 3 2
302393152 4 0
302393150 1413 45
302393149 4 3
302393148 2 0
302393143 0 0
302393134 3 0
302393120 307 4
302393119 7 0
302393118 8 0
302393116 13 0
302393107 4 25
302393104 1420 14
302393103 0 0
302393102 7 1
302393100 6 3
302393092 28 5
302393074 404 5
302393073 2 1
302393061 1 2
302393057 5 0
302393055 0 0
302393041 1 0
302393040 1 1
302393038 0 0
302393033 12 1
302393028 10 0
302393014 1 1
302393013 776 8
302393003 1142 12
302393000 0 0
302392992 470 8
302392989 976 47
302392975 5 0
302392974 45 8
302392969 15 0
302392956 19 1
302392951 1 0
302392945 12 0
302392942 17 0
302392940 6 3
302392937 0 0
302392932 424 27
302392928 864 58
302392927 6 0
302392926 0 0
302392924 7 5
302392922 44 3
302392918 6 2
302392916 5 17
302392908 1 1
302392905 4 0
302392903 0 0
302392902 17 13
302392898 3 0
302392887 1198 6
302392880 4 0
302392879 0 0
302392872 9 0
302392868 2 0
302392855 10 1
302392851 18 1
302392849 70 7
302392844 10 0
302392842 11 1
302392837 5 0
302392836 10 26
302392835 8 1
302392828 11 2
302392819 0 9
302392818 835 5
302392817 6 1
302392815 12 4
302392812 9 0
302392809 1 0
302392807 11 6
302392804 9 0
302392798 3 35
302392780 3 3
302392770 1 7
302392767 4 8
302392764 732 6
302392763 14 0
302392760 3 12
302392751 1 1
302392741 14 99
302392740 9 0
302392739 20 0
302392736 10 0
302392733 0 0
302392726 0 0
302392720 1 0
302392710 14 62
302392702 792 16
302392700 15 1
302392687 0 0
302392681 4 3
302392677 0 0
302392675 8 0
302392666 0 0
302392656 12 0
302392655 2 0
302392647 0 4
302392646 2362 44
302392644 966 66
302392635 2 1
302392630 9 15
302392624 4 1
302392619 1 0
302392609 1226 26
302392599 8 0
302392597 2805 385
302392594 7 3
302392576 18 54
302392566 5 5
302392561 10 0
302392560 16 0
302392553 3 0
302392550 6 0
302392546 1 2
302392539 9 0
302392534 4 173
302392531 7 1
302392526 4 1
302392517 0 0
302392514 9 0
302392513 19 6
302392511 3 0
302392509 0 0
302392504 653 69
302392501 593 5
302392495 7 0
302392489 2 0
302392484 7 0
302392481 1 0
302392480 931 32
302392477 1 0
302392473 0 0
302392469 1 0
302392465 1510 24
302392458 1 0
302392456 1 0
302392454 550 6
302392453 7 1
302392450 631 32
302392442 3 0
302392440 2 0
302392435 2979 155
302392434 11 1
302392431 19 3
302392424 0 0
302392421 15 1
302392417 4551 430
302392415 13 0
302392412 0 0
302392407 661 3
302392402 1675 77
302392399 10 0
302392398 9 1
302392394 5 12
302392381 1 2
302392380 3 3
302392376 597 11
302392372 7 2
302392368 2548 44
302392367 17 6
302392361 2 11
302392356 11 1
302392355 10 1
302392354 0 1
302392342 358 11
302392341 0 0
302392339 2 2
302392333 5 0
302392323 1952 91
302392320 11 5
302392319 0 0
302392315 1 4
302392312 5 0
302392306 0 0
302392299 4 215
302392290 14 2
302392289 3 11
302392288 12 0
302392287 9 3
302392284 2 1
302392279 0 0
302392278 13 2
302392277 12 2
302392273 5 0
302392271 7 0
302392264 7 0
302392260 11 1
302392258 588 14
302392255 0 0
302392247 2 18
302392245 1 1
302392238 7 28
302392234 6 1
302392231 6 2
302392229 13 5
302392228 4537 35
302392222 706 18
302392220 1051 35
302392219 0 2
302392217 8 1
302392211 9 1
302392210 480 15
302392208 4 5
302392206 12 0
302392201 6 0
302392192 1421 69
302392191 0 5
302392190 0 0
302392182 7 0
302392177 1 0
302392169 0 0
302392166 2 0
302392160 3 0
302392150 6 23
302392140 0 0
302392137 9 2
302392136 771 7
302392131 9 0
302392128 2 0
302392122 0 0
302392120 2 0
302392116 2 1
302392114 2 1
302392111 4 4
302392110 7 1
302392109 499 5
302392104 0 0
302392102 7 36
302392101 5 5
302392097 0 1
302392096 5 4
302392094 3 41
302392092 0 12
302392084 2 1
302392076 0 0
302392074 6 0
302392067 0 0
302392065 8 0
302392064 0 0
302392063 0 0
302392056 4 1
302392055 0 0
302392052 5 3
302392049 23 51
302392043 10 0
302392033 4 0
302392032 9 16
302392029 14 54
302392026 0 0
302392021 4 4
302392019 4 1
302392018 6 0
302392017 3408 214
302392007 7 18
302392005 0 0
302391996 0 0
302391989 3 1
302391988 1 1
302391986 1 5
302391983 0 0
302391972 498 8
302391971 0 0
302391968 0 0
302391959 2 3
302391952 0 2
302391949 11 0
302391946 11 0
302391940 0 0
302391939 9 0
302391936 6 5
302391935 0 0
302391933 0 0
302391930 8 2
302391927 3 3
302391925 4 5
302391920 5 6
302391918 21 40
302391913 1 0
302391911 7 10
302391910 20 5
302391908 5 6
302391907 8 3
302391906 1 3
302391900 2168 248
302391897 4 0
302391896 2 9
302391892 12 1
302391890 4 1
302391888 1 2
302391878 1 1
302391875 1 1
302391868 4 0
302391857 2 3
302391856 1 2
302391853 6 4
302391852 2 0
302391851 16 1
302391850 1 1
302391840 8 5
302391836 2 2
302391835 4 2
302391829 0 0
302391827 3 2
302391825 6 3
302391824 1 2
302391816 3 6
302391812 32 44
302391807 2 7
302391805 6 0
302391798 2444 111
302391797 146 5
302391792 0 2
302391789 760 36
302391784 1 4
302391781 2 0
302391779 1 2
302391776 0 1
302391768 0 12
302391767 0 0
302391766 0 1
302391764 11 4
302391762 11 2
302391754 14 1
302391752 0 0
302391749 4 3
302391745 6 0
302391742 0 1
302391738 0 0
302391737 1 0
302391735 18 15
302391734 3 3
302391733 4863 531
302391732 6 4
302391730 2 3
302391729 5 0
302391728 3 2
302391725 8 1
302391721 4 3
302391720 0 0
302391718 5 0
302391714 1 2
302391708 9 2
302391706 0 0
302391701 5 5
302391700 1 1
302391697 5 1
302391695 0 1
302391694 5 1
302391689 6 1
302391688 1 3
302391685 15 2
302391679 0 2
302391678 0 0
302391675 0 0
302391674 0 0
302391672 4 3
302391671 411 2
302391669 0 0
302391665 0 2
302391663 4 2
302391662 7 2
302391661 10 3
302391659 2 1
302391658 4 1
302391657 2 1
302391656 0 10
302391655 3 28
302391654 1 4
302391653 1 2
302391648 0 1
302391647 2 0
302391646 4 11
302391645 4 0
302391644 2 1
302391643 12 0
302391642 2 0
302391641 4 3
302391640 2 0
302391638 1 3
302391637 1 0
302391636 8 3
302391635 4606 68
302391634 0 1
302391632 8 3
302391630 5 2
302391629 2 0
302391626 2 5
302391625 3 0
302391624 11 0
302391623 0 1
302391622 4 2
302391620 2 0
302391619 2 0
302391618 0 2
302391617 0 1
302391615 9 0
302391613 3 0
302391612 2 0
302391611 2 0
302391610 3 3
