303957834 0 0
303957811 0 0
303957799 0 0
303895874 0 1
303872060 2 0
303872053 2 0
303865373 1 0
303804222 4 0
303804221 1 0
303799171 3 0
303798651 2 0
303798646 2 1
303798644 6 0
303798634 6 0
303798625 8 0
303762006 1 0
303751680 2 0
303738983 0 2
303736214 0 0
303735284 1 0
303735278 5 0
303735276 1 0
303735262 2 0
303735247 0 0
303735245 5 0
303735240 3 1
303735235 5 0
303735232 5 0
303733937 2 0
303671233 0 20
303667190 12 0
303665297 3 0
303662488 3 1
303662478 12 0
303587048 6 0
303586110 4 0
303578951 6 0
303569893 4 0
303557061 34 0
303538263 0 0
303537922 2 1
303526497 12 0
303526492 8 0
303506450 20 0
303506255 7 0
303500359 7 0
303498491 0 0
303496828 13 0
303483448 5 0
303412002 5 0
303412001 7 0
303312553 9 0
303303566 30 0
303303344 16 3
303299977 23 0
303282291 12 0
303250845 12 0
303250273 0 0
303249648 8 1
303155246 13 1
303150529 7 0
303150522 9 0
303150516 23 0
303137912 7 0
303135215 10 0
303135202 1 2
303135201 3 0
303135195 12 0
303135187 10 3
303072536 9 0
303072448 11 0
303071493 9 0
303069174 10 0
303068685 12 0
303068678 2 0
303068666 19 1
303068651 12 0
303068393 14 0
303065703 4 0
303065686 9 0
303065627 20 0
303056483 8 0
303055811 3 0
302986998 5 0
302986642 13 0
302986640 9 0
302980083 5 0
302979467 11 1
302979456 7 0
302893342 0 0
302878629 15 0
302832022 7 0
302817964 6 0
302817872 8 0
302815850 24 0
302813383 8 0
302812295 2 0
302811439 51 0
302811259 9 0
302807121 6 1
302799251 36 0
302787801 4 0
302787772 3 0
302787622 15 0
302776212 1 0
302774250 15 0
302737110 18 0
302726298 8 0
302726142 17 0
302726137 8 0
302726131 19 0
302726130 8 0
302725445 8 0
302724981 22 0
302724722 19 0
302724714 15 0
302724562 5 0
302724293 35 0
302723304 4 0
302722050 12 0
302722045 6 0
302719307 3 1
302676305 15 0
302661870 38 0
302643291 13 0
302643273 15 0
302642872 20 0
302642494 0 0
302642055 13 1
302640046 22 0
302640041 41 0
302638797 42 0
302638713 10 0
302638225 6 0
302628231 10 0
302625757 4 8
302599477 7 0
302570066 12 0
302565294 14 1
302565148 14 0
302561858 17 1
302559261 6 1
302559205 15 0
302559134 1 0
302559108 4 0
302559065 9 0
302559007 29 0
302558957 4 0
302558947 3 0
302558901 16 0
302558866 8 0
302558788 0 0
302558632 77 0
302555162 1 0
302515148 12 0
302510007 12 1
302508795 32 2
302497863 7 97
302497643 1 5
302497555 29 0
302495741 9 0
302494977 51 3
302492509 24 0
302492505 23 0
302492384 21 0
302488529 13 0
302487318 19 0
302487317 13 0
302487311 11 0
302486179 10 1
302485908 19 0
302485879 29 0
302485772 2 12
302485732 20 0
302485211 8 1
302478726 18 0
302478719 12 0
302478708 36 1
302478565 10 0
302453899 9 1
302440192 11 0
302426407 19 1
302416566 18 0
302409899 15 0
302408998 17 0
302408911 34 0
302408864 26 2
302407986 17 0
302407970 18 0
302407919 20 0
302407450 24 0
302403936 30 2
302403150 0 1
302403148 20 0
302403146 12 0
302403144 77 0
302402657 17 0
302402423 16 0
302401383 12 49
302401372 57 0
302400995 50 1
302400980 2 28
302400140 11 0
302399623 15 0
302399609 16 0
302396530 9 0
302331238 6 2
302330090 2 112
302328221 2 21
302327751 61 0
302316193 17 0
302315590 14 0
302313892 10 0
302313883 34 0
302313865 17 0
302313793 15 0
302313778 9 0
302313756 19 0
302313726 29 0
302313719 28 0
302313693 39 0
302313580 10 0
302313573 32 0
302313552 34 0
302313538 42 0
302313528 38 0
302313466 60 1
302313451 71 0
302313095 7 0
302310694 13 0
302309701 33 0
302307998 19 0
302305473 21 0
302305439 23 0
302305213 11 0
302305168 23 2
302297058 61 1
302274348 23 1
302265164 10 0
302265152 66 0
302264278 25 3
302251208 9 8
302238006 19 0
302237714 35 0
302237702 12 1
302237623 12 2
302237534 11 0
302237533 21 1
302236419 33 1
302236418 48 0
302234954 28 1
302234897 11 0
302233544 26 0
302232042 5 0
302231733 11 0
302231058 34 0
302231047 26 1
302231024 42 0
302230941 7 0
302230348 31 0
302229048 34 1
302228617 1 0
302213638 27 0
302202448 21 0
302191179 7 0
302191177 19 0
302189742 16 0
302189393 31 2
302189352 13 0
302189204 41 1
302181664 6 23
302181622 8 0
302181521 4 0
302181515 31 0
302181514 25 0
302181510 10 1
302181319 8 0
302180419 32 0
302180127 10 0
302180020 2 9
302179926 31 0
302179461 18 0
302179201 19 0
302178488 7 0
302178480 7 0
302178453 26 0
302178429 9 1
302178399 24 0
302175732 25 0
302175221 1 0
302174983 0 0
302174541 12 0
302174173 12 0
302174105 35 1
302174090 29 0
302174081 16 0
302172607 5 0
302172606 24 0
302172600 9 0
302172595 9 0
302171400 0 0
302171398 13 0
302171393 2 0
302133192 11 115
302125970 9 0
302125075 36 0
302124905 12 0
302124653 12 0
302124643 0 0
302123391 19 0
302120924 41 0
302120560 8 0
302119969 39 1
302118972 27 1
302118299 6 1
302115775 13 0
302114789 10 3
302114755 21 0
302114701 13 0
302108923 19 1
302093961 12 0
302085628 8 0
302083501 26 0
302082238 8 0
302082113 11 1
302078621 20 0
302078364 24 0
302077914 10 0
302077887 87 0
302077848 30 0
302077847 21 1
302077727 28 0
302077573 11 4
302077401 12 0
302076512 4 3
302072554 0 0
302071952 4 1
302071577 6 1
302071575 23 0
302071243 19 0
302071043 41 0
302070235 0 0
302070208 24 0
302064958 0 0
302064171 0 0
302063971 11 0
302062934 30 0
302049311 0 0
302047655 5 0
302040360 32 0
302040356 37 1
302040164 9 7
302035762 3 7
302035363 22 0
302035274 0 0
302034174 6 0
302034164 15 0
302034151 17 0
302033450 8 0
302032146 13 1
302032141 65 1
302032139 21 0
302032133 23 0
302032129 9 0
302032127 45 1
302032120 15 0
302032117 12 0
302032115 6 0
302032112 15 0
302032111 19 0
302032110 6 0
302032109 51 0
302032107 9 0
302031653 31 0
302031063 7 0
302031045 30 0
302030822 17 0
302030792 15 0
302030757 10 0
302030596 8 1
302030294 7 4
302030079 9 0
302030041 10 0
302030035 20 0
302029576 21 0
302029570 23 0
302029469 0 2
302028986 12 29
302028852 53 0
302028633 16 0
302027260 3 74
302027086 27 0
302027013 6 0
302026931 0 0
302026896 37 0
302026894 17 1
302026887 11 0
302026583 30 0
302026504 9 23
302026367 23 0
302026330 15 2
302025186 5 0
302023121 10 0
302021824 19 0
302019000 7 1
302017752 17 1
302017715 9 0
302017707 16 1
302017690 15 2
302017685 22 0
302017175 0 0
302016938 13 1
302016631 35 2
302014674 0 0
302014451 6 10
302008946 8 2
302008944 4 0
302008080 41 2
302006151 0 0
302006109 20 0
302006020 15 0
302005973 82 2
302005909 7 0
302005893 12 0
302001051 11 0
302000921 21 3
302000608 15 0
301999723 7 2
301999212 10 3
301993274 10 0
301986637 11 8
301986318 17 0
301985934 14 0
301976695 4 0
301976691 21 0
301976687 1 45
301976679 11 0
301976677 3 19
301976653 11 0
301976600 3 30
301976453 0 0
301976313 16 0
301976288 16 0
301976157 12 0
301976136 3 6
301976135 1 38
301976094 4 0
301976060 10 0
301976056 67 0
301975878 8 14
301975837 1 77
301975834 2 85
301975808 0 0
301975751 1 57
301975584 10 0
301975581 7 0
301975525 0 0
301975511 7 1
301974919 4 10
301974718 0 0
301972569 14 1
301972225 7 0
301972224 8 0
301972221 5 0
301972217 7 8
301972102 21 0
301972080 17 0
301972042 43 0
301972001 0 0
301971969 15 1
301971958 18 15
301971946 3 0
301971940 22 0
301971938 35 1
301971934 10 0
301971922 5 0
301971920 10 0
301971914 13 0
301971913 7 0
301971812 6 0
301971788 15 0
301971785 27 1
301971743 22 0
301971739 17 0
301971622 35 0
301971610 0 0
301971602 0 0
301971595 58 3
301971594 9 28
301971561 11 0
301971556 4 6
301971553 1 12
301971552 11 0
301971548 11 0
301971529 17 0
301971527 3 0
301971525 10 0
301971521 25 0
301971515 10 0
301971513 24 1
301971502 12 1
301971491 8 0
301971404 0 0
301971344 8 0
301971289 7 0
301971239 2 0
301971234 8 0
301971226 0 0
301971222 37 1
301971211 30 6
301971153 7 0
301971140 13 0
301971139 18 2
301971103 1 0
301971098 12 1
301971095 8 0
301971059 0 1
301971045 18 0
301971002 5 0
301970949 8 0
301970946 8 0
301970919 6 0
301970918 30 0
301970913 13 0
301970885 0 0
301970881 31 3
301970862 9 1
301970790 0 0
301970774 0 0
301970695 6 0
301970679 1 1
301970667 20 0
301970614 17 0
301970600 6 0
301970598 3 46
301970585 1 28
301970575 18 3
301970574 14 0
301970573 22 4
301970560 16 2
301970523 3 0
301970511 5 0
301970506 10 0
301970500 17 0
301970498 8 0
301970496 8 1
301970451 14 0
301970428 12 24
301970422 0 0
301970414 14 0
301970321 19 0
301970313 3 3
301970306 5 6
301970298 6 0
301970289 30 0
301970251 6 4
301970247 4 0
301970150 26 0
301970146 7 0
301970138 23 0
301970135 0 4
301970132 10 0
301970129 4 1
301970127 18 0
301970123 3 0
301970122 12 0
301970110 9 0
301969897 4 0
301969856 0 0
301969849 10 0
301969841 6 0
301969840 10 0
301969839 7 0
301969837 14 0
301969827 3 1
301969825 3 0
301969822 9 0
301969814 5 0
301969772 0 0
301969682 8 0
301969660 21 0
301969615 13 0
301969584 0 0
301969553 0 0
301969524 0 3
301969480 2 39
301969477 6 1
301969413 6 27
301969402 33 0
301969399 2 0
301969229 10 0
301969162 52 0
301968976 6 0
301968053 22 0
301967956 6 1
301967949 18 0
301967888 6 0
301967876 30 0
301967875 3 0
301967874 1 0
301967870 2 3
301967868 4 0
301967865 0 1
301967862 18 0
301967857 2 0
301967856 0 0
301967855 19 3
301967852 11 5
301967851 0 1
301967850 0 1
301967848 1 0
301967843 16 0
301967841 2 27
301967829 2 0
301967803 19 1
301967783 1 27
301967766 43 1
301967754 6 0
301967753 15 0
301967750 5 0
301967730 8 3
301967719 0 0
301967716 4 25
301967708 14 0
301967704 7 4
301967699 10 0
301967697 0 1
301967696 0 1
301967685 8 1
301967683 27 1
301967676 0 1
301967672 0 1
301967669 33 0
301967610 6 4
301967605 6 0
301967604 2 0
301967603 0 0
301967602 3 0
301967601 5 0
301967595 5 0
301967594 2 13
301967589 1 1
301967576 9 0
301967575 2 0
301967567 1 1
301967566 0 1
301967556 15 1
301967550 35 0
301967548 3 1
301967538 12 2
301967532 23 3
301967529 9 21
301967509 4 2
301967496 2 1
301967471 2 1
301967470 11 2
301967458 28 18
301967456 11 0
301967442 4 11
301967431 8 1
301967422 5 0
301967415 0 0
301967394 0 0
301967389 0 0
301967384 0 0
301967375 3 1
301967374 11 0
301967350 15 0
301967340 11 2
301967330 8 0
301967324 3 44
301967267 23 34
301967251 9 10
301967248 1 0
301967239 4 66
301967214 1 0
301967196 5 25
301967192 1 11
301967189 19 0
301967183 7 0
301967179 45 1
301967167 1 0
301967166 56 0
301967162 17 0
301967157 15 0
301967151 38 0
301967142 16 0
301967136 55 0
301967120 14 5
301967113 1 5
301967105 4 82
301967103 51 2
301967098 35 4
301967094 0 0
301967085 6 1
301967073 2 0
301967059 1 0
301967053 3 62
301967052 38 0
301967049 6 0
301967041 2 0
301967030 1 0
301967028 2 3
301967025 1 0
301967017 1 25
301967016 13 0
301967006 8 1
301966994 2 0
301966984 0 0
301966981 13 0
301966978 10 0
301966964 0 6
301966957 8 29
301966954 6 0
301966951 0 1
301966945 16 4
301966940 31 8
301966935 9 20
301966932 1 29
301966927 15 0
301966918 1 0
301966917 4 3
301966911 1 0
301966903 17 0
301966899 0 1
301966893 4 0
301966891 20 2
301966870 14 2
301966869 0 1
301966851 15 3
301966843 12 3
301966835 11 6
301966830 38 0
301966825 24 1
301966818 13 1
301966815 8 0
301966805 23 0
301966800 20 1
301966799 9 2
301966790 35 0
301966789 0 0
301966753 0 0
301966751 0 0
301966747 4 2
301966746 2 2
301966741 16 0
301966740 9 2
301966739 29 0
301966736 27 0
301966735 7 1
301966732 4 3
301966722 6 2
301966715 37 3
301966707 33 0
301966701 12 2
301966699 21 0
301966682 31 0
301966676 0 3
301966674 7 0
301966655 1 0
301966642 1 0
301966639 17 0
301966631 0 2
301966630 6 2
301966622 7 1
301966606 13 0
301966604 8 0
301966601 14 2
301966597 19 0
301966592 45 1
301966582 17 0
301966580 23 0
301966577 20 1
301966574 26 0
301966573 16 0
301966572 2 34
301966569 11 0
301966564 0 4
301966562 21 3
301966560 94 1
301966559 6 0
301966558 22 0
301966557 55 1
301966551 43 0
301966550 15 0
301966547 5 0
301966543 13 0
301966541 0 2
301966539 9 0
301966536 47 0
301966534 41 0
301966532 0 0
301966528 33 0
301966525 15 0
301966518 31 0
301966516 18 0
301966512 22 0
301966509 22 0
301966507 23 0
301966503 35 0
301966498 0 0
301966497 17 0
301966495 24 0
301966493 11 1
301966490 11 1
301966476 0 0
301966475 0 0
301966472 0 24
301966465 9 0
301966462 8 0
301966454 15 0
301966451 8 0
301966449 0 0
301966447 33 1
301966434 0 0
301966431 16 0
301966429 3 18
301966427 0 1
301966409 1 0
301966394 22 0
301966393 1 0
301966392 7 0
301966390 0 0
301966386 16 130
301966384 3 88
301966383 18 0
301966382 18 0
301966381 0 0
301966378 9 0
301966376 35 2
301966370 16 1
301966368 4 0
301966360 5 0
301966358 2 1
301966356 6 0
301966354 30 0
301966352 2 32
301966350 8 0
301966339 29 0
301966334 1 0
301966328 8 23
301966325 2 0
301966323 11 1
301966322 12 1
301966311 0 0
301966307 3 40
301966304 7 0
301966300 12 0
301966298 11 0
301966297 6 5
301966289 15 1
301966286 9 0
301966273 31 0
301966265 2 63
301966264 3 0
301966258 0 1
301966257 15 0
301966253 6 0
301966249 0 0
301966248 1 2
301966233 50 0
301966232 1 0
301966215 7 1
301966197 7 32
301966167 37 6
301966158 10 0
301966156 9 0
301966154 6 0
301966144 21 0
301966143 16 1
301966140 1 45
301966137 38 0
301966133 0 0
301966121 0 0
301966120 39 1
301966116 18 1
301966115 1 0
301966110 3 0
301966108 4 38
301966104 0 0
301966098 1 25
301966088 20 0
301966078 13 1
301966074 8 0
301966070 24 1
301966069 24 4
301966066 0 0
301966065 14 0
301966063 10 1
301966062 5 0
301966061 9 0
301966059 20 0
301966045 0 1
301966040 23 0
301966039 1 0
301966033 4 7
301966029 15 1
301966026 5 19
301966014 9 0
301966013 2 73
301965995 22 1
301965993 16 0
301965990 6 0
301965989 8 0
301965988 0 0
301965987 10 0
301965986 16 1
301965983 7 0
301965982 21 2
301965981 8 0
301965980 20 1
301965976 34 0
301965974 18 0
301965973 9 0
301965972 9 1
301965970 16 0
301965966 8 0
301965961 17 2
301965958 16 0
301965956 6 1
301965955 19 1
301965952 14 0
301965945 5 0
301965939 27 0
301965938 3 22
301965935 12 4
301965932 34 2
301965928 0 0
301965927 0 0
301965924 8 0
301965923 20 0
301965920 14 1
301965912 18 4
301965911 0 0
301965902 23 1
301965896 2 11
301965893 19 1
301965889 0 1
301965878 5 0
301965875 53 2
301965863 18 0
301965858 0 0
301965855 0 0
301965854 0 0
301965841 7 32
301965838 4 0
301965836 0 6
301965834 0 3
301965825 48 1
301965823 8 0
301965818 21 0
301965816 24 0
301965815 21 2
301965813 12 0
301965808 6 0
301965806 29 0
301965800 30 0
301965795 0 6
301965793 11 0
301965792 24 0
301965788 5 0
301965784 0 0
301965776 12 1
301965775 10 0
301965766 10 0
301965765 31 1
301965762 10 0
301965758 19 0
301965754 27 0
301965744 2 0
301965737 2 0
301965715 10 2
301965703 5 1
301965700 1 0
301965692 37 0
301965687 10 1
301965683 1 0
301965669 20 1
301965664 12 2
301965662 1 0
301965638 2 0
301965622 528 10
301965621 23 0
301965619 22 0
301965605 2 0
301965604 16 1
301965602 7 0
301965596 12 1
301965595 15 0
301965591 4 0
301965589 19 0
301965585 0 2
301965584 27 0
301965583 21 0
301965582 1 0
301965580 0 2
301965578 19 0
301965577 30 1
301965575 4 0
301965574 8 0
301965572 37 1
301965571 16 0
301965570 0 1
301965568 31 1
301965566 11 0
301965561 1 0
301965551 9 0
301965550 6 0
301965547 22 1
301965545 9 0
301965544 16 0
301965541 6 28
301965514 0 0
301965509 0 1
301965507 54 0
301965487 7 41
301965485 0 0
301965482 31 0
301965479 6 32
301965478 12 1
301965473 0 0
301965472 35 0
301965469 0 0
301965468 26 0
301965464 0 0
301965463 2 0
301965453 14 1
301965448 1 0
301965436 1 0
301965428 17 0
301965416 11 5
301965415 15 4
301965398 7 48
301965397 35 0
301965394 11 0
301965392 8 0
301965388 3 0
301965387 25 8
301965384 3 4
301965381 29 0
301965379 0 1
301965378 8 1
301965377 0 0
301965375 11 0
301965366 5 1
301965359 0 0
301965356 24 0
301965353 18 0
301965352 29 0
301965349 12 0
301965345 9 1
301965344 0 0
301965336 1 0
301965335 8 0
301965334 0 0
301965332 0 0
301965325 0 0
301965324 7 0
301965316 8 1
301965313 3 2
301965312 2 0
301965310 0 0
301965307 16 0
301965306 44 3
301965303 8 0
301965295 20 0
301965293 19 0
301965291 25 0
301965285 5 0
301965282 11 0
301965279 6 1
301965277 23 1
301965261 37 0
301965259 11 0
301965255 2 82
301965253 0 0
301965251 14 0
301965246 3 0
301965239 8 66
301965233 4 0
301965227 8 0
301965225 11 0
301965217 2 0
301965215 23 0
301965210 0 0
301965208 16 0
301965203 0 0
301965202 11 0
301965201 5 3
301965192 11 7
301965191 20 2
301965188 0 0
301965186 4 0
301965182 9 0
301965181 1 0
301965180 8 1
301965166 27 2
301965164 11 0
301965159 0 0
301965152 12 1
301965145 33 0
301965143 12 0
301965138 46 0
301965133 0 0
301965132 4 36
301965129 22 0
301965125 12 0
301965121 22 0
301965113 0 0
301965110 0 2
301965105 9 1
301965102 16 0
301965098 0 0
301965096 8 0
301965095 0 0
301965094 10 1
301965091 8 0
301965089 15 0
301965087 3 36
301965084 4 0
301965058 8 0
301965056 16 0
301965041 1 0
301965033 2 0
301965032 0 0
301965024 20 0
301965012 0 1
301965010 8 0
301965003 28 0
301965002 20 0
301965000 2 0
301964993 27 2
301964988 20 0
301964983 0 1
301964980 32 0
301964979 16 0
301964971 11 0
301964970 13 0
301964962 2 0
301964959 41 0
301964956 20 0
301964954 10 0
301964950 10 3
301964949 31 1
301964942 14 1
301964941 11 0
301964936 2 52
301964932 0 3
301964930 44 1
301964928 32 0
301964922 12 0
301964915 5 0
301964913 55 0
301964912 23 0
301964908 7 1
301964905 7 0
301964902 20 0
301964897 0 0
301964895 0 0
301964894 7 0
301964893 11 0
301964892 0 46
301964891 23 0
301964889 34 0
301964888 0 3
301964887 6 0
301964886 11 0
301964885 0 4
301964883 34 0
301964881 10 1
301964880 51 1
301964879 9 0
301964878 11 0
301964877 1 2
301964876 8 0
301964875 37 0
301964874 5 0
301964867 17 0
301964863 8 0
301964861 20 0
301964859 23 6
301964855 8 0
301964851 6 0
301964850 6 0
301964849 49 0
301964848 9 0
301964845 5 0
301964844 5 2
301964840 12 0
301964838 11 91
301964837 17 1
301964834 23 0
301964825 18 0
301964824 4 0
301964823 21 0
301964822 4 0
301964815 7 0
301964809 12 0
301964803 0 0
301964800 8 0
301964794 5 0
301964793 6 0
301964791 9 0
301964790 4 0
301964776 10 4
301964771 26 0
301964767 19 6
301964764 8 0
301964760 8 0
301964755 18 0
301964753 2 51
301964749 11 0
301964748 18 22
301964742 18 0
301964738 2 0
301964737 2 0
301964736 31 0
301964733 4 35
301964722 3 0
301964702 0 1
301964700 0 17
301964697 2 41
301964674 13 31
301964672 35 0
301964664 36 17
301964663 2 0
301964660 0 8
301964657 29 0
301964656 13 0
301964655 7 0
301964650 35 0
301964647 18 1
301964645 9 0
301964641 8 0
301964640 0 2
301964636 14 0
301964632 6 0
301964631 12 0
301964630 11 2
301964628 10 5
301964621 19 0
301964620 0 0
301964618 8 0
301964608 15 0
301964606 5 19
301964603 0 0
301964602 0 0
301964600 5 0
301964595 22 1
301964592 12 0
301964586 9 0
301964583 5 0
301964574 36 1
301964571 18 0
301964561 16 0
301964557 1 3
301964551 0 3
301964546 7 3
301964543 11 1
301964542 3 0
301964538 28 0
301964536 18 1
301964534 11 0
301964531 1 0
301964529 11 0
301964526 1 0
301964524 3 0
301964522 34 0
301964518 12 0
301964517 1 0
301964510 4 1
301964507 1 0
301964506 2 0
301964503 8 0
301964486 7 0
301964481 37 2
301964478 1 0
301964475 0 2
301964474 21 1
301964471 2 0
301964468 25 1
301964463 3 0
301964461 13 1
301964458 5 66
301964456 8 2
301964453 12 0
301964450 32 6
301964448 5 1
301964445 8 0
301964441 1 0
301964436 0 0
301964434 2 0
301964432 3 42
301964430 6 16
301964429 11 0
301964427 1 2
301964425 1 16
301964424 17 2
301964413 36 2
301964404 0 0
301964403 14 0
301964402 4 54
301964400 4 0
301964398 4 64
301964395 3 45
301964394 0 1
301964392 7 1
301964391 6 36
301964388 13 1
301964386 7 0
301964385 8 1
301964384 14 0
301964383 25 0
301964382 11 0
301964380 4 47
301964379 4 0
301964376 7 36
301964373 4 1
301964372 7 40
301964371 0 2
301964367 1 3
301964362 6 27
301964361 6 1
301964356 33 1
301964354 0 0
301964350 0 2
301964345 7 33
301964343 4 1
301964340 25 2
301964339 39 3
301964336 12 1
301964334 13 3
301964328 35 4
301964323 2 3
301964319 4 2
301964314 21 4
301964312 17 2
301964306 5 2
301964290 39 47
301964288 26 1
301964286 6 1
301964284 0 2
301964278 0 0
301964276 56 15
301964271 3 0
301964270 1 2
301964268 36 7
301964264 0 0
301964262 7 0
301964257 11 1
301964256 11 128
301964248 3 0
301964243 0 37
301964241 49 3
301964239 3 0
301964238 1 0
301964237 4 0
301964232 3 0
301964228 9 161
301964223 7 27
301964214 6 68
301964210 7 50
301964190 1 13
301964187 37 7
301964184 19 2
301964178 4 1
301964177 5 149
301964175 0 2
301964172 15 3
301964168 4 37
301964167 8 2
301964164 0 1
301964162 47 4
301964156 8 2
301964147 5 0
301964146 26 0
301964144 7 2
301964142 24 1
301964141 1 0
301964139 39 1
301964135 7 1
301964132 4 30
301964131 25 0
301964127 0 0
301964122 3 0
301964121 30 7
301964119 2 0
301964117 0 1
301964115 20 0
301964113 4 2
301964111 10 1
301964110 5 1
301964099 2 2
301964098 1 5
301964096 16 2
301964093 3 1
301964088 9 1
301964087 21 5
301964085 3 29
301964083 2 1
301964082 6 19
301964080 1 1
301964078 10 2
301964076 2 188
301964074 8 1
301964072 5 0
301964071 13 2
301964068 34 1
301964067 8 1
301964065 7 0
301964064 3 1
301964058 35 19
301964057 35 1
301964053 16 1
301964048 15 4
301964032 12 3
301964031 23 1
301964028 4 15
301964026 0 0
301964024 0 1
301964023 0 0
301964020 10 0
301964019 0 29
301964017 7 60
301964014 0 0
301964010 3 2
301964009 8 0
301964008 24 0
301964006 2 0
301964005 47 8
301964004 0 3
301964003 27 5
301964001 7 0
301963999 1 12
301963994 1 1
301963992 17 0
301963985 5 104
301963982 4 0
301963981 14 0
301963980 29 1
301963976 3 1
301963974 31 1
301963972 10 0
301963969 9 0
301963968 6 2
301963965 0 0
301963962 3 72
301963960 626 5
301963959 7 8
301963958 2 0
301963956 6 1
301963950 8 2
301963946 24 6
301963945 12 0
301963943 11 1
301963942 26 3
301963941 52 0
301963940 9 1
301963937 7 0
301963936 7 1
301963935 10 2
301963934 6 1
301963931 1 0
301963930 6 0
301963927 5 0
301963925 13 2
301963924 5 2
301963922 0 0
301963921 319 1
301963913 30 3
301963909 12 0
301963908 1 67
301963906 6 3
301963905 2 0
301963903 6 0
301963898 4 0
301963896 3 1
301963890 20 1
301963887 1 0
301963886 143 10
301963885 6 50
301963883 0 32
301963881 8 0
301963879 50 4
301963875 0 0
301963873 1 0
301963870 3 0
301963867 0 41
301963865 0 0
301963864 12 1
301963861 26 0
301963856 14 0
301963855 0 0
301963853 12 1
301963848 19 1
301963847 4 97
301963842 3 1
301963837 19 0
301963836 10 1
301963831 17 0
301963830 0 0
301963828 12 0
301963827 9 1
301963823 16 1
301963816 11 0
301963815 0 0
301963813 5 0
301963812 7 0
301963803 18 5
301963802 7 1
301963801 20 4
301963800 5 1
301963789 11 2
301963786 18 3
301963779 0 0
301963773 20 4
301963772 6 0
301963763 11 0
301963754 7 0
301963753 2 0
301963750 5 6
301963748 7 0
301963745 3 1
301963742 4 0
301963740 5 0
301963739 7 0
301963736 4 0
301963734 9 0
301963733 12 0
301963732 9 0
301963730 28 7
301963729 9 1
301963724 12 1
301963723 4 0
301963719 7 0
301963716 11 1
301963713 4 1
301963712 3 0
301963710 4 1
301963708 3 0
301963705 8 0
301963702 1 19
301963701 6 2
301963697 8 1
301963695 16 2
301963694 4 0
301963688 3 9
301963685 11 1
301963684 3 0
301963682 6 0
301963681 5 1
301963680 19 1
301963678 7 1
301963674 5 0
301963667 4 0
301963658 4 1
301963655 5 1
301963651 1 0
301963639 3 11
301963630 5 82
301963626 4 1
301963623 0 0
301963622 4 0
301963619 5 41
301963618 14 0
301963616 22 3
301963613 0 5
301963611 20 4
301963609 0 5
301963600 0 5
301963598 23 1
301963592 40 2
301963591 4 0
301963582 2 0
301963579 2 0
301963554 30 4
301963552 20 3
301963544 30 16
301963540 2 83
301963534 23 1
301963526 9 0
301963522 11 0
301963518 26 12
301963515 0 0
301963510 35 6
301963508 0 5
301963506 38 6
301963504 51 2
301963503 2 0
301963502 1 5
301963498 17 3
301963492 20 0
301963485 7 0
301963478 19 3
301963474 22 1
301963469 19 2
301963467 5 0
301963466 8 6
301963461 6 0
301963460 8 1
301963456 3 4
301963454 20 4
301963449 5 0
301963447 0 0
301963446 0 1
301963437 2 0
301963433 25 2
301963428 1 0
301963425 2 70
301963423 14 1
301963422 2 82
301963420 2 1
301963417 5 0
301963414 1 0
301963413 2 37
301963411 7 0
301963408 12 0
301963406 5 0
301963400 0 0
301963398 0 4
301963397 15 0
301963395 8 0
301963393 4 27
301963391 2 1
301963386 4 0
301963384 4 3
301963382 22 1
301963372 330 3
301963370 3 0
301963364 1 0
301963360 2 75
301963358 0 0
301963356 422 3
301963354 0 3
301963353 2 0
301963344 11 1
301963339 17 2
301963338 2 0
301963334 5 0
301963321 17 1
301963316 18 2
301963313 34 2
301963308 12 0
301963307 8 0
301963305 20 0
301963301 42 3
301963295 31 3
301963294 9 0
301963293 8 0
301963289 5 62
301963281 6 0
301963271 12 59
301963266 3 0
301963265 2 82
301963259 13 3
301963250 5 0
301963234 12 3
301963230 5 63
301963229 2 0
301963223 32 2
301963217 2 0
301963215 35 2
301963209 0 3
301963202 0 0
301963200 16 11
301963193 3 0
301963188 7 87
301963174 0 6
301963171 10 0
301963156 4 41
301963149 0 2
301963145 0 9
301963120 0 0
301963114 0 0
301963109 0 0
301963098 1 0
301963095 4 1
301963086 3 1
301963085 45 2
301963084 0 0
301963081 1 0
301963078 0 1
301963076 9 0
301963072 18 1
301963057 4 0
301963038 0 12
301963010 13 0
301963009 10 0
301963008 9 0
301963006 8 2
301962986 10 0
301962967 1 0
301962966 4 0
301962953 1 3
301962948 12 0
301962947 2 0
301962945 15 0
301962943 14 0
301962938 2 27
301962936 5 0
301962933 4 0
301962932 9 0
301962930 4 1
301962927 12 0
301962924 4 0
301962921 1 1
301962917 1 0
301962916 0 1
301962913 15 2
301962912 13 1
301962908 16 0
301962902 1 0
301962892 1 0
301962887 10 1
301962884 0 0
301962883 19 0
301962877 451 51
301962876 9 0
301962874 2 0
301962871 3 0
301962866 8 0
301962864 8 2
301962848 28 0
301962842 42 1
301962841 14 0
301962833 6 0
301962832 21 0
301962831 19 1
301962830 12 0
301962828 3 0
301962826 386 10
301962825 10 1
301962823 7 1
301962821 6 1
301962818 7 1
301962817 23 0
301962815 2 0
301962814 11 1
301962812 15 0
301962810 4 0
301962807 4 0
301962806 16 0
301962805 1 0
301962804 7 0
301962802 13 0
301962799 8 1
301962797 11 1
301962795 9 1
301962794 17 0
301962792 1 0
301962791 15 1
301962788 9 0
301962785 2 0
301962784 3 1
301962783 0 0
301962782 2 0
301962781 7 0
301962778 21 1
301962777 1 1
301962763 9 0
301962761 17 0
301962760 10 0
301962758 15 0
301962757 2 0
301962755 5 1
301962754 0 0
301962753 3 0
301962749 15 0
301962745 31 0
301962740 7 1
301962737 2 0
301962735 7 1
301962733 12 1
301962730 3 0
301962729 0 2
301962723 14 1
301962720 9 1
301962715 8 1
301962713 20 0
301962711 23 0
301962710 10 0
301962709 11 0
301962706 16 2
301962705 1 0
301962702 13 1
301962701 34 0
301962700 8 1
301962694 6 0
301962689 52 0
301962686 3 0
301962682 13 0
301962681 6 0
301962676 10 1
301962675 7 0
301962674 4 0
301962671 13 0
301962670 0 0
301962666 0 0
301962662 8 0
301962661 2 0
301962659 42 2
301962658 3 0
301962655 9 0
301962653 1 0
301962650 14 1
301962648 1 0
301962646 8 0
301962644 20 0
301962641 21 0
301962640 17 0
301962638 5 72
301962635 13 0
301962627 12 0
301962623 0 0
301962614 5 0
301962612 7 0
301962608 8 0
301962605 13 0
301962604 7 0
301962601 1 0
301962598 38 3
301962597 0 0
301962593 6 1
301962583 5 1
301962582 14 1
301962581 16 0
301962569 0 0
301962566 15 0
301962565 0 0
301962562 4 0
301962560 7 0
301962551 24 0
301962546 0 1
301962544 1 1
301962538 7 0
301962536 5 3
301962535 13 0
301962533 12 2
301962532 1 0
301962531 2 0
301962530 4 1
301962529 0 0
301962526 3 3
301962524 11 0
301962520 11 2
301962517 15 0
301962513 16 0
301962511 2 3
301962508 7 0
301962507 6 1
301962506 5 0
301962502 3 0
301962492 1 0
301962491 21 0
301962490 3 0
301962489 2 0
301962485 18 0
301962477 3 0
301962471 11 0
301962460 7 0
301962457 5 4
301962446 2 0
301962445 2 0
301962439 24 0
301962437 7 0
301962435 17 0
301962434 3 19
301962427 16 0
301962426 1 0
301962423 0 0
301962421 1 0
301962415 9 0
301962412 6 0
301962411 9 1
301962409 9 2
301962407 4 14
301962402 17 0
301962397 8 0
301962396 1 9
301962391 8 251
301962390 1 0
301962387 0 0
301962384 16 3
301962380 0 1
301962374 20 0
301962370 2 1
301962364 14 0
301962360 2 0
301962357 8 0
301962354 0 0
301962345 5 2
301962341 0 0
301962335 0 10
301962333 0 0
301962330 1 0
301962327 3 24
301962325 5 0
301962324 0 0
301962321 7 4
301962320 0 0
301962319 0 32
301962318 1 0
301962316 0 0
301962306 2 53
301962296 8 3
301962294 3 0
301962285 8 0
301962284 8 0
301962280 0 4
301962276 1 0
301962275 11 0
301962271 16 1
301962264 0 2
301962252 6 0
301962251 13 1
301962247 2 0
301962240 33 0
301962239 4 0
301962237 2 0
301962236 2 0
301962234 1 0
301962231 4 68
301962229 2 0
301962228 4 1
301962221 30 0
301962218 7 0
301962211 2 0
301962210 12 0
301962209 9 0
301962207 2 1
301962202 8 1
301962201 8 1
301962198 1 0
301962196 18 1
301962194 33 0
301962185 0 1
301962181 0 1
301962180 11 0
301962178 12 0
301962177 1 0
301962170 11 0
301962167 273 2
301962166 5 1
301962162 1 0
301962160 2 0
301962159 12 0
301962153 2 63
301962148 2 0
301962146 15 0
301962143 4 0
301962133 4 58
301962132 0 0
301962130 21 0
301962122 22 0
301962115 1 0
301962113 361 3
301962109 9 0
301962100 5 0
301962098 5 0
301962095 4 1
301962091 1 0
301962089 13 0
301962086 3 0
301962080 9 1
301962078 2 0
301962077 0 0
301962072 2 94
301962071 12 1
301962067 19 0
301962066 1 0
301962064 0 22
301962062 22 2
301962060 2 1
301962058 6 0
301962057 1 0
301962053 3 2
301962051 1 0
301962049 3 59
301962040 11 2
301962034 12 0
301962032 0 0
301962029 15 2
301962026 0 2
301962024 16 2
301962023 12 0
301962022 1 0
301962018 2 0
301962017 242 15
301962016 0 0
301962015 4 15
301962013 22 0
301962010 3 27
301962006 7 0
301962001 13 1
301961986 27 0
301961985 9 2
301961981 8 2
301961977 13 1
301961974 1 1
301961973 21 0
301961968 26 1
301961967 16 0
301961961 2 25
301961959 5 0
301961954 7 1
301961953 2 1
301961952 15 1
301961947 3 61
301961944 2 56
301961935 4 1
301961934 28 3
301961931 6 35
301961930 7 1
301961929 8 1
301961928 18 5
301961925 0 0
301961924 8 2
301961919 22 6
301961914 9 0
301961908 7 0
301961906 9 1
301961904 0 32
301961902 3 0
301961901 16 2
301961899 8 0
301961897 4 0
301961886 0 0
301961884 3 0
301961879 8 1
301961877 3 21
301961876 11 0
301961874 16 11
301961872 17 0
301961870 17 1
301961863 6 0
301961860 0 0
301961857 14 1
301961856 0 57
301961846 7 1
301961842 7 0
301961836 8 0
301961835 4 1
301961834 6 0
301961833 9 0
301961832 0 0
301961827 0 0
301961824 8 0
301961821 9 0
301961816 8 0
301961809 0 0
301961808 6 1
301961807 3 0
301961806 5 0
301961800 6 0
301961799 4 0
301961793 3 0
301961791 13 0
301961790 4 21
301961787 5 0
301961783 6 0
301961777 7 9
301961775 13 0
301961774 2 1
301961760 0 0
301961759 1 0
301961758 13 3
301961755 6 0
301961751 4 0
301961750 0 0
301961749 6 1
301961743 9 0
301961738 13 2
301961736 3 0
301961734 4 0
301961730 5 1
301961727 11 0
301961721 7 1
301961720 10 0
301961719 0 0
301961718 10 2
301961716 3 1
301961715 3 1
301961711 7 2
301961708 6 0
301961706 3 0
301961703 1 0
301961699 1 0
301961694 3 0
301961685 8 0
301961684 0 0
301961679 2 0
301961670 5 0
301961669 2 0
301961662 7 0
301961658 10 0
301961656 0 0
301961655 1 0
301961650 1 0
301961647 0 0
301961646 3 0
301961642 0 0
301961639 4 0
301961637 13 0
301961636 14 0
301961635 3 0
301961634 5 0
301961632 6 1
301961627 0 0
301961626 14 0
301961618 8 2
301961614 3 0
301961611 5 0
301961610 13 0
301961605 13 0
301961600 0 0
301961598 4 1
301961595 0 1
301961592 578 5
301961588 4 1
301961582 1 34
301961575 11 5
301961566 10 1
301961564 5 0
301961559 2 0
301961555 5 0
301961548 0 0
301961543 1 0
301961542 11 0
301961541 0 0
301961539 6 0
301961529 11 1
301961523 2060 6
301961519 0 0
301961518 11 1
301961517 3 0
301961507 667 3
301961503 0 0
301961490 2 0
301961488 8 0
301961482 0 0
301961479 6 0
301961471 7 1
301961466 6 0
301961465 6 0
301961463 9 1
301961461 8 0
301961460 2 0
301961456 17 0
301961446 0 0
301961443 1 11
301961435 10 1
301961434 0 0
301961429 11 0
301961428 0 0
301961425 0 0
301961420 5 1
301961419 11 0
301961414 5 1
301961411 1 0
301961410 9 1
301961402 9 0
301961400 6 0
301961399 3 23
301961397 8 44
301961395 2 1
301961388 6 0
301961387 6 2
301961384 22 0
301961374 7 0
301961362 10 1
301961361 16 0
301961360 4 0
301961358 0 0
301961340 0 0
301961334 14 0
301961331 26 1
301961327 32 0
301961324 7 0
301961322 25 4
301961317 1 0
301961314 4 5
301961311 19 2
301961308 6 0
301961306 1 0
301961303 0 0
301961301 29 9
301961298 14 1
301961293 0 0
301961289 11 0
301961283 11 0
301961280 7 1
301961277 6 0
301961276 3 0
301961273 3 0
301961271 6 0
301961270 8 1
301961267 3 21
301961265 5 0
301961253 830 26
301961252 10 0
301961248 0 0
301961238 2 1
301961234 10 1
301961230 5 0
301961228 5 0
301961223 11 1
301961221 0 0
301961217 1 0
301961215 11 0
301961211 0 0
301961210 197 7
301961208 0 0
301961207 0 0
301961205 2 0
301961201 8 0
301961189 8 0
301961188 21 0
301961182 6 0
301961179 7 0
301961177 0 0
301961172 366 1
301961167 8 0
301961166 25 0
301961164 6 0
301961162 3 52
301961160 7 0
301961151 11 0
301961150 18 0
301961147 7 0
301961139 0 0
301961138 0 0
301961132 12 1
301961119 8 0
301961115 7 1
301961114 0 0
301961112 4 7
301961110 0 0
301961107 0 0
301961100 9 1
301961086 14 0
301961085 8 1
301961074 6 0
301961053 6 0
301961044 2 0
301961039 569 7
301961036 2 9
301961035 0 0
301961025 6 19
301961014 1 20
301961013 1 0
301961010 6 1
301961002 12 0
301960998 1 1
301960995 1 3
301960990 4 0
301960989 4 0
301960979 0 0
301960978 5 1
301960973 2 0
301960972 9 0
301960969 9 0
301960963 0 0
301960962 3 0
301960957 6 0
301960944 3 0
301960935 1 0
301960928 4 0
301960925 397 4
301960923 2 0
301960914 0 0
301960912 7 0
301960911 0 0
301960884 2 0
301960882 12 2
301960868 235 20
301960865 2 0
301960860 0 0
301960853 6 0
301960849 5 0
301960848 5 0
301960846 5 0
301960841 15 23
301960838 12 0
301960837 10 0
301960829 3 0
301960823 3 1
301960822 1 0
301960812 11 0
301960806 5 0
301960805 0 0
301960796 1 0
301960785 6 0
301960783 4 0
301960781 11 1
301960779 1 0
301960776 10 0
301960773 5 1
301960764 0 0
301960756 9 0
301960754 3 0
301960748 4 0
301960746 2 55
301960740 10 0
301960736 2 1
301960733 9 1
301960732 1 0
301960731 9 0
301960709 5 21
301960706 2 1
301960705 0 0
301960699 3 0
301960694 13 0
301960691 5 0
301960688 4 0
301960687 5 0
301960685 11 0
301960682 8 1
301960679 8 0
301960678 11 1
301960677 6 0
301960675 11 0
301960671 10 3
301960667 13 1
301960666 0 1
301960664 4 6
301960660 0 0
301960654 11 0
301960648 438 3
301960645 8 0
301960637 1 0
301960631 6 0
301960629 8 0
301960626 0 0
301960625 5 0
301960621 23 0
301960619 2 0
301960618 1 0
301960617 9 0
301960615 8 0
301960604 7 0
301960603 13 0
301960591 4 0
301960588 8 0
301960587 9 0
301960585 0 1
301960574 2 1
301960572 3 0
301960571 15 0
301960570 17 1
301960568 8 0
301960567 2 0
301960562 3 0
301960561 8 0
301960560 3 0
301960559 0 0
301960549 4 0
301960538 13 0
301960536 2 0
301960533 6 0
301960532 5 0
301960521 6 1
301960517 11 0
301960511 4 0
301960510 5 1
301960509 3 2
301960507 4 0
301960504 10 1
301960502 13 0
301960497 4 0
301960495 4 51
301960494 2 6
301960491 11 1
301960485 10 0
301960482 197 9
301960481 15 0
301960476 2 0
301960465 10 0
301960462 2 0
301960456 10 5
301960452 6 0
301960451 5 1
301960448 3 20
301960445 4 50
301960444 4 1
301960442 1 0
301960438 0 0
301960436 9 0
301960435 4 0
301960425 3 55
301960417 6 3
301960412 9 0
301960411 0 0
301960409 3 19
301960403 1 0
301960397 0 0
301960393 2 1
301960390 617 4
301960385 1 1
301960372 1 0
301960349 10 1
301960347 4 0
301960344 0 0
301960339 4 1
301960336 1 0
301960333 5 0
301960330 7 1
301960328 0 0
301960326 0 0
301960322 1 0
301960319 0 1
301960318 3 0
301960316 0 0
301960314 0 0
301960309 5 1
301960308 7 0
301960299 2 0
301960293 12 0
301960284 13 0
301960271 12 0
301960269 2 11
301960266 0 0
301960254 1 16
301960250 0 1
301960249 2 0
301960247 7 0
301960244 4 0
301960236 6 0
301960235 16 0
301960232 10 3
301960230 0 1
301960213 8 1
301960197 7 0
301960196 0 0
301960188 6 0
301960182 0 0
301960180 3 3
301960177 18 2
301960172 3 3
301960146 3 0
301960141 24 0
301960133 5 1
301960128 6 0
301960124 9 1
301960121 23 0
301960115 9 1
301960111 2 5
301960102 11 4
301960099 0 0
301960093 0 3
301960091 11 1
301960090 5 0
301960087 5 2
301960086 8 1
301960080 2 1
301960065 0 0
301960058 11 1
301960050 4 1
301960048 7 0
301960044 6 0
301960043 9 2
301960041 0 10
301960038 10 0
301960036 0 0
301960034 374 2
301960028 1 0
301960023 9 0
301960020 17 0
301960018 5 0
301960013 1 0
301959991 4 0
301959984 14 0
301959980 3 0
301959979 6 0
301959974 2 0
301959973 0 0
301959970 3 0
301959966 3 0
301959964 12 0
301959963 12 11
301959955 8 1
301959954 4 0
301959948 12 0
301959944 12 1
301959941 8 3
301959939 3 8
301959937 633 5
301959933 0 1
301959931 4 0
301959926 0 0
301959924 6 1
301959923 0 0
301959919 11 0
301959912 8 0
301959890 3 0
301959888 2 0
301959886 6 0
301959878 1 0
301959875 0 0
301959871 1 0
301959870 5 2
301959865 1 0
301959854 6 0
301959850 4 0
301959844 15 0
301959839 11 0
301959838 10 1
301959834 16 1
301959830 0 0
301959824 1 0
301959819 15 0
301959816 15 0
301959811 11 0
301959810 5 0
301959790 9 0
301959787 21 1
301959785 8 0
301959783 3 0
301959781 8 0
301959779 346 19
301959775 11 3
301959774 8 0
301959773 6 1
301959771 5 0
301959764 0 0
301959763 13 2
301959759 2 0
301959754 4 0
301959746 2 0
301959745 253 20
301959736 6 0
301959733 5 3
301959732 10 1
301959729 0 0
301959725 7 0
301959721 0 0
301959715 2 0
301959709 1 0
301959702 435 7
301959701 0 0
301959697 2 1
301959693 2 0
301959692 3 0
301959690 3 1
301959686 8 0
301959684 1126 14
301959683 14 1
301959682 5 0
301959681 6 1
301959673 12 0
301959669 7 0
301959668 8 0
301959664 14 1
301959663 5 0
301959659 0 1
301959658 17 2
301959657 1 0
301959642 7 1
301959640 0 1
301959637 3 2
301959636 600 3
301959632 0 0
301959621 0 0
301959619 8 1
301959618 3 1
301959617 14 1
301959613 10 1
301959610 0 1
301959609 1 1
301959606 1 1
301959600 1 0
301959595 10 0
301959591 1 1
301959586 9 1
301959580 8 2
301959572 10 1
301959566 1 0
301959562 3 0
301959556 12 1
301959554 2 12
301959553 5 0
301959552 7 0
301959545 3 0
301959542 0 0
301959537 3 0
301959532 10 1
301959524 13 2
301959522 1 0
301959521 1 1
301959517 9 0
301959511 7 1
301959507 0 0
301959500 6 1
301959498 4 0
301959485 0 2
301959484 5 2
301959470 9 0
301959460 2 0
301959458 2 0
301959450 4 4
301959442 6 0
301959435 1 0
301959433 4 2
301959432 3 1
301959420 5 1
301959418 2 0
301959412 6 3
301959410 9 1
301959403 9 0
301959390 0 0
301959387 3 0
301959386 3 1
301959385 7 4
301959378 0 1
301959370 7 1
301959369 8 0
301959365 1 0
301959363 4 0
301959361 2 19
301959354 0 0
301959352 4 0
301959348 0 0
301959345 1 0
301959342 6 1
301959331 0 0
301959324 13 0
301959316 4 1
301959311 6 1
301959310 0 8
301959273 7 0
301959268 3 0
301959259 7 9
301959255 4 1
301959253 4 1
301959250 1 0
301959237 8 1
301959234 4 1
301959214 1 11
301959211 4 0
301959210 4 1
301959209 0 2
301959205 9 9
301959192 1 0
301959190 9 3
301959180 2 1
301959176 8 0
301959172 24 3
301959171 7 4
301959159 0 0
301959158 3 1
301959151 7 1
301959145 6 2
301959142 6 0
301959138 10 0
301959130 5 2
301959125 4 1
301959124 9 2
301959119 5 1
301959117 4 1
301959111 2 6
301959108 0 0
301959103 7 0
301959099 13 1
301959098 0 0
301959093 4 0
301959076 10 0
301959070 6 0
301959059 5 0
301959056 4 1
301959053 5 0
301959052 7 1
301959050 6 0
301959036 5 4
301959035 19 0
301959031 2 0
301959028 0 0
301959025 4 0
301959021 0 0
301959015 0 20
301959014 440 8
301959012 4 1
301959011 7 0
301959001 3 0
301958995 7 37
301958987 16 0
301958986 3 0
301958970 0 0
301958963 5 0
301958957 3 0
301958956 2 0
301958954 3 0
301958952 10 2
301958951 3 0
301958949 14 0
301958937 0 0
301958925 7 0
301958919 22 1
301958912 0 0
301958911 3 4
301958898 5 0
301958895 401 6
301958892 8 0
301958884 1 0
301958883 16 0
301958879 0 0
301958870 5 0
301958869 3 0
301958866 1 0
301958849 8 0
301958844 638 3
301958836 12 2
301958824 0 0
301958821 0 0
301958819 8 0
301958818 0 0
301958815 13 0
301958812 5 0
301958804 7 0
301958803 9 1
301958799 1939 41
301958797 11 0
301958793 5 0
301958788 11 0
301958784 6 0
301958776 10 0
301958775 8 4
301958769 10 0
301958761 7 1
301958756 6 0
301958740 6 0
301958713 0 0
301958708 8 2
301958704 7 1
301958694 28 1
301958692 7 0
301958688 7 2
301958680 16 1
301958674 11 0
301958673 4 47
301958671 1 41
301958668 4 8
301958651 10 0
301958650 3 0
301958647 21 0
301958636 843 13
301958629 2 0
301958623 5 0
301958613 4 0
301958597 5 0
301958595 521 10
301958587 8 0
301958579 789 4
301958561 6 0
301958550 21 0
301958549 4 2
301958548 7 27
301958543 5 0
301958539 2 1
301958538 0 0
301958536 3 1
301958535 3 0
301958532 5 0
301958531 3 3
301958530 6 0
301958527 16 1
301958520 2 0
301958516 6 0
301958515 1 0
301958509 5 1
301958507 9 0
301958499 7 0
301958490 2 0
301958489 9 1
301958478 14 0
301958467 5 24
301958465 7 3
301958464 3 1
301958461 2 0
301958451 7 18
301958445 3 0
301958440 4 0
301958437 3 0
301958434 24 2
301958432 2268 6
301958431 6 0
301958427 0 0
301958417 0 1
301958416 7 0
301958415 2 1
301958409 0 1
301958407 27 0
301958403 707 6
301958398 4 0
301958397 10 1
301958388 6 0
301958387 6 1
301958381 5 0
301958377 11 0
301958374 1 0
301958368 9 0
301958361 11 1
301958353 1 0
301958352 11 2
301958345 13 1
301958331 2 0
301958327 12 4
301958322 4 0
301958314 3 0
301958311 2 53
301958305 13 0
301958298 5 2
301958296 3 0
301958279 347 9
301958273 10 1
301958269 1 0
301958267 7 1
301958262 3 0
301958256 6 0
301958244 22 0
301958243 14 0
301958242 2 1
301958238 1130 7
301958236 19 0
301958233 0 0
301958231 5 0
301958226 1 0
301958222 4 1
301958211 4 0
301958208 1 1
301958195 7 0
301958192 1 0
301958189 7 0
301958184 5 0
301958182 6 1
301958176 2 1
301958174 2 22
301958169 1 0
301958168 0 4
301958164 10 0
301958161 0 0
301958153 7 0
301958150 9 0
301958126 7 0
301958125 11 1
301958121 991 16
301958119 10 0
301958114 8 1
301958112 6 6
301958106 15 0
301958104 4 0
301958102 5 0
301958095 5 1
301958094 4 0
301958080 4 0
301958073 13 0
301958072 6 0
301958063 5 0
301958053 3 44
301958052 18 2
301958044 9 0
301958043 4 0
301958042 0 1
301958036 5 0
301958032 10 1
301958030 5 0
301958028 5 0
301958018 7 3
301958014 0 1
301958012 1 0
301958005 4 24
301958004 11 0
301958000 0 0
301957999 5 1
301957996 1 0
301957987 4 0
301957983 3 0
301957977 3 0
301957961 8 0
301957956 8 0
301957947 1 0
301957932 7 1
301957928 9 11
301957924 11 0
301957920 2 0
301957918 5 2
301957915 3 0
301957911 4 9
301957896 3 1
301957894 4 1
301957892 1 0
301957891 13 1
301957888 3 0
301957882 3 1
301957874 27 1
301957866 11 0
301957864 0 0
301957860 11 1
301957858 6 0
301957856 1 0
301957848 10 0
301957847 1 0
301957843 0 5
301957841 193 14
301957838 19 9
301957837 1393 12
301957833 3 0
301957832 789 10
301957831 4 2
301957830 2 0
301957828 16 4
301957817 2 30
301957792 15 0
301957787 1 18
301957786 0 34
301957783 12 0
301957775 4 0
301957771 5 0
301957766 20 9
301957754 1 26
301957752 2 3
301957739 5 1
301957735 3 1
301957730 0 1
301957724 8 0
301957720 1 24
301957718 4 0
301957713 4 0
301957710 6 0
301957705 0 0
301957704 4 0
301957702 3 0
301957700 646 9
301957697 1 13
301957695 2 0
301957681 2 0
301957668 1 0
301957663 2 68
301957660 10 0
301957655 0 0
301957653 3 0
301957651 1 2
301957648 10 2
301957646 1 0
301957645 3 2
301957639 1 14
301957634 0 2
301957624 8 2
301957623 1 0
301957617 4 0
301957616 1 17
301957614 19 0
301957597 4 0
301957590 0 0
301957585 0 24
301957581 2 0
301957580 6 0
301957578 11 1
301957576 0 0
301957563 0 14
301957550 0 1
301957541 12 3
301957540 7 1
301957539 0 1
301957536 6 0
301957516 3 2
301957515 0 0
301957513 1 93
301957508 4 0
301957492 5 0
301957488 7 1
301957487 2 16
301957483 1 36
301957481 2 0
301957476 2 1
301957472 11 0
301957465 0 0
301957455 3 0
301957454 1 1
301957452 2 0
301957450 2 0
301957438 0 1
301957436 5 1
301957429 0 0
301957425 8 1
301957420 0 32
301957415 2 0
301957400 3 0
301957399 2 0
301957397 0 26
301957394 4 0
301957392 2 0
301957383 6 0
301957378 6 0
301957373 13 4
301957365 2 32
301957363 8 0
301957360 0 0
301957349 2 0
301957347 3 0
301957340 1058 15
301957333 2 0
301957331 2 0
301957316 7 12
301957304 0 0
301957295 1 0
301957290 6 20
301957287 2 0
301957283 0 0
301957275 5 0
301957272 6 0
301957271 3 19
301957270 10 0
301957264 3 0
301957263 2 1
301957262 0 0
301957261 0 0
301957260 4 1
301957259 5 0
301957258 3 0
301957254 5 0
301957244 0 0
301957237 11 4
301957235 5 79
301957234 10 1
301957231 2 0
301957222 0 33
301957201 6 0
301957191 0 17
301957187 9 0
301957183 2 26
301957177 5 0
301957169 0 0
301957165 0 0
301957162 4 0
301957158 2 0
301957157 1 57
301957154 9 0
301957152 0 0
301957149 8 0
301957130 2 43
301957116 1 0
301957106 6 0
301957105 0 0
301957104 0 9
301957097 8 0
301957095 1167 7
301957093 3 0
301957092 0 0
301957091 0 0
301957076 4 2
301957073 0 24
301957068 5 0
301957061 0 0
301957042 3 33
301957038 0 15
301957030 1469 9
301957024 14 0
301957022 2 0
301957010 1 1
301956989 1 18
301956971 2 1
301956963 1 37
301956949 3 0
301956941 15 0
301956940 6 40
301956936 0 0
301956933 1 1
301956919 1 1
301956913 2 0
301956912 7 0
301956910 1 1
301956908 4 14
301956901 4 0
301956891 0 0
301956879 6 1
301956878 0 0
301956875 4 0
301956862 0 1
301956852 0 0
301956846 1 1
301956808 0 1
301956802 7 0
301956799 7 1
301956786 11 1
301956777 9 0
301956752 0 7
301956747 1 0
301956744 8 0
301956735 0 0
301956708 1 0
301956703 2 0
301956700 727 2
301956697 9 0
301956690 6 1
301956668 5 4
301956665 0 0
301956652 1 0
301956636 10 0
301956625 8 1
301956615 4 0
301956601 1 0
301956579 3 1
301956555 6 0
301956552 5 0
301956543 7 0
301956538 883 9
301956522 4 0
301956519 955 11
301956513 10 0
301956502 1 0
301956496 5 1
301956490 0 0
301956486 3 0
301956482 1 0
301956466 1 6
301956463 0 0
301956449 8 1
301956446 6 1
301956445 642 2
301956442 11 2
301956428 20 0
301956420 2 0
301956390 3 0
301956376 5 1
301956361 9 0
301956356 3 1
301956351 3 0
301956334 11 0
301956330 918 13
301956326 8 3
301956325 0 0
301956314 0 0
301956304 3 0
301956282 5 0
301956260 0 0
301956243 1257 13
301956240 1251 8
301956239 8 0
301956230 5 0
301956226 7 0
301956203 5 0
301956194 5 0
301956158 7 1
301956152 0 0
301956149 974 25
301956133 0 0
301956127 9 23
301956122 8 0
301956105 4 0
301956103 5 1
301956091 0 0
301956090 0 0
301956068 2 0
301956054 14 0
301956043 8 0
301956031 17 4
301956024 3 0
301956022 2 0
301956021 3 0
301956018 10 0
301956009 11 0
301955982 921 8
301955979 3 0
301955959 1 0
301955943 6 0
301955933 9 1
301955932 0 0
301955930 11 0
301955922 15 1
301955921 4 3
301955918 12 0
301955917 1 0
301955913 0 0
301955885 933 5
301955884 2 1
301955877 0 0
301955875 1 0
301955858 5 1
301955849 1 0
301955848 5 0
301955840 1 0
301955825 3 0
301955823 1 0
301955810 2 0
301955808 1 3
301955806 4 1
301955803 7 0
301955789 2 33
301955785 798 6
301955772 3 0
301955771 0 0
301955768 1 0
301955756 0 0
301955755 687 11
301955751 923 17
301955742 0 1
301955740 0 1
301955729 0 0
301955724 638 5
301955720 6 0
301955716 6 0
301955710 3 0
301955704 5 1
301955703 4 3
301955701 5 3
301955693 1980 39
301955687 1 1
301955686 848 5
301955680 10 0
301955677 7 0
301955673 2 0
301955672 1611 35
301955670 6 1
301955669 6 0
301955664 16 0
301955663 4 0
301955658 5 0
301955656 0 0
301955650 1002 3
301955647 0 0
301955644 4 0
301955643 15 1
301955641 2 0
301955635 1568 20
301955634 6 2
301955630 7 1
301955628 8 0
301955626 0 0
301955615 1 1
301955613 7 0
301955612 0 0
301955611 1666 5
301955610 2 1
301955607 6 0
301955606 723 6
301955602 0 0
301955599 0 0
301955596 1 0
301955592 1211 8
301955591 4 0
301955590 0 0
301955588 15 0
301955586 7 2
301955585 4 0
301955583 5 1
301955582 6 0
301955581 7 0
301955580 9 0
301955577 4 1
301955574 1679 9
301955573 2 0
301955572 6 0
301955571 1564 4
301955570 2 0
301955569 3 1
301955567 711 27
301955564 6 0
301955563 2 27
301955562 3 1
301955561 2 0
301955557 2 0
301955556 5 1
301955552 5 28
301955551 9 1
301955550 6 0
301955547 5 0
301955545 10 1
301955544 4 1
301955543 10 0
301955541 1526 7
301955538 1621 18
301955536 4 1
301955533 3 2
301955532 4 2
301955531 4 0
301955528 1 4
301955527 3 0
301955526 0 0
301955523 11 1
301955522 5 1
301955521 9 0
301955519 0 0
301955518 4 0
301955515 7 1
301955513 3 1
301955511 1979 11
301955510 3 1
301955509 3 0
301955507 2 4
301955506 1005 4
301955504 2 1
301955503 0 0
301955501 8 3
301955500 2333 8
301955499 1438 9
301955498 9 31
301955494 4 0
301955491 9 0
301955488 9 0
301955484 4 1
301955483 9 0
301955481 1 0
301955479 12 1
301955476 11 0
301955475 1 0
301955472 0 0
301955471 9 1
301955470 0 0
301955469 657 3
301955468 9 0
301955467 2 0
301955466 0 0
301955465 698 3
301955464 0 0
301955463 6 1
301955462 5 0
301955460 0 0
301955459 7 1
301955457 0 0
301955452 5 0
301955450 6 0
301955448 2 1
301955445 642 2
301955443 0 0
301955442 5 2
301955439 7 0
301955438 0 0
301955436 5 0
301955434 8 0
301955431 6 0
301955430 5 0
301955429 3 0
301955428 4 1
301955427 1 0
301955425 0 2
301955423 306 1
301955422 1004 43
301955421 6 2
301955420 2 0
301955418 4 0
301955417 7 0
301955411 0 2
301955408 11 0
301955406 3217 21
301955404 0 0
301955402 2029 6
301955400 3 0
301955399 0 1
301955397 1 0
301955396 0 0
301955395 7 1
301955394 4 1
301955393 4 2
301955392 3 0
301955389 5 0
301955384 1 0
301955383 9 0
301955381 3 0
301955380 0 0
301955379 7 0
301955377 0 0
301955376 0 0
301955371 9 0
301955370 0 0
301955369 1625 19
301955368 1 1
301955365 5 0
301955363 9 0
301955360 1694 16
301955357 9 0
301955356 0 1
301955355 1 1
301955353 3 2
301955352 0 1
301955351 5 0
301955349 860 4
301955348 6 1
301955346 0 0
301955345 0 1
301955344 2 2
301955343 1 0
301955341 2895 56
301955340 0 0
301955337 0 0
301955336 0 0
301955334 9 0
301955331 2 0
301955330 0 0
301955329 6 0
301955326 4 28
301955325 2 0
301955319 6 1
301955317 2044 13
301955316 1 0
301955315 4 4
301955312 4 2
301955310 0 2
301955309 5 41
301955307 646 4
301955306 4 1
301955305 1350 10
301955302 12 1
301955301 25 7
301955300 2 30
301955299 7 1
301955297 10 5
301955295 6 0
301955291 9 0
301955290 2 0
301955289 15 1
301955288 5 0
301955287 8 7
301955285 3 0
301955280 2 41
301955279 1 0
301955278 2 31
301955277 6 1
301955276 1145 7
301955275 5 0
301955274 7 32
301955268 6 0
301955267 1667 7
301955264 3 0
301955262 739 9
301955261 695 15
301955260 4 0
301955257 7 1
301955256 0 0
301955255 6 0
301955254 10 0
301955253 948 7
301955250 3 1
301955249 3 0
301955248 1 1
301955247 2 26
301955244 5 5
301955240 5 1
301955238 0 0
301955234 16 0
301955233 6 22
301955232 10 0
301955229 2 0
301955227 5 27
301955226 14 2
301955225 2 0
301955224 3 2
301955223 893 1
301955217 2 1
301955216 13 0
301955215 11 0
301955213 8 3
301955211 0 0
301955209 13 0
301955207 8 0
301955201 0 0
301955200 9 0
301955199 2 0
301955198 4597 59
301955197 1 1
301955196 4 1
301955195 1955 8
301955194 0 0
301955193 6 0
301955192 8 0
301955189 11 0
301955188 7 0
301955187 6 30
301955184 7226 40
301955181 1 0
301955177 1 0
301955176 4076 42
301955175 1586 17
301955174 1 0
301955173 5 43
301955172 2 0
301955170 1305 5
301955168 3348 37
301955167 1012 15
301955166 8 42
301955165 8 0
301955162 1 0
301955161 11 0
301955160 803 8
301955158 4 0
301955157 4 0
301955156 0 42
301955155 16 1
301955154 3 0
301955153 0 2
301955152 0 0
301955149 5 0
301955148 1 7
301955146 3 0
301955145 1 0
301955144 4694 55
301955143 1156 46
301955142 3346 27
301955139 0 1
301955137 5 2
301955135 12 0
301955133 7 0
301955131 5 0
301955130 1 0
301955129 5 0
301955128 1020 5
301955127 1 0
301955124 1 0
301955123 1516 11
301955122 3577 32
301955121 2808 23
301955120 9 0
301955118 0 0
301955117 0 0
301955115 8 0
301955114 2 0
301955113 0 0
301955112 4 0
301955111 0 1
301955110 4 0
301955109 4 0
301955108 5 0
301955106 0 0
301955105 6 0
301955103 9 0
301955102 4 0
301955101 15 0
301955100 9 2
301955098 8105 55
301955097 4 0
301955096 0 0
301955095 1453 22
301955094 0 1
301955093 0 0
301955092 0 0
301955091 2 5
301955090 5 0
301955089 0 0
301955088 4 1
301955087 7 0
301955086 1844 10
301955085 0 0
301955084 1300 7
301955082 0 1
301955081 1 0
301955080 714 3
301955078 0 0
301955077 2161 40
301955075 1 1
301955074 3 0
301955073 6 0
301955072 1 1
301955071 4 1
301955069 3 39
301955068 6 0
301955066 4 0
301955065 5 0
301955064 11 1
301955063 5 1
301955061 0 2
301955060 11 1
301955059 6 0
301955058 4 10
301955057 1 15
301955056 2 0
301955055 1 0
301955054 1 0
301955053 0 0
301955051 0 0
301955050 3 0
301955049 438 2
301955048 5 0
301955047 5 1
301955046 2 2
301955045 7 2
301955044 5 2
301955043 6 1
301955042 7 0
301955040 0 0
301955039 2513 23
301955038 0 0
301955037 2 0
301955036 8 0
301955035 9 0
301955034 3 0
301955033 9 1
301955032 0 0
301955031 0 0
301955030 6 1
301955029 0 0
301955028 1 0
301955027 9 0
301955026 14 5
301955025 11 0
301955024 7 0
301955023 13 0
301955022 8 0
301955021 4 0
301955020 3 4
301955019 5 1
301955017 0 0
301955015 2 1
301955014 2 0
301955013 1 0
301955012 2 2
301955011 1 0
301955010 4 0
301955008 0 0
301955007 0 0
301955006 4 0
301955005 6 2
301955004 7 4
301955003 1 0
301955002 10 1
301955001 5 2
301955000 6 0
301954999 8 0
301954998 1492 72
301954997 1 0
301954996 11 0
301954995 0 0
301954994 7 0
301954993 1 0
301954992 2 3
301954990 1 0
301954989 1 0
301954988 5 1
301954987 1 20
301954986 6 2
301954985 742 9
301954984 3 0
301954983 8 2
301954982 0 2
301954979 6 3
301954978 5 0
301954977 0 2
301954976 4 0
301954975 2 1
301954974 2539 32
301954973 5 0
301954972 10 1
301954971 9 1
301954970 1 0
301954969 1190 78
301954968 699 7
301954967 1 1
301954965 1 0
301954963 1 0
301954960 8 0
301954959 2 0
301954958 8 1
301954957 4 1
301954956 5 0
301954954 1 0
301954953 10 1
301954951 2 0
301954950 0 0
301954947 5 0
301954946 3 0
301954945 7 0
301954944 4 1
301954943 5 0
301954942 1 0
301954941 3 0
301954939 3 0
301954938 13 0
301954937 0 0
301954936 11 2
301954934 0 0
301954933 1 1
301954930 2 2
301954929 1 1
301954928 0 0
301954927 5 0
301954926 0 0
301954924 13 2
301954923 2 0
301954922 7 32
301954921 0 0
301954920 0 0
301954919 3 0
301954917 0 0
301954916 3 3
301954915 5 0
301954914 12 0
301954912 1 0
301954909 0 0
301954908 0 0
301954907 3 0
301954906 9 0
301954905 3 0
301954904 3 0
301954900 0 0
301954899 11 0
301954898 0 0
301954897 1 0
301954896 1 0
301954895 2 3
301954894 0 1
301954893 0 0
301954892 0 1
301954891 1 0
301954890 2 1
301954889 0 0
301954888 1 0
301954886 7 6
301954885 18 2
301954884 2 1
301954883 0 2
301954882 7 0
301954881 5 0
301954879 3 0
301954878 6 1
301954877 9 0
301954876 0 1
301954875 5322 58
301954874 8 0
301954870 3 1
301954869 4 0
301954867 0 0
301954866 1 0
301954865 1 0
301954864 2 1
301954863 0 1
301954862 0 0
301954861 2 1
301954860 6 1
301954859 1 0
301954858 1 2
301954857 0 0
301954854 6 0
301954853 1 1
301954851 2 1
301954849 1 0
301954848 2 0
301954846 0 1
301954845 1 0
301954844 1 0
301954843 2 1
301954842 2 0
301954841 2 0
301954840 9 0
301954839 7 0
301954838 0 0
301954837 0 0
301954834 0 0
301954833 1 1
301954832 8 0
301954830 2 0
301954829 2 3
301954828 2 0
301954827 1 0
301954826 8 5
301954825 2 0
301954824 3 0
301954822 3 0
301954819 0 0
301954818 1 0
301954816 6 0
301954815 2 2
301954812 1 2
301954809 1 0
301954808 3 1
301954807 0 1
301954805 2 1
301954804 0 0
301954803 4 0
301954802 0 1
301954801 0 1
301954799 6 2
301954798 1 0
301954795 0 0
301954794 0 0
301954793 3 0
301954792 1 1
301954791 0 1
301954790 0 1
301954787 8 3
301954786 0 3
301954785 0 2
301954784 0 1
301954783 2 1
301954782 0 0
301954780 6 2
301954779 0 2
301954778 4 0
301954777 0 0
301954774 0 0
301954773 0 1
301954772 2 1
301954771 1 10
301954770 0 1
301954769 1 0
301954768 0 0
301954766 0 0
301954765 1 0
301954764 2 0
301954763 1 1
301954762 1 1
301954761 2 1
301954760 1 1
301954758 2 6
301954756 3 0
301954755 3 2
301954754 2 2
301954753 1 2
301954751 2 1
301954750 1 0
301954748 2 1
301954747 2 2
301954746 1 3
301954745 2 2
301954743 3 1
