303956475 1 0
303864270 0 1
303814786 2 0
303744258 2 0
303741422 1 0
303737233 2 0
303706239 5 0
303670328 7 3
303661630 5 1
303506714 2 0
303499532 1 0
303496735 0 0
303405781 0 0
303325827 4 1
303325325 0 1
303317679 3 0
303316597 21 0
303314027 1 0
303314022 9 15
303308678 6 1
303250263 0 0
303243678 5 1
303153049 2 0
303138180 0 6
303093224 0 10
303091004 6 22
303079645 7 0
303079076 7 3
303073932 6 1
303071995 8 3
303070778 2 11
303070766 1 17
303070755 8 10
303067651 2 3
303021098 3 0
302987737 1 0
302987720 1 0
302977335 15 1
302974683 4 1
302952086 3 21
302926819 3 0
302926463 2 4
302926446 9 3
302913029 1 1
302913022 1 1
302892554 0 4
302888691 3 2
302888049 0 0
302884969 2 1
302883647 2 0
302883090 6 0
302882458 10 2
302882030 8 0
302877131 11 1
302871011 3 8
302829760 1 0
302829753 4 0
302829745 3 0
302817763 1 1
302817544 4 32
302812387 4 0
302776159 0 0
302762751 0 0
302743874 4 0
302740134 2 3
302730837 18 4
302730818 13 1
302725246 8 5
302724577 6 1
302720978 20 4
302720957 16 2
302714341 24 2
302712524 12 1
302709828 31 1
302688015 2 0
302686861 0 5
302645591 11 0
302644304 7 1
302643293 9 4
302636771 8 1
302636636 1 0
302635146 2 0
302634296 20 8
302631239 6 3
302578905 10 1
302578811 0 0
302569338 0 0
302568862 0 6
302553859 0 1
302497654 29 10
302497652 2 0
302495486 6 0
302492491 27 6
302489362 3 6
302488978 1 0
302438320 5 50
302424808 5 48
302411961 35 5
302411955 9 0
302409405 0 0
302408913 29 2
302406584 13 1
302401834 9 17
302401506 26 0
302401121 8 1
302401085 1 0
302400870 0 0
302400158 13 4
302398347 3 3
302398333 4 2
302330253 2 2
302329990 8 0
302316525 10 2
302315413 12 2
302307778 19 5
302307554 27 9
302277384 0 0
302251962 2 0
302238267 9 0
302238263 1 0
302236995 9 0
302235400 17 4
302234163 26 9
302232625 20 0
302231678 3 0
302202720 3 54
302200724 1 0
302198812 16 0
302194848 0 0
302190837 19 5
302186300 2 70
302182690 18 4
302181588 3 3
302181156 29 1
302180848 11 2
302180531 39 0
302176321 0 0
302175970 5 62
302175969 3 52
302174506 23 3
302174079 11 7
302173772 25 8
302173321 1 1
302159187 14 4
302138894 5 4
302138396 1 1
302116978 2 22
302109599 1 4
302093910 4 3
302093695 17 95
302093240 1 3
302078414 22 5
302078402 4 3
302078401 57 5
302078395 9 1
302077208 48 2
302075099 18 6
302073876 2 2
302070145 17 1
302065111 4 3
302056218 1 0
302035443 2 1
302034572 4 1
302030810 0 1
302029548 11 6
302029545 9 5
302028934 44 1
302028879 0 2
302026536 13 1
302023743 4 25
302017662 37 2
302014820 31 4
302014634 0 0
302014293 40 7
302014254 14 1
301973192 9 0
301971341 18 3
301970140 13 1
301964904 5 31
301964890 5 15
301964344 18 9
301964212 1 0
301957084 0 0
301949795 13 1
301915340 43 8
301914995 81 12
301914065 11 1
301912971 0 1
301912429 2 6
301912267 7 58
301912012 10 0
301911439 2 1
301911242 35 10
301911226 0 0
301910545 58 8
301910245 0 0
301910239 0 0
301893777 0 6
301888613 59 21
301888585 64 5
301864563 0 0
301864009 0 0
301863520 11 18
301863051 6 0
301862932 12 0
301860892 16 8
301860753 21 5
301860751 23 7
301860304 0 1
301860144 25 3
301859851 8 1
301859573 7 9
301858661 10 96
301858659 8 91
301857649 4 22
301857641 51 1
301856006 40 3
301854702 2 3
301831062 16 1
301830717 4 0
301811292 0 1
301811291 1 0
301811144 35 9
301804760 43 14
301799044 0 0
301799014 46 2
301798735 4 0
301798011 0 0
301797264 6 2
301795435 0 0
301793989 3 1
301793971 17 4
301793603 7 82
301793458 0 0
301793396 24 2
301793300 54 3
301793259 11 0
301792861 1 1
301792802 1 0
301792371 1 2
301791770 10 77
301791559 3 21
301791535 15 25
301791533 2 2
301791516 6 2
301791507 5 0
301791504 32 6
301791177 2 0
301791137 19 28
301791083 14 4
301790998 2 0
301790787 7 0
301789934 0 1
301787548 36 3
301787342 7 0
301779837 0 0
301775234 5 0
301775141 1 0
301770231 6 0
301761573 79 3
301759004 13 3
301753250 14 3
301740233 24 2
301740105 29 7
301738017 1 2
301737398 16 7
301736841 36 0
301734949 0 0
301733945 0 0
301732365 10 1
301726385 0 0
301726319 0 0
301726143 0 0
301725746 6 0
301725434 2 0
301725384 2 2
301725101 3 0
301724989 10 4
301724844 4 0
301724665 0 0
301724481 0 0
301724342 25 15
301723440 0 0
301723356 115 1
301723344 70 4
301723181 3 0
301723109 2 0
301722733 17 0
301722654 0 0
301718619 1 0
301718437 1 0
301718113 3 1
301717923 26 4
301717907 16 2
301717794 3 0
301717779 2 0
301717720 1 0
301717715 4 0
301717666 5 49
301717620 36 4
301717610 4 63
301717505 5 20
301717406 1 1
301717394 2 3
301717171 5 1
301717081 0 0
301717011 5 41
301716970 1 1
301716817 8 6
301716777 1 0
301716775 43 1
301716773 0 0
301716706 18 3
301716303 2 51
301716219 0 34
301716211 34 1
301715966 51 1
301715825 1 0
301715790 27 2
301715577 1 0
301715516 0 0
301715459 14 8
301715433 17 6
301715423 10 1
301715417 16 1
301715366 0 0
301715320 3 4
301715303 43 5
301715153 24 2
301715030 6 3
301714947 9 0
301714856 12 1
301714855 6 3
301714737 5 1
301714692 6 2
301714350 29 47
301714335 15 10
301713908 0 0
301713792 1 0
301713618 17 19
301712912 11 1
301712769 6 12
301712412 4 0
301711803 9 0
301711450 54 6
301709823 43 7
301709493 1 2
301709470 6 3
301707895 4 4
301705475 0 15
301705459 31 11
301705384 4 24
301705379 1 24
301704814 0 0
301704573 0 2
301704167 6 0
301704001 0 0
301703924 13 5
301703804 3 71
301703778 5 5
301703771 3 4
301703766 7 36
301703389 1 2
301703375 9 1
301701718 2 0
301700044 0 0
301699570 17 3
301699501 3 0
301697371 25 2
301686869 1 0
301686622 22 2
301686396 69 4
301686390 21 1
301686000 0 0
301683002 44 7
301682691 23 4
301677251 7 61
301670656 17 7
301669111 0 0
301668404 0 0
301668177 30 0
301667608 19 3
301667214 7 0
301667070 0 0
301666948 7 1
301666933 12 1
301666451 0 0
301665749 38 20
301665607 6 1
301664796 17 1
301663837 0 0
301663586 0 1
301663436 10 0
301662948 0 0
301662589 1 3
301662576 2 0
301662570 42 0
301662508 30 0
301662394 1 33
301662274 0 0
301661853 4 9
301661595 9 0
301661568 0 0
301661444 0 0
301661421 42 18
301661240 0 0
301660992 1 1
301660862 2 1
301657959 1 0
301657322 23 8
301656651 9 4
301652085 44 3
301651773 45 0
301651295 48 0
301651274 19 0
301651123 14 4
301651100 2 17
301650956 27 3
301650953 16 30
301650942 33 30
301650885 41 12
301650870 22 1
301650841 9 1
301650797 0 1
301650785 1 21
301650777 17 4
301650763 16 51
301650718 3 2
301650712 2 0
301650657 2 0
301650630 5 7
301650620 12 1
301650614 21 24
301650608 1 1
301650595 0 4
301650587 5 58
301650583 5 58
301650581 0 1
301650580 0 1
301650579 89 6
301650569 54 21
301650518 9 2
301650507 29 2
301650494 7 3
301650483 0 0
301650468 0 7
301650463 0 1
301650459 4 27
301650453 20 18
301650428 34 5
301650368 32 5
301650359 1 0
301650354 3 1
301650306 16 20
301650283 14 3
301650280 8 1
301650278 2 6
301650209 18 1
301650186 27 4
301650169 14 2
301650159 25 20
301650141 24 2
301650139 32 2
301650137 32 1
301650135 0 0
301650133 0 8
301650129 4 1
301650124 0 0
301650116 0 7
301650112 0 1
301650104 36 1
301650089 0 0
301650070 4 2
301650068 3 5
301650067 1 6
301650034 6 2
301650021 0 3
301650020 1 2
301650007 10 4
301649923 0 0
301649922 42 8
301649915 3 0
301649897 13 1
301649894 2 8
301649884 38 23
301649856 8 4
301649853 4 24
301649828 13 18
301649803 4 6
301649764 0 2
301649760 0 1
301649739 6 2
301649728 0 1
301649626 5 1
301649616 30 5
301649606 25 15
301649587 19 15
301649539 5 2
301649470 2 0
301649458 15 4
301649453 0 0
301649401 0 0
301649319 17 7
301649292 20 1
301649256 8 7
301649202 0 0
301649171 0 3
301649153 3 1
301649062 8 53
301648970 24 9
301648952 32 13
301648921 24 6
301648902 3 35
301648882 19 2
301648831 6 3
301648803 0 2
301648606 9 15
301648543 0 1
301648541 9 0
301648513 0 0
301648504 0 2
301648450 3 3
301648306 39 8
301648259 0 0
301647650 1 0
301647556 14 5
301647467 37 5
301647319 72 3
301647268 30 6
301647252 1 46
301647231 17 44
301647221 10 39
301647214 1 1
301647212 0 2
301647207 3 33
301647202 2 3
301647196 50 9
301647193 13 9
301647189 2 0
301647187 6 1
301647186 2 11
301647175 33 2
301647174 17 0
301647169 20 5
301647166 3 26
301647152 6 2
301647151 13 7
301647147 0 0
301647145 17 0
301647126 0 1
301647120 16 1
301647119 7 0
301647116 8 26
301647114 47 2
301647101 0 0
301647100 0 2
301647099 0 1
301647088 34 2
301647084 3 1
301647080 1 0
301647075 3 33
301647074 2 0
301647073 0 0
301647072 0 0
301647070 6 34
301647065 0 0
301647062 0 0
301647059 12 6
301647036 0 0
301647032 5 0
301647031 12 3
301647028 0 52
301647025 1 48
301647007 0 0
301647003 0 2
301647000 0 0
301646999 8 38
301646992 1 0
301646990 11 42
301646982 27 2
301646979 26 2
301646977 1 0
301646968 6 39
301646964 4 28
301646956 23 3
301646946 5 42
301646945 4 41
301646940 2 1
301646938 2 2
301646937 0 0
301646934 5 2
301646925 1 3
301646919 21 3
301646918 0 1
301646892 0 2
301646882 1 0
301646877 0 1
301646875 28 2
301646871 4 45
301646857 16 3
301646855 28 28
301646854 1 3
301646852 14 2
301646851 2 0
301646850 3 0
301646820 16 3
301646810 11 9
301646807 3 7
301646802 0 0
301646801 0 1
301646795 1 5
301646766 14 18
301646765 1 0
301646760 0 0
301646756 0 0
301646752 1 37
301646745 2 6
301646738 1 5
301646737 27 2
301646732 1 3
301646729 3 7
301646724 19 2
301646713 7 18
301646711 1 15
301646710 1 3
301646706 28 3
301646703 0 0
301646692 36 16
301646689 3 62
301646685 4 51
301646684 24 95
301646683 15 4
301646672 4 0
301646671 17 2
301646661 23 4
301646642 3 6
301646637 8 60
301646627 15 4
301646620 2 8
301646601 46 4
301646572 1 0
301646571 1 2
301646570 1 2
301646568 2 5
301646561 0 5
301646558 2 2
301646555 1 1
301646545 23 37
301646514 8 56
301646502 1 0
301646476 13 0
301646474 10 15
301646458 24 4
301646457 9 1
301646456 1 0
301646454 29 3
301646453 3 2
301646449 0 1
301646445 1 2
301646444 10 6
301646443 2 14
301646433 1 15
301646432 0 3
301646431 0 2
301646423 0 7
301646393 21 9
301646389 0 4
301646376 1 18
301646364 10 7
301646359 7 0
301646355 4 0
301646342 22 53
301646335 4 0
301646333 14 19
301646301 18 2
301646298 11 4
301646296 9 40
301646294 37 2
301646291 28 9
301646287 13 3
301646271 1 6
301646261 0 1
301646256 13 3
301646249 9 4
301646248 1 3
301646242 2 0
301646240 37 2
301646236 31 12
301646227 3 1
301646223 23 15
301646222 4 0
301646221 6 1
301646220 0 5
301646216 5 2
301646208 0 2
301646204 3 0
301646200 43 7
301646191 1 2
301646186 1 0
301646178 0 0
301646177 9 57
301646151 32 6
301646143 4 2
301646141 53 1
301646137 9 2
301646133 0 3
301646126 35 5
301646122 0 0
301646121 20 4
301646120 2 0
301646112 6 1
301646106 36 15
301646105 11 12
301646101 22 31
301646100 1 1
301646099 0 4
301646092 15 56
301646089 31 10
301646080 35 2
301646075 2 0
301646074 5 0
301646070 3 0
301646065 5 1
301646062 5 1
301646055 6 1
301646045 18 0
301646037 4 0
301646033 2 0
301646022 22 3
301646020 5 0
301646008 40 8
301645998 3 0
301645997 0 0
301645986 31 5
301645979 4 2
301645971 34 9
301645963 2 1
301645960 24 25
301645956 4 2
301645950 28 2
301645939 31 10
301645938 11 5
301645929 22 1
301645922 0 2
301645916 1 9
301645912 15 14
301645905 24 5
301645904 15 2
301645894 3 1
301645893 14 3
301645891 13 54
301645890 12 2
301645877 9 5
301645872 9 11
301645864 12 6
301645863 2 9
301645862 20 10
301645861 22 5
301645850 31 2
301645849 17 21
301645848 21 9
301645845 26 5
301645835 5 1
301645834 0 3
301645829 1 4
301645828 1 0
301645823 31 7
301645817 1 1
301645815 15 3
301645805 1 2
301645790 0 1
301645787 0 2
301645786 0 3
301645785 4 1
301645783 17 5
301645774 1 1
301645770 4 1
301645769 37 17
301645765 3 4
301645752 0 0
301645751 1 12
301645745 2 0
301645741 0 2
301645735 19 9
301645733 8 3
301645728 1 5
301645722 3 4
301645716 7 50
301645715 0 7
301645705 0 3
301645700 13 7
301645695 15 3
301645682 3 16
301645680 41 11
301645676 9 12
301645672 31 3
301645661 1 4
301645655 6 29
301645644 23 37
301645642 11 5
301645639 0 2
301645638 20 21
301645633 0 3
301645625 11 42
301645623 33 23
301645620 23 5
301645613 17 4
301645605 10 3
301645598 22 0
301645597 15 0
301645596 5 20
301645591 15 34
301645590 10 2
301645587 3 15
301645578 0 1
301645574 1 10
301645563 0 1
301645560 2 6
301645555 0 23
301645553 7 27
301645552 2 4
301645550 3 0
301645537 40 61
301645536 10 17
301645535 6 1
301645533 31 7
301645531 15 0
301645525 2 3
301645521 0 6
301645519 7 4
301645512 0 3
301645505 6 21
301645500 7 48
301645495 0 0
301645494 2 0
301645491 42 2
301645487 0 2
301645486 1 2
301645485 4 3
301645466 2 2
301645454 0 3
301645452 0 2
301645429 0 2
301645427 1 0
301645421 5 25
301645417 0 2
301645408 0 1
301645401 3 2
301645390 2 0
301645383 59 1
301645370 2 2
301645347 2 2
301645344 1 0
301645342 13 26
301645328 6 1
301645320 3 0
301645305 5 12
301645301 10 9
301645283 2 36
301645275 2 2
301645265 4 32
301645262 35 0
301645259 2 2
301645251 21 0
301645240 2 0
301645228 3 8
301645220 25 17
301645218 37 6
301645209 14 5
301645206 20 1
301645193 0 3
301645188 25 2
301645166 4 1
301645156 4 5
301645154 0 1
301645148 40 1
301645143 3 5
301645136 2 1
301645134 1 6
301645132 37 0
301645125 4 4
301645123 4 29
301645122 0 1
301645117 11 5
301645116 0 1
301645112 1 4
301645110 0 3
301645109 1 2
301645105 6 0
301645102 27 0
301645091 0 0
301645048 23 7
301645038 10 3
301645032 21 6
301645029 3 3
301645016 25 1
301645004 0 1
301645002 1 2
301645000 1 0
301644997 19 1
301644981 21 0
301644973 2 0
301644968 4 3
301644955 8 27
301644953 1 5
301644945 4 30
301644944 2 0
301644929 5 3
301644926 12 5
301644923 0 1
301644918 3 0
301644917 7 14
301644916 0 0
301644902 20 2
301644893 2 1
301644892 0 2
301644889 5 35
301644886 4 22
301644871 9 7
301644863 5 1
301644851 1 1
301644842 0 0
301644840 1 1
301644839 1 1
301644838 2 1
301644831 8 37
301644828 2 35
301644815 6 44
301644809 9 3
301644808 0 1
301644807 14 1
301644806 2 1
301644804 2 1
301644800 9 0
301644795 10 2
301644794 4 2
301644783 18 16
301644782 13 23
301644779 20 4
301644776 6 1
301644773 34 12
301644767 14 6
301644762 4 14
301644760 3 1
301644752 23 4
301644750 21 6
301644746 88 1
301644745 10 15
301644739 0 0
301644738 4 1
301644735 9 30
301644734 8 0
301644727 27 2
301644723 15 12
301644721 7 2
301644719 40 0
301644712 24 4
301644698 2 0
301644696 15 0
301644689 4 3
301644686 14 9
301644683 5 43
301644679 14 15
301644669 10 22
301644665 0 0
301644664 10 9
301644660 2 1
301644654 1 0
301644652 2 5
301644644 1 2
301644643 2 1
301644640 14 5
301644629 53 20
301644616 15 1
301644613 10 4
301644609 0 1
301644588 4 0
301644584 2 19
301644578 42 3
301644568 25 11
301644567 6 1
301644565 26 12
301644561 30 2
301644555 1 1
301644552 8 15
301644547 3 7
301644543 3 4
301644537 0 3
301644536 14 14
301644531 17 87
301644530 14 5
301644529 9 4
301644521 0 0
301644520 24 7
301644517 0 1
301644508 9 3
301644505 2 0
301644499 0 0
301644496 2 1
301644493 4 26
301644472 14 12
301644468 8 3
301644462 0 0
301644461 7 2
301644451 9 1
301644446 9 3
301644438 47 3
301644436 7 42
301644433 22 4
301644431 24 31
301644429 19 1
301644424 26 20
301644421 0 1
301644420 0 1
301644418 10 19
301644414 0 2
301644403 17 21
301644400 29 21
301644399 181 4
301644392 2 0
301644388 26 16
301644387 5 20
301644377 6 0
301644375 24 15
301644373 48 7
301644368 2 2
301644359 5 23
301644358 2 2
301644355 18 5
301644352 48 1
301644348 1 3
301644342 25 8
301644338 4 6
301644325 0 0
301644320 2 4
301644312 13 9
301644310 52 1
301644308 1 1
301644294 25 0
301644289 11 6
301644284 1 2
301644282 3 2
301644279 103 4
301644273 1 0
301644272 0 9
301644269 2 2
301644267 2 0
301644258 1 0
301644253 11 3
301644252 7 24
301644251 3 2
301644247 2 1
301644242 1 3
301644241 16 8
301644236 5 8
301644229 0 4
301644213 10 42
301644202 26 24
301644187 7 57
301644180 0 29
301644178 2 7
301644176 6 1
301644168 71 6
301644156 83 5
301644152 2 3
301644127 6 4
301644125 6 6
301644122 6 3
301644121 56 6
301644120 17 5
301644108 5 0
301644105 17 9
301644092 13 6
301644090 26 26
301644087 0 6
301644084 2 6
301644083 24 12
301644082 4 1
301644074 1 7
301644071 19 40
301644070 2 3
301644063 37 21
301644054 17 6
301644052 9 6
301644049 4 1
301644048 18 1
301644046 4 0
301644044 1 1
301644040 1 0
301644039 2 0
301644036 1 0
301644032 4 1
301644031 5 21
301644026 2 0
301644019 2 2
301644012 2 0
301644011 0 4
301644006 3 2
301644000 21 6
301643995 23 49
301643992 3 0
301643989 1 0
301643984 2 5
301643979 22 18
301643978 0 3
301643977 72 2
301643975 0 0
301643974 49 3
301643968 16 2
301643963 1 0
301643954 1 3
301643953 13 2
301643950 18 32
301643947 17 2
301643945 18 4
301643944 10 1
301643940 3 3
301643933 1 5
301643926 2 6
301643921 19 8
301643911 5 1
301643907 48 5
301643901 24 6
301643890 32 12
301643885 7 3
301643875 24 2
301643866 15 56
301643863 24 7
301643862 3 1
301643858 2 6
301643857 5 3
301643854 1 1
301643852 1 2
301643850 67 1
301643844 4 2
301643842 16 1
301643839 41 6
301643828 9 2
301643826 147 6
301643803 33 58
301643797 2 4
301643796 3 6
301643772 10 25
301643768 4 2
301643762 9 2
301643757 22 16
301643742 0 3
301643741 3 2
301643735 49 24
301643734 0 4
301643730 4 17
301643727 12 38
301643713 0 6
301643712 0 5
301643689 5 1
301643683 29 6
301643677 24 1
301643676 1 3
301643671 0 2
301643670 2 4
301643650 26 5
301643646 8 36
301643645 100 5
301643644 14 37
301643643 15 12
301643638 49 3
301643637 7 3
301643636 51 33
301643628 25 9
301643626 1 0
301643625 21 6
301643624 3 9
301643621 7 27
301643620 10 1
301643612 13 1
301643611 0 2
301643607 8 30
301643601 19 4
301643576 52 6
301643565 0 4
301643563 16 2
301643562 25 3
301643560 2 0
301643559 22 12
301643547 2 0
301643541 24 1
301643533 7 1
301643525 2 2
301643524 22 3
301643519 17 3
301643515 2 0
301643510 6 16
301643500 19 0
301643499 27 2
301643497 36 1
301643496 14 6
301643492 13 4
301643489 1 0
301643486 0 1
301643478 4 0
301643475 55 2
301643473 1 0
301643468 10 12
301643467 1 0
301643456 1 0
301643454 7 35
301643448 21 11
301643446 2 5
301643445 25 14
301643442 30 22
301643441 6 27
301643439 41 21
301643436 3 0
301643435 0 4
301643433 10 4
301643425 0 6
301643421 2 0
301643415 8 1
301643413 9 40
301643412 3 1
301643409 9 35
301643405 1 6
301643394 4 29
301643385 3 1
301643377 12 8
301643374 2 1
301643369 38 1
301643352 93 6
301643347 1 5
301643340 0 2
301643337 11 38
301643327 1 4
301643323 4 0
301643317 26 8
301643307 26 27
301643299 13 3
301643285 2 1
301643282 0 1
301643273 1 1
301643269 3 9
301643264 31 8
301643259 25 11
301643256 40 2
301643248 23 9
301643234 21 7
301643228 3 1
301643221 4 1
301643219 4 0
301643218 15 5
301643216 1 1
301643215 4 3
301643214 12 2
301643212 1 1
301643207 19 2
301643205 4 3
301643202 23 15
301643201 7 2
301643195 3 3
301643189 8 7
301643180 9 30
301643178 47 12
301643177 0 5
301643174 7 60
301643173 59 51
301643171 8 2
301643170 13 4
301643167 46 5
301643164 0 3
301643162 0 2
301643160 14 1
301643153 10 3
301643151 20 11
301643145 4 3
301643143 29 5
301643140 12 75
301643130 3 1
301643126 7 6
301643125 1 6
301643122 1 3
301643118 3 2
301643116 0 3
301643114 2 5
301643113 2 3
301643112 28 1
301643100 10 36
301643095 36 10
301643089 15 4
301643086 50 12
301643082 38 5
301643058 78 5
301643052 9 4
301643038 2 2
301643029 7 6
301643028 16 35
301643027 10 2
301643025 1 2
301643020 20 4
301643018 35 23
301643017 3 1
301643014 4 8
301643010 17 104
301643009 1 1
301643002 9 2
301642995 1 2
301642993 3 6
301642991 7 4
301642987 0 2
301642983 4 4
301642982 22 7
301642980 10 3
301642977 7 6
301642975 6 2
301642974 12 6
301642970 21 8
301642963 0 1
301642959 46 11
301642954 2 3
301642952 25 10
301642949 2 1
301642945 5 5
301642943 7 3
301642941 48 56
301642939 2 3
301642937 2 3
301642924 3 3
301642920 25 13
301642918 0 1
301642913 9 3
301642910 8 2
301642908 23 19
301642890 100 19
301642883 41 11
301642882 13 7
301642872 20 7
301642870 16 11
301642869 6 34
301642865 1 10
301642864 3 2
301642857 4 9
301642853 7 30
301642852 7 11
301642851 20 149
301642849 3 2
301642848 15 21
301642844 11 6
301642839 11 7
301642838 25 6
301642837 1 4
301642831 56 4
301642829 5 21
301642825 1 2
301642823 7 9
301642822 27 11
301642808 1 3
301642801 38 81
301642795 3 4
301642794 3 4
301642793 7 3
301642788 151 2
301642778 7 1
301642777 3 3
301642775 3 1
301642772 5 1
301642767 1 3
301642762 18 14
301642755 27 7
301642752 10 1
301642751 3 2
301642747 87 12
301642743 11 51
301642741 14 8
301642736 2 1
301642734 0 1
301642733 1 2
301642729 11 2
301642726 1 30
301642724 65 3
301642721 3 2
301642720 12 0
301642718 4 29
301642717 14 38
301642711 17 38
301642709 2 2
301642708 16 8
301642706 14 19
301642700 0 3
301642696 14 12
301642694 3 2
301642693 9 23
301642689 2 0
301642687 17 10
301642686 2 4
301642682 5 2
301642679 2 5
301642677 3 5
301642671 26 30
301642666 11 31
301642662 12 98
301642659 11 31
301642655 20 25
301642654 5 1
301642649 3 4
301642644 26 17
301642643 10 34
301642641 31 7
301642630 5 14
301642628 25 21
301642620 1 4
301642618 14 9
301642612 1 4
301642608 2 7
301642605 12 8
301642602 13 19
301642599 1 5
301642593 18 12
301642590 2 6
301642586 20 8
301642582 17 5
301642579 4 1
301642570 27 7
301642569 5 33
301642566 15 8
301642563 4 7
301642561 1 3
301642558 4 1
301642556 20 12
301642534 14 6
301642530 2 2
301642528 1 78
301642525 5 0
301642524 1 4
301642521 76 5
301642519 9 8
301642512 0 4
301642503 11 16
301642498 1 6
301642496 7 2
301642493 4 1
301642492 5 2
301642491 12 5
301642478 24 60
301642477 23 18
301642476 28 15
301642473 24 60
301642472 40 20
301642471 26 20
301642468 12 3
301642467 25 27
301642464 5 3
301642461 25 9
301642460 3 4
301642459 17 6
301642457 29 15
301642455 30 5
301642453 21 10
301642450 15 3
301642449 4 5
301642448 25 12
301642447 5 1
301642444 43 11
301642443 3 6
301642441 20 31
301642440 16 10
301642439 12 31
301642437 14 32
301642436 3 2
301642434 12 40
301642432 6 0
301642431 16 5
301642427 4 3
301642421 17 4
301642420 2 1
301642419 3 1
301642417 4 3
301642416 15 9
301642415 31 13
301642413 2 5
301642408 34 7
301642406 19 8
301642403 11 5
301642402 5 1
301642401 3 37
301642400 1 5
301642399 12 10
301642396 10 4
301642394 2 1
301642391 14 12
301642389 11 1
301642388 15 1
301642387 21 10
301642382 17 56
301642380 1 1
301642377 2 1
301642370 8 10
301642369 0 0
301642365 1 1
301642362 2 1
301642359 23 7
301642357 52 3
301642356 369 5
301642352 1 1
301642349 4 0
301642348 2 15
301642346 32 2
301642340 24 19
301642322 0 0
301642318 16 6
301642316 11 7
301642315 0 0
301642302 15 8
301642299 19 5
301642298 15 10
301642296 3 18
301642294 15 2
301642290 11 6
301642287 7 1
301642277 14 9
301642270 16 6
301642269 7 38
301642264 11 1
301642257 0 1
301642256 1 1
301642254 0 1
301642253 21 7
301642252 30 5
301642251 0 1
301642250 4 0
301642240 16 5
301642233 0 2
301642231 0 2
301642228 17 5
301642227 0 1
301642225 21 26
301642224 15 6
301642220 15 7
301642218 25 11
301642217 3 2
301642215 14 5
301642210 10 6
301642206 5 2
301642204 5 6
301642202 17 6
301642200 2 2
301642194 3 36
301642189 3 2
301642186 10 2
301642182 17 7
301642179 95 8
301642178 24 8
301642174 22 35
301642172 10 1
301642168 0 2
301642162 32 7
301642151 2 1
301642132 2 1
301642131 0 2
301642126 0 0
301642125 1 0
301642124 54 5
301642123 4 1
301642119 0 2
301642116 0 0
301642115 1 45
301642112 0 1
301642110 20 7
301642107 4 1
301642105 15 10
301642103 14 39
301642100 16 5
301642098 3 3
301642096 14 3
301642093 1 1
301642091 27 20
301642089 0 1
301642080 11 13
301642077 5 0
301642067 1 4
301642064 0 3
301642063 24 11
301642062 12 4
301642061 10 72
301642060 13 4
301642054 45 7
301642052 29 8
301642043 0 1
301642039 5 1
301642033 38 12
301642027 10 3
301642025 13 43
301642022 22 13
301642020 18 5
301642019 2 1
301642016 0 0
301642015 1 0
301642014 1 0
301642010 0 3
301642000 27 12
301641991 12 3
301641989 18 12
301641986 12 2
301641984 3 48
301641983 2 2
301641982 17 3
301641981 22 2
301641978 28 1
301641976 20 5
301641973 6 13
301641972 3 0
301641971 1 0
301641970 9 4
301641967 18 15
301641966 7 45
301641961 12 17
301641958 14 0
301641955 1 3
301641952 2 5
301641946 7 54
301641945 3 1
301641943 0 0
301641940 18 28
301641937 1 2
301641935 18 12
301641933 16 12
301641931 22 9
301641930 9 24
301641927 2 0
301641925 15 41
301641924 12 41
301641923 7 1
301641921 1 4
301641920 15 1
301641919 91 3
301641916 2 0
301641912 4 26
301641907 9 15
301641906 35 12
301641901 2 0
301641899 2 1
301641897 0 0
301641893 0 1
301641889 18 15
301641885 1 3
301641882 16 4
301641880 8 41
301641878 2 2
301641876 4 4
301641874 0 4
301641871 1 1
301641859 18 6
301641851 5 7
301641849 12 4
301641848 12 3
301641841 0 0
301641840 9 40
301641833 75 3
301641830 0 0
301641829 3 4
301641824 0 0
301641822 7 1
301641821 1 2
301641818 14 46
301641817 52 4
301641816 2 4
301641814 0 0
301641805 25 8
301641803 49 59
301641791 17 8
301641789 44 20
301641788 20 15
301641786 1 0
301641781 24 2
301641778 3 1
301641775 2 2
301641774 3 3
301641770 13 54
301641769 0 0
301641761 0 0
301641754 3 1
301641752 8 3
301641737 18 1
301641736 16 12
301641734 14 3
301641724 4 0
301641723 5 2
301641716 13 1
301641713 187 11
301641706 33 9
301641703 17 40
301641700 16 40
301641694 1 2
301641691 17 16
301641686 41 5
301641685 3 1
301641681 35 16
301641676 15 11
301641675 2 2
301641673 9 6
301641669 2 9
301641668 37 9
301641662 17 21
301641659 4 1
301641653 39 5
301641646 22 13
301641645 2 7
301641641 2 2
301641640 7 2
301641636 10 7
301641630 1 1
301641627 11 5
301641621 2 2
301641619 80 11
301641617 13 10
301641616 2 1
301641609 12 53
301641596 32 8
301641594 12 3
301641589 5 3
301641587 0 1
301641585 8 1
301641581 8 33
301641580 4 12
301641576 18 7
301641573 11 11
301641572 46 10
301641569 2 2
301641567 1 1
301641566 2 3
301641564 3 3
301641560 265 15
301641557 3 37
301641555 1 0
301641554 18 50
301641553 4 37
301641552 1 2
301641551 1 1
301641550 380 36
301641549 11 12
301641545 8 2
301641543 12 49
301641542 8 2
301641541 12 1
301641538 2 0
301641537 6 5
301641536 5 2
301641534 2 0
301641533 2 0
301641532 8 41
301641529 8 0
301641528 45 3
301641526 6 3
301641524 8 12
301641523 1 0
301641521 0 1
301641519 5 2
301641515 21 12
301641512 10 12
301641501 0 0
301641500 1 1
301641499 0 0
301641497 1 3
301641494 56 2
301641491 17 12
301641490 0 1
301641488 17 10
301641487 2 0
301641485 0 0
301641484 10 44
301641479 13 11
301641476 35 10
301641475 67 9
301641474 0 0
301641472 13 5
301641471 1 0
301641466 3 38
301641461 42 3
301641460 1 0
301641458 1 0
301641457 5 1
301641454 10 1
301641451 14 12
301641446 9 8
301641445 7 9
301641441 60 7
301641436 14 8
301641431 8 3
301641428 57 2
301641424 2 0
301641422 2 1
301641419 0 2
301641415 15 9
301641408 2 1
301641405 0 1
301641401 9 6
301641394 5 33
301641392 8 1
301641387 1 6
301641386 15 7
301641383 0 1
301641382 3 4
301641377 4 3
301641374 15 20
301641368 27 25
301641366 1 1
301641365 10 8
301641355 10 12
301641353 1 0
301641348 6 11
301641347 1 0
301641346 0 1
301641343 73 1
301641338 19 0
301641337 12 5
301641335 22 38
301641330 13 43
301641328 9 54
301641324 5 4
301641322 15 8
301641316 18 37
301641314 230 6
301641309 1 0
301641306 29 2
301641304 25 11
301641303 8 0
301641300 23 10
301641299 18 7
301641298 7 7
301641292 18 41
301641289 11 8
301641283 6 7
301641279 14 36
301641277 13 33
301641271 5 7
301641270 27 16
301641269 12 2
301641267 12 33
301641259 360 16
301641258 3 1
301641256 0 0
301641253 16 3
301641252 6 39
301641246 4 1
301641239 22 7
301641234 15 2
301641232 0 0
301641228 0 1
301641226 1 1
301641225 6 6
301641223 2 0
301641221 0 1
301641219 34 1
301641214 1 4
301641213 2 4
301641207 10 13
301641206 11 3
301641205 4 10
301641204 9 13
301641202 7 6
301641201 1 0
301641199 19 6
301641198 7 15
301641197 1 61
301641194 1 0
301641192 12 4
301641188 7 6
301641187 8 8
301641185 8 6
301641184 6 1
301641183 2 6
301641180 4 1
301641179 9 15
301641175 68 28
301641169 14 13
301641163 3 32
301641159 13 3
301641157 1 12
301641144 6 45
301641141 1 0
301641136 2 0
301641134 4 39
301641133 5 30
301641132 4 16
301641130 4 1
301641128 8 32
301641127 6 63
301641123 9 90
301641122 2 0
301641121 0 0
301641118 25 0
301641116 7 1
301641115 16 14
301641111 0 1
301641110 0 1
301641108 1 0
301641106 12 4
301641104 1 0
301641103 7 2
301641101 11 8
301641098 4 46
301641097 1 35
301641096 5 0
301641088 23 13
301641087 4 1
301641082 6 20
301641080 8 25
301641078 1 0
301641077 1 0
301641064 4 25
301641062 5 34
301641052 18 0
301641044 17 1
301641025 30 6
301641024 0 0
301641018 1 0
301640998 0 40
301640989 6 14
301640987 1 0
301640978 9 30
301640950 39 4
301640948 5 1
301640929 40 1
301640888 32 0
301640887 51 3
301640885 14 12
301640882 11 13
301640879 5 11
301640877 0 1
301640876 3 3
301640872 16 6
301640842 0 0
301640840 34 1
301640836 0 0
301640825 1 1
301640808 8 26
301640797 32 0
301640792 14 8
301640781 11 6
301640778 1 1
301640776 14 0
301640774 5 1
301640772 5 1
301640757 31 3
301640756 0 5
301640752 0 5
301640751 2 3
301640748 1 1
301640744 273 9
301640743 0 1
301640725 0 0
301640715 3 45
301640714 40 3
301640700 6 2
301640695 14 8
301640690 2 2
301640677 4 10
301640673 0 0
301640657 9 0
301640649 3 1
301640642 1 1
301640640 54 5
301640637 0 0
301640630 0 0
301640629 0 0
301640626 25 1
301640610 9 6
301640609 3 3
301640605 3 24
301640604 0 0
301640591 14 9
301640589 8 15
301640584 1 0
301640571 7 0
301640570 4 7
301640569 0 0
301640568 31 2
301640565 1 0
301640561 16 3
301640552 28 11
301640551 5 5
301640543 69 4
301640541 9 12
301640539 4 6
301640534 28 12
301640533 7 6
301640526 34 7
301640524 13 1
301640523 0 2
301640519 27 38
301640517 2 2
301640515 14 5
301640510 51 28
301640504 51 36
301640500 6 8
301640499 0 2
301640496 0 0
301640488 0 0
301640482 3 1
301640480 1 26
301640472 2 1
301640462 0 0
301640447 2 2
301640442 3 0
301640437 3 2
301640432 1 4
301640427 3 2
301640419 28 8
301640417 0 5
301640412 6 20
301640407 10 2
301640403 1 0
301640398 12 9
301640397 11 12
301640393 0 1
301640388 8 20
301640383 27 56
301640373 48 0
301640371 8 1
301640370 8 3
301640364 25 2
301640357 12 5
301640338 21 58
301640322 0 0
301640318 23 21
301640317 10 1
301640311 1 1
301640305 1 1
301640299 11 10
301640298 26 23
301640292 8 66
301640281 9 5
301640278 0 4
301640277 1 0
301640273 13 3
301640271 9 9
301640267 0 0
301640266 9 20
301640263 2 12
301640262 0 0
301640260 0 0
301640259 1 7
301640256 1 25
301640255 0 64
301640252 16 8
301640248 2 2
301640245 7 5
301640238 36 0
301640216 6 6
301640208 36 22
301640207 14 50
301640203 14 16
301640194 3 2
301640186 10 3
301640184 12 4
301640179 16 31
301640157 1 0
301640150 13 3
301640134 2 9
301640121 8 0
301640111 16 7
301640108 4 2
301640096 1 6
301640095 4 29
301640094 4 3
301640093 6 1
301640078 21 6
301640077 31 41
301640069 11 3
301640066 8 7
301640034 13 24
301640028 1 0
301640027 4 2
301640021 4 0
301640013 0 3
301639990 1 1
301639981 1 0
301639980 19 9
301639978 37 7
301639971 2 3
301639966 16 10
301639965 6 0
301639955 9 31
301639937 9 2
301639935 14 9
301639926 5 0
301639925 7 26
301639921 22 3
301639920 6 1
301639915 1 34
301639911 2 1
301639908 0 5
301639907 13 19
301639885 6 7
301639880 6 0
301639878 6 0
301639876 0 3
301639874 3 1
301639867 4 2
301639859 4 2
301639847 7 2
301639846 5 3
301639843 10 20
301639838 1 25
301639834 24 3
301639831 2 0
301639830 10 4
301639826 2 19
301639825 51 0
301639822 22 1
301639818 16 25
301639805 0 2
301639799 11 1
301639798 53 5
301639797 3 21
301639795 15 7
301639794 29 23
301639788 16 16
301639787 2 2
301639781 2 2
301639773 3 4
301639766 9 7
301639764 1 0
301639756 0 1
301639755 2 1
301639749 28 2
301639741 2 0
301639737 10 7
301639733 22 49
301639728 3 0
301639727 295 14
301639719 218 11
301639714 6 4
301639713 2 1
301639709 0 2
301639705 3 3
301639699 0 2
301639696 0 1
301639694 1 1
301639693 1 2
301639683 1 2
301639679 1 3
301639672 19 28
301639670 7 25
301639666 14 3
301639665 1 3
301639651 25 25
301639646 1 2
301639644 14 8
301639634 2 1
301639630 1 5
301639629 12 8
301639628 24 13
301639627 1 0
301639624 453 17
301639623 3 5
301639617 4 1
301639613 22 7
301639604 13 3
301639602 5 21
301639599 2 22
301639594 6 2
301639589 19 9
301639581 17 5
301639575 4 1
301639571 11 1
301639562 1 6
301639560 2 2
301639557 1 1
301639552 6 1
301639542 6 48
301639540 10 1
301639537 1 6
301639533 4 5
301639521 3 4
301639516 32 19
301639513 6 27
301639510 30 3
301639507 9 23
301639506 24 2
301639501 1 0
301639500 18 52
301639497 0 0
301639496 1 3
301639494 4 3
301639490 329 37
301639486 1 0
301639474 6 8
301639473 2 3
301639468 5 4
301639465 5 2
301639461 62 7
301639460 15 40
301639455 3 2
301639450 193 6
301639440 4 1
301639439 9 34
301639438 32 4
301639436 13 36
301639435 3 2
301639431 23 15
301639424 17 15
301639419 14 20
301639417 11 11
301639416 16 32
301639414 19 25
301639413 0 109
301639410 5 7
301639409 7 4
301639397 0 4
301639385 267 47
301639382 41 17
301639380 0 4
301639379 0 4
301639376 56 11
301639374 6 17
301639373 6 75
301639371 18 12
301639367 56 6
301639362 8 1
301639359 7 1
301639357 24 3
301639351 0 17
301639346 39 2
301639345 2 1
301639342 3 1
301639336 2 0
301639329 0 4
301639328 24 22
301639327 33 2
301639321 8 1
301639319 2 4
301639311 16 16
301639304 10 43
301639302 3 1
301639298 547 14
301639286 2 5
301639276 2 19
301639273 10 22
301639260 44 16
301639258 5 1
301639248 4 0
301639246 27 3
301639244 1 0
301639238 0 5
301639235 4 2
301639230 7 1
301639227 15 11
301639217 570 28
301639213 13 4
301639211 5 0
301639209 8 2
301639208 0 2
301639206 0 1
301639201 16 8
301639198 67 78
301639187 12 7
301639181 5 31
301639179 1 0
301639173 498 17
301639172 19 6
301639166 50 11
301639165 1 1
301639161 12 5
301639159 16 6
301639147 14 8
301639143 66 40
301639137 0 0
301639136 30 5
301639130 7 46
301639126 2 0
301639123 12 5
301639118 12 13
301639117 8 33
301639115 9 22
301639111 12 10
301639110 17 5
301639109 6 1
301639104 3 4
301639097 27 7
301639093 13 4
301639092 31 37
301639082 5 22
301639081 0 1
301639078 8 26
301639075 17 16
301639073 4 12
301639069 16 5
301639068 8 1
301639056 16 35
301639042 3 0
301639035 2 1
301639030 2 1
301639027 1 0
301639019 1 0
301639014 12 0
301639008 16 4
301639001 3 2
301638997 0 0
301638996 0 0
301638993 20 4
301638991 15 9
301638990 0 0
301638989 45 5
301638987 53 34
301638984 22 13
301638982 9 4
301638978 1 0
301638973 11 5
301638960 21 5
301638959 6 1
301638954 6 0
301638953 5 2
301638940 3 1
301638936 3 3
301638932 26 2
301638931 10 6
301638928 2 0
301638924 19 34
301638923 0 2
301638922 60 1
301638916 2 0
301638901 33 46
301638895 2 0
301638889 3 0
301638874 10 40
301638873 1 2
301638871 60 2
301638870 13 7
301638865 2 7
301638863 23 5
301638857 31 18
301638845 16 20
301638844 28 15
301638841 13 2
301638835 16 7
301638832 59 0
301638818 2 0
301638815 16 5
301638810 12 4
301638798 10 10
301638795 1 1
301638786 10 7
301638778 7 3
301638774 21 5
301638773 2 0
301638763 18 4
301638758 1 0
301638757 0 0
301638751 0 8
301638742 7 37
301638741 81 2
301638737 4 19
301638736 10 10
301638731 4 0
301638726 28 29
301638724 6 16
301638720 1 0
301638717 1 0
301638711 12 5
301638703 13 7
301638701 3 25
301638699 26 1
301638695 91 4
301638691 1 0
301638689 1 0
301638688 7 7
301638682 9 4
301638662 39 1
301638647 1 2
301638646 15 6
301638644 2 0
301638640 14 7
301638637 6 5
301638636 18 0
301638634 23 1
301638615 18 1
301638600 3 7
301638596 3 1
301638595 2 0
301638591 0 1
301638586 8 0
301638581 2 1
301638578 1 4
301638577 21 19
301638575 5 0
301638574 0 2
301638572 6 4
301638568 2 2
301638564 0 1
301638562 46 1
301638560 5 0
301638554 14 2
301638553 3 6
301638551 0 0
301638550 4 8
301638548 20 4
301638541 6 4
301638540 2 1
301638533 7 9
301638531 0 4
301638528 20 0
301638527 0 0
301638523 9 22
301638521 30 17
301638518 23 2
301638515 15 7
301638513 0 0
301638507 0 1
301638503 5 1
301638502 20 14
301638498 7 7
301638494 14 2
301638493 12 10
301638488 1 2
301638487 9 10
301638467 20 10
301638466 11 21
301638464 18 1
301638461 16 5
301638460 0 2
301638459 1 2
301638455 1 3
301638453 15 26
301638452 8 42
301638443 2 2
301638441 8 25
301638434 0 2
301638432 0 3
301638430 19 9
301638427 12 27
301638425 2 0
301638424 12 7
301638417 0 2
301638405 2 2
301638404 13 17
301638399 3 2
301638397 4 8
301638396 13 6
301638389 6 13
301638386 7 30
301638371 2 1
301638368 10 6
301638365 0 2
301638362 1 1
301638353 22 2
301638351 22 8
301638347 18 19
301638343 2 1
301638337 20 3
301638335 0 0
301638330 4 8
301638328 16 31
301638327 386 5
301638326 2 31
301638323 11 8
301638315 17 3
301638310 0 2
301638308 20 1
301638306 4 1
301638303 2 8
301638290 6 14
301638285 18 16
301638278 17 8
301638277 1 2
301638261 3 1
301638250 10 7
301638249 18 5
301638242 18 13
301638238 8 20
301638237 25 16
301638236 20 0
301638232 8 27
301638231 5 4
301638221 1 1
301638217 9 3
301638211 2 0
301638208 2 2
301638205 0 0
301638194 4 4
301638193 1 0
301638190 9 4
301638180 7 18
301638176 3 4
301638172 11 0
301638170 0 1
301638167 0 0
301638155 4 3
301638139 1 1
301638133 1 1
301638125 1 7
301638119 21 28
301638116 6 0
301638108 2 0
301638095 11 2
301638081 41 0
301638068 11 3
301638064 1 1
301638057 1 2
301638047 0 0
301638040 12 19
301638031 18 2
301638028 13 17
301638015 1 0
301637991 21 28
301637988 23 21
301637987 1 1
301637985 9 21
301637983 9 1
301637972 537 16
301637964 26 1
301637963 2 13
301637961 7 16
301637960 1 1
301637953 4 0
301637949 1 1
301637947 19 10
301637931 12 0
301637930 6 30
301637929 5 0
301637924 16 2
301637918 4 0
301637915 7 7
301637912 32 24
301637892 29 17
301637890 7 2
301637888 11 2
301637886 1 1
301637878 1 5
301637876 5 5
301637873 2 1
301637871 3 1
301637865 17 14
301637856 1 1
301637854 12 11
301637853 15 18
301637842 12 4
301637825 2 3
301637822 9 9
301637816 15 1
301637813 1 2
301637802 0 2
301637800 12 1
301637795 5 3
301637789 12 5
301637786 0 1
301637785 27 13
301637776 37 32
301637773 3 1
301637764 1 1
301637761 15 1
301637758 4 0
301637755 39 2
301637749 7 2
301637747 26 29
301637746 1 2
301637743 52 2
301637742 3 1
301637732 30 12
301637723 2 1
301637722 3 2
301637720 381 78
301637716 13 6
301637709 25 15
301637706 2 2
301637698 7 66
301637693 2 2
301637687 0 0
301637685 21 4
301637676 7 4
301637671 1 1
301637662 43 2
301637661 18 21
301637657 11 3
301637654 9 5
301637636 13 11
301637628 5 13
301637626 12 5
301637625 11 2
301637616 19 14
301637612 5 4
301637609 1 1
301637603 0 2
301637597 2 9
301637596 6 6
301637592 1 2
301637589 1 5
301637588 25 38
301637586 31 1
301637583 0 3
301637577 0 0
301637576 420 23
301637570 2 1
301637558 9 10
301637556 361 17
301637551 7 10
301637549 38 6
301637547 1 3
301637544 1 2
301637542 6 5
301637541 4 29
301637538 3 10
301637534 0 1
301637533 281 6
301637516 8 0
301637513 1 0
301637511 5 4
301637509 19 10
301637490 9 6
301637488 38 43
301637484 2 4
301637477 14 9
301637471 1 2
301637466 2 2
301637465 742 73
301637459 1 3
301637458 32 12
301637450 15 7
301637448 16 18
301637438 2 0
301637434 4 1
301637419 17 10
301637417 26 15
301637414 1 4
301637411 8 20
301637403 0 1
301637401 2 3
301637383 2 3
301637380 3 4
301637379 2 1
301637376 16 11
301637366 33 11
301637358 1 42
301637356 14 9
301637354 59 23
301637353 2 1
301637352 3 1
301637349 9 5
301637348 0 6
301637346 0 0
301637342 17 23
301637332 12 6
301637327 1 0
301637326 1 1
301637321 8 20
301637318 7 5
301637317 2 1
301637312 10 0
301637309 35 1
301637304 0 0
301637303 0 0
301637295 3 1
301637289 3 2
301637285 18 7
301637282 853 86
301637272 33 49
301637271 45 25
301637265 10 8
301637264 9 7
301637256 3 0
301637251 0 5
301637242 5 3
301637238 10 0
301637237 38 38
301637232 23 20
301637230 2 2
301637229 43 3
301637226 7 10
301637217 36 20
301637212 1 1
301637210 2 0
301637209 998 16
301637207 0 0
301637202 10 4
301637198 0 1
301637197 28 0
301637195 0 0
301637192 6 1
301637191 8 20
301637188 29 9
301637183 277 31
301637180 2 5
301637177 3 8
301637176 3 4
301637156 2 1
301637152 2 43
301637148 2 5
301637146 0 1
301637144 12 8
301637142 23 4
301637135 11 5
301637133 17 8
301637131 546 60
301637127 28 1
301637125 2 2
301637122 1 4
301637117 17 7
301637111 1385 11
301637107 0 2
301637106 9 0
301637099 0 0
301637095 18 14
301637094 70 52
301637086 3 4
301637082 17 8
301637078 45 1
301637072 35 1
301637069 15 9
301637068 24 11
301637067 30 2
301637064 12 4
301637060 1 0
301637056 2 0
301637055 1 0
301637051 15 1
301637050 5 0
301637049 351 22
301637045 214 12
301637041 3 1
301637036 0 0
301637035 13 5
301637031 27 13
301637022 1 0
301637017 10 4
301637007 9 6
301637002 7 2
301636999 3 1
301636993 682 10
301636991 8 5
301636990 2 0
301636987 7 2
301636984 9 1
301636982 12 1
301636979 3 0
301636975 19 10
301636971 26 3
301636966 9 1
301636963 11 0
301636961 2 2
301636959 3 1
301636950 12 8
301636945 5 2
301636942 3 3
301636941 0 0
301636940 27 0
301636939 12 2
301636937 3 0
301636924 18 1
301636918 4 1
301636915 2 0
301636913 4 2
301636911 2 18
301636907 424 18
301636905 15 3
301636904 25 14
301636898 15 3
301636896 3 1
301636895 5 1
301636892 762 29
301636891 0 1
301636889 3 7
301636886 11 2
301636884 0 2
301636880 0 0
301636878 26 5
301636877 8 3
301636874 7 15
301636870 11 1
301636869 4 0
301636859 4 1
301636857 5 2
301636853 21 7
301636851 0 1
301636850 2 8
301636849 8 7
301636848 0 1
301636830 39 1
301636829 5 41
301636828 1 0
301636826 0 1
301636825 4 28
301636817 11 10
301636809 3 2
301636807 3 21
301636802 7 12
301636796 11 5
301636789 3 2
301636783 10 3
301636782 598 21
301636772 1 1
301636765 1 3
301636761 19 19
301636757 421 60
301636752 21 25
301636749 19 5
301636746 10 37
301636744 1 2
301636743 16 23
301636742 22 8
301636740 10 5
301636736 34 43
301636735 0 2
301636729 0 1
301636723 20 8
301636721 0 0
301636717 4 2
301636716 971 15
301636710 8 3
301636709 23 20
301636708 5 1
301636705 12 5
301636703 2 1
301636701 4 1
301636698 16 2
301636691 6 57
301636690 11 3
301636689 23 5
301636685 20 0
301636677 3 0
301636674 2 0
301636672 0 0
301636671 4 11
301636665 2 0
301636664 20 4
301636661 4 1
301636658 2 0
301636652 1 0
301636646 6 0
301636643 12 42
301636641 3 14
301636635 2 9
301636627 6 2
301636620 13 2
301636616 5 0
301636615 3 13
301636608 8 43
301636605 2 3
301636603 6 1
301636588 418 66
301636587 2 4
301636577 17 5
301636574 3 2
301636569 0 0
301636568 18 4
301636565 0 0
301636558 0 2
301636554 620 82
301636544 0 6
301636543 19 21
301636542 3 4
301636540 8 11
301636535 2 0
301636533 131 13
301636528 22 10
301636527 1 1
301636523 9 4
301636514 14 7
301636512 20 5
301636510 8 19
301636503 1 0
301636500 0 1
301636499 3 0
301636498 36 45
301636494 277 38
301636490 6 0
301636487 0 1
301636485 15 2
301636483 974 18
301636478 9 0
301636476 26 1
301636475 0 0
301636473 6 29
301636466 13 9
301636456 2 2
301636452 16 32
301636447 3 0
301636431 12 2
301636429 2 1
301636427 14 29
301636425 7 10
301636423 5 3
301636413 12 0
301636412 0 0
301636408 9 1
301636407 25 1
301636405 11 12
301636394 0 0
301636393 0 0
301636392 0 1
301636388 0 0
301636383 10 4
301636382 23 1
301636379 5 13
301636377 0 0
301636373 7 14
301636372 0 1
301636369 327 7
301636362 105 36
301636358 0 0
301636356 6 0
301636352 1 0
301636348 0 1
301636342 5 0
301636339 11 7
301636338 0 0
301636337 0 2
301636326 11 10
301636324 0 0
301636321 724 49
301636318 3 10
301636307 2 0
301636306 11 3
301636300 303 24
301636299 11 3
301636298 4 1
301636295 11 7
301636294 32 1
301636292 1 1
301636291 5 7
301636281 2 8
301636279 10 1
301636273 10 9
301636272 0 1
301636270 8 1
301636266 10 1
301636265 7 1
301636263 27 25
301636262 9 8
301636261 0 1
301636255 1 1
301636251 7 1
301636249 11 5
301636248 2 1
301636243 25 1
301636242 2 1
301636241 3 1
301636238 0 1
301636237 8 3
301636236 5 1
301636233 6 8
301636232 1 4
301636230 10 3
301636228 8 2
301636227 0 2
301636221 17 1
301636217 7 8
301636211 6 2
301636203 0 4
301636201 2 1
301636193 4 12
301636191 2 1
301636190 1 1
301636182 9 3
301636180 4 5
301636177 3 1
301636168 4 1
301636166 2 3
301636161 9 6
301636155 11 40
301636149 9 17
301636137 11 7
301636126 0 1
301636116 3 1
301636113 3 2
301636109 110 46
301636105 2 1
301636104 4 2
301636099 3 0
301636095 2 0
301636091 2 20
301636090 10 9
301636087 4 2
301636086 3 0
301636085 3 0
301636077 11 24
301636073 11 3
301636070 0 0
301636068 0 0
301636066 5 1
301636058 4 2
301636057 676 88
301636055 712 12
301636054 8 6
301636053 13 1
301636052 3 0
301636036 8 39
301636031 0 24
301636029 1 1
301636024 6 0
301636023 9 2
301636018 8 5
301636016 2 1
301636009 510 87
301636003 21 7
301636002 1 1
301636001 9 0
301635995 0 1
301635986 5 4
301635983 11 3
301635977 1 1
301635976 1 17
301635972 13 2
301635964 8 10
301635961 2 0
301635960 1 1
301635959 14 4
301635953 20 10
301635950 1 0
301635945 7 9
301635944 4 17
301635943 7 0
301635942 4 2
301635940 2 1
301635937 0 1
301635929 4 27
301635928 1 2
301635923 16 18
301635911 507 14
301635905 4 2
301635904 11 40
301635903 22 12
301635898 8 30
301635897 22 4
301635896 1 3
301635895 15 7
301635888 1 0
301635881 0 1
301635878 18 31
301635876 8 1
301635872 0 0
301635871 1 0
301635866 18 1
301635864 22 12
301635862 7 1
301635858 30 2
301635845 0 0
301635842 9 19
301635836 16 5
301635835 24 9
301635830 1 2
301635822 1 1
301635821 17 6
301635817 4 1
301635814 2 0
301635806 25 16
301635798 14 5
301635795 18 4
301635794 6 0
301635791 410 7
301635789 3 0
301635782 3 1
301635781 10 5
301635776 18 1
301635770 6 11
301635767 2 0
301635764 14 13
301635761 0 0
301635758 14 7
301635753 27 6
301635752 1 1
301635749 7 12
301635745 30 1
301635744 15 3
301635735 17 9
301635728 0 1
301635727 0 0
301635725 10 5
301635720 1 1
301635717 8 0
301635714 9 2
301635699 17 0
301635698 27 1
301635696 7 0
301635695 442 5
301635693 1 5
301635682 14 7
301635678 2 0
301635676 14 5
301635673 3 5
301635666 14 1
301635662 3 0
301635661 3 4
301635660 812 6
301635655 7 3
301635654 791 40
301635652 2 1
301635651 6 1
301635649 21 17
301635642 4 1
301635641 1 1
301635640 0 0
301635634 1 0
301635632 9 4
301635629 3 1
301635618 15 6
301635617 7 4
301635613 3 9
301635610 7 3
301635608 4 2
301635607 6 3
301635605 13 0
301635602 7 3
301635596 4 3
301635593 1 7
301635588 535 8
301635584 1 0
301635574 4 0
301635573 907 11
301635570 13 0
301635561 5 29
301635554 5 6
301635545 1 1
301635540 0 0
301635536 4 11
301635534 0 0
301635532 13 26
301635527 6 12
301635526 10 1
301635525 1 0
301635517 0 3
301635516 2 1
301635511 6 0
301635508 552 9
301635505 0 0
301635497 732 104
301635496 11 7
301635494 15 28
301635487 7 2
301635483 6 4
301635479 3 1
301635474 3 8
301635473 43 2
301635472 0 2
301635467 3 0
301635466 4 4
301635465 5 0
301635461 3 0
301635458 7 2
301635456 42 2
301635451 15 7
301635449 1 0
301635448 3 4
301635442 7 2
301635441 9 22
301635436 2 5
301635432 11 23
301635426 1 0
301635425 3 0
301635421 3 1
301635416 0 0
301635412 0 0
301635411 0 1
301635409 7 20
301635405 4 1
301635399 4 0
301635398 5 1
301635397 0 3
301635393 5 1
301635390 33 0
301635388 0 0
301635386 17 6
301635384 8 6
301635383 689 25
301635380 4 0
301635379 4 0
301635373 13 5
301635372 3 9
301635367 19 20
301635366 4 4
301635362 0 1
301635361 5 21
301635359 28 8
301635358 1371 159
301635356 5 0
301635352 13 6
301635351 5 0
301635350 2 0
301635349 5 5
301635343 3 5
301635336 0 2
301635332 5 24
301635329 2 3
301635328 0 0
301635319 0 3
301635317 15 56
301635307 5 0
301635302 14 0
301635301 3 5
301635300 3 0
301635295 1 0
301635292 1 3
301635284 16 5
301635282 6 1
301635279 9 2
301635278 2 13
301635274 14 9
301635260 5 0
301635258 8 4
301635257 22 9
301635256 1 9
301635242 0 0
301635230 5 2
301635227 8 4
301635226 5 24
301635225 3 9
301635223 4 7
301635222 22 13
301635220 13 25
301635210 12 0
301635208 10 2
301635198 4 0
301635193 11 24
301635182 1 0
301635180 7 0
301635174 4 0
301635173 1017 33
301635172 0 0
301635169 21 14
301635161 1 18
301635152 14 14
301635151 733 4
301635150 12 1
301635148 15 0
301635146 13 4
301635142 0 1
301635139 11 0
301635138 8 8
301635135 355 18
301635134 3 0
301635125 8 0
301635124 1 16
301635122 36 39
301635114 16 6
301635112 15 34
301635095 7 12
301635081 16 0
301635080 2 0
301635071 12 14
301635070 15 7
301635068 13 2
301635066 14 44
301635063 19 2
301635062 31 0
301635057 11 0
301635050 10 2
301635040 649 32
301635038 1410 112
301635037 2 0
301635035 2 1
301635030 2 0
301635018 4 1
301635010 0 1
301635009 0 9
301635007 290 2
301635003 1 1
301634992 0 3
301634981 1075 16
301634978 0 0
301634976 3 0
301634971 3 1
301634968 19 0
301634964 2 2
301634963 5 1
301634960 14 38
301634955 2 0
301634954 4 25
301634940 4 0
301634939 4 1
301634934 1 0
301634933 3 1
301634930 9 0
301634928 1083 22
301634926 17 7
301634914 1 1
301634912 9 0
301634911 2 7
301634910 8 1
301634908 3 8
301634904 616 56
301634902 6 1
301634899 1 25
301634891 2 7
301634890 16 3
301634884 2 1
301634879 18 10
301634875 8 2
301634865 10 2
301634863 17 1
301634851 7813 163
301634848 14 32
301634847 1 1
301634846 6 12
301634837 7 14
301634835 2 7
301634829 6 5
301634824 9 0
301634821 11 12
301634817 6 0
301634798 0 0
301634794 4 6
301634781 39 13
301634775 3 0
301634772 2 1
301634765 1 0
301634758 10 23
301634754 11 24
301634747 0 1
301634746 4 21
301634743 11 0
301634741 0 4
301634734 385 8
301634732 4 0
301634721 0 0
301634717 3 0
301634712 3 0
301634708 2 1
301634703 2 0
301634697 17 7
301634695 8 5
301634693 9 25
301634690 3 0
301634688 7 72
301634686 14 11
301634685 14 3
301634674 5 4
301634671 5 0
301634665 2 3
301634658 700 12
301634655 0 3
301634651 19 7
301634646 2 0
301634643 0 0
301634642 12 5
301634641 4 9
301634640 3987 92
301634639 8 0
301634629 1 0
301634627 4 0
301634623 13 6
301634622 17 7
301634621 0 0
301634618 3 3
301634615 15 5
301634607 2 20
301634603 6 14
301634602 3 0
301634601 2 0
301634592 735 29
301634589 1 4
301634587 6 17
301634582 3 14
301634570 7 2
301634569 6 18
301634568 15 29
301634564 14 6
301634562 924 57
301634559 5 1
301634557 16 2
301634553 1 2
301634552 1 0
301634551 5 19
301634530 2 17
301634528 0 3
301634523 6 3
301634520 4 27
301634519 0 1
301634518 4 23
301634515 2 10
301634511 23 2
301634508 15 21
301634501 0 2
301634498 1 3
301634497 8 8
301634496 1 2
301634495 3 2
301634493 1160 10
301634489 0 1
301634486 3 4
301634479 3 9
301634477 13 5
301634474 10 2
301634473 8 5
301634458 4 31
301634452 10 1
301634449 24 14
301634445 1 10
301634442 8 3
301634441 1 3
301634440 927 15
301634439 4 1
301634428 1 3
301634423 25 22
301634420 4 1
301634415 5 5
301634409 2 8
301634404 6 4
301634403 2 4
301634396 8 7
301634392 5 1
301634384 4 1
301634380 4756 424
301634379 152 73
301634378 5 5
301634375 12 6
301634373 0 1
301634366 4 1
301634362 3 2
301634359 9 13
301634357 505 17
301634354 17 4
301634346 5 4
301634338 2603 437
301634336 3 1
301634334 5 0
301634319 657 43
301634318 0 1
301634315 1 0
301634312 3 1
301634310 7 1
301634307 26 0
301634301 1 4
301634298 17 0
301634291 3 0
301634286 1 0
301634282 1 0
301634277 5 1
301634274 2 0
301634269 0 0
301634267 1 0
301634265 1 0
301634255 0 3
301634253 0 0
301634252 3 0
301634246 2 0
301634241 3 2
301634234 0 0
301634233 2 1
301634227 445 29
301634224 4 6
301634221 1100 89
301634219 2 0
301634217 25 0
301634216 2 1
301634212 4 0
301634209 21 0
301634205 1 5
301634203 11 4
301634198 3 1
301634189 1060 38
301634187 728 30
301634184 1 1
301634182 0 0
301634174 15 1
301634166 1 2
301634164 17 1
301634163 2 13
301634162 0 28
301634157 1 0
301634154 0 0
301634152 3 7
301634148 0 0
301634147 0 0
301634135 1 5
301634125 14 2
301634120 24 10
301634110 6 0
301634108 5 0
301634102 0 0
301634098 9 1
301634096 16 27
301634091 2 1
301634087 2 0
301634080 2 0
301634075 13 24
301634072 7 1
301634070 7 0
301634068 7 1
301634064 1 0
301634063 13 6
301634062 2 0
301634058 1 0
301634055 4 1
301634054 13 2
301634046 3 1
301634045 5 0
301634044 6 21
301634043 9 6
301634042 3 10
301634040 2 0
301634039 6 0
301634035 1 2
301634033 6 5
301634032 0 0
301634031 3135 269
301634027 4 14
301634024 9 5
301634022 5 1
301634020 3 1
301634016 4 6
301634014 4 1
301634013 2 1
301634010 1 1
301634006 3 0
301633997 5 9
301633987 12 8
301633976 1 1
301633969 2 1
301633965 22 16
301633958 4 1
301633956 6 19
301633955 21 0
301633953 9 4
301633946 19 64
301633945 8 3
301633943 11 3
301633941 4 11
301633936 2951 447
301633930 2 1
301633927 917 20
301633923 0 0
301633922 13 2
301633911 7 0
301633907 8 1
301633905 5 0
301633895 0 0
301633892 1 3
301633891 0 0
301633890 1230 16
301633886 0 0
301633881 11 5
301633880 0 0
301633875 3 2
301633874 19 0
301633871 0 1
301633864 0 1
301633851 10 21
301633840 1 1
301633838 1 1
301633833 13 3
301633831 3 1
301633829 6 2
301633826 0 1
301633825 2 1
301633820 0 0
301633818 8 24
301633813 11 5
301633801 0 1
301633800 0 0
301633799 0 0
301633795 0 0
301633794 9 5
301633787 4 1
301633783 0 2
301633782 6 1
301633780 1 1
301633777 478 7
301633772 498 13
301633769 6 0
301633763 13 0
301633761 6 1
301633758 1 0
301633757 11 2
301633754 497 81
301633747 13 6
301633746 0 0
301633745 0 0
301633744 0 0
301633739 0 0
301633738 5 1
301633737 5 1
301633736 1025 128
301633733 11 0
301633732 7 30
301633730 4 3
301633729 13 37
301633728 2 0
301633724 32 11
301633721 5 11
301633720 6 15
301633715 2 0
301633710 0 0
301633704 16 3
301633702 1491 201
301633701 0 0
301633700 7 1
301633699 10 1
301633698 0 0
301633696 1 0
301633689 3 2
301633688 6 1
301633685 2 0
301633682 19 0
301633681 1 0
301633675 1 0
301633671 5 1
301633670 2 1
301633669 0 0
301633663 1 0
301633651 3 0
301633649 3 0
301633644 15 5
301633643 0 0
301633641 0 0
301633640 8 3
301633639 1 1
301633638 11 3
301633637 6 1
301633636 7 0
301633633 0 0
301633629 0 0
301633626 3 1
301633621 3 1
301633617 4 2
301633616 2 0
301633615 0 2
301633614 20 8
301633612 19 3
301633610 1 1
301633607 11 2
301633606 0 0
301633603 9 1
301633600 2 0
301633597 4 1
301633596 7 2
301633595 6 8
301633594 10 3
301633591 0 1
301633589 0 0
301633585 39 17
301633582 0 0
301633577 0 2
301633575 7 1
301633570 0 0
301633567 13 3
301633566 6 2
301633563 1 1
301633560 11 2
301633559 0 0
301633558 1 0
301633551 1 10
301633550 7 2
301633549 1 0
301633548 2 2
301633546 1 0
301633543 5 0
301633542 9 2
301633528 0 0
301633527 0 0
301633524 0 0
301633520 0 0
301633519 1 0
301633516 0 0
301633513 0 0
301633508 4 2
301633503 12 8
301633501 48 15
301633500 1 0
301633495 0 0
301633493 1 1
301633491 469 119
301633487 2 4
301633482 8 1
301633474 0 0
301633472 6 4
301633470 3 2
301633469 92 29
301633468 1 0
301633464 12 2
301633462 0 1
301633459 0 0
301633458 0 0
301633455 12 5
301633453 0 0
301633452 8 2
301633449 1 0
301633448 0 0
301633447 8 1
301633444 0 0
301633438 7 1
301633436 0 0
301633434 2 1
301633432 2 1
301633429 716 73
301633424 0 0
301633422 0 0
301633420 0 0
301633419 2 0
301633418 0 0
301633415 0 0
301633413 0 0
301633412 1 0
301633410 11 3
301633409 6 1
301633402 11 2
301633400 8 0
301633395 2 3
301633394 2 2
301633391 0 0
301633390 0 0
301633386 0 0
301633385 4 0
301633384 0 0
301633383 0 0
301633379 2 1
301633378 0 0
301633373 2 1
301633372 2 1
301633369 0 0
301633368 0 0
301633367 0 0
301633365 0 0
301633357 3 0
301633355 0 0
301633354 0 0
301633352 8 2
301633348 0 0
301633347 4 1
301633345 12 2
301633344 5 0
301633343 12 3
301633340 0 0
301633339 0 0
301633338 2 0
301633337 42 16
301633336 0 0
301633333 1 0
301633332 1 0
301633330 0 0
301633329 4 1
301633326 7 0
301633324 1 0
301633323 0 5
301633320 1 0
301633319 0 0
301633317 1 0
301633314 8 0
301633312 7 5
301633311 0 0
301633309 0 0
301633307 11 2
301633297 0 0
301633291 0 0
301633290 0 0
301633284 0 0
301633281 0 0
301633278 1 1
301633277 12 6
301633274 16 5
301633263 2 1
301633260 0 1
301633256 0 1
301633252 4 3
301633249 1 5
301633248 22 1
301633246 0 0
301633242 0 1
301633241 0 0
301633240 0 0
301633239 1 0
301633237 0 0
301633233 658 112
301633230 3 3
301633226 0 0
301633224 2 0
301633222 1 0
301633221 1 0
301633219 10 10
301633218 4 0
301633213 4 0
301633207 1 0
301633206 0 2
301633204 447 12
301633202 0 0
301633201 7 1
301633200 4 0
301633193 2 0
301633191 2 0
301633190 1 0
301633184 3 0
301633183 1 0
301633182 1 2
301633181 13 6
301633179 0 0
301633175 3 0
301633170 2 1
301633169 2 1
301633167 0 0
301633166 0 0
301633165 10 1
301633163 1 0
301633161 0 0
301633160 13537 279
301633158 6 2
301633156 1 0
301633153 5 0
301633152 40 9
301633151 2 0
301633148 3 2
301633146 3 0
301633145 0 0
301633141 5 0
301633138 0 0
301633137 3 7
301633136 0 1
301633135 489 12
301633134 0 0
301633133 10 5
301633132 1 1
301633131 1 0
301633129 2 0
301633128 1 1
301633121 0 0
301633116 0 0
301633115 647 122
301633113 10 4
301633110 0 0
301633108 2 5
301633105 7 1
301633104 1 0
301633103 4 1
301633102 1 0
301633101 10 0
301633100 4 0
301633099 0 0
301633098 0 0
301633097 0 0
301633096 0 1
301633094 1 0
301633091 6 1
301633087 3 0
301633085 6 0
301633084 2 0
301633083 1 1
301633081 2 0
301633080 2 0
301633071 1 0
301633066 2 1
301633065 5 0
301633064 1 1
301633060 5 2
301633058 3 0
301633057 2 0
301633055 5 0
301633052 2 0
301633051 1 0
301633049 1 0
301633048 22 9
301633046 6 3
301633041 9 4
301633039 2 0
301633035 6 0
301633033 2 0
301633029 3259 150
301633028 0 0
301633027 1 0
301633026 3697 387
301633022 3 1
301633020 0 0
301633019 0 1
301633018 5 6
301633017 0 0
301633016 406 15
301633014 0 0
301633012 3 0
301633011 0 0
301633009 0 1
301633008 2 0
301633006 2154 219
301633005 0 0
301633002 408 6
301633000 0 1
301632999 3 0
301632997 0 1
301632993 1 1
301632990 2 0
301632989 0 1
301632988 0 0
301632983 8 37
301632982 0 0
301632980 0 0
301632979 0 1
301632978 4 1
301632977 0 0
301632976 0 5
301632975 3 1
301632973 0 0
301632972 4 8
301632970 0 0
301632969 0 0
301632968 2 4
301632967 0 0
301632966 1 0
301632964 0 0
301632963 3 1
301632959 2609 255
301632956 0 1
301632952 1 0
301632949 10 5
301632948 3 2
301632946 0 0
301632945 6 2
301632944 1 0
301632943 1 0
301632941 3 5
301632940 428 31
301632937 3 0
301632936 1 0
301632929 0 1
301632927 0 0
301632923 0 0
301632921 0 0
301632918 1 1
301632916 4 1
301632914 0 2
301632913 0 0
301632912 6 0
301632910 0 0
301632909 10 0
301632907 13 2
301632904 2 0
301632901 4 1
301632900 0 0
301632899 0 0
301632896 5 1
301632895 7 3
301632892 2 0
301632891 3 1
301632890 3 0
301632889 0 1
301632888 0 0
301632886 1 1
301632885 0 0
301632884 9 5
301632883 0 0
301632882 1 0
301632881 30 11
301632880 0 2
301632879 2 5
301632878 0 0
301632877 2 1
301632875 2 1
301632873 10779 356
301632869 13 5
301632868 10 9
301632867 17 9
301632866 4 1
301632865 1 0
301632863 2 1
301632858 14 3
301632857 2 0
301632854 7 1
301632853 2 0
301632847 4 0
301632846 2 0
301632845 5 1
301632844 2 0
301632843 4 2
301632842 0 0
301632836 2 2
301632835 1 1
301632831 2 1
301632830 1 0
301632828 1 0
301632826 1 0
301632824 0 1
301632823 1 0
301632818 1 0
301632817 2 8
301632814 9 0
301632813 2 0
301632810 4 3
301632808 0 0
301632807 1 0
301632806 4 2
301632805 0 0
301632804 7 2
301632803 2 0
301632796 1290 53
301632794 6 0
301632791 1 0
301632789 9 4
301632788 8317 391
301632787 5 8
301632783 1 0
301632782 7 1
301632781 10 4
301632780 2 0
301632777 3 0
301632774 5 1
301632772 4 1
301632770 4 0
301632768 0 4
301632767 7 1
301632766 0 0
301632765 7 1
301632764 0 0
301632763 1 0
301632762 0 0
301632757 0 0
301632755 0 0
301632754 2 2
301632752 11 0
301632750 0 0
301632749 1 0
301632748 0 0
301632745 578 28
301632744 5 4
301632743 0 0
301632742 1 0
301632737 7 3
301632736 5 1
301632735 10 6
301632733 2 0
301632732 0 0
301632731 7 0
301632730 2 5
301632729 0 0
301632728 1 2
301632727 1 6
301632726 0 0
301632725 0 0
301632722 158 12
301632721 8 4
301632720 1 0
301632718 0 0
301632716 1 0
301632715 12 4
301632712 0 0
301632711 0 0
301632705 3 3
301632704 2 0
301632702 0 0
301632701 0 1
301632698 0 0
301632695 2 2
301632694 7 3
301632689 2 4
301632688 3 0
301632687 9 1
301632686 0 0
301632685 3 1
301632684 0 0
301632679 3 0
301632678 0 0
301632677 5 0
301632674 2 0
301632673 0 0
301632672 4 1
301632671 4 3
301632670 8 3
301632668 0 0
301632667 2 0
301632664 0 0
301632663 0 1
301632662 2 4
301632661 8 0
301632660 0 0
301632656 0 0
301632655 0 0
301632651 10 0
301632650 0 0
301632649 2 2
301632648 0 0
301632646 0 1
301632645 1 1
301632644 5 0
301632643 2 0
301632641 694 22
301632640 0 1
301632639 2 2
301632638 0 0
301632637 0 1
301632636 10 4
301632635 2 2
301632634 1 0
301632633 1 0
301632630 1 1
301632628 1 1
301632627 12 2
301632626 2 0
301632625 5 2
301632623 2 1
301632622 2 0
301632620 2 0
301632617 2 2
301632616 7 0
301632614 2 1
301632610 0 0
301632609 1 0
301632608 0 0
301632606 6 4
301632604 5 0
301632603 1 0
301632602 17 7
301632601 2 0
301632598 2 0
301632597 2 0
301632596 0 0
301632595 6 4
301632594 0 0
301632593 2 0
301632589 3 0
301632588 1 0
301632587 3 2
301632585 0 0
301632583 7 4
301632582 1 0
301632581 4 0
301632580 7 4
301632577 2 0
301632576 4 1
301632575 1 0
301632574 0 0
301632573 3 3
301632572 4 1
301632570 0 0
301632569 2 3
301632567 1 1
301632566 7 4
301632565 1 1
301632564 0 0
301632563 4 1
301632562 2 3
301632561 1 3
301632560 0 0
301632559 2 3
301632558 4 4
301632557 0 0
301632556 5 0
301632555 1 0
301632553 0 0
301632551 1 0
301632550 0 0
301632549 8 4
301632547 1 0
301632544 1 0
301632543 0 2
301632542 4 0
301632541 2 0
301632540 1 0
301632537 0 0
301632536 0 0
301632535 10 5
301632534 5 0
301632533 1 0
301632532 0 2
301632531 0 0
301632530 0 1
301632529 0 0
301632528 1 0
301632527 3 0
301632526 1 0
301632525 0 0
301632523 0 0
301632522 0 0
301632521 0 0
301632520 7 2
301632519 0 0
301632518 1 1
301632516 0 0
301632514 1 1
301632513 0 1
301632512 1 1
301632510 0 0
301632509 0 1
301632508 2 1
301632507 0 2
301632506 3 0
301632504 1741 316
301632503 2 2
