303955828 0 0
303949349 0 0
303948888 0 0
303947488 0 0
303927395 0 0
303862398 2 0
303855177 3 2
303852365 0 2
303851402 2 0
303801776 1 1
303796877 4 0
303775112 0 1
303741404 0 1
303741403 0 1
303741402 0 1
303739445 4 0
303735471 1 0
303733456 2 0
303724084 5 0
303680555 2 0
303680537 2 0
303680469 3 0
303672525 1 0
303664004 19 1
303659375 2 0
303654390 6 1
303652512 0 0
303642591 0 0
303623583 9 0
303619383 0 0
303587726 6 0
303587724 0 0
303577182 1 0
303577171 0 0
303569657 1 0
303544906 5 0
303522105 0 0
303521723 7 0
303507403 4 0
303507399 12 7
303507395 4 0
303507363 2 0
303506936 10 0
303506929 3 1
303506928 4 1
303506834 0 0
303506802 3 0
303506534 2 0
303503261 3 0
303502246 4 0
303499941 0 0
303499565 0 0
303499287 6 0
303498790 0 0
303496396 11 2
303494916 2 1
303492934 0 0
303491862 6 0
303486606 3 9
303484208 1 0
303484076 0 0
303472524 10 0
303471610 6 1
303457537 1 0
303456361 9 0
303454624 0 0
303444846 1 0
303444845 1 0
303433652 17 11
303433611 0 1
303429930 3 0
303429892 14 0
303429886 6 1
303429870 2 0
303427923 3 1
303424223 0 0
303422765 3 1
303422246 13 20
303412860 3 0
303412800 0 0
303412768 0 0
303412758 1 0
303412755 16 13
303412745 5 1
303412320 9 0
303412090 3 1
303412089 3 1
303411785 14 0
303411736 15 9
303411673 8 0
303410930 7 0
303410509 0 0
303410267 5 0
303410181 6 0
303410051 6 0
303410047 1 0
303409754 3 0
303408326 3 0
303408200 0 0
303407647 0 0
303407634 0 0
303407496 2 0
303407150 8 0
303407128 1 0
303406966 10 0
303406753 16 15
303406532 1 24
303406486 4 0
303406358 42 12
303406303 5 1
303405984 9 1
303405963 5 1
303405954 14 1
303405650 6 0
303405420 2 9
303405293 11 0
303405144 2 0
303405064 2 0
303404710 11 0
303404588 7 0
303404577 3 0
303404570 1 0
303404548 6 1
303404536 3 1
303404532 1 0
303404522 2 24
303404491 6 1
303404474 9 0
303404451 6 0
303404412 35 5
303404350 5 0
303404231 3 2
303404079 6 0
303403702 5 0
303403669 1 0
303403656 13 1
303403514 10 15
303403360 12 2
303402923 1 0
303402878 0 0
303402716 1 0
303401498 4 5
303401295 0 0
303401028 12 0
303400294 9 0
303400167 1 0
303399741 1 2
303399739 1 2
303399717 0 4
303399701 13 0
303399686 17 20
303399684 6 1
303399299 1 3
303399288 7 27
303399259 8 0
303398897 1 7
303398810 3 0
303398750 8 1
303398409 23 7
303397973 0 0
303396816 4 7
303396607 4 5
303396239 3 1
303395960 1 0
303394999 1 0
303394592 29 4
303393577 11 0
303391447 7 0
303391106 2 11
303390988 3 2
303390825 37 2
303389187 0 0
303389126 7 1
303386229 0 0
303386167 4 0
303386136 8 0
303386052 1 9
303385973 3 7
303385787 10 0
303385633 6 6
303385494 20 3
303385488 0 0
303385483 0 0
303385085 0 0
303384955 8 2
303384798 0 0
303384745 0 0
303384739 0 0
303384632 3 0
303384550 9 0
303384534 0 11
303384473 11 6
303384377 11 10
303383816 0 0
303383796 0 0
303383793 0 0
303383463 3 0
303383384 0 0
303383377 5 2
303382913 6 8
303382647 6 0
303382190 6 7
303382009 14 0
303381537 0 28
303380820 0 46
303379520 1 0
303379293 2 0
303379252 0 0
303370876 2 0
303370817 3 0
303370799 1 2
303370325 11 6
303370236 8 0
303369982 3 31
303369941 0 3
303368747 1 0
303365667 0 2
303364940 2 3
303361464 6 0
303361298 4 0
303361232 4 38
303361002 1 6
303360730 9 1
303360684 0 0
303360558 0 0
303360360 0 4
303360169 7 36
303360082 3 0
303360033 6 0
303358150 11 0
303358148 5 10
303358132 0 0
303357832 9 2
303357526 14 2
303356777 4 2
303351939 14 3
303349634 0 0
303349591 2 1
303349565 1 0
303349562 0 0
303349529 0 0
303349518 5 3
303349360 0 1
303349355 9 0
303349273 8 22
303349263 4 1
303349255 3 2
303349248 70 15
303349230 29 5
303349180 1 1
303348946 14 1
303348934 11 2
303348919 26 6
303348566 10 1
303348508 0 0
303348473 5 1
303348386 0 0
303348095 7 1
303348092 1 0
303347995 0 0
303347929 7 36
303347925 1 0
303347887 0 0
303347853 0 3
303347760 7 33
303347710 11 0
303347585 19 7
303347507 9 0
303347437 13 0
303347129 6 0
303347016 1 1
303346876 1 3
303346590 7 0
303346397 5 31
303346275 6 0
303346233 2 0
303346056 7 1
303346028 19 0
303345996 17 2
303345971 23 0
303345967 39 5
303345871 6 5
303345867 10 0
303345843 5 0
303345809 5 1
303345799 6 0
303345789 0 0
303345752 9 8
303345738 4 0
303345694 7 1
303345684 12 7
303345683 21 1
303345670 3 0
303345669 50 4
303345662 2 0
303345659 2 0
303345654 6 0
303345644 1 0
303345638 0 0
303345632 11 1
303345612 3 0
303345611 1 0
303345603 3 1
303345541 14 1
303345461 2 0
303345150 5 0
303345074 6 0
303345056 4 0
303344971 21 6
303344457 2 0
303344431 0 1
303344323 2 7
303344148 0 1
303344137 26 2
303344133 6 0
303344119 8 0
303344083 3 0
303343911 1 48
303343472 11 2
303343305 50 1
303343161 0 0
303342595 2 6
303342591 1 5
303342563 23 2
303342562 11 2
303342548 4 0
303342534 3 0
303342526 3 0
303342520 5 0
303342502 3 0
303342490 8 0
303342481 2 1
303342466 2 0
303342459 4 0
303342458 3 0
303342446 1 0
303342432 4 0
303342412 9 1
303342405 1 0
303342393 4 2
303342390 7 0
303342381 16 1
303342373 11 0
303342273 9 5
303342272 5 0
303342265 1 0
303342235 15 1
303342219 6 0
303342180 8 4
303342022 4 0
303341952 6 0
303341741 1 0
303341713 15 5
303341598 6 0
303341439 5 0
303341018 1 0
303340861 0 0
303340385 0 1
303340114 0 1
303339726 4 0
303339573 21 11
303339505 0 2
303339465 0 6
303339448 15 6
303339419 10 0
303339270 6 3
303339042 2 0
303339016 0 1
303338570 7 0
303338442 11 3
303338409 1 0
303338377 52 5
303337979 52 4
303337649 18 4
303337467 0 0
303337391 5 0
303337096 28 1
303336827 2 18
303336686 1 1
303336407 0 0
303336386 8 0
303334453 4 0
303333804 58 3
303333416 3 0
303333341 10 0
303333219 7 0
303333191 3 1
303333032 37 2
303332625 7 0
303332005 7 0
303331603 10 8
303330588 10 0
303330250 9 1
303327350 2 10
303327066 14 7
303327025 0 0
303326431 5 0
303326374 58 1
303326197 37 5
303326158 3 1
303326126 1 0
303326122 0 0
303326120 1 1
303326098 4 0
303326096 16 5
303326090 8 0
303326079 2 0
303326066 17 2
303326058 6 1
303326057 9 0
303326043 25 2
303326041 28 4
303326035 4 0
303326025 11 0
303326016 20 0
303326015 24 7
303326012 1 9
303326010 8 3
303326009 9 0
303326007 9 0
303326005 9 0
303326001 8 1
303325992 26 2
303325989 5 2
303325986 61 0
303325981 0 0
303325975 8 14
303325971 0 1
303325968 14 7
303325958 0 1
303325957 1 0
303325954 2 0
303325945 6 0
303325940 0 0
303325934 52 0
303325930 9 0
303325917 9 1
303325900 2 2
303325897 0 1
303325896 0 0
303325859 22 1
303325857 5 50
303325855 2 0
303325852 1 0
303325850 1 3
303325835 13 0
303325834 16 0
303325818 6 0
303325816 19 2
303325813 7 0
303325812 5 0
303325807 10 1
303325804 13 0
303325801 9 4
303325797 11 0
303325796 3 0
303325793 6 0
303325791 65 0
303325784 14 1
303325773 0 0
303325770 23 19
303325739 0 0
303325719 5 0
303325715 6 0
303325714 8 0
303325708 3 0
303325707 0 0
303325698 11 0
303325696 0 0
303325692 6 0
303325684 8 5
303325681 15 2
303325677 0 0
303325676 14 1
303325672 15 0
303325661 10 0
303325655 11 1
303325637 0 0
303325636 7 0
303325627 0 0
303325620 1 0
303325618 21 2
303325603 0 1
303325599 6 0
303325596 29 11
303325595 15 3
303325594 1 1
303325590 11 1
303325589 2 1
303325581 8 0
303325579 3 2
303325578 11 53
303325574 12 0
303325562 6 0
303325559 14 0
303325554 5 0
303325546 2 0
303325541 2 0
303325540 0 0
303325537 7 0
303325533 14 10
303325523 29 9
303325520 0 0
303325518 9 5
303325515 0 0
303325505 3 0
303325501 28 13
303325498 0 0
303325497 5 7
303325495 0 0
303325490 14 0
303325488 3 6
303325484 1 35
303325474 14 4
303325467 2 4
303325464 2 4
303325460 16 4
303325458 1 6
303325457 5 0
303325453 9 13
303325438 6 4
303325432 7 1
303325426 21 18
303325420 21 12
303325417 2 3
303325406 12 0
303325405 12 0
303325401 16 1
303325399 10 48
303325398 0 2
303325397 26 1
303325396 2 0
303325393 13 3
303325391 14 1
303325386 18 3
303325383 0 1
303325379 8 4
303325376 5 57
303325374 10 0
303325373 22 0
303325371 16 9
303325369 2 35
303325368 4 0
303325366 8 0
303325364 21 0
303325362 4 0
303325361 16 6
303325360 0 0
303325359 17 42
303325357 0 0
303325355 19 37
303325354 33 1
303325351 3 0
303325349 16 3
303325348 5 0
303325346 15 7
303325339 1 0
303325336 0 0
303325335 0 0
303325334 5 1
303325330 0 0
303325324 6 0
303325321 46 17
303325317 16 1
303325315 4 1
303325309 8 3
303325308 14 0
303325307 15 1
303325304 6 55
303325302 12 6
303325293 1 0
303325292 9 21
303325289 20 1
303325285 11 0
303325283 3 86
303325279 9 4
303325275 66 38
303325268 29 9
303325267 0 0
303325266 11 0
303325265 6 32
303325263 11 3
303325259 4 1
303325257 16 17
303325254 75 2
303325251 3 0
303325243 0 0
303325234 4 36
303325224 16 1
303325218 0 0
303325215 36 6
303325208 6 9
303325201 11 0
303325200 0 0
303325193 47 9
303325186 18 1
303325185 9 2
303325182 0 0
303325174 6 0
303325161 9 0
303325159 5 37
303325156 4 4
303325155 13 19
303325154 10 0
303325152 9 0
303325141 0 0
303325140 11 0
303325139 0 0
303325138 8 0
303325132 0 15
303325131 0 0
303325128 15 11
303325119 11 2
303325112 0 0
303325111 3 0
303325107 0 1
303325098 10 0
303325096 30 14
303325092 22 1
303325089 7 1
303325086 6 1
303325079 0 0
303325078 3 2
303325076 21 0
303325075 0 3
303325074 14 36
303325072 5 2
303325068 6 0
303325058 14 2
303325040 1 0
303325038 0 0
303325035 0 0
303325033 1 0
303325032 2 2
303325030 49 2
303325024 7 0
303325020 9 10
303325017 5 0
303325015 6 0
303325012 1 0
303325011 5 74
303325010 7 0
303325009 7 0
303324995 2 0
303324991 0 4
303324987 5 0
303324986 2 0
303324985 0 0
303324984 8 0
303324983 11 1
303324981 14 2
303324978 12 10
303324969 0 0
303324967 5 8
303324960 9 2
303324958 15 0
303324957 1 0
303324954 115 25
303324946 15 20
303324945 1 0
303324943 0 0
303324942 4 2
303324941 1 0
303324938 0 1
303324926 6 17
303324924 5 1
303324923 0 0
303324922 17 1
303324921 0 0
303324919 20 1
303324917 34 2
303324916 8 0
303324915 11 3
303324913 5 17
303324909 20 9
303324894 2 32
303324879 0 9
303324877 80 15
303324875 1 0
303324868 1 0
303324867 4 30
303324864 8 1
303324863 3 0
303324860 80 14
303324857 4 72
303324856 4 1
303324854 0 0
303324850 9 4
303324849 12 3
303324848 0 0
303324846 16 1
303324844 26 0
303324843 2 58
303324842 14 0
303324840 1 8
303324838 0 0
303324837 6 0
303324835 3 1
303324834 0 0
303324830 3 1
303324828 0 1
303324826 3 49
303324825 0 2
303324824 13 1
303324823 7 46
303324821 7 1
303324818 7 0
303324817 4 0
303324810 126 13
303324804 58 3
303324803 11 23
303324802 6 0
303324800 0 15
303324796 0 0
303324794 22 6
303324793 4 0
303324790 2 2
303324789 9 0
303324788 22 1
303324787 25 0
303324786 3 3
303324784 3 0
303324783 31 6
303324782 11 0
303324781 0 0
303324780 12 5
303324779 13 0
303324778 6 4
303324777 0 1
303324776 20 12
303324773 2 4
303324771 172 15
303324770 14 0
303324769 12 0
303324768 13 1
303324765 9 0
303324763 2 0
303324762 0 0
303324761 4 0
303324758 6 0
303324757 12 8
303324756 0 0
303324753 31 0
303324751 4 0
303324750 6 2
303324749 4 67
303324746 9 3
303324745 0 1
303324744 78 3
303324743 6 0
303324742 5 0
303324741 0 0
303324738 4 15
303324736 26 1
303324735 0 0
303324734 4 61
303324733 5 0
303324732 4 4
303324730 9 4
303324729 6 25
303324726 9 0
303324721 14 17
303324720 8 0
303324718 6 38
303324717 11 27
303324715 1 15
303324714 1 0
303324713 5 12
303324711 4 3
303324709 7 18
303324707 9 0
303324703 19 7
303324702 1 41
303324700 7 0
303324699 6 0
303324697 13 59
303324696 55 14
303324695 72 15
303324693 51 11
303324692 1 0
303324688 14 0
303324687 1 1
303324685 36 8
303324684 9 1
303324682 7 1
303324680 0 0
303324674 8 2
303324672 10 18
303324671 10 13
303324670 2 0
303324669 1 0
303324668 1 0
303324666 4 1
303324665 8 0
303324664 9 0
303324663 3 8
303324661 12 13
303324659 0 0
303324657 6 13
303324656 6 0
303324654 9 0
303324653 4 0
303324650 2 0
303324648 3 13
303324646 1 1
303324639 27 1
303324637 36 3
303324636 2 40
303324635 1 29
303324634 3 5
303324632 39 2
303324631 4 0
303324630 7 0
303324629 9 0
303324626 18 25
303324624 9 0
303324623 62 0
303324622 0 0
303324621 1 0
303324620 21 0
303324619 20 2
303324618 7 0
303324617 3 0
303324616 0 0
303324615 8 67
303324614 1 5
303324613 0 2
303324612 7 2
303324611 16 12
303324609 10 4
303324606 0 1
303324602 11 9
303324600 0 1
303324595 0 4
303324594 2 1
303324593 0 0
303324591 3 0
303324589 38 3
303324588 7 4
303324585 1 0
303324584 5 0
303324583 6 0
303324579 21 3
303324577 7 60
303324576 3 18
303324573 7 3
303324571 1 1
303324569 32 0
303324568 107 3
303324567 7 0
303324566 0 0
303324565 3 9
303324563 17 0
303324561 11 1
303324560 13 0
303324556 5 0
303324554 4 8
303324551 0 0
303324549 0 1
303324547 7 6
303324545 6 0
303324543 13 1
303324541 14 0
303324539 24 0
303324537 7 0
303324533 307 3
303324529 190 3
303324527 16 0
303324524 10 0
303324523 40 4
303324522 5 0
303324521 7 46
303324519 1 2
303324518 3 0
303324517 8 0
303324516 9 0
303324514 10 0
303324513 0 2
303324512 4 0
303324511 10 0
303324510 13 1
303324508 2 0
303324507 9 3
303324504 20 0
303324503 4 0
303324502 24 0
303324501 17 0
303324500 4 0
303324499 2 1
303324497 7 1
303324496 10 0
303324495 9 0
303324494 12 0
303324493 3 0
303324492 1 1
303324491 0 1
303324490 24 0
303324489 8 0
303324488 13 0
303324486 5 0
303324485 7 3
303324483 6 0
303324482 4 0
303324481 7 0
303324479 36 0
303324477 4 0
303324475 3 0
303324474 8 6
303324473 16 7
303324471 8 0
303324470 9 0
303324469 41 1
303324465 3 1
303324464 7 0
303324463 4 0
303324461 1 0
303324460 3 0
303324457 2 0
303324454 0 0
303324453 1 3
303324450 25 1
303324448 12 0
303324446 9 0
303324445 0 0
303324444 6 0
303324443 12 0
303324441 188 2
303324439 1 1
303324436 1 0
303324435 9 0
303324433 26 15
303324432 6 54
303324431 3 1
303324430 29 2
303324429 0 3
303324428 4 1
303324427 13 0
303324425 11 0
303324423 1 0
303324419 11 0
303324417 17 0
303324414 7 0
303324412 4 6
303324411 0 0
303324410 4 0
303324408 5 0
303324407 14 1
303324406 32 4
303324405 10 0
303324404 15 0
303324403 30 2
303324402 5 0
303324401 2 0
303324399 7 0
303324398 4 0
303324397 26 2
303324396 10 9
303324394 17 0
303324393 11 0
303324392 1 0
303324391 5 0
303324390 1 39
303324387 6 0
303324386 1 1
303324384 13 4
303324382 16 11
303324379 0 0
303324377 4 4
303324376 17 0
303324375 0 0
303324372 335 2
303324368 393 6
303324367 32 7
303324366 3 0
303324365 2 0
303324361 16 0
303324359 9 0
303324357 17 0
303324356 8 0
303324354 123 1
303324353 9 0
303324352 12 2
303324351 1 0
303324348 2 0
303324347 46 5
303324346 6 3
303324345 0 0
303324344 16 4
303324342 7 0
303324341 0 0
303324340 3 0
303324339 4 0
303324338 18 12
303324337 1 0
303324333 299 4
303324332 54 6
303324331 7 0
303324329 9 0
303324328 14 1
303324327 7 0
303324326 6 4
303324325 13 0
303324324 13 5
303324323 1 0
303324322 13 10
303324321 9 1
303324320 1 1
303324319 18 14
303324318 2 0
303324317 14 9
303324316 22 1
303324315 7 1
303324314 32 0
303324313 5 0
303324312 1 0
303324311 9 2
303324309 0 0
303324308 377 32
303324307 0 0
303324306 3 0
303324301 17 5
303324300 13 0
303324299 7 0
303324298 8 0
303324297 16 3
303324296 1 5
303324295 16 0
303324294 1 13
303324293 37 6
303324291 16 5
303324289 1 0
303324285 10 5
303324284 22 0
303324283 8 0
303324282 14 11
303324281 3 0
303324279 1 0
303324278 5 3
303324276 1 0
303324275 2 0
303324274 7 0
303324273 25 1
303324272 0 0
303324271 0 0
303324270 13 0
303324269 12 3
303324268 1 0
303324267 1 0
303324265 6 15
303324264 1 0
303324263 167 2
303324262 9 0
303324261 11 0
303324260 473 8
303324259 0 1
303324258 2 0
303324257 0 0
303324256 9 0
303324253 2 0
303324251 3 1
303324249 4 0
303324247 1 0
303324246 26 0
303324245 10 1
303324244 6 1
303324243 10 0
303324242 5 22
303324241 11 5
303324239 0 0
303324238 94 0
303324237 10 0
303324236 12 1
303324233 5 0
303324231 2 2
303324230 4 15
303324229 19 8
303324227 11 1
303324226 6 0
303324224 2 0
303324223 7 0
303324220 13 0
303324218 1 0
303324215 1 0
303324214 20 0
303324212 6 1
303324210 2 0
303324209 5 0
303324208 4 0
303324207 0 1
303324205 44 2
303324204 11 3
303324203 39 14
303324202 12 1
303324201 0 0
303324200 5 1
303324199 15 1
303324198 6 8
303324195 214 2
303324193 9 0
303324191 4 1
303324190 8 0
303324188 8 2
303324187 2 0
303324186 7 0
303324185 0 15
303324184 1 0
303324182 8 0
303324181 4 0
303324180 7 21
303324179 1 15
303324177 13 1
303324175 4 10
303324174 11 0
303324173 217 1
303324171 30 1
303324170 6 0
303324169 340 19
303324167 5 92
303324165 0 0
303324164 37 8
303324163 9 0
303324162 0 0
303324161 0 1
303324160 4 5
303324158 19 0
303324157 0 0
303324156 3 6
303324153 6 9
303324152 15 0
303324151 0 0
303324149 1 21
303324145 6 0
303324144 8 0
303324143 8 19
303324142 3 13
303324139 10 19
303324138 2 27
303324135 229 2
303324134 3 19
303324133 594 1
303324132 9 7
303324131 6 0
303324130 10 0
303324128 12 0
303324126 2 0
303324123 6 3
303324122 13 9
303324121 13 3
303324119 809 6
303324118 15 86
303324116 7 0
303324113 2 13
303324112 0 0
303324111 11 22
303324109 5 0
303324108 3 0
303324107 9 0
303324106 6 0
303324103 1 13
303324102 3 2
303324101 7 0
303324098 8 1
303324097 1 16
303324092 3 0
303324090 1 0
303324089 4 40
303324086 0 1
303324085 205 17
303324084 9 0
303324083 9 4
303324082 6 1
303324080 2 6
303324078 18 0
303324077 6 0
303324075 0 0
303324074 2 0
303324072 6 0
303324070 14 0
303324069 3 1
303324068 521 7
303324066 7 5
303324065 7 0
303324064 2 0
303324063 0 8
303324062 414 5
303324061 347 2
303324060 18 3
303324057 0 0
303324056 0 0
303324054 68 1
303324052 19 3
303324051 7 4
303324050 8 1
303324048 11 0
303324046 11 0
303324044 8 0
303324043 11 1
303324042 1 1
303324040 0 0
303324039 48 2
303324038 13 4
303324037 2 20
303324035 0 0
303324034 48 3
303324033 119 3
303324032 15 0
303324030 6 2
303324029 1 1
303324026 236 1
303324024 2 1
303324023 2 9
303324022 13 0
303324021 2310 14
303324020 16 0
303324019 0 0
303324018 2 13
303324015 16 1
303324014 5 0
303324013 3 2
303324011 6 0
303324010 3 0
303324009 7 0
303324008 41 4
303324006 9 4
303324003 4 0
303324002 8 1
303324001 6 0
303324000 2 1
303323999 15 0
303323998 22 0
303323997 3 1
303323995 10 5
303323994 7 1
303323992 7 1
303323991 14 7
303323990 12 0
303323989 8 0
303323988 0 2
303323987 297 8
303323986 9 0
303323985 3 26
303323984 169 2
303323983 6 0
303323981 7 0
303323980 6 0
303323979 10 3
303323978 7 0
303323977 6 2
303323976 3 1
303323975 6 2
303323974 16 0
303323973 8 0
303323972 7 0
303323970 4 81
303323969 4 1
303323967 4 1
303323965 16 23
303323964 1 0
303323962 5 1
303323961 1 1
303323960 176 24
303323959 11 2
303323958 2 26
303323956 5 1
303323954 37 3
303323953 4 12
303323952 0 2
303323951 7 0
303323950 0 0
303323949 16 0
303323948 20 0
303323946 10 4
303323945 0 0
303323944 8 1
303323940 5 4
303323939 14 3
303323936 265 0
303323935 22 0
303323934 8 2
303323933 32 2
303323929 9 0
303323928 295 0
303323927 708 3
303323926 0 0
303323924 11 1
303323923 0 0
303323921 0 0
303323919 15 2
303323917 9 0
303323916 8 0
303323915 8 1
303323914 4 1
303323913 14 0
303323912 8 0
303323911 0 0
303323910 15 1
303323909 9 0
303323908 3 1
303323907 3 1
303323906 2 6
303323905 1 2
303323904 1 0
303323903 10 0
303323902 221 1
303323901 2 5
303323900 40 5
303323898 15 0
303323897 0 4
303323896 7 0
303323895 12 6
303323894 0 1
303323893 1 0
303323891 11 3
303323889 388 5
303323888 4 1
303323887 7 0
303323886 7 1
303323884 218 3
303323883 0 0
303323882 10 0
303323881 3 2
303323880 7 0
303323879 0 0
303323876 0 0
303323875 0 0
303323874 7 0
303323873 6 0
303323871 382 8
303323869 106 0
303323868 3 0
303323867 9 0
303323866 7 0
303323865 6 0
303323864 7 0
303323863 8 6
303323858 0 0
303323857 14 1
303323856 12 0
303323855 18 5
303323854 4 0
303323853 6 0
303323852 9 3
303323851 8 1
303323850 978 2
303323849 1 0
303323848 6 2
303323847 0 0
303323844 6 0
303323843 3 5
303323842 5 1
303323840 167 2
303323839 7 0
303323838 7 0
303323837 2 0
303323834 3 6
303323833 263 3
303323832 463 7
303323831 6 1
303323830 4 1
303323829 3 1
303323828 2 0
303323827 238 4
303323825 14 6
303323824 10 0
303323823 9 4
303323822 0 0
303323821 12 7
303323820 35 1
303323819 4 0
303323818 8 1
303323814 11 2
303323813 1 3
303323812 8 0
303323811 1 0
303323809 3 0
303323806 2 0
303323804 5 5
303323803 8 71
303323802 13 1
303323800 1 23
303323799 3 1
303323798 0 0
303323797 3 4
303323796 8 0
303323795 5 0
303323794 4 0
303323793 308 4
303323791 340 4
303323790 11 0
303323789 8 1
303323788 537 5
303323787 4 0
303323786 16 7
303323785 326 2
303323784 15 5
303323783 9 0
303323782 12 3
303323781 525 3
303323779 3 0
303323778 6 0
303323777 33 0
303323776 0 0
303323774 11 0
303323773 0 0
303323772 10 0
303323771 0 0
303323770 1 0
303323769 0 0
303323768 4 0
303323766 13 5
303323765 12 0
303323763 15 0
303323761 300 3
303323759 4 0
303323757 2 0
303323756 10 0
303323755 7 1
303323754 2 11
303323752 0 0
303323751 16 6
303323747 0 0
303323744 7 1
303323743 3 1
303323742 15 0
303323740 9 0
303323739 0 0
303323738 8 2
303323736 17 8
303323735 7 1
303323732 19 1
303323731 5 0
303323730 4 0
303323729 1 0
303323728 0 0
303323727 3 1
303323726 1 0
303323725 0 1
303323724 2 0
303323722 0 0
303323721 2 0
303323719 0 0
303323718 5 0
303323717 2 2
303323716 11 0
303323715 4 0
303323714 0 0
303323713 1 0
303323711 1 0
303323710 9 5
303323709 9 0
303323708 1 0
303323707 10 1
303323706 6 1
303323705 0 0
303323704 37 2
303323703 7 1
303323702 1 0
303323701 4 0
303323700 1 0
303323696 5 1
303323695 2 49
303323694 1 1
303323693 1 7
303323692 2 1
303323690 0 0
303323689 0 0
303323688 0 0
303323686 11 1
303323685 7 4
303323684 0 30
303323683 0 0
303323682 6 1
303323680 5 0
303323679 0 0
303323677 5 0
303323676 4 0
303323672 307 5
303323671 3 3
303323670 2 1
303323669 4 0
303323668 3 0
303323667 0 0
303323665 8 1
303323663 5 1
303323662 479 3
303323661 6 2
303323660 10 1
303323659 13 0
303323658 91 1
303323657 2 2
303323656 6 0
303323655 7 4
303323654 0 0
303323653 17 0
303323652 0 0
303323651 120 9
303323650 7 0
303323647 6 0
303323646 10 1
303323645 160 1
303323642 0 0
303323640 11 0
303323639 5 0
303323637 4 0
303323636 6 13
303323635 6 7
303323633 0 0
303323632 9 1
303323631 6 1
303323630 0 0
303323627 0 2
303323626 7 0
303323625 8 0
303323623 6 44
303323622 11 7
303323621 8 20
303323619 3 0
303323618 158 6
303323617 8 0
303323616 0 0
303323615 0 0
303323614 14 6
303323612 0 0
303323611 12 4
303323610 6 5
303323609 32 1
303323608 4 5
303323607 3 2
303323606 8 0
303323605 3 5
303323603 10 1
303323602 2 0
303323601 3 0
303323600 4 0
303323599 21 5
303323597 7 0
303323595 10 31
303323594 0 0
303323593 2 5
303323592 3 0
303323591 3 1
303323590 5 1
303323589 14 3
303323588 4 1
303323587 0 2
303323586 5 0
303323584 3 2
303323582 3 0
303323580 5 1
303323579 5 1
303323578 12 1
303323577 0 0
303323576 1 1
303323574 0 18
303323573 734 31
303323572 3 1
303323571 1 0
303323570 1 1
303323567 0 0
303323565 2 0
303323564 13 3
303323562 643 5
303323561 3 26
303323559 0 21
303323558 0 0
303323557 15 2
303323556 6 45
303323555 3 0
303323554 2 0
303323553 6 2
303323552 2 4
303323551 1 0
303323550 2 0
303323548 1179 23
303323547 605 8
303323546 4 0
303323543 0 0
303323541 8 3
303323540 1 1
303323539 5 0
303323538 5 0
303323537 11 1
303323536 6 4
303323535 1 9
303323534 0 0
303323533 564 4
303323532 1 5
303323530 5 0
303323529 371 14
303323528 18 7
303323527 2 0
303323526 0 0
303323525 3 1
303323524 195 2
303323523 7 0
303323522 6 0
303323521 10 5
303323520 1 0
303323519 4 2
303323518 10 4
303323517 361 3
303323516 13 1
303323515 10 3
303323514 4 57
303323512 674 2
303323511 0 33
303323509 332 12
303323508 4 0
303323507 9 0
303323506 1 1
303323505 6 0
303323503 4 9
303323502 1 0
303323501 3 30
303323500 8 0
303323498 10 0
303323497 192 2
303323495 4 1
303323493 1 9
303323492 1 6
303323491 4 0
303323490 7 0
303323489 10 4
303323488 7 0
303323487 2 5
303323486 13 3
303323485 4 0
303323484 385 5
303323483 3 31
303323482 1 0
303323481 8 0
303323480 4 2
303323479 1 29
303323478 448 4
303323477 6 1
303323476 7 0
303323475 5 0
303323474 12 1
303323473 3 0
303323472 0 0
303323471 1 4
303323470 1 0
303323468 5 0
303323467 10 0
303323466 2 0
303323465 10 0
303323463 1 24
303323462 1 0
303323461 2 43
303323460 1 0
303323459 7 0
303323457 9 2
303323455 1 25
303323454 7 0
303323453 3 0
303323452 7 0
303323451 8 17
303323450 5 0
303323449 16 1
303323447 360 3
303323446 11 0
303323445 0 0
303323444 11 0
303323443 10 0
303323442 4 1
303323441 5 42
303323440 10 0
303323439 9 1
303323437 0 0
303323436 22 8
303323434 2 0
303323433 13 4
303323430 6 1
303323429 15 5
303323428 0 0
303323427 24 6
303323425 0 0
303323424 0 10
303323423 4 0
303323420 10 1
303323419 6 3
303323417 8 0
303323416 8 0
303323415 430 4
303323414 4 1
303323413 0 0
303323412 11 0
303323411 1 4
303323410 1 3
303323408 1 0
303323407 1 0
303323406 522 13
303323405 9 0
303323404 3 0
303323403 2 1
303323398 7 0
303323397 8 1
303323396 132 4
303323395 45 2
303323394 3 0
303323393 0 0
303323392 0 24
303323391 6 3
303323390 20 9
303323389 381 3
303323388 4 0
303323387 10 0
303323386 0 0
303323385 239 4
303323384 4 0
303323383 3 11
303323382 7 0
303323381 0 0
303323380 13 1
303323379 4 0
303323378 3 0
303323377 3 0
303323375 6 0
303323373 11 1
303323372 1 0
303323370 10 0
303323369 2 0
303323368 310 3
303323367 0 5
303323365 968 75
303323364 15 1
303323363 0 1
303323362 0 0
303323361 2 9
303323358 9 5
303323357 14 4
303323356 10 0
303323355 7 0
303323354 0 0
303323353 2 3
303323352 0 5
303323351 11 0
303323350 22 0
303323349 3904 50
303323347 0 24
303323346 11 2
303323345 0 0
303323342 0 5
303323341 7 1
303323340 591 61
303323339 2 0
303323338 4 0
303323337 0 0
303323336 14 2
303323335 7 2
303323333 0 5
303323332 1 21
303323331 0 0
303323330 0 1
303323329 5 1
303323328 8 0
303323327 3 3
303323326 0 0
303323325 9 0
303323321 9 0
303323320 777 85
303323319 713 23
303323318 0 0
303323317 0 0
303323316 2 71
303323315 0 0
303323314 4 1
303323312 9 0
303323308 0 0
303323306 3 0
303323305 7 0
303323304 4 0
303323303 4 2
303323302 2 0
303323300 6 0
303323299 8 29
303323298 10 1
303323296 1 1
303323295 0 6
303323294 5 0
303323293 1 0
303323292 0 0
303323291 1 0
303323290 0 0
303323289 1 3
303323288 3 9
303323287 1 0
303323286 10 0
303323285 802 2
303323284 0 0
303323283 12 0
303323282 3 0
303323281 3 0
303323279 15 0
303323278 4 0
303323277 15 1
303323275 9 0
303323274 2 0
303323272 0 0
303323271 0 0
303323268 6 2
303323267 10 0
303323266 1 0
303323265 0 0
303323264 2 0
303323261 2018 20
303323259 0 4
303323258 5 0
303323257 0 0
303323256 10 0
303323255 10 1
303323254 595 6
303323253 0 80
303323252 753 9
303323251 13 0
303323250 5 0
303323249 1 0
303323248 2 4
303323247 5 0
303323246 2 0
303323245 169 9
303323244 5 0
303323243 9 6
303323242 379 9
303323240 614 12
303323239 1740 29
303323238 7 0
303323237 394 11
303323236 0 2
303323235 15 3
303323234 0 0
303323232 576 5
303323231 3 0
303323229 1 0
303323228 16 0
303323227 11 0
303323226 700 21
303323225 272 1
303323224 9 25
303323223 7 1
303323222 3702 36
303323221 9 1
303323220 441 16
303323219 9 0
303323217 4 1
303323216 2795 176
303323215 3 6
303323214 11 2
303323213 14 13
303323212 1480 41
303323211 4 0
303323210 42 12
303323208 480 3
303323207 1 0
303323206 447 6
303323205 1243 52
303323204 9 0
303323203 390 5
303323202 20 6
303323201 1321 23
303323200 6 17
303323199 0 1
303323198 2 7
303323196 4 123
303323195 13 1
303323194 401 6
303323193 2557 32
303323192 2115 52
303323190 1854 16
303323189 3 21
303323188 0 7
303323187 2 0
303323186 0 0
303323185 2 8
303323184 0 4
303323183 6 0
303323181 4 0
303323180 2 1
303323179 0 5
303323178 9 0
303323176 0 4
303323175 0 1
303323174 2 6
303323173 10 0
303323172 5 0
303323169 7 0
303323168 5 0
303323167 1 0
303323166 3 11
303323165 3 2
303323163 0 1
303323162 0 0
303323161 3 0
303323160 6 0
303323159 2 1
303323158 3 1
303323157 0 0
303323155 0 0
303323154 4 7
303323153 0 7
303323152 348 4
303323151 3 1
303323150 2 0
303323147 2849 30
303323146 7 1
303323145 1 5
303323144 1 1
303323143 11 0
303323142 10 0
303323141 7 0
303323140 3 1
303323139 0 2
303323138 4 0
303323137 2 0
303323136 2 0
303323135 4 5
303323134 3 0
303323133 0 0
303323132 13 2
303323131 8 0
303323130 3 0
303323129 7 0
303323128 0 1
303323126 675 7
303323124 2 0
303323123 1 0
303323122 14 1
303323121 0 0
303323120 0 10
303323119 1 0
303323118 10 0
303323117 2 0
303323116 0 2
303323115 2 4
303323114 0 1
303323113 8 0
303323112 1209 29
303323110 1 1
303323109 0 3
303323108 4 0
303323107 1 0
303323106 2 1
303323105 5 3
303323104 11 45
303323103 0 0
303323102 0 1
303323101 0 0
303323099 1 0
303323098 4 1
303323097 2 0
303323096 10 1
303323095 2 0
303323094 2 0
303323093 1 4
303323092 1 0
303323091 3 0
303323090 3 8
303323089 0 0
303323088 8 0
303323087 5 0
303323086 0 4
303323085 1 1
303323084 9 0
303323083 1 6
303323082 10 0
303323081 2 0
303323080 1 2
303323079 6 0
303323078 1 0
303323077 0 0
303323076 2 10
303323075 3 0
303323074 0 2
303323073 3 0
303323072 0 0
303323071 5 0
303323070 5 0
303323069 0 0
303323067 2 0
303323066 1 0
303323064 0 0
303323063 1 0
303323062 1 0
303323061 1788 25
303323060 0 2
303323059 1 0
303323058 2 0
303323057 4 2
303323055 0 0
303323054 6 9
303323053 3 0
303323052 2 1
303323051 0 3
303323050 2 1
303323049 1 0
303323048 1 0
303323047 3 0
303323046 2 0
303323045 0 0
303323044 1 0
303323043 1 0
303323041 1 0
303323040 4 3
303323039 0 0
303323037 1 1
303323034 4 1
303323033 1 4
303323032 2 2
303323030 0 0
303323029 0 2
303323028 1 3
303323027 0 2
303323026 1 2
303323023 0 0
303323022 0 0
303323021 0 0
303323019 1 3
303323018 2 0
303323015 3 4
303323014 5 2
