303957616 0 0
303954004 0 0
303950449 1 1
303872854 0 1
303872840 0 2
303864826 1 0
303860500 3 1
303856866 8 4
303809394 0 0
303797947 2 0
303791709 0 0
303790421 24 3
303751806 19 6
303737357 2 0
303737349 0 1
303735899 0 0
303733557 3 4
303730787 0 0
303708985 35 10
303670859 3 0
303668063 1 1
303586750 1 0
303586358 0 0
303507028 23 2
303507023 3 0
303501092 3 0
303457545 0 0
303412897 2 0
303412619 0 0
303326081 0 0
303324865 2 0
303316297 1 1
303267357 20 3
303265650 8 0
303265649 9 0
303265644 2 0
303265638 4 0
303265634 0 4
303265627 4 0
303265621 1 0
303265617 1 0
303250166 6 1
303243735 6 2
303242738 2 0
303202404 8 4
303163980 4 1
303162886 0 0
303151616 1 3
303150365 1 4
303115692 1 0
303104474 29 5
303104436 3 3
303077947 24 4
303070896 6 0
303068645 0 0
303067996 0 0
303067993 0 0
303063765 11 0
303048065 2 8
302986973 0 1
302986463 2 0
302986456 2 0
302978541 8 0
302952217 4 8
302893990 0 5
302892254 17 7
302883947 1 19
302882987 1 0
302832749 15 1
302831096 0 0
302818195 10 34
302818016 4 0
302817934 2 0
302813018 3 16
302811698 7 0
302811154 13 6
302810079 0 0
302810017 1 3
302808182 2 6
302808168 2 8
302807471 4 0
302799695 5 0
302796778 0 1
302763538 3 0
302762923 2 20
302738705 6 2
302730709 27 7
302729123 13 0
302729023 2 0
302728949 3 2
302728934 0 0
302728925 3 3
302728904 3 0
302726217 6 1
302725478 1 0
302725477 15 0
302717249 0 18
302711291 3 0
302688265 0 0
302662860 0 0
302659283 2 20
302645020 11 85
302644522 2 6
302644511 49 3
302644202 10 2
302643105 49 6
302643096 8 0
302639107 2 0
302639105 3 0
302639100 7 0
302638434 8 0
302637877 0 0
302636026 1 6
302624201 0 0
302608081 8 0
302598946 2 1
302595378 1 1
302577669 16 4
302570697 0 0
302570238 3 0
302570235 1 1
302570176 12 82
302569393 9 0
302569392 0 0
302568332 1 0
302567441 0 0
302567177 7 2
302567176 9 2
302567175 2 0
302565204 5 23
302564715 1 6
302564405 2 0
302563708 6 2
302563378 3 0
302561491 5 13
302560006 5 2
302548076 69 8
302508036 0 0
302506305 11 1
302497138 1 1
302496335 6 0
302496105 0 0
302495170 0 2
302495151 16 19
302494260 3 2
302492347 0 0
302491531 0 0
302491499 6 0
302491351 1 0
302490534 16 1
302488302 15 0
302488289 2 1
302488275 3 0
302488212 3 1
302485896 18 9
302485871 16 0
302478724 6 1
302474919 83 11
302426733 2 0
302423327 0 1
302422213 2 0
302422183 3 0
302421978 0 0
302421961 16 3
302413159 1 0
302412436 2 0
302409864 1 0
302409640 4 0
302409263 7 0
302408570 8 0
302404651 11 2
302404211 1 1
302403793 16 0
302403791 7 0
302403178 28 4
302401471 27 11
302401453 0 0
302401451 0 0
302401350 18 0
302401218 8 5
302401045 36 4
302400469 13 5
302399062 2 7
302398997 15 1
302398850 2 0
302398551 13 3
302397475 7 3
302397350 2 19
302397293 2 0
302395300 14 12
302394136 32 2
302390236 1 1
302388689 8 3
302343136 5 0
302342910 4 0
302330653 3 5
302328581 24 8
302328451 0 16
302316945 2 0
302316912 7 3
302316373 1 0
302316099 2 14
302315686 26 8
302315073 2 1
302315065 0 0
302314675 40 5
302313575 3 1
302313435 2 1
302313138 12 1
302312469 13 25
302311892 8 22
302311449 3 2
302311439 9 1
302311256 7 0
302310943 15 4
302310308 38 5
302310275 1 1
302309958 0 1
302309910 12 0
302309893 7 3
302309816 0 0
302309807 0 3
302309799 0 0
302309780 1 0
302309649 2 2
302309437 63 5
302309434 8 3
302309430 3 0
302309428 5 0
302309421 4 0
302309415 9 0
302309411 9 5
302309399 3 0
302308583 2 1
302308049 0 0
302307854 19 28
302307090 27 26
302306792 4 2
302306786 3 0
302306780 12 3
302306675 6 3
302306243 11 3
302306116 3 4
302305743 1 0
302305720 32 9
302305540 4 27
302305419 3 0
302304809 9 9
302304545 28 7
302299207 5 2
302298612 14 2
302298040 1 2
302297859 14 7
302297302 43 6
302296733 3 0
302277100 0 1
302276757 3 3
302265251 9 0
302263957 14 19
302263953 6 1
302263944 3 0
302263871 0 0
302261266 0 0
302261264 0 0
302260582 0 0
302251518 4 0
302251517 3 1
302251511 5 0
302251502 1 1
302250381 1 0
302250378 5 0
302249714 0 0
302248036 10 6
302238867 16 3
302238854 8 0
302238596 0 0
302238557 1 6
302238490 0 0
302238123 1 0
302238078 2 2
302237992 5 0
302237936 49 1
302237789 1 4
302237727 0 0
302237327 1 0
302237191 3 5
302236937 1 1
302236917 0 0
302236869 56 0
302236823 9 2
302236761 2 1
302236756 47 7
302236581 7 0
302236402 0 4
302236391 19 0
302236388 36 5
302236385 20 6
302235936 22 7
302235848 7 1
302235824 5 13
302235817 2 6
302235791 8 2
302235642 16 2
302234454 12 0
302234198 1 4
302234122 9 0
302233872 5 0
302233829 3 1
302233008 22 2
302232570 5 2
302232539 10 2
302232537 2 0
302232535 24 1
302232408 4 0
302232111 0 0
302231915 5 12
302231831 7 0
302231775 1 1
302231691 11 1
302231601 22 0
302231447 4 24
302231444 16 10
302231374 1 0
302231364 11 0
302231345 5 1
302231332 8 1
302231238 6 0
302231222 6 0
302231127 23 0
302231012 3 0
302230786 27 2
302230764 0 0
302230761 0 0
302230720 6 0
302230606 27 2
302230539 33 5
302230397 3 14
302230387 1 0
302230233 3 0
302230080 0 0
302229992 1 38
302229991 3 0
302229825 31 3
302229810 31 9
302229784 18 1
302229569 12 6
302229417 3 0
302229410 31 14
302229252 9 11
302229221 3 0
302229199 1 1
302228807 3 0
302228770 1 3
302228749 11 5
302228726 4 2
302228708 7 3
302228642 6 2
302228253 7 2
302228248 9 0
302228247 6 0
302227983 3 0
302227936 4 0
302227774 11 3
302227708 7 6
302227349 0 0
302226844 27 7
302226641 5 0
302226236 0 0
302225580 5 1
302225205 1 0
302224737 6 0
302224617 1 27
302224572 9 4
302224318 10 3
302223116 2 0
302221731 26 2
302219365 0 2
302219311 0 0
302218977 50 18
302218973 65 11
302217181 5 4
302217118 4 2
302216888 2 0
302215362 29 4
302202334 3 3
302202218 14 0
302202087 0 0
302200560 5 3
302199814 0 0
302195289 5 0
302195201 47 4
302194949 22 0
302194946 32 1
302194923 3 21
302194627 0 0
302194607 0 1
302194597 37 0
302194311 0 0
302194224 32 2
302194197 32 1
302194106 3 3
302193714 18 0
302193669 39 3
302193065 2 0
302192980 3 0
302192935 1 0
302192900 17 3
302192897 34 1
302192860 31 12
302192805 7 3
302192802 3 1
302192799 5 1
302192789 13 2
302192695 6 4
302192416 0 0
302192115 45 8
302192050 37 4
302191715 10 0
302191358 0 0
302191356 0 0
302191191 42 1
302191117 7 1
302190912 7 29
302190884 0 0
302190649 0 0
302189849 9 0
302189723 35 3
302189601 44 2
302189589 0 0
302189339 6 2
302188456 11 0
302188304 11 1
302188239 36 2
302187157 32 2
302187065 7 0
302186937 10 0
302185684 1 0
302185094 4 0
302181695 8 0
302181670 6 0
302181655 7 5
302181645 4 1
302181642 16 1
302181621 35 4
302181582 49 9
302181567 0 19
302181564 0 0
302181554 40 10
302181503 12 4
302181469 11 0
302181459 39 3
302181446 40 3
302181395 2 2
302181341 7 0
302181321 3 1
302181307 6 3
302181301 9 0
302181247 44 3
302181208 9 3
302181157 14 5
302181140 14 7
302181133 0 0
302181102 3 0
302181097 2 0
302181082 47 2
302181014 0 0
302181000 0 0
302180996 6 3
302180962 40 2
302180829 34 3
302180797 5 0
302180796 3 0
302180739 43 2
302180664 1 1
302180601 4 11
302180599 14 6
302180583 7 2
302180541 24 11
302180526 16 41
302180522 0 0
302180499 44 6
302180461 1 0
302180454 7 0
302180448 5 0
302180446 2 0
302180416 14 2
302180404 1 0
302180381 15 3
302180370 0 2
302180355 39 14
302180344 26 27
302180318 9 0
302180307 1 0
302180237 11 4
302180231 42 4
302180208 3 10
302180157 8 1
302180136 31 4
302180085 49 2
302180062 12 6
302180054 8 2
302180012 40 3
302179946 0 1
302179894 10 41
302179888 10 7
302179879 6 0
302179855 33 1
302179836 13 4
302179822 3 2
302179812 6 0
302179805 34 0
302179797 3 7
302179796 17 2
302179792 32 3
302179783 32 6
302179769 19 9
302179762 52 5
302179752 23 1
302179747 35 1
302179741 17 3
302179706 17 5
302179654 29 11
302179627 5 2
302179614 12 6
302179498 31 7
302179412 0 0
302179384 35 5
302179337 16 18
302179327 9 2
302179286 8 1
302179285 19 64
302179274 36 3
302179266 17 66
302179262 5 3
302179188 40 2
302179171 0 0
302179168 0 0
302179146 2 0
302179133 8 0
302179127 8 2
302179093 33 3
302179064 7 6
302179061 21 9
302179008 30 5
302178963 0 2
302178918 29 0
302178909 7 0
302178888 17 56
302178885 5 1
302178875 42 3
302178860 33 4
302178797 35 4
302178708 17 2
302178620 22 10
302178601 30 2
302178599 1 0
302178485 15 11
302178449 5 5
302178320 34 5
302178317 33 4
302178225 32 2
302178176 2 1
302178170 32 2
302178119 1 3
302178077 14 1
302178040 19 1
302178018 6 3
302177934 6 1
302177836 9 8
302177763 28 1
302177727 9 1
302177703 0 0
302177667 0 12
302177654 8 3
302177580 6 3
302177535 13 3
302177517 35 6
302177516 32 1
302177358 101 10
302177314 5 6
302177310 1 0
302177307 23 1
302177264 12 0
302177221 6 1
302177196 8 2
302176930 20 2
302176867 32 1
302176831 0 0
302176802 19 5
302176555 4 14
302176429 6 2
302176349 11 8
302176346 7 6
302176345 6 0
302176334 0 0
302176332 13 18
302176323 5 21
302176319 2 1
302176268 1 0
302176264 5 1
302176258 1 0
302176257 0 0
302176250 18 3
302176249 6 26
302176247 8 0
302176245 15 0
302176243 25 1
302176241 0 1
302176237 1 0
302176229 0 2
302176220 10 21
302176217 31 2
302176207 5 15
302176196 2 1
302176195 10 13
302176194 1 1
302176177 0 0
302176171 38 5
302176168 31 1
302176162 0 0
302176155 38 5
302176152 7 9
302176126 0 0
302176121 0 0
302176109 6 29
302176106 0 0
302176101 0 0
302176090 32 0
302176084 3 0
302176079 0 4
302176068 1 0
302176065 0 0
302176061 46 4
302176056 0 1
302176049 44 16
302176036 0 1
302176034 0 5
302176033 0 6
302176032 0 1
302176031 2 2
302176025 1 1
302176015 9 5
302175994 0 0
302175993 2 1
302175982 5 0
302175949 1 2
302175855 41 21
302175848 0 2
302175842 0 0
302175832 1 0
302175831 0 0
302175820 0 0
302175819 5 6
302175817 8 5
302175815 13 8
302175814 1 0
302175782 3 0
302175759 15 27
302175756 3 0
302175755 3 1
302175753 7 32
302175752 18 8
302175751 9 34
302175750 1 0
302175746 0 2
302175735 11 34
302175734 41 3
302175724 5 52
302175722 0 0
302175721 0 0
302175718 1 3
302175717 0 0
302175716 7 1
302175712 23 5
302175704 38 4
302175702 11 40
302175698 10 31
302175678 3 4
302175676 2 1
302175665 0 2
302175655 28 29
302175654 13 3
302175637 40 3
302175636 2 17
302175621 0 0
302175615 2 33
302175614 5 9
302175609 26 24
302175606 4 0
302175601 0 0
302175590 1 1
302175585 19 13
302175574 42 2
302175573 12 2
302175571 2 29
302175570 0 1
302175568 2 1
302175561 0 0
302175560 1 1
302175558 9 5
302175556 62 22
302175551 4 1
302175532 59 6
302175525 43 2
302175519 1 0
302175514 0 0
302175506 0 1
302175503 4 0
302175502 0 0
302175501 8 0
302175500 54 6
302175497 5 0
302175495 2 0
302175486 5 1
302175482 2 0
302175480 0 0
302175476 0 0
302175469 58 5
302175468 1 60
302175467 37 5
302175461 1 26
302175457 1 0
302175454 25 13
302175453 18 23
302175451 16 1
302175450 6 1
302175448 54 6
302175447 41 4
302175436 17 38
302175426 27 19
302175424 34 3
302175423 22 0
302175413 45 5
302175410 0 0
302175403 0 3
302175400 0 0
302175387 0 1
302175379 22 10
302175377 3 2
302175364 7 12
302175362 15 4
302175356 1 3
302175355 2 0
302175351 5 2
302175344 45 0
302175342 41 10
302175340 4 2
302175338 0 1
302175322 9 12
302175320 41 6
302175316 8 0
302175306 3 0
302175280 0 0
302175277 4 1
302175274 4 0
302175271 1 0
302175269 25 16
302175266 14 3
302175265 4 0
302175257 0 0
302175250 17 6
302175239 10 1
302175236 24 1
302175234 11 3
302175232 2 0
302175227 3 0
302175222 20 5
302175212 0 0
302175207 5 76
302175206 1 15
302175200 1 0
302175195 3 1
302175194 2 0
302175192 7 3
302175191 26 13
302175189 71 9
302175188 61 7
302175180 0 0
302175175 5 12
302175172 2 5
302175171 4 2
302175163 7 1
302175159 2 7
302175158 0 0
302175154 6 4
302175149 58 7
302175141 60 5
302175140 8 0
302175137 54 0
302175136 12 3
302175131 4 10
302175130 0 0
302175127 7 21
302175120 3 0
302175117 5 1
302175112 4 53
302175111 18 6
302175110 1 2
302175109 19 4
302175105 1 0
302175098 56 3
302175092 0 0
302175089 2 0
302175074 0 1
302175069 60 12
302175067 5 48
302175063 5 20
302175059 1 1
302175057 3 1
302175049 6 41
302175048 1 0
302175028 4 0
302175026 5 1
302175022 7 2
302175019 2 8
302175018 1 0
302175015 4 0
302175007 0 3
302175004 2 2
302174993 1 0
302174981 0 4
302174975 28 36
302174953 0 4
302174943 69 21
302174937 6 15
302174936 1 3
302174930 44 5
302174922 55 8
302174918 47 11
302174912 5 0
302174910 13 4
302174907 5 14
302174906 57 11
302174901 62 10
302174897 57 8
302174896 3 1
302174892 53 4
302174889 0 2
302174888 6 38
302174887 0 2
302174886 8 3
302174881 0 0
302174879 0 0
302174877 12 1
302174876 9 43
302174874 2 0
302174872 0 0
302174870 2 0
302174867 2 0
302174865 9 41
302174863 1 2
302174857 0 0
302174856 0 0
302174855 47 17
302174850 0 0
302174842 0 0
302174841 0 0
302174838 5 51
302174837 1 0
302174836 0 0
302174835 5 43
302174832 60 5
302174830 27 7
302174828 6 41
302174824 47 2
302174823 9 15
302174822 10 2
302174809 0 0
302174799 8 45
302174798 16 1
302174797 4 6
302174791 0 4
302174788 0 0
302174787 1 1
302174786 1 1
302174784 4 1
302174782 0 0
302174781 5 3
302174779 6 12
302174778 2 0
302174775 0 0
302174774 1 33
302174773 6 37
302174772 1 2
302174768 0 0
302174765 7 10
302174764 3 26
302174757 1 1
302174756 72 7
302174754 1 3
302174746 0 2
302174745 0 2
302174736 23 6
302174735 11 0
302174733 36 5
302174719 0 1
302174716 11 30
302174715 16 9
302174712 54 3
302174710 54 1
302174700 78 16
302174695 35 6
302174694 2 0
302174692 5 2
302174688 1 1
302174687 1 1
302174685 50 7
302174682 0 0
302174674 17 5
302174654 4 5
302174653 3 1
302174643 1 1
302174641 22 3
302174639 56 5
302174635 19 12
302174634 0 3
302174632 43 4
302174631 1 1
302174629 8 44
302174621 0 0
302174618 36 3
302174616 26 43
302174611 0 0
302174600 45 3
302174596 13 36
302174594 0 0
302174591 14 60
302174590 0 0
302174588 13 1
302174584 0 0
302174583 3 2
302174582 0 1
302174579 9 2
302174576 31 6
302174574 0 1
302174569 0 0
302174551 13 49
302174546 9 3
302174542 5 30
302174537 7 19
302174536 31 3
302174534 8 33
302174533 2 1
302174529 38 2
302174528 1 1
302174523 0 0
302174520 3 0
302174519 6 42
302174517 16 7
302174516 3 0
302174515 28 2
302174509 7 40
302174508 0 1
302174501 4 8
302174500 30 8
302174497 16 7
302174490 0 1
302174487 0 0
302174484 0 0
302174476 15 4
302174475 12 8
302174474 0 0
302174473 5 5
302174465 47 4
302174460 0 0
302174458 16 6
302174457 5 13
302174448 25 2
302174441 3 0
302174440 0 0
302174436 1 0
302174429 1 0
302174417 13 39
302174412 2 0
302174402 43 4
302174396 1 3
302174395 8 0
302174392 11 32
302174383 0 2
302174368 1 1
302174362 2 8
302174357 18 3
302174356 3 8
302174351 16 13
302174350 1 0
302174346 47 5
302174340 33 3
302174338 33 12
302174334 2 2
302174332 6 4
302174328 12 26
302174326 13 41
302174323 42 20
302174318 4 1
302174317 10 1
302174313 2 1
302174311 1 1
302174308 12 22
302174306 26 9
302174303 0 0
302174295 0 0
302174292 19 13
302174286 1 0
302174278 6 3
302174276 1 1
302174265 0 0
302174262 4 23
302174259 45 13
302174245 2 3
302174240 0 1
302174233 7 5
302174230 6 0
302174227 5 1
302174226 8 0
302174225 12 6
302174223 3 1
302174222 2 4
302174217 18 20
302174216 4 2
302174213 10 0
302174209 9 13
302174205 5 0
302174197 6 0
302174186 43 9
302174184 1 0
302174179 0 0
302174178 0 0
302174175 13 21
302174171 8 14
302174168 2 0
302174165 5 3
302174162 22 26
302174155 1 0
302174154 39 5
302174146 2 0
302174145 12 50
302174141 26 4
302174136 19 1
302174129 0 0
302174124 2 1
302174110 29 18
302174107 52 5
302174106 0 7
302174103 4 4
302174097 45 5
302174095 0 2
302174094 1 1
302174093 10 5
302174083 41 11
302174070 38 2
302174064 5 0
302174053 31 6
302174050 8 8
302174048 19 53
302174046 1 1
302174045 15 4
302174039 30 3
302174038 2 1
302174037 16 29
302174031 5 47
302174029 2 1
302174025 0 2
302174018 5 0
302174017 0 0
302174013 4 1
302174009 11 5
302174005 40 11
302174001 9 34
302173997 0 0
302173988 1 1
302173976 11 2
302173975 5 7
302173973 4 0
302173971 11 2
302173970 1 1
302173969 13 2
302173957 39 2
302173952 12 36
302173950 0 0
302173947 0 2
302173944 1 0
302173943 17 7
302173942 8 16
302173941 7 1
302173940 6 5
302173937 6 21
302173936 26 10
302173935 4 30
302173929 0 2
302173923 3 1
302173921 38 1
302173916 0 0
302173913 3 1
302173907 2 0
302173903 1 0
302173902 1 0
302173897 39 18
302173896 5 22
302173895 3 9
302173894 3 23
302173893 0 0
302173885 19 3
302173884 0 0
302173882 3 0
302173874 2 0
302173872 8 5
302173865 3 2
302173860 32 11
302173858 1 2
302173856 0 2
302173850 35 11
302173848 5 1
302173844 2 0
302173842 11 1
302173841 3 11
302173838 0 1
302173837 5 0
302173825 0 0
302173824 3 1
302173823 13 4
302173820 42 16
302173819 21 1
302173817 26 5
302173816 41 5
302173805 3 2
302173804 22 6
302173802 3 9
302173800 30 11
302173798 11 3
302173797 0 0
302173795 2 3
302173793 0 0
302173781 0 1
302173776 43 4
302173771 4 0
302173770 27 4
302173769 13 8
302173764 55 10
302173763 3 5
302173755 0 0
302173754 6 0
302173751 6 0
302173749 4 8
302173748 5 1
302173745 29 3
302173738 1 0
302173733 2 0
302173728 4 3
302173727 60 4
302173724 14 3
302173722 8 3
302173720 4 0
302173719 6 1
302173717 1 2
302173716 2 1
302173715 2 10
302173709 1 2
302173706 8 8
302173705 0 0
302173703 7 38
302173702 39 3
302173699 1 26
302173696 0 0
302173691 4 34
302173689 0 0
302173682 0 0
302173681 2 6
302173676 5 0
302173675 6 33
302173674 3 35
302173671 7 0
302173669 0 0
302173667 2 2
302173666 9 4
302173664 1 1
302173663 39 3
302173659 18 1
302173657 0 0
302173655 0 0
302173653 1 12
302173652 33 11
302173648 8 7
302173647 6 3
302173646 0 0
302173644 0 0
302173641 4 0
302173636 2 2
302173635 1 1
302173634 1 0
302173632 0 1
302173631 35 2
302173628 4 33
302173626 5 33
302173622 6 6
302173619 1 2
302173615 2 0
302173613 10 42
302173610 6 0
302173609 0 0
302173608 19 4
302173606 0 0
302173605 1 0
302173596 0 0
302173594 0 0
302173590 5 6
302173583 5 6
302173570 10 11
302173566 0 2
302173564 0 0
302173561 0 1
302173553 2 31
302173550 0 0
302173547 49 4
302173540 43 2
302173537 45 2
302173522 0 0
302173521 4 32
302173518 46 4
302173517 8 3
302173505 0 0
302173500 46 8
302173494 0 0
302173493 1 1
302173492 8 2
302173491 9 1
302173488 0 0
302173485 1 0
302173484 44 3
302173475 4 2
302173471 0 0
302173469 0 1
302173465 2 0
302173461 3 0
302173460 0 0
302173459 0 0
302173452 32 10
302173450 8 6
302173448 24 9
302173444 0 0
302173434 0 1
302173433 7 6
302173430 0 0
302173427 16 2
302173426 0 0
302173424 15 1
302173419 0 0
302173418 0 0
302173415 11 1
302173414 11 4
302173411 8 2
302173389 0 0
302173387 0 0
302173386 0 0
302173385 23 0
302173384 2 2
302173382 3 2
302173380 1 2
302173372 0 0
302173371 26 7
302173369 1 1
302173368 0 0
302173367 50 1
302173366 1 0
302173365 19 8
302173363 0 0
302173361 61 2
302173360 4 6
302173356 53 2
302173353 8 1
302173352 3 0
302173350 25 12
302173348 0 0
302173346 0 2
302173345 1 0
302173341 2 0
302173337 2 0
302173330 0 1
302173322 16 41
302173319 2 23
302173317 1 4
302173311 0 4
302173308 1 1
302173306 8 10
302173298 3 3
302173296 2 1
302173295 0 0
302173293 0 17
302173289 0 0
302173288 0 19
302173286 0 0
302173285 57 2
302173283 30 11
302173280 1 0
302173278 15 3
302173275 40 8
302173273 7 8
302173270 7 19
302173268 1 0
302173264 6 8
302173258 9 36
302173255 4 13
302173254 2 0
302173252 46 2
302173249 7 1
302173248 40 2
302173247 8 0
302173246 1 2
302173244 0 0
302173240 13 30
302173238 3 3
302173237 32 1
302173235 0 0
302173233 1 0
302173232 27 9
302173230 21 1
302173229 1 0
302173227 44 4
302173226 6 3
302173217 11 1
302173215 24 10
302173214 0 0
302173211 55 2
302173204 0 0
302173200 2 0
302173199 3 3
302173194 8 6
302173192 1 4
302173190 10 0
302173189 1 3
302173187 0 0
302173184 27 6
302173183 2 1
302173182 6 5
302173178 12 4
302173175 2 0
302173174 0 0
302173172 0 3
302173171 1 1
302173170 3 1
302173168 23 1
302173166 4 0
302173164 1 0
302173163 6 0
302173162 2 1
302173161 7 0
302173159 28 17
302173156 11 4
302173154 2 1
302173153 13 0
302173152 0 0
302173146 0 2
302173145 22 24
302173139 58 5
302173136 1 0
302173135 13 30
302173120 6 0
302173119 9 22
302173117 38 10
302173112 3 5
302173110 7 3
302173109 0 2
302173106 8 29
302173103 0 0
302173102 41 7
302173093 0 0
302173092 0 0
302173090 1 1
302173086 38 9
302173082 3 10
302173080 17 11
302173079 1 1
302173078 11 6
302173077 1 0
302173076 4 1
302173074 3 1
302173073 11 2
302173072 35 1
302173069 0 1
302173065 43 1
302173058 0 2
302173053 45 1
302173051 8 1
302173050 36 5
302173049 0 0
302173047 44 2
302173041 6 1
302173035 1 2
302173032 42 1
302173030 6 2
302173028 4 0
302173024 1 0
302173021 14 3
302173019 0 0
302173016 1 2
302173013 7 3
302173009 3 4
302173007 14 46
302173006 47 14
302173005 1 3
302173004 2 0
302172999 11 37
302172998 644 168
302172985 7 4
302172984 27 3
302172983 2 0
302172982 0 0
302172978 0 0
302172969 3 13
302172968 11 0
302172966 14 4
302172963 16 2
302172961 16 10
302172960 1 0
302172956 41 20
302172955 3 3
302172947 7 0
302172942 0 0
302172941 0 0
302172935 6 1
302172932 1 0
302172924 40 13
302172912 1 0
302172909 3 1
302172907 3 1
302172903 1 0
302172902 0 0
302172887 0 0
302172882 1 0
302172876 44 24
302172871 2 1
302172866 44 21
302172852 0 1
302172839 18 5
302172836 34 21
302172830 0 0
302172827 15 4
302172819 3 2
302172818 45 12
302172813 4 0
302172807 0 0
302172806 8 0
302172805 4 0
302172802 4 0
302172801 31 12
302172795 4 0
302172794 16 16
302172789 10 2
302172785 0 0
302172784 0 0
302172782 0 0
302172778 4 1
302172777 0 0
302172776 1 0
302172774 3 37
302172769 3 0
302172768 6 0
302172764 17 4
302172762 0 2
302172760 17 19
302172747 8 3
302172745 66 11
302172744 7 0
302172743 0 0
302172723 0 2
302172719 0 2
302172716 44 22
302172714 29 13
302172711 25 11
302172708 3 0
302172706 18 0
302172705 0 0
302172703 2 0
302172696 1 1
302172694 4 19
302172692 6 0
302172690 3 3
302172688 36 11
302172681 39 8
302172679 19 1
302172676 8 3
302172674 9 4
302172659 4 1
302172653 4 7
302172649 6 5
302172646 33 8
302172645 1 2
302172641 46 2
302172634 43 2
302172632 19 8
302172627 135 4
302172626 0 0
302172623 4 32
302172622 36 5
302172621 0 0
302172616 20 5
302172612 6 45
302172609 34 2
302172604 3 0
302172603 20 5
302172601 1 0
302172593 18 3
302172592 3 0
302172590 15 1
302172587 13 2
302172583 34 10
302172580 32 3
302172579 7 17
302172576 36 4
302172575 26 4
302172566 38 2
302172561 0 0
302172560 8 15
302172558 25 5
302172551 25 5
302172544 0 0
302172542 24 7
302172538 10 3
302172536 27 3
302172535 2 0
302172534 21 2
302172533 0 0
302172532 5 2
302172527 1 0
302172526 0 0
302172523 26 3
302172516 4 0
302172514 148 2
302172511 47 1
302172510 6 1
302172509 2 0
302172508 6 4
302172505 7 1
302172503 14 0
302172500 19 5
302172496 3 0
302172495 10 22
302172491 3 2
302172490 2 0
302172487 3 4
302172483 522 109
302172480 28 4
302172479 3 0
302172477 1 1
302172475 2 0
302172469 1 0
302172465 41 13
302172463 0 6
302172460 2 2
302172451 8 33
302172447 3 2
302172443 37 4
302172441 44 2
302172438 5 1
302172435 1 3
302172434 0 4
302172432 5 0
302172430 244 6
302172426 17 3
302172425 3 0
302172418 7 0
302172417 3 0
302172409 0 2
302172408 5 2
302172407 1 0
302172406 5 4
302172405 1 0
302172404 0 0
302172399 2 0
302172396 5 20
302172393 0 0
302172392 0 0
302172388 18 3
302172387 1 1
302172379 8 2
302172376 0 3
302172371 5 34
302172360 12 2
302172356 3 23
302172352 14 7
302172351 1 1
302172348 55 3
302172346 2 11
302172344 11 3
302172339 3 1
302172338 2 20
302172336 4 19
302172330 13 18
302172327 57 49
302172320 6 1
302172319 2 0
302172314 2 0
302172313 2 1
302172307 2 0
302172304 1 0
302172301 12 21
302172294 5 3
302172291 2 0
302172289 62 6
302172288 9 3
302172287 0 1
302172281 0 0
302172278 5 53
302172273 15 7
302172267 13 1
302172263 70 15
302172262 1 5
302172259 8 48
302172257 2 1
302172256 0 6
302172253 10 3
302172242 434 90
302172241 5 7
302172239 24 1
302172234 0 0
302172233 2 9
302172232 10 4
302172231 1 3
302172220 2 1
302172216 2 1
302172212 10 7
302172203 1 3
302172200 0 2
302172194 23 7
302172191 0 1
302172187 15 9
302172186 4 3
302172185 44 56
302172182 0 2
302172181 1 6
302172180 8 8
302172179 1 0
302172178 1 1
302172177 4 1
302172172 2 2
302172171 1 2
302172170 0 1
302172168 7 6
302172167 4 1
302172165 2 2
302172163 23 7
302172162 0 0
302172160 0 1
302172159 0 0
302172158 2 1
302172153 8 1
302172152 16 1
302172149 10 13
302172143 0 0
302172138 11 8
302172137 1 0
302172135 1 2
302172133 8 1
302172132 7 24
302172123 2 1
302172119 1 0
302172118 13 6
302172117 59 10
302172116 10 11
302172113 71 13
302172112 18 4
302172110 7 2
302172107 10 105
302172106 21 4
302172104 12 5
302172103 3 0
302172100 4 0
302172097 48 6
302172094 6 1
302172087 8 1
302172086 3 55
302172084 3 2
302172082 1 2
302172081 19 27
302172075 67 11
302172073 5 1
302172072 0 0
302172070 53 9
302172067 23 3
302172063 5 5
302172062 5 2
302172055 14 2
302172054 9 1
302172050 1 2
302172049 7 2
302172046 12 3
302172044 1 2
302172038 1 1
302172037 10 1
302172035 5 1
302172034 8 0
302172024 4 0
302172023 28 8
302172022 9 1
302172021 8 0
302172016 7 0
302172013 10 0
302172012 1 0
302172011 23 8
302172010 58 10
302172008 10 7
302172003 5 1
302171999 13 3
302171995 6 3
302171992 45 6
302171991 3 2
302171987 6 1
302171983 7 1
302171982 5 2
302171981 46 7
302171978 5 0
302171975 2 1
302171973 1 1
302171969 0 3
302171961 3 1
302171960 5 0
302171955 4 1
302171954 26 6
302171948 4 9
302171947 1 1
302171946 24 4
302171940 0 1
302171934 4 5
302171933 2 1
302171927 37 16
302171925 0 3
302171921 0 1
302171920 58 4
302171916 0 0
302171914 0 0
302171911 7 43
302171896 6 0
302171893 22 19
302171879 21 11
302171877 17 3
302171869 34 5
302171867 71 5
302171866 1 1
302171860 40 5
302171857 11 4
302171851 6 4
302171841 33 5
302171838 8 5
302171836 47 7
302171827 3 0
302171821 4 1
302171819 34 17
302171818 0 3
302171815 38 10
302171811 27 5
302171807 12 15
302171800 5 1
302171799 1 0
302171798 1 2
302171791 43 2
302171788 8 2
302171785 16 3
302171782 37 7
302171776 52 5
302171773 16 15
302171769 9 6
302171766 21 46
302171764 189 2
302171760 3 6
302171755 43 3
302171754 1 9
302171751 0 0
302171749 18 14
302171747 2 3
302171746 9 7
302171742 12 7
302171737 0 2
302171731 7 2
302171728 14 9
302171724 1 0
302171723 26 9
302171722 10 2
302171718 5 3
302171717 31 6
302171713 7 71
302171711 31 2
302171709 0 0
302171699 21 5
302171697 5 3
302171695 3 2
302171694 435 8
302171693 3 5
302171692 0 0
302171688 3 3
302171682 10 7
302171678 1 0
302171676 3 0
302171674 2 0
302171671 52 7
302171670 21 8
302171667 9 1
302171664 4 3
302171660 0 0
302171657 144 11
302171650 9 5
302171643 152 12
302171642 1 3
302171637 18 5
302171634 40 4
302171632 19 10
302171631 0 0
302171630 5 1
302171627 20 2
302171626 20 50
302171624 48 5
302171623 0 3
302171618 45 3
302171615 8 11
302171614 9 1
302171610 67 13
302171604 0 0
302171602 1 0
302171600 40 5
302171598 0 0
302171596 128 2
302171588 1 0
302171586 3 3
302171585 23 4
302171581 45 10
302171578 13 3
302171577 30 5
302171576 1 3
302171568 2 7
302171567 0 1
302171563 0 1
302171561 10 79
302171559 1 2
302171557 12 77
302171550 0 2
302171548 43 9
302171537 25 10
302171536 7 65
302171535 42 8
302171534 4 2
302171531 6 1
302171529 41 18
302171521 1 0
302171519 9 1
302171517 9 50
302171515 6 0
302171509 2 0
302171507 4 2
302171503 16 5
302171500 3 63
302171497 3 59
302171495 2 0
302171493 0 5
302171487 49 5
302171486 24 3
302171484 40 3
302171481 5 3
302171478 6 10
302171477 16 9
302171472 2 1
302171469 7 0
302171467 0 0
302171465 1 11
302171463 6 4
302171459 5 2
302171457 47 2
302171455 23 3
302171449 8 1
302171448 26 2
302171444 0 0
302171438 1 3
302171436 9 2
302171433 5 2
302171432 0 1
302171429 40 3
302171427 2 1
302171421 11 5
302171418 45 4
302171414 1 0
302171413 23 9
302171412 27 0
302171410 5 1
302171409 1 2
302171405 50 2
302171404 0 1
302171399 41 0
302171397 0 0
302171396 6 3
302171391 33 1
302171388 3 52
302171387 10 7
302171384 5 15
302171368 18 0
302171364 35 2
302171363 0 0
302171362 7 2
302171361 3 1
302171353 0 0
302171352 0 0
302171351 8 1
302171350 0 0
302171347 5 3
302171345 18 7
302171340 3 1
302171337 1 2
302171336 2 4
302171328 6 2
302171321 1 4
302171319 12 4
302171317 0 0
302171313 0 4
302171312 1 2
302171311 0 1
302171310 53 0
302171306 4 0
302171298 10 38
302171283 0 0
302171282 0 0
302171264 7 25
302171249 0 0
302171248 3 1
302171246 1 0
302171234 49 7
302171217 8 22
302171209 3 0
302171208 44 11
302171206 6 7
302171204 18 1
302171203 15 16
302171201 16 18
302171199 43 6
302171197 0 0
302171193 17 0
302171192 1 1
302171187 0 0
302171182 4 5
302171180 4 11
302171179 3 9
302171170 17 3
302171169 36 5
302171165 7 36
302171162 5 52
302171160 10 3
302171159 0 0
302171157 318 13
302171154 1 0
302171146 3 0
302171145 3 9
302171141 0 0
302171138 3 9
302171132 31 3
302171125 11 23
302171121 0 0
302171117 5 38
302171113 0 17
302171105 5 2
302171097 0 0
302171096 4 0
302171088 18 4
302171082 7 2
302171074 0 0
302171073 29 12
302171066 1 0
302171063 2 1
302171049 33 9
302171047 15 0
302171044 25 10
302171037 15 6
302171033 4 9
302171031 10 3
302171021 5 1
302171018 18 3
302171017 27 3
302171016 5 2
302171015 1 1
302171010 4 1
302171000 7 19
302170998 10 0
302170996 1 0
302170995 4 0
302170993 27 13
302170992 20 1
302170991 3 0
302170990 1 0
302170989 16 3
302170987 36 12
302170979 2 0
302170976 2 18
302170972 2 0
302170962 7 0
302170961 0 13
302170956 5 3
302170952 2 1
302170934 18 13
302170932 26 10
302170930 5 26
302170922 17 2
302170918 0 0
302170907 1 3
302170905 5 1
302170900 5 2
302170897 34 7
302170887 0 0
302170884 5 1
302170871 0 0
302170868 9 0
302170853 3 0
302170850 1 1
302170837 38 2
302170833 24 5
302170832 16 3
302170828 0 0
302170822 17 2
302170814 6 2
302170808 31 2
302170797 17 8
302170790 3 16
302170789 6 1
302170787 18 3
302170785 3 0
302170781 3 2
302170772 6 1
302170771 4 1
302170770 25 1
302170767 35 3
302170766 0 0
302170765 7 5
302170764 2 1
302170763 320 12
302170759 1 1
302170758 5 45
302170757 5 5
302170736 10 2
302170728 10 3
302170727 6 5
302170717 8 3
302170713 4 2
302170712 4 0
302170711 51 4
302170708 1 0
302170707 36 5
302170706 1 1
302170704 227 7
302170700 4 4
302170698 26 3
302170697 5 4
302170696 3 0
302170693 0 0
302170689 5 1
302170688 3 4
302170687 0 0
302170686 1 0
302170681 0 1
302170680 3 1
302170673 9 4
302170661 3 4
302170659 8 8
302170654 8 1
302170650 0 0
302170646 23 4
302170637 6 5
302170633 18 1
302170632 0 0
302170630 1 0
302170626 3 0
302170622 18 9
302170619 1 0
302170617 17 4
302170616 0 0
302170608 1 0
302170606 35 2
302170605 24 0
302170604 6 3
302170601 3 1
302170590 30 0
302170584 6 6
302170583 26 2
302170581 2 0
302170580 0 0
302170579 0 0
302170575 22 7
302170568 4 0
302170560 9 3
302170557 32 2
302170555 0 0
302170552 2 6
302170550 4 1
302170542 4 1
302170541 2 1
302170528 1 0
302170525 3 4
302170523 34 9
302170518 20 3
302170517 14 3
302170515 10 3
302170503 1 0
302170497 13 4
302170495 4 0
302170494 10 3
302170486 0 0
302170484 0 0
302170478 27 7
302170469 33 3
302170467 5 3
302170464 34 2
302170461 7 6
302170447 1 1
302170437 7 32
302170433 16 36
302170429 6 8
302170424 22 4
302170418 3 11
302170415 28 4
302170413 3 3
302170402 10 18
302170395 8 4
302170393 28 5
302170388 29 8
302170382 1 0
302170380 11 42
302170375 5 3
302170362 8 2
302170357 5 2
302170354 35 6
302170348 1 0
302170339 1 0
302170328 0 2
302170327 31 7
302170324 6 1
302170317 9 4
302170313 601 43
302170310 5 5
302170307 4 0
302170304 580 7
302170302 1 2
302170301 17 1
302170300 1 0
302170283 406 45
302170282 1 0
302170276 0 0
302170272 9 32
302170269 6 2
302170268 24 0
302170266 6 4
302170264 32 1
302170259 11 3
302170254 6 6
302170250 22 1
302170249 33 2
302170248 3 1
302170243 8 0
302170242 14 16
302170238 42 2
302170233 2 2
302170229 30 2
302170227 28 2
302170225 10 2
302170216 1 1
302170209 0 1
302170208 2 25
302170201 37 2
302170200 36 5
302170199 6 7
302170198 35 2
302170196 31 2
302170182 13 15
302170180 10 1
302170179 8 6
302170171 6 2
302170169 1 0
302170167 5 3
302170162 1 14
302170157 36 4
302170148 35 3
302170145 2 0
302170142 10 4
302170134 1 0
302170130 0 0
302170124 0 7
302170122 0 1
302170120 0 0
302170118 4 0
302170112 0 0
302170110 34 2
302170108 247 26
302170106 17 1
302170105 2 0
302170102 25 2
302170099 6 4
302170098 5 1
302170089 0 0
302170083 5 2
302170081 5 2
302170078 33 3
302170075 15 2
302170073 6 2
302170062 5 9
302170060 1 0
302170050 7 1
302170048 4 2
302170044 5 3
302170041 29 2
302170034 1 2
302170033 2 1
302170029 5 0
302170020 3 0
302170016 3 0
302170015 0 0
302170009 5 0
302170005 3 1
302170004 3 2
302170001 302 13
302169992 1 2
302169988 27 2
302169982 13 8
302169980 2 0
302169979 1 3
302169975 1 5
302169970 4 4
302169967 0 0
302169965 40 7
302169960 0 2
302169958 0 0
302169952 4 1
302169944 1 0
302169941 0 0
302169940 0 0
302169939 9 10
302169932 4 0
302169925 29 11
302169920 8 2
302169917 3 0
302169915 2 3
302169904 43 3
302169902 3 5
302169901 0 1
302169900 17 3
302169893 1 0
302169889 9 3
302169888 151 20
302169882 0 4
302169880 12 8
302169879 22 0
302169876 1 0
302169875 24 1
302169873 0 2
302169869 3 3
302169860 11 1
302169856 1 1
302169850 8 7
302169847 31 1
302169841 26 3
302169835 31 3
302169834 8 32
302169823 0 1
302169818 3 0
302169817 33 5
302169815 4 11
302169810 1 0
302169809 0 1
302169805 25 2
302169803 0 0
302169794 11 5
302169785 8 5
302169779 3 9
302169777 36 3
302169776 5 5
302169773 3 1
302169769 3 3
302169765 30 6
302169759 11 7
302169757 1 0
302169755 0 0
302169752 34 3
302169745 26 4
302169740 18 3
302169736 5 3
302169735 45 0
302169731 28 2
302169721 9 27
302169719 13 11
302169718 3 2
302169717 10 4
302169711 8 7
302169710 10 0
302169709 2 1
302169708 3 0
302169707 321 32
302169703 3 1
302169697 2 6
302169696 30 1
302169690 6 6
302169681 20 0
302169678 5 3
302169677 19 0
302169676 25 1
302169675 2 1
302169671 1 0
302169670 5 3
302169669 17 8
302169668 29 2
302169666 2 0
302169664 26 5
302169661 13 2
302169660 3 2
302169657 34 0
302169653 37 0
302169650 0 1
302169649 17 1
302169645 0 0
302169644 4 4
302169643 8 0
302169641 6 0
302169639 0 0
302169637 13 0
302169635 3 0
302169634 24 5
302169628 29 1
302169627 0 0
302169624 38 0
302169623 2 0
302169622 2 1
302169619 11 2
302169616 13 7
302169613 29 0
302169612 27 0
302169609 2 1
302169601 1 0
302169598 5 2
302169592 23 2
302169591 21 2
302169588 5 0
302169578 5 57
302169577 8 0
302169571 26 1
302169557 13 7
302169555 8 7
302169550 10 5
302169547 0 0
302169533 2 2
302169532 1 0
302169531 0 0
302169530 35 0
302169524 9 2
302169523 0 0
302169521 5 0
302169518 4 0
302169517 12 17
302169512 9 5
302169507 0 2
302169503 3 2
302169500 6 1
302169497 12 2
302169492 2 0
302169491 1 7
302169490 2 1
302169489 17 0
302169485 2 2
302169484 38 8
302169483 2 0
302169478 29 11
302169477 1 1
302169473 17 8
302169469 26 0
302169467 0 0
302169465 30 19
302169460 1 3
302169458 5 0
302169456 0 3
302169444 5 1
302169441 1 4
302169440 0 1
302169433 0 7
302169427 7 5
302169425 5 6
302169421 2 4
302169420 2 2
302169410 22 6
302169409 9 1
302169406 0 2
302169404 32 8
302169396 5 3
302169394 36 0
302169393 12 2
302169379 36 8
302169373 8 3
302169370 6 2
302169368 6 6
302169365 0 0
302169364 1 0
302169356 1 0
302169350 5 0
302169341 1 0
302169337 0 0
302169336 3 1
302169334 15 1
302169326 0 0
302169322 0 0
302169319 4 2
302169312 0 0
302169310 12 4
302169309 2 6
302169308 60 2
302169305 54 6
302169304 0 2
302169302 15 32
302169301 0 0
302169300 0 1
302169297 1 2
302169296 11 2
302169292 0 2
302169287 1 0
302169285 35 5
302169284 3 0
302169282 15 2
302169280 7 3
302169278 1 0
302169275 5 0
302169274 0 2
302169270 3 1
302169265 42 15
302169264 1 1
302169261 1 2
302169258 12 0
302169254 0 0
302169249 12 0
302169246 31 6
302169241 44 16
302169240 18 1
302169235 2 4
302169234 6 8
302169233 3 4
302169232 0 0
302169230 0 0
302169229 12 0
302169225 8 2
302169224 37 7
302169219 25 1
302169215 0 1
302169213 11 2
302169212 7 0
302169209 1 0
302169207 0 0
302169206 0 0
302169201 3 2
302169200 2 1
302169198 0 0
302169197 10 0
302169190 17 8
302169189 1 0
302169187 0 0
302169186 3 0
302169185 36 9
302169183 0 1
302169181 1 0
302169179 2 0
302169174 28 9
302169171 15 0
302169168 7 2
302169166 1 0
302169165 35 14
302169164 41 5
302169158 1 0
302169154 19 0
302169152 2 2
302169147 23 5
302169146 11 1
302169137 25 8
302169134 1 37
302169133 9 6
302169129 1 0
302169128 24 4
302169127 0 1
302169123 5 0
302169122 10 3
302169112 0 0
302169100 34 5
302169099 4 1
302169096 3 3
302169094 10 1
302169093 19 1
302169076 3 2
302169073 4 7
302169071 1 1
302169068 17 4
302169067 9 28
302169064 7 2
302169054 0 0
302169053 14 3
302169048 13 1
302169047 3 0
302169042 1 9
302169041 4 0
302169040 39 10
302169035 1 6
302169033 1 1
302169032 3 1
302169030 0 0
302169028 4 0
302169023 39 4
302169022 27 13
302169010 14 1
302169009 2 1
302169008 5 2
302169003 46 21
302168999 2 1
302168991 0 0
302168984 1 0
302168983 0 1
302168980 294 22
302168977 37 7
302168974 6 2
302168970 5 9
302168969 15 2
302168967 0 0
302168965 15 2
302168964 1 0
302168962 13 2
302168960 0 0
302168952 12 3
302168950 2 0
302168949 3 8
302168948 0 0
302168946 0 0
302168945 0 0
302168943 1 1
302168942 33 1
302168941 8 1
302168934 7 1
302168931 0 0
302168930 0 0
302168923 25 3
302168922 4 9
302168920 3 1
302168913 0 0
302168911 6 1
302168910 36 27
302168906 20 6
302168903 8 9
302168900 15 6
302168898 9 6
302168896 1470 150
302168895 4 1
302168894 6 2
302168893 34 8
302168890 5 6
302168885 36 9
302168884 0 0
302168881 3 2
302168878 40 3
302168876 0 0
302168875 8 0
302168874 4 1
302168872 38 9
302168871 20 0
302168870 3 13
302168869 2 0
302168867 0 0
302168865 1 8
302168863 9 1
302168861 0 1
302168860 8 0
302168853 9 1
302168845 7 1
302168843 0 0
302168841 5 2
302168837 0 0
302168831 4 1
302168823 0 0
302168822 14 4
302168820 6 1
302168818 6 1
302168816 1 0
302168814 0 18
302168810 3 24
302168802 2 0
302168798 2 3
302168790 3 16
302168786 2 3
302168785 5 1
302168781 0 0
302168779 0 0
302168777 5 5
302168773 29 6
302168764 8 79
302168763 15 3
302168759 11 0
302168757 8 9
302168753 6 2
302168751 38 5
302168748 6 0
302168747 8 2
302168742 3 0
302168741 5 0
302168736 0 0
302168735 1 0
302168734 13 1
302168727 0 0
302168725 0 0
302168719 11 4
302168717 0 0
302168711 3 22
302168709 2 26
302168706 0 41
302168700 13 2
302168697 1 16
302168696 0 4
302168695 0 0
302168693 5 0
302168692 5 2
302168690 0 0
302168687 0 1
302168686 2 20
302168678 1 45
302168675 3 0
302168674 0 27
302168667 0 0
302168665 0 1
302168664 0 15
302168663 0 0
302168658 5 0
302168656 6 4
302168654 0 36
302168651 2 0
302168645 1 19
302168644 1 0
302168640 7 0
302168638 0 1
302168637 3 97
302168634 26 242
302168630 2 22
302168627 3 8
302168625 0 0
302168624 0 0
302168623 7 6
302168621 5 1
302168620 2 10
302168618 2 41
302168616 544 34
302168610 3 23
302168609 0 0
302168608 0 3
302168604 0 24
302168602 36 6
302168597 10 2
302168591 9 1
302168590 1 18
302168587 0 0
302168585 4 1
302168583 9 1
302168582 1 7
302168579 0 35
302168576 5 120
302168575 1 15
302168572 2 1
302168568 34 3
302168564 3 14
302168562 13 1
302168558 1 5
302168554 11 4
302168550 1 22
302168544 4 0
302168539 3 35
302168538 1 16
302168536 2 0
302168532 10 0
302168530 1 5
302168529 0 0
302168526 6 1
302168521 0 10
302168519 0 0
302168518 1 0
302168516 6 1
302168509 4 4
302168507 1 32
302168505 5 2
302168503 0 16
302168502 3 0
302168500 0 0
302168493 15 94
302168492 1 0
302168490 1 6
302168489 0 37
302168486 4 1
302168482 12 81
302168481 44 2
302168478 3 5
302168473 1 32
302168469 2 0
302168462 2 0
302168458 2 0
302168454 1 0
302168451 1 0
302168441 0 1
302168438 13 0
302168437 1 23
302168436 17 0
302168435 1 1
302168434 3 0
302168433 7 1
302168431 3 3
302168428 1 0
302168427 1 1
302168423 0 0
302168421 1 0
302168420 4 1
302168415 1 1
302168407 0 0
302168405 4 1
302168401 2 0
302168399 10 32
302168398 2 21
302168397 1 12
302168394 2 1
302168392 14 1
302168390 2 0
302168386 10 0
302168384 0 0
302168383 3 0
302168377 1 1
302168376 3 5
302168375 1 0
302168374 0 0
302168371 1 0
302168363 6 0
302168362 0 1
302168360 1 0
302168347 0 34
302168346 3 1
302168344 0 1
302168341 0 4
302168337 10 6
302168333 4 2
302168329 0 21
302168321 6 6
302168320 1 0
302168319 0 0
302168316 1 42
302168313 6 0
302168312 5 3
302168307 17 6
302168305 43 6
302168304 3 0
302168295 3 1
302168293 1 1
302168289 35 12
302168288 0 0
302168285 0 0
302168281 5 33
302168277 8 0
302168276 44 6
302168275 0 1
302168262 11 0
302168260 3 36
302168258 7 0
302168257 2 0
302168254 0 0
302168253 3 0
302168251 2 0
302168248 2 0
302168247 17 73
302168244 11 2
302168237 52 7
302168229 1 0
302168227 2 24
302168225 19 10
302168222 78 9
302168216 4 4
302168213 1 0
302168212 4 0
302168201 3 36
302168198 7 0
302168197 5 1
302168188 1 0
302168187 6 3
302168180 1 0
302168176 2 54
302168165 3 5
302168162 4 2
302168155 1 0
302168152 9 2
302168148 6 3
302168147 0 0
302168144 6 0
302168141 55 8
302168137 4 0
302168129 18 10
302168128 7 0
302168126 53 8
302168125 9 1
302168119 45 6
302168105 1 1
302168098 36 9
302168095 4 3
302168089 11 2
302168087 4 2
302168085 0 0
302168084 32 9
302168080 1 0
302168075 6 2
302168074 4 2
302168067 2 1
302168063 6 12
302168061 0 0
302168059 5 15
302168057 34 7
302168055 5 1
302168054 4 3
302168050 9 27
302168045 5 9
302168033 6 26
302168027 3 1
302168016 1 1
302168011 1 0
302168008 1 3
302168007 12 2
302168003 1 1
302167997 3 3
302167995 4 2
302167988 7 2
302167984 3 12
302167983 1 2
302167982 35 9
302167981 4 0
302167977 0 3
302167974 0 0
302167972 0 0
302167968 0 0
302167966 1775 447
302167961 37 6
302167956 13 9
302167954 865 81
302167947 2 0
302167944 35 4
302167930 1 2
302167928 1 0
302167922 1 20
302167920 41 5
302167914 0 1
302167912 586 30
302167905 5 1
302167902 10 14
302167899 1 0
302167895 2 5
302167893 37 8
302167881 2 18
302167876 0 0
302167866 48 6
302167854 0 0
302167852 0 0
302167845 7 1
302167837 3 3
302167831 43 5
302167830 6 0
302167829 15 7
302167827 3 1
302167825 64 5
302167817 0 0
302167816 0 0
302167813 0 0
302167811 1 0
302167810 2 0
302167799 0 0
302167797 244 22
302167794 0 0
302167787 7 22
302167782 1 0
302167778 0 0
302167775 6 0
302167763 13 0
302167759 4 3
302167753 1 1
302167751 10 6
302167747 5 2
302167744 1 1
302167741 2 64
302167740 30 22
302167736 1060 35
302167729 0 0
302167725 2 0
302167720 14 12
302167716 7 0
302167713 6 3
302167710 59 7
302167709 2 2
302167704 2 0
302167703 1 0
302167691 0 0
302167669 1 1
302167667 6 5
302167666 9 1
302167658 3 0
302167648 0 35
302167647 1 0
302167644 7147 834
302167643 4 0
302167642 2 75
302167640 2 6
302167637 3 3
302167632 1 2
302167610 3 0
302167607 5 2
302167606 2 0
302167601 5 2
302167596 37 14
302167593 5 18
302167588 2 0
302167584 2 1
302167583 0 0
302167577 6 0
302167566 34 15
302167565 19 6
302167561 0 0
302167558 2 24
302167550 51 6
302167547 7 93
302167542 2 2
302167541 0 0
302167531 1 9
302167530 8 1
302167526 8 3
302167520 43 2
302167519 11 2
302167512 6 5
302167510 6 0
302167506 11 5
302167497 0 4
302167494 3 1
302167493 10 2
302167486 3 0
302167485 1 0
302167482 2 3
302167468 0 0
302167466 33 5
302167463 4 3
302167457 421 20
302167454 5 1
302167449 1 1
302167448 0 0
302167442 4 9
302167437 3 6
302167436 1 0
302167434 0 1
302167427 2 0
302167425 4 4
302167423 3 1
302167420 2 9
302167413 5 1
302167412 415 32
302167406 2 0
302167405 0 0
302167394 1629 60
302167387 5 0
302167386 5 3
302167383 0 0
302167382 0 1
302167377 2 6
302167370 4 0
302167364 1 0
302167363 0 0
302167362 2 1
302167357 11 5
302167356 1177 26
302167340 12 7
302167337 3 0
302167331 6 3
302167328 0 0
302167323 12 4
302167315 11 4
302167312 5 0
302167308 1 0
302167302 0 1
302167299 1 0
302167297 0 0
302167286 5 0
302167284 581 61
302167282 0 0
302167281 0 0
302167271 34 14
302167270 0 0
302167269 11 0
302167268 0 0
302167256 6 1
302167255 6 2
302167254 1 0
302167246 525 20
302167242 1 0
302167239 6 2
302167236 0 0
302167231 6 2
302167225 1 0
302167221 6 4
302167220 8 1
302167219 2 0
302167212 2 0
302167209 37 12
302167204 1 5
302167200 7 0
302167198 829 11
302167195 1 14
302167191 3 1
302167186 684 21
302167183 0 0
302167176 0 5
302167173 0 0
302167163 2 5
302167160 7 1
302167153 1 7
302167152 6 3
302167138 2 0
302167136 25 9
302167132 38 11
302167130 6 19
302167126 0 6
302167120 1 0
302167117 1 0
302167112 9 24
302167111 1222 19
302167109 0 0
302167108 2 3
302167091 0 0
302167086 0 1
302167084 28 1
302167082 4 1
302167077 27 3
302167076 1 0
302167074 3 0
302167064 0 0
302167062 4 2
302167060 1 0
302167057 1 0
302167052 3 1
302167049 46 7
302167044 5 2
302167043 59 12
302167042 0 0
302167041 0 0
302167035 7 4
302167027 8 0
302167021 452 33
302167015 33 5
302167006 7 5
302166993 8 2
302166987 28 32
302166984 1 0
302166977 44 6
302166974 6 2
302166970 1 1
302166968 44 6
302166967 4 6
302166965 3 0
302166964 0 0
302166962 0 0
302166953 596 14
302166948 10 2
302166941 4 0
302166939 0 0
302166936 7 1
302166935 29 0
302166921 38 5
302166919 0 0
302166916 53 5
302166915 279 7
302166912 5 3
302166911 0 0
302166907 8 0
302166906 1 0
302166905 859 39
302166903 47 4
302166900 50 5
302166895 720 19
302166883 11 4
302166882 1 0
302166881 2 0
302166880 8 1
302166878 38 11
302166874 11 3
302166869 2 0
302166861 8 2
302166860 0 0
302166855 913 25
302166853 2 0
302166847 5 0
302166839 0 1
302166836 338 19
302166832 0 0
302166831 3 1
302166827 4 3
302166824 26 9
302166822 3 2
302166819 8 4
302166813 0 9
302166811 45 7
302166809 0 0
302166808 10 2
302166804 8 2
302166797 2 1
302166792 443 12
302166791 0 12
302166780 741 19
302166779 22 21
302166777 2 1
302166776 8 1
302166766 7 3
302166764 1 0
302166763 17 26
302166760 44 9
302166757 5 1
302166756 42 6
302166751 3 0
302166746 5 1
302166745 462 25
302166743 316 13
302166738 39 2
302166728 4 1
302166725 3 0
302166723 3 15
302166719 1 2
302166718 8 2
302166713 11 2
302166710 7 3
302166709 1 0
302166703 6 4
302166701 26 14
302166692 5 1
302166678 9 8
302166672 3 6
302166667 1 5
302166665 4 0
302166664 16 11
302166661 355 22
302166660 0 0
302166649 3 1
302166648 352 38
302166646 24 10
302166645 252 37
302166643 9 2
302166638 5 0
302166637 4 4
302166632 42 4
302166630 2 0
302166629 1 4
302166624 0 0
302166620 323 11
302166619 9 2
302166618 31 0
302166616 4 2
302166614 3 3
302166605 6 3
302166604 4 2
302166603 8 0
302166599 949 27
302166598 237 9
302166597 0 2
302166595 4 1
302166592 1201 7
302166585 2 4
302166582 35 10
302166581 567 23
302166580 5 1
302166576 15 0
302166573 9 2
302166570 0 0
302166569 0 0
302166567 5 0
302166566 9 4
302166564 0 0
302166559 1 4
302166558 0 0
302166556 485 51
302166555 0 8
302166553 4 2
302166552 35 4
302166547 3 2
302166543 0 3
302166537 4 1
302166534 4 1
302166529 12 1
302166517 4 3
302166512 5 2
302166509 1 1
302166507 10 3
302166506 13 2
302166505 8 0
302166503 9 5
302166501 5 8
302166498 32 10
302166496 12 5
302166493 6 0
302166490 5 0
302166487 1 0
302166483 6 2
302166477 13 0
302166476 5 2
302166475 0 0
302166474 5 1
302166473 5 1
302166472 0 0
302166469 2 2
302166461 0 0
302166460 3 1
302166459 18 11
302166455 7 0
302166452 3 1
302166449 1 0
302166446 8 2
302166442 2 7
302166436 6 2
302166433 3 1
302166432 1 0
302166431 5 0
302166428 4 1
302166424 5 0
302166422 5 1
302166419 14 2
302166416 4 2
302166410 5 0
302166409 5 0
302166402 9 4
302166398 24 7
302166396 5 1
302166391 3 15
302166390 2 0
302166388 7 3
302166384 276 2
302166377 0 0
302166373 3 1
302166366 8 0
302166365 0 0
302166364 246 25
302166360 0 0
302166357 43 8
302166356 0 0
302166354 6 2
302166350 9 2
302166348 561 51
302166347 0 1
302166346 181 18
302166343 2 2
302166341 6 2
302166340 0 0
302166338 4 0
302166337 8 3
302166332 4 15
302166331 8 1
302166329 9 1
302166326 5 1
302166321 2 6
302166316 9 4
302166313 4 1
302166305 1 0
302166303 1 1
302166302 21 23
302166293 3 0
302166287 4 0
302166283 4 1
302166282 5 0
302166280 5 0
302166278 7 4
302166277 45 400
302166275 0 1
302166274 14 2
302166270 1 1
302166258 5 30
302166254 8 4
302166253 0 0
302166252 1 0
302166249 0 0
302166248 1189 51
302166245 1 14
302166240 0 0
302166239 0 19
302166237 2 29
302166233 1276 169
302166231 0 0
302166226 6 26
302166223 7 3
302166217 7 1
302166213 1954 236
302166210 6 0
302166209 3 0
302166208 4 23
302166206 2 0
302166202 23 2
302166199 5 0
302166198 1 0
302166197 6 0
302166191 1 0
302166189 3 24
302166184 3 1
302166181 8 4
302166179 6 4
302166176 0 0
302166175 0 6
302166174 2 2
302166173 7 2
302166168 8 0
302166167 1 26
302166166 2 6
302166164 0 0
302166154 0 0
302166153 3 0
302166148 4 11
302166145 0 0
302166141 0 0
302166139 5 4
302166133 1 0
302166130 2621 283
302166127 1 0
302166122 6 43
302166117 0 0
302166115 0 0
302166109 7 1
302166108 0 0
302166103 2 28
302166102 0 0
302166099 12 1
302166097 5 0
302166094 4 2
302166089 4 24
302166087 0 0
302166084 0 0
302166082 624 39
302166073 1 0
302166071 0 0
302166068 9 0
302166064 0 1
302166063 2 0
302166049 2 0
302166042 1 1
302166041 5 0
302166036 0 4
302166035 0 0
302166030 1 13
302166027 1 0
302166022 0 2
302166018 0 0
302166011 9 1
302166010 1 0
302166007 3 0
302165998 2 0
302165996 6 2
302165991 4 1
302165990 3 14
302165987 4 2
302165985 1 0
302165980 5 2
302165970 2 17
302165969 4320 234
302165964 2 2
302165958 1 9
302165953 4 0
302165950 0 0
302165948 2 0
302165945 0 0
302165940 3 19
302165937 176 30
302165936 2 0
302165928 1 1
302165925 0 0
302165923 15 1
302165915 0 0
302165914 6 2
302165912 7 1
302165910 0 0
302165905 6 0
302165904 57 2
302165902 9 6
302165895 0 0
302165892 590 3
302165888 13 1
302165885 305 12
302165883 0 1
302165860 37 13
302165859 1 3
302165848 7 4
302165847 3 1
302165843 0 0
302165840 33 2
302165824 0 0
302165821 0 0
302165818 3 1
302165815 1 0
302165814 6 2
302165813 0 1
302165805 6 1
302165801 5 1
302165795 460 27
302165793 4 1
302165785 1 0
302165777 26 14
302165767 19 9
302165757 0 0
302165753 8 4
302165737 0 0
302165736 15 6
302165723 0 1
302165722 11 1
302165721 2 1
302165719 0 0
302165712 4 2
302165708 5 1
302165707 9 2
302165694 2 3
302165692 0 0
302165691 3 1
302165688 31 1
302165685 8 4
302165671 0 1
302165666 2280 685
302165661 225 10
302165647 1 4
302165645 6 2
302165626 1 0
302165614 6 0
302165610 1 1
302165604 2 0
302165603 772 33
302165595 5 0
302165594 0 1
302165593 4 32
302165590 2 2
302165575 6 0
302165573 0 0
302165570 3 8
302165567 5 4
302165561 3 21
302165552 8 2
302165541 0 0
302165540 9 1
302165536 475 12
302165535 0 1
302165529 388 9
302165528 5 2
302165526 1 0
302165525 9 2
302165508 4 0
302165506 5596 79
302165497 3 0
302165496 3 15
302165494 4 4
302165480 6 2
302165469 8 1
302165462 3 1
302165455 3 0
302165451 4 1
302165450 7 1
302165449 0 0
302165447 2 1
302165443 4 1
302165441 12 4
302165432 4 2
302165429 0 0
302165426 2 0
302165423 7 2
302165415 1 9
302165407 1 1
302165406 5 1
302165401 5 1
302165394 1 4
302165391 2 1
302165388 3 0
302165385 15 25
302165382 0 1
302165372 7 2
302165367 6 2
302165365 4 2
302165364 0 0
302165354 0 0
302165353 6 0
302165350 0 0
302165349 9 4
302165348 0 0
302165344 9 1
302165336 4 1
302165332 1 20
302165329 7 1
302165325 2 0
302165324 0 0
302165323 9 2
302165320 9 0
302165309 7 1
302165308 26 30
302165298 5 1
302165297 5 0
302165296 7 2
302165295 0 1
302165294 6 11
302165285 7 0
302165284 3 7
302165275 0 0
302165274 3 0
302165272 0 1
302165270 30 20
302165265 0 0
302165261 1 0
302165259 17 4
302165258 436 26
302165257 3 2
302165253 0 0
302165251 0 0
302165243 33 4
302165241 13 6
302165238 0 0
302165237 6 12
302165236 740 10
302165235 24 31
302165231 0 0
302165226 4 0
302165224 1 4
302165223 0 0
302165222 1 0
302165220 1 0
302165219 696 12
302165218 13 3
302165215 8 1
302165214 14 5
302165208 23 6
302165205 2 1
302165204 0 0
302165200 4 1
302165198 615 6
302165197 4 1
302165196 5 1
302165195 9 2
302165194 8 3
302165193 327 21
302165191 3801 120
302165188 1 0
302165187 2 2
302165186 7 1
302165185 4 1
302165183 2 1
302165182 54 8
302165177 0 0
302165176 4 3
302165175 0 0
302165174 8 2
302165173 0 1
302165172 0 0
302165169 3 3
302165158 4 0
302165156 5 7
302165155 2 10
302165154 7 8
302165152 1 0
302165151 963 18
302165150 4 2
302165149 0 0
302165146 5 3
302165142 4 1
302165141 1 1
302165133 7 2
302165131 1 0
302165129 0 0
302165127 1 0
302165126 3 0
302165123 3 1
302165122 6 1
302165121 2 2
302165120 1 0
302165119 0 0
302165118 6 5
302165117 2 1
302165115 3 1
302165114 2 1
302165110 6 9
302165109 5 2
302165108 4 4
302165106 3 0
302165105 8 1
302165102 5 1
302165099 0 0
302165096 0 1
302165095 0 0
302165092 13 4
302165091 5 1
302165088 4 0
302165086 0 0
302165083 5 1
302165075 0 0
302165074 0 0
302165073 8 2
302165070 18 7
302165065 6 2
302165061 5 1
302165060 2 0
302165058 10 2
302165053 2 8
302165052 3 3
302165051 3 1
302165050 0 2
302165048 4 1
302165047 0 1
302165045 3 0
302165043 0 0
302165038 8 2
302165035 5 1
302165034 215 22
302165030 572 17
302165029 4 1
302165020 0 0
302165019 5 3
302165018 0 1
302165017 3 0
302165015 7 1
302165013 14 32
302165012 0 2
302165010 0 0
302165008 4 2
302165006 6 2
302165005 508 25
302165003 3 2
302165002 0 0
302165001 13 4
302164997 10 3
302164992 35 13
302164989 6 1
302164987 0 0
302164986 7 3
302164984 1 0
302164981 0 0
302164980 4 2
302164977 3 1
302164976 4 4
302164972 2 0
302164969 9 0
302164968 3 1
302164967 4 0
302164966 31 11
302164963 4 1
302164961 2 0
302164955 2 0
302164954 3155 40
302164952 2 1
302164951 0 0
302164950 1 0
302164948 0 0
302164946 2 0
302164945 0 19
302164940 0 0
302164939 4 1
302164937 1581 307
302164935 5 6
302164934 2 1
302164932 1 3
302164928 3 2
302164927 0 0
302164926 0 0
302164919 2 0
302164917 0 1
302164914 0 0
302164913 1 1
302164911 7 3
302164910 1 0
302164909 10 6
302164908 2 0
302164906 0 1
302164904 10 2
302164903 2 0
302164902 5 2
302164900 2 2
302164899 1 0
302164897 0 2
302164895 4 1
302164894 3 4
302164888 7 0
302164883 5927 210
302164882 0 0
302164879 0 0
302164877 7 1
302164876 3 1
302164875 4 6
302164873 38 7
302164869 2 1
302164868 896 8
302164865 8 3
302164864 1733 365
302164863 1 0
302164861 0 0
302164859 6 3
302164857 2 3
302164852 323 19
302164851 871 75
302164850 1032 15
302164849 37 15
302164848 1 1
302164847 6 2
302164846 0 0
302164845 36 15
302164843 1 1
302164840 2 0
302164838 2 0
302164837 44 22
302164836 418 30
302164835 6 2
302164834 0 0
302164833 2 1
302164829 5 3
302164827 1 1
302164824 2 3
302164823 3 0
302164822 29 5
302164821 0 0
302164820 3 2
302164818 0 1
302164817 1753 71
302164815 4 10
302164814 3 0
302164811 1 1
302164809 1 3
302164808 4 0
302164806 0 0
302164803 350 7
302164802 0 0
302164799 4449 171
302164796 0 0
302164792 37 16
302164790 7 2
302164789 0 0
302164788 7 0
302164787 1 0
302164783 4 1
302164782 876 9
302164781 7 0
302164780 33 10
302164778 0 0
302164777 595 96
302164776 4 0
302164773 3 2
302164770 1 0
302164769 0 0
302164767 4 2
302164766 44 20
302164765 0 0
302164764 0 0
302164763 3 2
302164761 2 0
302164759 0 2
302164757 2 0
302164756 2 1
302164755 6 0
302164753 5 0
302164752 0 0
302164749 3 1
302164747 4 1
302164746 0 0
302164745 0 0
302164744 0 0
302164742 4 2
302164740 6 1
302164738 2 2
302164736 6 0
302164735 16 15
302164734 1 2
302164732 2 0
302164731 17 13
302164728 0 0
302164725 1 0
302164723 1 0
302164720 0 0
302164719 3 0
302164717 1 0
302164714 2 1
302164712 0 0
302164711 0 0
302164710 0 0
302164709 4 0
302164707 1 5
302164705 3 0
302164704 2 1
302164702 2 4
302164700 3 3
302164699 13 16
302164697 3 0
302164696 5 0
302164695 3 1
302164693 5 37
302164692 2 4
302164691 2 0
302164690 0 0
302164689 1 0
302164688 4 4
302164686 1 1
302164685 35 15
302164684 5 2
302164682 0 0
302164678 0 0
302164677 40 14
302164676 7395 199
302164675 3 1
302164674 2 0
302164673 1 0
302164670 1 1
302164669 48 18
302164668 282 11
302164667 2 1
302164665 4 6
302164662 1 0
302164661 622 17
302164659 6 1
302164658 1 2
302164657 3 5
302164655 3 3
302164654 8 2
302164652 6 0
302164650 1 0
302164649 5 11
302164648 3 0
302164647 3 2
302164646 3 0
302164645 1 1
302164644 1 1
302164643 1 0
302164642 3 5
302164641 2 1
302164640 6 0
302164639 2 0
302164638 4 1
302164636 654 48
302164635 3 0
302164634 1 2
302164632 2 1
302164630 0 0
302164628 0 0
302164627 8 1
302164626 2 1
302164623 6 1
302164622 2 0
302164621 2 6
302164620 3 0
302164618 0 0
302164617 0 1
302164616 0 3
302164615 0 0
302164614 0 0
302164613 0 0
302164612 5 0
302164611 2 4
302164610 2 1
302164608 6 1
302164606 5 3
302164605 3 2
302164604 2 0
302164603 0 2
302164601 2 1
302164599 1 2
302164598 0 4
302164597 6 1
302164596 5 2
302164595 4 2
302164594 206 7
302164593 5 0
302164592 0 0
302164590 40 16
302164589 1 0
302164588 2 0
302164587 2 2
302164586 2 9
302164585 2 0
302164583 2 1
302164582 0 1
302164581 0 0
302164580 0 0
302164579 2 2
302164576 0 0
302164575 2 0
302164574 2 1
302164573 9 0
302164572 2 1
302164571 11 2
302164570 2 0
302164569 4 5
302164568 0 2
302164567 2 0
302164566 2 0
302164565 3 0
302164562 0 0
302164561 2 1
302164560 9 0
302164559 5 2
302164558 0 0
302164556 3 0
302164555 3 0
302164554 0 0
302164553 0 0
302164552 1 1
302164551 0 1
302164550 1 2
302164549 1 1
302164548 2 1
302164547 1 1
302164545 2627 135
302164544 1 2
302164542 3 0
302164541 0 1
302164540 1 7
302164539 6 1
302164538 2 1
302164537 6 4
302164536 0 0
302164535 141 11
302164534 2 0
302164532 0 0
302164531 1 4
302164530 0 0
302164529 1 0
302164528 1 2
302164527 5 2
302164526 0 1
302164525 0 1
302164524 1139 76
302164523 0 0
302164521 1 1
302164520 0 1
302164517 1 1
302164516 5 2
302164515 0 1
302164514 0 0
302164513 1 3
302164512 0 3
302164511 0 0
302164510 0 0
302164509 0 2
302164508 0 1
302164507 0 0
302164506 0 1
302164505 0 2
302164504 0 1
302164503 0 1
302164502 1 1
302164501 1 2
302164500 0 1
302164498 0 3
