303957793 0 0
303956363 0 0
303956362 0 0
303953157 0 0
303942131 0 0
303941153 0 0
303938711 0 0
303925513 1 0
303900949 2 0
303895919 2 3
303895617 0 0
303864991 2 0
303861250 0 1
303861210 0 0
303859353 1 1
303859347 2 0
303859293 6 0
303857927 2 1
303855535 3 0
303853842 1 0
303804664 2 1
303803674 1 3
303803575 4 0
303803567 0 0
303803562 0 0
303803557 2 0
303801195 0 0
303800331 2 0
303800300 1 0
303799168 1 6
303794178 0 0
303764280 0 11
303744670 0 0
303743702 6 0
303742651 0 0
303738115 3 1
303737963 0 0
303737306 0 0
303737046 0 0
303736153 13 2
303733525 3 1
303733450 4 0
303733384 9 2
303733380 8 0
303733377 4 0
303732504 0 0
303721907 1 0
303679191 0 0
303671934 2 2
303671771 4 0
303671676 5 0
303669722 5 8
303665007 4 0
303663946 12 5
303663737 0 0
303663729 0 0
303663449 9 35
303662638 14 1
303658122 1 0
303587527 3 0
303587505 1 0
303587350 0 0
303587347 0 0
303585134 4 0
303575023 4 2
303567430 9 3
303567274 10 0
303566980 9 3
303566239 7 6
303566130 9 1
303526019 4 4
303507499 7 4
303507494 8 7
303506795 3 1
303498882 0 0
303498398 2 7
303494476 11 0
303493762 13 51
303485343 14 9
303412368 12 1
303412114 25 6
303410156 15 4
303410115 3 0
303407081 3 2
303407047 10 6
303383509 1 0
303348685 13 1
303325864 10 16
303325861 13 0
303325721 9 0
303325135 1 0
303323885 0 1
303321105 8 2
303319065 5 0
303291894 20 24
303291018 51 5
303283114 0 0
303283108 9 11
303259304 4 3
303250597 13 2
303250373 4 1
303250275 0 0
303249709 9 1
303249672 1 0
303245134 11 3
303238307 3 0
303237421 8 0
303215505 6 8
303212984 0 1
303201158 2 2
303201040 8 11
303183149 6 1
303177668 2 3
303163837 22 2
303163834 10 5
303163779 30 13
303162989 9 2
303161156 16 3
303150740 5 12
303146479 22 7
303146458 15 9
303142160 14 17
303140508 5 12
303137781 7 8
303123035 27 37
303121958 24 5
303104725 9 0
303094308 11 4
303079679 14 16
303079674 8 0
303079253 0 0
303078731 5 5
303074002 17 5
303073321 0 7
303073172 9 1
303072006 7 1
303070753 2 0
303067699 5 2
303067604 3 20
303067268 15 5
303062390 5 4
302998692 1 2
302988103 4 0
302988098 12 0
302987556 13 18
302987388 6 32
302987176 13 3
302986980 6 2
302985848 7 1
302982135 3 14
302982089 5 24
302982041 32 12
302980239 19 1
302978000 10 4
302977906 7 73
302977073 0 3
302976697 18 1
302970021 33 0
302969928 7 10
302969892 0 0
302969789 0 0
302969706 5 0
302969688 3 1
302945821 18 0
302945783 5 4
302935281 20 0
302935258 2 0
302934730 14 31
302934725 11 23
302934722 11 27
302934717 4 31
302934708 12 10
302932407 7 1
302913742 28 8
302894063 1 0
302893756 8 15
302893550 1 0
302893355 2 0
302889912 2 9
302888970 30 5
302884909 0 0
302884901 8 3
302884893 0 0
302884783 20 6
302883913 6 1
302883902 25 15
302883896 2 4
302883572 1 0
302883168 9 0
302883166 7 0
302882027 25 5
302881166 18 8
302881161 26 16
302880385 20 10
302879538 0 0
302874419 12 4
302870444 3 0
302830817 3 13
302829310 4 22
302818655 17 3
302818093 29 3
302818084 18 25
302817311 7 17
302817259 0 1
302816921 12 0
302816013 4 1
302815048 4 42
302813482 10 25
302812723 16 43
302812153 29 43
302812148 52 14
302812127 23 66
302812123 14 59
302811918 16 1
302811876 9 2
302810680 14 1
302809999 8 17
302809909 4 1
302809891 0 18
302809546 11 2
302809049 25 26
302808736 3 12
302805206 12 3
302802637 2 20
302801291 12 3
302797113 2 28
302776219 0 0
302763274 25 7
302763269 9 0
302745999 0 1
302744466 17 6
302731476 26 11
302730924 12 0
302730624 26 11
302730239 8 15
302730214 6 1
302729900 11 1
302729895 4 8
302729887 30 7
302729761 11 2
302729592 32 13
302728775 9 0
302728750 4 1
302728487 20 4
302728337 0 0
302725874 12 1
302725865 30 16
302725700 0 2
302725456 2 4
302724498 36 2
302724476 18 13
302723697 15 1
302723655 41 16
302723556 25 3
302723351 13 2
302723136 45 10
302722786 1 0
302722781 0 0
302722326 13 26
302722271 24 24
302722086 21 0
302721426 23 0
302721412 0 0
302719057 11 1
302711586 2 19
302711316 2 21
302710822 11 118
302709533 13 4
302709510 2 1
302709509 0 1
302688233 0 13
302688228 6 1
302677870 0 20
302662773 0 0
302662215 23 0
302643229 60 12
302643217 21 6
302642766 5 0
302641886 40 4
302641718 15 20
302638734 20 21
302638721 18 2
302638393 32 6
302637996 22 2
302637520 20 22
302627814 43 13
302622747 3 0
302606882 5 5
302606849 0 0
302595249 15 2
302583172 18 2
302571119 16 26
302570365 1 1
302570203 2 25
302568820 14 4
302566161 26 6
302565187 0 2
302565184 5 21
302565165 7 0
302564184 23 5
302563788 26 2
302563604 28 7
302563586 3 53
302563552 8 1
302554216 10 3
302554211 29 15
302554154 8 32
302553592 11 1
302553571 12 5
302552472 12 0
302535344 6 19
302534415 5 3
302534411 10 130
302534407 16 6
302534298 49 12
302509774 15 1
302509387 2 1
302497889 9 2
302497726 18 5
302497094 20 6
302497077 4 1
302496106 12 125
302495722 20 13
302495407 14 1
302491382 6 39
302491095 17 6
302490876 4 78
302490286 79 12
302488588 0 0
302488315 59 5
302488092 1 1
302487578 12 4
302478731 0 2
302476823 11 1
302476343 3 8
302467850 12 0
302443221 17 48
302425061 6 3
302425050 3 8
302425045 23 25
302424723 2 15
302412252 0 1
302411192 24 48
302411178 6 34
302411135 1 1
302410958 10 0
302410306 9 64
302407900 82 6
302407616 26 0
302406101 0 0
302401863 15 14
302401494 0 1
302401359 40 28
302401006 0 0
302400303 2 9
302400281 27 32
302400192 11 1
302400130 17 9
302400049 38 56
302399710 50 1
302399407 24 29
302399009 0 0
302398996 7 35
302398753 27 22
302398158 0 22
302396230 5 5
302395299 26 1
302387194 85 18
302347433 0 0
302347342 0 0
302347076 73 17
302345527 0 0
302316765 63 5
302316452 62 8
302316320 47 6
302315655 10 3
302315630 19 26
302315247 9 13
302314960 16 29
302314835 4 15
302314823 21 24
302314603 25 25
302314137 21 58
302314011 39 0
302313661 14 6
302310590 54 12
302308696 33 16
302307780 0 0
302307689 0 0
302307558 69 9
302305426 0 0
302304910 13 53
302303413 49 7
302297196 10 38
302296778 0 0
302295517 10 0
302295499 6 1
302295486 33 73
302295472 21 6
302293903 7 21
302293901 0 6
302293899 14 11
302293891 9 14
302293886 12 33
302293881 14 11
302277977 42 7
302277617 57 12
302261262 34 5
302255282 17 0
302255232 23 1
302251561 45 5
302251292 0 0
302250257 6 10
302249550 7 17
302248425 23 31
302245506 32 3
302244532 17 7
302238798 13 0
302238795 11 1
302238782 14 0
302237899 24 20
302237371 24 22
302237367 9 48
302237113 16 52
302236809 8 46
302236733 17 18
302236693 28 14
302236690 25 16
302236632 29 2
302235948 45 5
302235445 31 3
302232459 0 0
302232203 38 84
302232191 8 41
302232014 0 0
302231682 13 4
302231064 22 21
302230956 33 3
302230472 23 43
302230469 50 9
302230231 30 15
302230086 8 2
302229985 10 27
302229595 12 78
302229362 17 7
302229310 12 39
302228003 11 10
302227706 0 0
302227654 13 9
302227196 18 76
302219201 19 1
302218542 5 64
302216388 6 0
302201413 5 6
302194871 8 1
302194846 0 0
302194443 0 0
302191949 1 0
302191359 19 1
302189529 2 3
302189272 15 8
302189221 2 1
302189199 1 0
302186456 19 24
302181666 56 19
302181487 27 19
302181413 54 4
302181384 22 25
302181377 41 3
302181183 15 26
302181159 4 2
302180401 0 0
302180388 1 0
302180278 36 1
302179346 33 3
302176131 39 10
302176010 39 3
302176009 20 7
302175648 1 0
302175581 19 0
302175096 22 2
302174883 6 15
302174763 17 22
302174675 13 0
302174638 19 13
302174570 0 0
302174567 10 0
302174416 40 9
302174415 10 28
302174257 2 2
302174253 7 0
302174043 6 28
302173987 7 1
302173984 3 4
302173982 1 0
302173787 0 1
302173271 0 0
302173253 16 28
302173087 23 1
302172922 0 0
302172855 19 19
302172803 0 8
302172512 1 68
302172484 2 0
302172415 28 9
302172254 32 15
302172238 10 31
302172025 9 3
302171655 9 15
302171406 4 9
302171150 4 1
302163722 24 0
302163719 15 0
302160264 0 0
302145184 13 10
302142947 0 3
302137601 6 14
302137505 44 4
302137491 27 3
302135889 25 14
302134681 33 14
302134661 12 3
302126003 8 13
302125949 53 1
302125865 10 1
302125514 9 22
302125298 28 2
302125097 16 27
302124838 62 8
302124678 16 9
302124675 2 1
302124598 3 11
302124597 38 6
302124580 12 1
302124427 11 6
302123974 1 0
302123738 29 4
302123135 10 6
302123077 28 1
302121904 10 7
302121105 5 4
302121041 16 0
302120832 26 0
302120707 6 0
302120623 19 1
302120609 15 6
302120262 53 4
302120012 36 2
302119940 9 1
302119904 1 64
302119402 14 15
302119393 29 18
302119389 51 7
302119385 31 40
302119379 31 8
302119227 7 1
302119189 36 28
302118998 3 0
302118616 26 10
302118505 10 32
302118496 2 45
302118492 3 42
302118449 0 0
302118363 14 1
302118276 19 1
302118227 10 0
302118224 4 0
302116615 19 1
302116393 57 4
302115809 15 23
302114781 21 42
302114239 22 20
302114148 17 4
302113918 22 4
302111806 18 97
302110693 3 39
302110563 17 43
302109787 22 11
302109423 10 3
302106379 9 3
302093692 1 0
302093278 0 2
302093099 16 30
302090202 23 0
302085669 6 0
302085631 21 3
302083200 9 15
302082612 0 1
302082606 5 2
302082601 56 1
302082598 1 0
302082504 20 27
302082056 42 11
302081866 22 2
302081012 12 8
302080265 7 5
302078684 11 4
302078656 13 12
302078590 4 1
302078470 1 1
302078440 34 16
302078405 0 0
302078331 8 0
302078150 3 1
302078107 5 1
302078021 13 5
302078019 5 11
302077855 8 7
302077761 1 1
302077583 49 12
302077435 3 31
302077310 41 3
302076781 8 5
302076711 44 9
302076374 41 9
302075124 10 4
302074991 14 0
302074990 35 8
302074915 21 7
302074914 3 16
302074913 17 7
302074827 17 72
302074726 38 8
302074693 31 4
302074595 4 2
302074506 16 32
302074438 37 13
302074337 2 1
302074324 14 14
302074193 38 12
302074189 33 0
302074158 7 15
302074084 4 2
302074055 2 44
302074013 31 6
302073992 10 1
302073890 9 0
302073884 11 1
302073835 10 12
302073825 5 19
302073764 32 11
302073749 13 10
302073714 2 2
302073600 0 0
302073598 24 42
302073416 2 0
302073220 25 49
302073036 6 5
302073029 45 10
302072897 12 11
302072881 1 0
302072784 6 17
302072783 18 5
302072668 16 5
302072665 5 1
302072603 8 2
302072601 48 26
302072598 19 43
302072562 2 1
302072494 14 1
302072444 29 4
302072434 30 77
302072125 3 1
302072111 25 7
302072064 0 0
302072000 29 9
302071974 17 3
302071953 10 1
302071910 16 11
302071768 7 0
302071656 48 24
302071586 5 2
302070965 9 10
302070929 11 11
302070557 14 1
302070546 9 0
302070312 41 2
302070248 9 0
302070244 23 5
302070190 1 0
302070119 1 0
302070098 6 0
302069692 20 22
302069562 31 4
302068861 25 6
302068836 8 21
302068428 11 0
302067776 0 0
302067303 37 18
302066685 2 4
302065266 11 15
302065133 5 15
302065117 24 3
302064983 48 2
302064979 9 0
302064977 0 6
302064975 3 0
302064799 14 16
302063732 8 19
302063682 0 0
302063364 4 49
302063342 17 6
302063020 30 10
302061832 21 35
302061361 10 4
302055696 3 2
302055503 28 9
302055127 7 0
302054492 36 71
302054355 20 5
302053806 17 47
302049802 27 11
302049534 0 1
302049520 14 10
302049473 27 25
302049380 13 0
302049371 4 6
302049339 13 8
302049331 21 27
302049247 3 2
302049041 0 0
302048699 3 3
302048513 37 22
302048461 0 0
302047597 7 0
302046941 6 2
302046819 6 6
302046036 1 12
302045290 12 0
302042606 1 5
302040993 8 0
302040901 23 24
302040699 7 68
302040687 24 27
302040635 2 5
302040524 13 6
302040487 42 39
302040480 17 11
302040460 17 6
302040451 23 2
302040226 21 0
302040052 17 10
302040026 2 6
302039988 14 0
302039978 9 25
302039863 38 131
302039786 10 0
302039769 16 26
302039053 3 73
302038820 31 35
302038493 10 0
302038481 21 58
302038238 11 0
302037752 40 27
302037611 36 2
302037291 0 0
302037030 9 16
302036938 2 0
302036782 14 2
302036703 9 3
302036512 48 18
302036495 3 0
302036396 21 8
302036343 29 10
302036289 29 7
302036273 3 0
302036271 22 7
302036067 14 24
302035958 25 13
302035951 9 8
302035945 3 3
302035923 6 6
302035910 11 1
302035865 32 8
302035842 14 18
302035825 7 0
302035821 11 68
302035795 0 0
302035778 20 12
302035760 22 3
302035739 6 1
302035726 19 4
302035724 9 36
302035709 11 1
302035683 0 0
302035679 41 14
302035665 46 20
302035652 0 0
302035651 1 0
302035638 18 16
302035633 23 8
302035614 7 63
302035613 3 5
302035595 13 48
302035564 24 58
302035557 0 0
302035543 0 0
302035527 6 62
302035526 49 16
302035523 5 31
302035497 1 1
302035491 2 73
302035488 62 5
302035449 14 15
302035448 17 23
302035438 27 17
302035437 12 9
302035433 4 4
302035415 14 2
302035411 48 21
302035404 14 3
302035403 1 7
302035401 11 2
302035395 32 24
302035380 0 36
302035358 23 9
302035332 21 13
302035331 8 5
302035292 46 2
302035270 28 18
302035257 21 7
302035225 19 7
302035216 12 6
302035205 12 24
302035201 38 1
302035190 9 23
302035148 0 0
302035136 35 1
302035121 7 32
302035117 12 0
302035100 1 0
302035081 9 12
302035063 3 0
302035058 22 11
302035054 2 1
302035030 2 7
302035012 11 0
302035008 3 0
302035006 39 6
302035001 2 0
302034997 8 3
302034994 29 22
302034989 16 0
302034985 33 6
302034982 0 0
302034944 18 12
302034932 55 27
302034924 33 14
302034923 23 7
302034921 7 2
302034920 6 3
302034918 24 7
302034901 14 8
302034891 22 28
302034884 1 0
302034866 21 6
302034859 12 5
302034769 26 11
302034750 0 0
302034738 0 1
302034736 20 4
302034699 8 14
302034694 1 0
302034689 28 6
302034681 19 10
302034667 2 0
302034659 4 1
302034644 14 0
302034618 0 0
302034613 10 0
302034583 12 8
302034570 15 5
302034567 13 2
302034561 27 4
302034545 29 24
302034536 56 33
302034535 18 1
302034522 1 0
302034495 18 3
302034483 12 0
302034459 8 7
302034456 54 17
302034428 22 45
302034420 18 9
302034354 19 13
302034350 13 4
302034342 0 0
302034317 0 10
302034306 15 4
302034291 66 4
302034286 0 0
302034283 19 5
302034265 34 1
302034258 6 0
302034249 2 4
302034238 23 7
302034216 30 9
302034214 2 12
302034188 14 5
302034180 23 3
302034176 15 2
302034166 1 10
302034160 7 1
302034149 13 4
302034115 2 8
302034078 17 2
302034039 11 0
302034021 8 2
302033804 0 0
302033788 50 6
302033773 13 3
302033762 6 1
302033661 14 1
302033650 1 5
302033646 6 2
302033626 21 3
302033532 1 0
302033531 7 5
302033520 10 2
302033484 6 29
302033459 12 14
302033359 12 1
302033349 15 4
302033334 2 0
302033284 34 25
302033255 7 1
302033227 0 1
302033212 16 4
302033209 7 1
302033133 1 3
302032945 18 9
302032932 5 7
302032902 10 10
302032896 31 7
302032849 1 1
302032818 7 5
302032799 4 1
302032758 8 0
302032671 13 27
302032654 25 2
302032646 6 13
302032644 1 0
302032464 9 1
302032419 4 0
302032284 1 3
302032272 12 9
302032219 28 3
302032215 24 1
302032209 5 5
302032204 32 16
302032203 2 20
302032200 2 36
302032191 0 20
302032185 0 1
302032176 5 3
302032169 50 7
302032163 22 14
302032154 35 8
302032151 1 1
302032106 5 1
302032103 7 84
302032102 7 47
302032100 5 0
302032094 4 4
302032089 3 1
302032084 0 1
302032080 0 0
302032077 34 6
302032076 19 6
302032067 2 0
302032065 30 19
302032053 10 3
302032044 20 5
302032043 0 1
302032041 14 5
302032040 7 5
302032039 25 10
302032038 0 2
302032034 3 4
302032023 11 6
302032005 26 5
302031985 7 3
302031979 23 13
302031978 0 1
302031962 6 0
302031957 13 10
302031955 22 16
302031950 1 0
302031943 0 0
302031939 19 10
302031936 23 7
302031927 13 63
302031924 15 1
302031905 17 3
302031902 9 57
302031878 27 3
302031872 10 7
302031871 13 7
302031844 41 11
302031832 0 0
302031828 18 14
302031824 13 14
302031823 26 11
302031820 4 48
302031817 1 46
302031815 1 46
302031802 25 2
302031778 17 3
302031776 39 23
302031775 12 16
302031772 21 10
302031771 26 4
302031768 14 6
302031763 30 0
302031758 8 8
302031756 16 32
302031755 9 1
302031751 5 42
302031749 20 2
302031747 37 32
302031735 15 28
302031719 25 30
302031717 25 27
302031714 17 7
302031699 14 12
302031692 19 19
302031687 0 1
302031671 5 36
302031669 9 0
302031668 7 49
302031666 25 9
302031648 0 0
302031646 5 5
302031644 23 59
302031632 2 8
302031627 3 14
302031623 7 46
302031622 20 16
302031609 17 16
302031603 0 1
302031590 42 7
302031587 20 12
302031583 12 5
302031572 8 3
302031560 1 9
302031559 11 7
302031557 38 4
302031555 0 0
302031552 2 0
302031541 18 14
302031534 35 1
302031532 12 50
302031520 8 45
302031519 4 0
302031518 11 10
302031517 2 2
302031513 20 0
302031510 20 9
302031504 14 17
302031499 7 12
302031498 7 9
302031497 11 38
302031495 13 46
302031476 29 11
302031473 12 18
302031471 24 7
302031470 23 10
302031466 23 6
302031465 23 7
302031461 5 28
302031457 0 1
302031456 3 22
302031449 8 8
302031434 6 0
302031428 1 1
302031426 3 2
302031424 0 1
302031421 1 2
302031410 54 10
302031407 2 2
302031402 25 22
302031387 14 4
302031368 6 58
302031360 20 7
302031359 0 1
302031356 4 0
302031354 26 7
302031351 12 9
302031350 2 3
302031344 9 0
302031336 17 52
302031334 32 6
302031332 0 2
302031331 11 29
302031329 3 55
302031324 25 16
302031322 34 9
302031319 2 76
302031318 13 71
302031316 3 5
302031311 8 6
302031310 2 2
302031308 4 11
302031307 0 19
302031302 16 9
302031299 9 8
302031297 6 5
302031293 1 1
302031291 22 5
302031285 33 5
302031280 23 16
302031277 11 5
302031273 28 6
302031271 3 0
302031265 16 26
302031264 32 0
302031263 0 2
302031260 8 3
302031259 7 4
302031258 9 5
302031257 45 9
302031255 3 2
302031253 31 8
302031252 24 19
302031251 3 3
302031248 28 20
302031243 18 7
302031240 25 4
302031232 0 2
302031231 0 5
302031229 19 17
302031228 19 8
302031225 9 0
302031222 3 0
302031221 9 0
302031216 30 39
302031212 1 0
302031211 4 0
302031210 18 50
302031209 2 7
302031206 3 0
302031205 19 8
302031204 1 0
302031201 19 12
302031194 16 8
302031190 19 10
302031188 35 2
302031183 2 1
302031179 1 3
302031176 15 3
302031172 115 5
302031163 2 0
302031161 1 1
302031159 11 9
302031157 22 3
302031156 10 7
302031148 33 31
302031143 17 2
302031139 0 1
302031137 14 5
302031134 1 3
302031128 5 0
302031123 17 8
302031117 2 3
302031116 18 2
302031114 16 4
302031109 8 8
302031105 1 3
302031095 12 11
302031092 11 7
302031085 2 0
302031078 19 10
302031075 16 9
302031071 26 3
302031066 24 5
302031064 26 14
302031061 3 0
302031056 19 1
302031053 30 15
302031050 13 1
302031042 0 0
302031039 2 0
302031037 0 0
302031036 8 0
302031029 121 8
302031028 221 11
302031027 31 5
302031015 10 56
302031013 4 0
302031010 18 4
302031008 14 16
302031001 12 1
302030999 18 5
302030996 7 18
302030995 36 12
302030993 2 0
302030990 1 0
302030987 3 0
302030983 12 5
302030979 13 0
302030976 9 2
302030955 34 10
302030952 3 1
302030950 2 1
302030927 29 13
302030926 11 5
302030923 9 0
302030922 33 7
302030920 1 2
302030919 12 53
302030918 0 0
302030915 11 2
302030911 0 3
302030907 5 0
302030903 27 43
302030900 0 0
302030898 29 14
302030896 2 0
302030891 30 4
302030879 14 5
302030875 10 6
302030872 12 6
302030871 0 1
302030867 10 1
302030864 0 1
302030863 1 1
302030856 9 22
302030855 12 6
302030853 22 4
302030851 3 30
302030846 25 1
302030842 10 6
302030839 10 0
302030836 0 0
302030833 6 19
302030831 5 21
302030830 8 16
302030829 4 0
302030826 7 0
302030824 0 1
302030821 42 18
302030809 4 1
302030803 5 0
302030797 23 6
302030794 0 1
302030791 2 0
302030789 8 7
302030787 30 5
302030785 22 4
302030784 11 10
302030783 1 1
302030778 32 7
302030776 5 1
302030774 41 9
302030773 8 20
302030767 8 6
302030763 24 3
302030759 3 11
302030752 16 7
302030750 30 1
302030746 25 17
302030742 23 5
302030739 0 2
302030738 24 6
302030728 7 0
302030727 1 0
302030710 9 0
302030706 0 3
302030705 11 58
302030698 1 0
302030694 1 0
302030690 10 11
302030689 21 4
302030685 15 0
302030676 0 1
302030674 21 0
302030672 16 2
302030668 7 6
302030664 27 25
302030663 28 24
302030662 6 3
302030660 0 0
302030659 0 8
302030658 89 11
302030656 2 24
302030654 14 4
302030651 135 3
302030645 1 1
302030644 2 8
302030641 10 5
302030621 0 0
302030619 4 8
302030616 10 16
302030601 20 3
302030599 1 0
302030589 17 6
302030582 2 0
302030580 2 0
302030578 3 4
302030576 2 0
302030571 1 1
302030564 25 4
302030560 0 1
302030559 6 6
302030554 31 16
302030553 1 0
302030549 15 3
302030547 6 30
302030543 7 4
302030538 29 8
302030534 29 6
302030533 15 2
302030532 1 16
302030529 7 15
302030525 18 8
302030520 20 17
302030519 18 42
302030506 0 1
302030498 21 6
302030490 2 0
302030489 9 2
302030487 15 5
302030485 0 8
302030484 14 4
302030482 1 0
302030479 8 5
302030477 9 3
302030474 23 17
302030472 13 0
302030471 29 28
302030470 1 0
302030469 23 3
302030465 12 2
302030454 12 2
302030453 9 4
302030445 2 0
302030435 1 1
302030434 4 4
302030431 15 53
302030430 40 5
302030425 0 5
302030421 32 37
302030404 39 0
302030396 37 36
302030395 4 1
302030390 0 0
302030385 23 14
302030383 7 38
302030380 18 12
302030377 13 2
302030367 37 0
302030361 11 39
302030359 2 0
302030354 2 0
302030352 25 11
302030351 3 0
302030350 1 2
302030346 8 1
302030343 18 11
302030342 4 8
302030341 0 0
302030340 16 5
302030339 10 5
302030334 21 2
302030331 16 68
302030329 20 3
302030328 13 0
302030321 5 0
302030316 6 9
302030315 0 5
302030312 1 5
302030310 13 9
302030293 0 0
302030290 1 0
302030285 2 0
302030281 9 0
302030277 23 5
302030274 16 5
302030272 5 1
302030270 8 0
302030269 0 2
302030266 11 57
302030262 9 5
302030261 2 0
302030259 30 17
302030257 5 10
302030255 21 9
302030253 44 21
302030252 1 0
302030251 16 5
302030249 1 4
302030247 0 0
302030246 33 7
302030245 8 2
302030243 37 37
302030241 2 65
302030240 3 58
302030238 30 30
302030231 13 12
302030225 30 6
302030220 20 0
302030219 20 1
302030212 0 0
302030211 10 1
302030207 4 12
302030206 18 3
302030203 5 0
302030201 3 38
302030195 20 4
302030193 6 36
302030192 6 0
302030190 7 0
302030188 25 3
302030187 6 16
302030183 0 0
302030182 0 3
302030181 12 9
302030180 0 0
302030178 0 0
302030173 16 74
302030167 24 39
302030163 7 0
302030162 27 0
302030161 14 0
302030157 14 6
302030156 0 0
302030149 13 69
302030148 35 30
302030147 28 46
302030145 15 11
302030144 22 13
302030143 26 46
302030142 5 1
302030132 16 5
302030122 10 2
302030115 1 1
302030111 31 36
302030110 17 20
302030107 21 9
302030099 45 31
302030097 28 6
302030088 37 23
302030080 9 63
302030077 24 13
302030076 4 0
302030072 1 1
302030057 32 8
302030046 16 19
302030039 23 9
302030037 18 16
302030031 0 2
302030028 25 17
302030027 14 14
302030025 9 8
302030023 0 1
302030021 15 1
302030017 6 17
302030014 30 16
302030010 14 6
302030006 18 5
302030003 1 68
302030002 4 6
302029995 2 1
302029987 8 9
302029986 0 1
302029983 20 9
302029982 1 1
302029980 2 2
302029978 3 1
302029977 12 15
302029975 10 48
302029971 9 2
302029966 9 4
302029965 30 23
302029960 0 1
302029959 10 24
302029954 25 12
302029953 6 9
302029952 1 0
302029949 48 32
302029948 16 7
302029947 15 0
302029944 22 21
302029937 18 8
302029935 15 11
302029934 1 1
302029931 9 8
302029926 0 0
302029919 3 2
302029918 9 0
302029913 14 2
302029907 0 1
302029905 8 7
302029904 6 0
302029900 1 0
302029896 5 0
302029895 3 1
302029894 29 1
302029889 0 16
302029883 17 16
302029873 0 1
302029872 3 0
302029871 1 0
302029866 21 18
302029862 28 17
302029858 0 1
302029855 8 0
302029847 0 1
302029841 0 1
302029840 16 2
302029839 17 5
302029837 1 0
302029835 10 6
302029833 23 4
302029820 15 2
302029817 4 1
302029814 0 0
302029808 26 16
302029805 4 7
302029804 30 10
302029802 0 1
302029800 13 8
302029798 3 1
302029794 8 1
302029793 9 9
302029789 1 1
302029788 11 15
302029783 0 1
302029776 9 1
302029770 12 6
302029769 1 0
302029761 2 0
302029758 4 2
302029757 1 0
302029756 24 5
302029755 24 6
302029754 3 28
302029750 5 1
302029747 1 1
302029745 13 0
302029744 1 1
302029740 4 0
302029737 19 6
302029736 7 85
302029733 2 0
302029732 9 65
302029726 2 12
302029723 23 4
302029722 7 0
302029718 6 74
302029717 3 11
302029715 5 0
302029710 28 4
302029709 7 18
302029702 10 0
302029695 1 0
302029689 7 1
302029678 15 20
302029675 21 8
302029672 0 1
302029662 3 2
302029656 39 5
302029655 14 11
302029654 28 1
302029652 20 28
302029650 10 20
302029649 0 1
302029648 1 53
302029647 0 3
302029645 9 7
302029644 0 1
302029643 17 9
302029642 9 31
302029640 0 1
302029638 6 51
302029631 0 0
302029625 2 0
302029622 0 0
302029615 1 0
302029611 16 22
302029606 22 65
302029605 15 1
302029600 15 24
302029599 25 3
302029597 29 12
302029593 7 7
302029588 1 1
302029582 6 6
302029580 19 14
302029579 2 0
302029564 2 1
302029563 12 7
302029562 4 2
302029555 8 4
302029543 0 8
302029541 0 0
302029538 0 0
302029537 13 1
302029536 39 11
302029532 12 8
302029530 6 6
302029528 12 6
302029527 12 3
302029524 3 2
302029522 15 3
302029516 7 43
302029513 19 4
302029512 6 52
302029510 7 42
302029509 6 12
302029506 8 0
302029503 1 0
302029498 0 1
302029493 0 0
302029489 1 0
302029488 4 8
302029482 12 5
302029481 14 1
302029477 27 5
302029476 0 0
302029475 0 0
302029468 1 1
302029467 7 4
302029466 11 9
302029460 18 11
302029454 0 1
302029453 8 7
302029452 0 10
302029448 40 5
302029444 1 4
302029443 47 16
302029441 29 21
302029434 22 8
302029433 27 15
302029432 31 40
302029421 1 0
302029416 11 5
302029414 4 6
302029411 11 21
302029401 27 23
302029400 0 0
302029397 25 10
302029396 5 0
302029393 10 80
302029388 10 10
302029387 6 5
302029386 92 5
302029385 50 7
302029384 26 9
302029383 9 2
302029378 23 6
302029377 7 1
302029374 3 26
302029373 0 0
302029372 8 0
302029370 1 0
302029367 6 2
302029365 9 4
302029360 23 16
302029358 0 0
302029357 17 33
302029356 34 37
302029353 8 69
302029347 12 2
302029341 11 9
302029337 18 7
302029333 9 9
302029329 35 8
302029327 6 1
302029326 9 1
302029324 9 10
302029322 5 2
302029321 14 5
302029316 4 51
302029315 4 2
302029314 31 23
302029312 6 1
302029309 13 0
302029304 9 0
302029300 2 1
302029299 0 0
302029294 14 16
302029289 34 32
302029287 0 0
302029286 11 7
302029282 38 5
302029278 9 8
302029275 22 3
302029274 23 7
302029273 11 17
302029264 11 13
302029262 5 4
302029259 2 1
302029255 34 3
302029248 23 4
302029244 10 7
302029243 11 3
302029242 15 6
302029241 9 12
302029238 5 6
302029237 30 16
302029234 12 5
302029231 12 1
302029229 1 0
302029227 1 6
302029224 1 4
302029202 14 4
302029201 30 36
302029198 22 3
302029196 1 0
302029192 27 12
302029190 0 2
302029175 25 5
302029173 4 1
302029170 2 0
302029168 7 1
302029167 18 1
302029166 30 42
302029159 10 12
302029157 7 4
302029154 0 0
302029146 12 8
302029142 7 13
302029141 4 1
302029137 1 0
302029131 5 1
302029127 2 0
302029125 21 9
302029123 0 0
302029121 34 4
302029116 0 0
302029115 5 1
302029114 24 4
302029112 21 0
302029106 20 11
302029104 0 1
302029097 26 1
302029096 9 1
302029095 20 12
302029094 3 0
302029080 1 1
302029077 32 1
302029075 11 61
302029072 2 11
302029068 12 3
302029066 14 3
302029064 22 11
302029063 14 7
302029056 12 6
302029055 13 16
302029053 29 9
302029047 19 1
302029044 15 0
302029039 0 4
302029029 2 2
302029020 3 6
302029016 46 5
302029013 12 3
302029004 43 14
302028999 11 18
302028996 35 6
302028994 18 5
302028992 7 2
302028984 2 2
302028979 0 2
302028976 7 31
302028975 2 0
302028968 13 9
302028954 25 1
302028951 2 3
302028950 3 2
302028945 0 2
302028944 1 0
302028939 0 2
302028938 33 8
302028936 4 1
302028935 26 7
302028933 33 12
302028930 0 0
302028927 9 61
302028925 0 1
302028924 36 1
302028923 7 63
302028918 0 0
302028900 14 24
302028896 1 1
302028893 7 3
302028889 0 0
302028887 21 7
302028884 32 12
302028881 1 1
302028877 9 1
302028870 37 28
302028868 15 16
302028865 4 15
302028864 30 8
302028863 9 1
302028862 31 36
302028860 5 10
302028858 1 2
302028851 30 7
302028850 23 1
302028849 17 14
302028848 8 1
302028845 41 12
302028843 1 3
302028840 21 49
302028839 1 2
302028833 1 2
302028829 0 2
302028828 38 13
302028826 0 3
302028825 18 9
302028821 1 0
302028815 6 0
302028813 36 8
302028809 3 4
302028808 40 36
302028806 15 8
302028804 4 3
302028802 39 10
302028800 12 5
302028795 6 25
302028793 38 15
302028789 0 1
302028787 11 13
302028786 9 1
302028785 4 10
302028784 0 1
302028782 37 6
302028779 3 1
302028773 48 3
302028770 16 9
302028769 17 0
302028768 12 1
302028766 30 37
302028764 11 6
302028763 1 0
302028760 18 4
302028759 31 7
302028758 4 0
302028755 3 1
302028751 4 1
302028750 12 13
302028749 24 40
302028748 14 2
302028747 7 70
302028746 0 3
302028743 8 9
302028742 0 0
302028738 7 0
302028736 0 1
302028732 1 0
302028723 21 5
302028722 9 1
302028721 17 6
302028719 2 2
302028718 23 10
302028716 3 12
302028715 16 13
302028713 5 3
302028712 12 16
302028709 4 2
302028708 13 61
302028706 6 0
302028705 16 5
302028704 17 6
302028702 1 0
302028701 13 18
302028700 17 4
302028697 17 4
302028693 0 4
302028692 13 1
302028687 34 16
302028685 34 3
302028678 8 59
302028677 5 12
302028675 5 19
302028671 34 5
302028666 1 1
302028663 5 56
302028661 5 14
302028660 10 67
302028658 2 2
302028652 40 21
302028648 22 10
302028642 1 4
302028637 21 20
302028634 11 4
302028631 15 8
302028623 12 18
302028620 26 7
302028618 10 14
302028616 38 12
302028613 1 0
302028612 0 0
302028610 6 3
302028600 1 0
302028598 53 8
302028596 0 1
302028593 37 11
302028590 15 20
302028587 0 2
302028585 45 10
302028583 17 69
302028582 28 2
302028577 0 0
302028573 4 0
302028568 10 2
302028564 19 19
302028561 13 14
302028558 30 5
302028547 1 2
302028543 11 20
302028541 10 2
302028540 0 0
302028539 6 0
302028538 3 2
302028535 3 0
302028530 5 0
302028528 21 17
302028526 4 2
302028525 42 9
302028524 1 2
302028521 20 50
302028517 23 6
302028516 3 2
302028512 9 10
302028509 8 10
302028507 11 14
302028504 21 5
302028503 22 5
302028499 33 11
302028498 1 0
302028496 3 6
302028488 31 17
302028482 25 9
302028481 13 9
302028479 23 4
302028478 0 0
302028474 23 2
302028473 19 5
302028472 4 7
302028468 10 8
302028462 5 15
302028460 32 15
302028458 1 0
302028456 2 0
302028455 1 0
302028450 0 1
302028449 33 10
302028448 0 0
302028445 13 10
302028444 23 2
302028443 9 6
302028442 11 7
302028441 3 8
302028439 8 18
302028436 11 5
302028431 17 20
302028430 0 0
302028414 1 68
302028413 2 0
302028411 17 6
302028410 31 10
302028406 1 0
302028402 0 1
302028400 7 59
302028399 7 0
302028396 17 13
302028394 3 10
302028391 33 11
302028388 8 55
302028386 15 0
302028384 22 6
302028379 12 32
302028377 0 2
302028375 35 6
302028369 15 7
302028366 19 35
302028360 20 12
302028359 1 1
302028358 2 2
302028356 4 8
302028354 27 6
302028351 11 49
302028349 14 4
302028348 0 1
302028346 14 2
302028345 3 1
302028342 14 37
302028340 1 2
302028338 1 1
302028337 23 12
302028335 32 10
302028333 12 24
302028332 2 2
302028328 11 4
302028327 4 3
302028326 0 1
302028325 17 6
302028323 2 8
302028321 30 4
302028320 21 6
302028319 221 4
302028318 14 9
302028317 33 1
302028309 173 34
302028308 19 10
302028303 6 13
302028302 0 1
302028301 25 17
302028297 1 0
302028295 9 7
302028293 1 0
302028285 37 13
302028282 10 6
302028280 5 71
302028278 35 6
302028275 28 3
302028274 1 0
302028271 34 8
302028269 20 9
302028267 102 3
302028266 6 20
302028265 18 13
302028264 16 5
302028257 41 4
302028256 15 35
302028251 0 33
302028243 15 25
302028240 11 3
302028238 7 29
302028237 24 16
302028230 33 13
302028229 12 2
302028226 24 7
302028224 39 0
302028221 28 12
302028220 19 10
302028219 6 2
302028218 0 1
302028217 19 6
302028214 22 12
302028213 5 4
302028212 0 1
302028211 11 18
302028210 2 0
302028209 0 1
302028208 11 7
302028207 15 14
302028206 11 4
302028205 1 3
302028203 13 4
302028202 0 1
302028200 26 8
302028199 1 1
302028197 8 2
302028191 3 3
302028189 4 1
302028188 5 4
302028185 3 2
302028179 9 1
302028178 14 18
302028174 6 33
302028170 10 26
302028169 4 78
302028168 14 11
302028165 9 0
302028164 26 12
302028163 12 8
302028160 0 1
302028157 1 1
302028155 11 1
302028153 1 1
302028152 0 1
302028149 9 10
302028143 10 1
302028139 9 1
302028131 5 5
302028126 7 1
302028124 3 0
302028123 1 3
302028122 10 1
302028119 25 10
302028114 10 10
302028113 0 1
302028112 0 0
302028110 23 7
302028109 17 9
302028108 0 2
302028105 32 1
302028104 17 7
302028099 4 5
302028098 3 8
302028095 0 2
302028093 0 1
302028090 0 2
302028086 1 1
302028083 11 17
302028082 13 13
302028076 3 4
302028075 13 9
302028071 3 0
302028070 31 1
302028066 0 1
302028060 1 6
302028059 18 4
302028057 1 2
302028054 24 12
302028053 28 15
302028048 2 1
302028045 3 1
302028041 7 1
302028040 39 22
302028038 1 2
302028034 1 38
302028028 19 8
302028025 7 10
302028022 0 0
302028020 14 7
302028006 12 7
302028005 10 4
302027991 13 4
302027990 322 24
302027989 21 2
302027988 20 6
302027986 40 7
302027981 18 6
302027980 9 21
302027977 1 0
302027973 17 5
302027972 1 0
302027971 13 5
302027970 29 5
302027969 9 1
302027968 8 2
302027967 2 0
302027962 0 0
302027960 1 0
302027959 18 22
302027957 0 0
302027955 0 0
302027952 29 0
302027950 0 1
302027949 14 4
302027947 25 14
302027944 0 0
302027942 7 34
302027939 0 0
302027937 0 1
302027936 1 0
302027931 6 10
302027929 21 1
302027927 19 4
302027924 11 4
302027921 0 1
302027918 0 3
302027917 0 0
302027909 11 61
302027905 1 1
302027900 20 23
302027899 19 19
302027897 7 3
302027894 0 0
302027889 7 0
302027888 17 4
302027886 0 1
302027885 21 82
302027884 20 8
302027881 14 5
302027878 26 10
302027877 2 0
302027875 31 9
302027874 13 6
302027872 35 6
302027871 28 31
302027868 10 4
302027866 9 72
302027864 18 6
302027863 54 6
302027859 0 0
302027857 16 5
302027852 28 0
302027849 7 0
302027847 11 1
302027842 9 0
302027841 30 2
302027838 14 20
302027837 29 12
302027835 0 0
302027833 12 5
302027831 7 84
302027826 16 0
302027825 0 1
302027824 30 4
302027820 13 3
302027819 24 26
302027818 12 5
302027817 12 3
302027816 5 5
302027811 0 0
302027810 18 4
302027809 11 0
302027808 6 0
302027806 0 0
302027805 9 0
302027804 28 4
302027799 13 3
302027797 0 0
302027796 7 7
302027789 3 1
302027787 18 5
302027782 15 9
302027778 2 0
302027776 1 0
302027775 32 5
302027772 21 5
302027768 24 6
302027764 22 5
302027762 9 4
302027761 0 2
302027759 36 37
302027755 0 0
302027752 8 0
302027751 17 63
302027747 3 27
302027744 1 1
302027742 4 15
302027736 9 3
302027735 11 3
302027731 43 35
302027730 0 1
302027726 18 24
302027725 11 6
302027724 17 5
302027723 2 0
302027722 12 3
302027721 10 2
302027718 31 4
302027716 14 5
302027714 21 1
302027710 14 2
302027709 0 2
302027708 0 5
302027705 8 5
302027701 19 4
302027698 75 12
302027692 11 0
302027691 13 13
302027680 12 3
302027679 22 13
302027676 11 14
302027671 9 7
302027666 5 2
302027665 0 0
302027657 20 43
302027656 18 19
302027652 2 57
302027650 20 30
302027646 33 8
302027642 0 0
302027636 0 0
302027635 5 1
302027634 0 0
302027632 34 7
302027630 9 10
302027627 0 0
302027624 0 0
302027623 2 1
302027620 41 5
302027619 12 9
302027616 15 4
302027614 0 2
302027613 0 1
302027610 0 1
302027608 34 10
302027606 5 16
302027605 13 11
302027603 0 1
302027599 0 1
302027597 12 3
302027593 0 1
302027590 12 18
302027588 14 7
302027585 58 9
302027582 0 3
302027581 3 1
302027579 26 11
302027577 17 20
302027573 9 8
302027571 7 4
302027570 28 11
302027569 7 10
302027567 15 4
302027566 21 12
302027565 48 10
302027564 4 1
302027560 13 5
302027559 3 34
302027556 3 1
302027554 7 29
302027552 9 1
302027551 19 10
302027549 8 36
302027545 0 2
302027543 18 8
302027542 21 7
302027537 0 1
302027536 4 52
302027534 24 11
302027531 19 9
302027530 3 1
302027529 1 1
302027528 0 1
302027527 2 0
302027526 14 2
302027525 0 0
302027523 4 4
302027519 5 10
302027518 5 2
302027515 4 3
302027513 0 0
302027512 3 3
302027511 6 17
302027508 13 31
302027507 2 3
302027505 2 0
302027504 3 3
302027501 1 1
302027498 1 39
302027496 10 3
302027492 0 0
302027484 0 0
302027481 5 16
302027475 21 11
302027474 11 5
302027471 4 4
302027469 3 19
302027468 6 13
302027465 44 8
302027463 1 0
302027462 4 12
302027458 1 16
302027455 5 1
302027451 2 4
302027449 3 8
302027447 19 5
302027446 1 4
302027445 9 2
302027444 10 0
302027442 17 12
302027440 0 0
302027439 6 67
302027438 21 10
302027436 10 14
302027432 8 6
302027428 1 1
302027427 8 12
302027426 1934 15
302027423 6 2
302027417 32 13
302027409 13 6
302027406 0 2
302027402 10 5
302027401 8 4
302027393 11 21
302027390 10 5
302027388 11 13
302027386 12 8
302027385 2 1
302027381 9 12
302027376 15 11
302027371 5 0
302027370 10 2
302027368 7 1
302027363 3 15
302027359 4 9
302027358 2 0
302027354 2 3
302027352 6 16
302027350 23 34
302027348 15 9
302027347 0 1
302027338 13 2
302027335 0 0
302027333 4 1
302027329 0 1
302027328 18 41
302027327 13 11
302027326 5 2
302027324 15 0
302027322 37 28
302027321 21 11
302027320 14 1
302027318 12 1
302027316 12 1
302027311 520 19
302027304 0 1
302027300 2 2
302027297 8 3
302027296 18 76
302027295 16 11
302027294 0 2
302027286 1 4
302027280 1 3
302027273 12 16
302027269 3 5
302027268 8 15
302027267 2 5
302027266 22 30
302027264 3 1
302027263 2 1
302027259 8 19
302027258 13 19
302027256 5 3
302027252 0 1
302027249 18 68
302027237 10 4
302027234 20 9
302027230 12 19
302027219 9 2
302027208 6 3
302027204 5 3
302027197 24 11
302027196 0 0
302027193 9 3
302027190 23 6
302027188 1 1
302027186 14 15
302027185 17 16
302027183 17 7
302027177 9 2
302027175 9 17
302027172 20 2
302027166 12 1
302027163 19 6
302027161 14 3
302027159 3 4
302027158 19 12
302027157 13 4
302027155 4 1
302027153 9 0
302027148 14 1
302027147 0 1
302027141 0 0
302027137 6 5
302027133 1 1
302027132 22 22
302027130 9 7
302027125 13 4
302027121 0 8
302027120 2 0
302027116 2 0
302027115 14 4
302027114 7 3
302027113 12 12
302027112 0 0
302027111 1 0
302027107 0 3
302027105 0 1
302027104 9 24
302027102 205 6
302027100 13 14
302027097 0 0
302027095 21 5
302027084 11 6
302027083 0 0
302027082 0 0
302027079 4 14
302027074 3 7
302027073 16 0
302027072 8 7
302027067 0 0
302027064 1 0
302027061 14 0
302027057 10 9
302027046 41 1
302027040 0 0
302027038 5 4
302027037 19 17
302027036 0 0
302027035 5 11
302027030 9 8
302027029 4 15
302027027 17 15
302027022 10 1
302027020 12 6
302027018 1 1
302027015 5 8
302027003 0 0
302027000 16 50
302026995 25 6
302026993 2 31
302026986 1 4
302026983 12 1
302026979 7 6
302026970 14 7
302026966 2 3
302026965 7 4
302026964 4 31
302026960 2 22
302026954 32 17
302026949 12 5
302026945 18 8
302026942 7 18
302026937 9 0
302026934 4 2
302026932 12 1
302026921 43 6
302026903 22 20
302026899 12 1
302026893 3 0
302026892 4 5
302026875 25 24
302026873 14 8
302026859 29 8
302026858 1 0
302026855 10 0
302026854 8 9
302026853 7 9
302026847 8 0
302026834 3 6
302026830 5 10
302026829 13 3
302026826 7 3
302026820 17 31
302026815 23 14
302026814 9 0
302026813 22 9
302026808 2 0
302026805 4 4
302026801 20 9
302026799 1 1
302026794 5 24
302026793 35 4
302026789 2 0
302026788 27 11
302026787 5 15
302026786 11 31
302026778 9 0
302026777 5 2
302026770 5 17
302026768 3 3
302026767 24 16
302026765 0 2
302026762 19 9
302026761 4 49
302026746 8 69
302026742 0 1
302026739 7 98
302026731 16 43
302026729 14 9
302026727 7 1
302026724 6 197
302026720 9 85
302026715 5 67
302026714 10 6
302026709 6 6
302026700 4 4
302026699 10 24
302026697 4 5
302026695 10 6
302026692 19 16
302026691 5 6
302026688 1 0
302026685 8 3
302026680 7 2
302026679 0 0
302026677 5 0
302026676 6 3
302026657 5 23
302026656 13 1
302026653 11 10
302026637 26 0
302026635 15 4
302026631 5 6
302026629 11 27
302026618 14 2
302026614 324 9
302026611 7 1
302026606 5 3
302026604 3 5
302026602 0 0
302026595 5 5
302026592 10 3
302026590 30 21
302026589 6 4
302026579 398 40
302026575 0 1
302026569 28 22
302026560 0 2
302026558 7 0
302026552 5 3
302026546 2 2
302026545 4 1
302026544 1 0
302026539 5 0
302026532 4 8
302026531 9 8
302026506 20 11
302026496 1 0
302026486 2 1
302026479 0 2
302026473 1 1
302026471 5 1
302026469 21 15
302026465 1 1
302026464 30 1
302026457 33 38
302026456 3 1
302026450 7 1
302026447 2 3
302026444 8 0
302026439 5 5
302026437 33 0
302026436 2 0
302026435 1 5
302026434 9 0
302026433 4 0
302026432 23 0
302026431 26 36
302026420 1 0
302026419 11 7
302026415 1 19
302026414 12 5
302026409 28 25
302026403 0 3
302026401 20 0
302026400 4 1
302026397 3 5
302026392 2 4
302026391 1 3
302026389 2 5
302026387 10 12
302026386 17 21
302026379 15 20
302026374 14 21
302026373 29 1
302026371 21 9
302026370 4 20
302026368 7 5
302026366 4 1
302026348 3 14
302026347 0 0
302026345 3 0
302026340 31 45
302026336 2 0
302026334 0 0
302026333 0 1
302026332 0 0
302026325 14 5
302026324 41 33
302026320 5 5
302026318 14 8
302026317 661 17
302026316 33 29
302026312 27 36
302026311 15 11
302026310 25 24
302026307 10 15
302026302 2 1
302026299 0 0
302026296 0 1
302026293 25 24
302026292 7 2
302026291 12 0
302026288 17 3
302026287 18 10
302026283 0 0
302026281 0 0
302026278 0 0
302026273 6 1
302026269 11 0
302026267 0 0
302026264 11 0
302026260 2 8
302026253 0 1
302026250 16 16
302026248 5 0
302026244 0 3
302026242 6 0
302026235 7 8
302026229 0 1
302026223 2 1
302026221 7 1
302026213 5 5
302026203 6 6
302026201 10 0
302026199 3 3
302026193 35 27
302026192 4 7
302026184 4 2
302026180 5 60
302026179 23 15
302026173 6 2
302026166 0 1
302026164 7 2
302026163 0 1
302026162 23 0
302026161 12 8
302026157 3 1
302026154 12 0
302026149 16 5
302026148 1 1
302026142 7 0
302026140 0 0
302026137 13 0
302026126 23 31
302026123 13 8
302026121 28 22
302026120 18 7
302026118 13 1
302026114 1 6
302026110 0 1
302026105 0 1
302026101 10 3
302026100 0 2
302026094 0 1
302026087 1 0
302026085 4 1
302026084 90 0
302026080 6 13
302026079 6 4
302026073 7 2
302026064 3 3
302026063 6 0
302026061 9 0
302026058 1 0
302026052 2 1
302026043 1 0
302026037 1 1
302026025 31 2
302026023 5 3
302026020 4 24
302026018 32 8
302026014 7 1
302026011 78 5
302026010 6 0
302026005 23 26
302026003 14 12
302025999 0 2
302025995 0 0
302025987 22 29
302025983 2 58
302025975 7 8
302025973 8 7
302025972 6 5
302025970 1 2
302025968 9 9
302025965 18 10
302025964 2 12
302025959 13 3
302025958 31 15
302025949 4 0
302025944 0 0
302025937 4 10
302025936 0 1
302025929 1 1
302025924 0 0
302025922 28 2
302025920 57 24
302025919 1 0
302025916 3 0
302025915 0 0
302025914 30 20
302025912 10 5
302025906 7 9
302025905 15 12
302025898 0 0
302025896 10 2
302025892 0 6
302025887 9 10
302025884 0 2
302025882 2 0
302025879 11 2
302025878 0 1
302025876 31 1
302025867 19 6
302025850 0 2
302025842 28 9
302025837 0 0
302025831 1 4
302025825 7 1
302025819 10 14
302025818 12 0
302025816 1 3
302025815 37 12
302025814 28 0
302025812 4 26
302025811 27 13
302025809 24 11
302025807 3 0
302025804 17 1
302025803 43 31
302025795 32 16
302025790 23 0
302025785 0 0
302025766 3 0
302025765 29 15
302025761 3 8
302025758 6 0
302025749 33 20
302025748 14 11
302025746 19 9
302025744 6 4
302025742 9 10
302025741 19 1
302025737 3 0
302025734 22 16
302025731 15 3
302025728 31 18
302025725 0 1
302025715 13 14
302025714 13 0
302025713 0 0
302025708 15 2
302025706 0 1
302025705 24 17
302025702 4 16
302025701 11 4
302025698 12 2
302025697 27 14
302025696 22 1
302025694 5 10
302025690 15 7
302025687 31 0
302025682 26 0
302025680 0 0
302025675 5 0
302025673 21 7
302025671 4 0
302025663 2 0
302025660 12 3
302025658 31 22
302025656 6 4
302025654 3 0
302025653 35 16
302025646 21 4
302025645 14 3
302025644 11 4
302025643 11 0
302025631 21 13
302025615 6 20
302025614 17 6
302025611 0 0
302025609 7 6
302025608 0 0
302025602 22 16
302025597 18 11
302025595 3 38
302025589 3 7
302025588 9 21
302025586 11 2
302025581 6 3
302025580 18 2
302025576 7 3
302025571 11 0
302025570 1 17
302025568 17 23
302025567 22 2
302025566 3 11
302025561 14 8
302025558 20 7
302025557 18 1
302025548 17 2
302025545 8 11
302025542 8 6
302025538 7 1
302025534 8 15
302025530 7 2
302025529 5 2
302025527 20 5
302025526 0 0
302025525 8 1
302025524 3 1
302025522 6 58
302025518 13 1
302025513 27 19
302025512 20 4
302025509 13 10
302025506 8 6
302025498 24 25
302025496 7 2
302025487 0 1
302025484 13 23
302025480 27 19
302025478 1 5
302025474 20 8
302025469 11 4
302025468 12 5
302025466 8 2
302025462 2 0
302025451 19 10
302025450 5 1
302025449 752 16
302025445 14 8
302025442 19 1
302025441 11 8
302025440 0 0
302025439 9 0
302025434 0 2
302025430 9 0
302025425 11 12
302025424 21 16
302025421 4 4
302025420 15 6
302025418 14 7
302025411 4 4
302025405 10 1
302025404 18 2
302025400 29 0
302025399 0 1
302025393 17 8
302025384 2 45
302025382 26 0
302025379 16 6
302025374 8 1
302025372 16 20
302025371 15 12
302025364 0 1
302025363 21 3
302025362 14 5
302025356 377 52
302025355 0 7
302025354 7 3
302025352 0 1
302025351 9 9
302025349 0 1
302025342 14 5
302025341 3 0
302025339 0 0
302025335 18 22
302025331 0 2
302025330 5 35
302025323 2 1
302025320 1 42
302025318 20 22
302025301 1 1
302025300 12 4
302025295 1 1
302025293 3 39
302025291 2 0
302025289 0 2
302025288 15 0
302025287 32 3
302025285 14 5
302025283 8 1
302025276 4 0
302025275 20 9
302025263 2 2
302025259 6 8
302025249 9 11
302025247 15 3
302025240 0 2
302025234 4 9
302025229 0 1
302025227 28 4
302025226 0 1
302025225 8 3
302025217 16 1
302025215 7 0
302025214 0 2
302025210 6 37
302025209 5 8
302025205 17 7
302025200 0 2
302025197 4 3
302025196 2 16
302025182 1 7
302025181 3 5
302025180 1 1
302025157 6 16
302025155 1 1
302025154 3 0
302025153 9 6
302025151 14 17
302025150 0 13
302025148 18 6
302025145 7 58
302025139 8 0
302025133 20 1
302025129 9 0
302025125 28 30
302025122 42 2
302025121 8 3
302025116 0 1
302025109 19 4
302025108 0 2
302025103 28 10
302025096 0 5
302025088 21 7
302025081 6 21
302025067 28 0
302025063 2 3
302025062 0 0
302025053 9 7
302025052 0 1
302025039 0 1
302025037 4 1
302025032 10 4
302025031 30 22
302025029 9 35
302025025 6 5
302025023 19 4
302025016 4 4
302025009 3 7
302025008 0 2
302025006 5 5
302025005 18 3
302025002 5 2
302025001 3 12
302025000 244 7
302024998 1 2
302024983 27 2
302024978 8 4
302024977 7 3
302024975 11 30
302024974 2 1
302024967 2 1
302024963 24 1
302024962 26 28
302024947 1 1
302024946 0 2
302024943 9 3
302024938 1 84
302024937 269 12
302024935 6 3
302024929 10 4
302024925 2 0
302024915 236 7
302024914 1 1
302024912 1 1
302024911 8 5
302024902 9 13
302024896 0 1
302024895 24 7
302024893 12 4
302024890 22 23
302024888 842 32
302024878 1 45
302024872 13 1
302024864 17 2
302024859 3 0
302024856 28 21
302024849 18 0
302024839 2 0
302024832 11 9
302024829 33 23
302024828 1 1
302024824 1 1
302024820 1 1
302024813 1 1
302024812 257 35
302024802 30 21
302024797 24 2
302024792 2 7
302024786 14 2
302024784 13 17
302024778 7 4
302024777 11 4
302024776 13 55
302024774 2 1
302024767 1 3
302024763 5 1
302024753 18 0
302024746 35 17
302024745 0 2
302024740 29 18
302024738 1 0
302024737 9 6
302024723 4 1
302024722 8 8
302024718 1 2
302024711 4 6
302024707 16 5
302024705 23 3
302024704 36 12
302024702 8 12
302024698 22 1
302024697 0 1
302024683 9 11
302024677 22 10
302024676 12 1
302024665 20 0
302024664 19 9
302024662 2 9
302024660 20 21
302024658 0 2
302024656 1 1
302024648 0 17
302024646 1 2
302024644 1 3
302024615 20 23
302024610 16 4
302024604 4 47
302024602 8 98
302024596 10 7
302024595 4 3
302024593 16 2
302024590 23 20
302024588 1 3
302024587 2 42
302024586 11 3
302024585 0 2
302024579 3 3
302024577 1 2
302024575 5 4
302024563 10 6
302024557 8 6
302024555 4 8
302024553 22 21
302024543 1 1
302024538 28 2
302024535 28 41
302024526 5 5
302024524 3 3
302024517 2 31
302024514 0 2
302024513 12 4
302024511 2 3
302024508 12 19
302024500 6 7
302024497 3 2
302024496 4 1
302024493 21 24
302024485 0 32
302024484 3 0
302024482 12 10
302024477 11 47
302024476 7 8
302024471 6 6
302024470 0 1
302024467 1 5
302024466 11 0
302024462 0 0
302024461 21 3
302024459 0 1
302024455 22 17
302024444 1 0
302024442 0 1
302024439 0 0
302024437 0 0
302024426 16 14
302024417 0 0
302024410 22 3
302024405 20 17
302024404 38 9
302024401 17 16
302024391 18 5
302024390 4 13
302024389 11 7
302024388 1 1
302024382 19 21
302024373 5 6
302024369 12 5
302024360 1 36
302024356 20 7
302024350 276 27
302024349 23 4
302024346 36 20
302024343 17 0
302024336 4 0
302024321 5 23
302024319 25 4
302024312 506 21
302024311 4 9
302024309 18 27
302024295 1 6
302024293 0 8
302024290 486 10
302024277 30 21
302024275 10 4
302024273 12 1
302024271 1 0
302024270 42 0
302024260 9 7
302024259 854 38
302024258 4 0
302024257 9 4
302024237 6 5
302024235 21 3
302024234 8 6
302024232 0 0
302024231 5 0
302024219 6 32
302024214 222 9
302024213 14 5
302024211 273 11
302024210 25 25
302024209 1 0
302024205 0 1
302024202 9 6
302024200 11 1
302024199 1 0
302024198 29 24
302024194 6 1
302024191 10 65
302024190 1 3
302024189 22 7
302024182 1 1
302024181 22 10
302024172 0 1
302024166 24 26
302024160 13 0
302024158 7 3
302024157 6 7
302024156 1 0
302024154 21 24
302024148 26 7
302024139 15 6
302024134 4 3
302024133 9 5
302024128 461 80
302024124 6 0
302024123 1 0
302024122 2 0
302024120 1 0
302024119 1 0
302024114 1 0
302024112 4 1
302024108 0 0
302024107 11 2
302024106 16 8
302024101 8 8
302024100 1 0
302024093 0 0
302024092 23 4
302024091 7 31
302024088 1 0
302024086 14 1
302024082 14 7
302024077 18 31
302024074 11 2
302024071 17 0
302024070 22 2
302024069 7 3
302024068 12 0
302024066 5 0
302024064 5 35
302024056 2 1
302024053 8 7
302024048 5 1
302024043 12 10
302024038 7 4
302024033 489 38
302024028 5 1
302024026 37 0
302024024 10 13
302024023 1 0
302024017 30 27
302024016 4 1
302024015 11 3
302024014 8 2
302024006 380 10
302024002 21 3
302023999 19 9
302023998 2 2
302023997 16 3
302023988 10 2
302023987 2 0
302023985 11 5
302023981 16 3
302023977 11 25
302023976 0 0
302023975 11 2
302023971 3 0
302023968 2 10
302023962 9 6
302023958 2 0
302023953 5 1
302023948 5 9
302023944 18 26
302023933 3 15
302023932 11 9
302023930 19 10
302023925 2 1
302023924 8 0
302023920 1 1
302023916 13 4
302023913 22 8
302023912 5 4
302023911 2 0
302023910 23 22
302023909 12 75
302023901 3 0
302023896 13 2
302023895 2 1
302023889 12 2
302023886 15 2
302023883 4 7
302023882 8 5
302023881 18 13
302023877 1 1
302023875 10 1
302023874 41 0
302023873 17 6
302023871 28 9
302023869 6 1
302023863 15 1
302023861 3 0
302023859 4 0
302023858 429 51
302023857 1 1
302023854 5 3
302023848 20 1
302023846 14 6
302023838 5 1
302023834 8 2
302023829 12 7
302023825 430 10
302023822 5 0
302023817 2 3
302023814 4 4
302023812 12 5
302023811 14 1
302023810 1 0
302023808 11 5
302023805 1 0
302023803 4 3
302023800 1 11
302023799 3 10
302023797 5 9
302023794 9 2
302023791 6 1
302023784 6 2
302023777 8 0
302023774 15 4
302023772 1 0
302023770 9 7
302023761 5 6
302023747 8 2
302023746 1 1
302023738 4 2
302023735 11 1
302023734 1 1
302023733 0 0
302023728 13 5
302023726 7 4
302023719 4 8
302023713 2 3
302023708 3 2
302023703 673 23
302023699 9 5
302023697 13 5
302023696 8 2
302023693 43 10
302023692 5 3
302023689 5 26
302023678 12 2
302023670 1 0
302023666 7 3
302023665 4 42
302023664 14 10
302023663 3 2
302023661 21 9
302023654 11 1
302023653 7 4
302023647 13 5
302023646 0 1
302023641 0 0
302023638 9 3
302023632 10 1
302023630 8 3
302023626 5 2
302023618 2 49
302023617 13 1
302023615 11 4
302023608 2 2
302023605 7 8
302023602 15 6
302023594 5 7
302023591 1 1
302023590 1 2
302023588 3 10
302023587 30 0
302023586 0 1
302023584 7 4
302023582 1 0
302023579 8 4
302023574 6 2
302023571 1 0
302023567 5 0
302023554 9 0
302023553 5 1
302023550 2 0
302023547 6 17
302023543 16 5
302023539 0 0
302023536 14 4
302023534 0 1
302023532 0 1
302023529 3 0
302023524 9 7
302023520 17 7
302023511 11 0
302023509 5 5
302023507 1 0
302023505 17 5
302023502 2 0
302023500 13 17
302023497 1 10
302023496 1 0
302023493 0 2
302023487 14 6
302023486 1 0
302023483 0 1
302023476 4 8
302023474 2 0
302023461 208 8
302023459 0 0
302023450 14 2
302023441 0 0
302023437 13 5
302023425 6 1
302023421 19 30
302023420 0 0
302023419 3 1
302023417 1503 112
302023415 7 1
302023414 3 1
302023413 1 0
302023408 9 2
302023407 9 3
302023406 7 6
302023402 4 8
302023399 0 1
302023398 1 6
302023394 3 5
302023393 1 0
302023392 2 1
302023391 2 0
302023390 9 7
302023376 2 0
302023370 3 5
302023367 0 2
302023364 4 1
302023360 6 2
302023357 3 10
302023356 2 0
302023351 7 8
302023349 15 7
302023348 22 5
302023346 13 3
302023343 4 8
302023340 7 0
302023335 3 0
302023334 33 0
302023329 8 5
302023328 0 0
302023326 590 15
302023320 17 6
302023318 11 13
302023314 7 0
302023308 5 0
302023306 0 0
302023296 8 6
302023295 3 38
302023285 18 2
302023283 4 2
302023277 7 1
302023270 17 0
302023265 12 5
302023264 5 0
302023263 11 0
302023262 8 4
302023256 1 0
302023254 6 1
302023234 18 1
302023230 32 0
302023229 2 0
302023226 11 2
302023221 18 12
302023202 6 9
302023197 34 0
302023195 12 6
302023192 1 0
302023190 2 0
302023183 15 12
302023178 14 12
302023174 0 2
302023170 1 2
302023164 2 2
302023162 7 17
302023155 1 44
302023149 14 29
302023148 11 11
302023147 5 38
302023141 2 2
302023137 21 15
302023130 17 6
302023112 6 6
302023110 19 20
302023107 1 1
302023103 6 7
302023101 16 20
302023091 20 20
302023088 2 1
302023086 5 5
302023085 11 10
302023078 14 7
302023074 26 18
302023069 2 4
302023067 22 18
302023063 10 30
302023061 7 1
302023054 18 5
302023053 1 2
302023042 10 45
302023041 13 10
302023036 2 1
302023033 440 24
302023029 9 9
302023022 4 18
302023019 8 0
302023012 7 3
302023009 12 2
302023007 1 0
302023002 8 9
302022991 1 0
302022990 12 11
302022987 9 7
302022983 4 0
302022982 1 1
302022980 4 16
302022976 31 0
302022971 5 4
302022969 13 0
302022957 36 0
302022953 0 2
302022950 9 1
302022949 3 19
302022943 13 9
302022941 1 0
302022940 0 0
302022931 1 6
302022928 6 3
302022917 53 8
302022915 7 2
302022909 1 0
302022907 12 19
302022891 2 3
302022886 13 8
302022880 16 18
302022877 21 7
302022871 2 0
302022870 2 0
302022867 20 9
302022847 361 11
302022843 19 8
302022835 4 3
302022834 3 3
302022825 0 0
302022822 20 24
302022816 1 1
302022797 25 10
302022790 11 10
302022781 15 3
302022777 17 12
302022772 0 0
302022753 15 3
302022750 1 0
302022743 4 58
302022741 6 8
302022739 28 11
302022735 1 7
302022732 21 7
302022731 9 11
302022730 18 5
302022727 2 2
302022714 4 46
302022713 14 7
302022711 6 3
302022695 22 3
302022692 13 13
302022683 12 6
302022682 3 0
302022677 10 5
302022671 0 4
302022670 13 9
302022668 0 1
302022651 12 13
302022650 0 1
302022643 2547 327
302022637 14 2
302022633 11 5
302022632 3 4
302022625 15 6
302022617 0 0
302022614 5 14
302022612 14 6
302022609 718 33
302022607 10 10
302022602 0 0
302022595 2 0
302022590 8 4
302022579 4 0
302022578 4 4
302022571 17 3
302022570 0 0
302022561 4 2
302022558 10 1
302022557 1 0
302022556 1 0
302022551 6 1
302022527 984 42
302022523 21 3
302022519 5 1
302022518 22 12
302022507 5 7
302022502 5 0
302022497 14 3
302022488 2 4
302022487 6 1
302022482 5 32
302022481 5 3
302022470 2 0
302022468 2 38
302022467 10 17
302022466 17 14
302022449 9 4
302022436 21 7
302022428 0 3
302022425 4 0
302022421 11 15
302022419 1 1
302022415 258 18
302022413 11 7
302022412 0 1
302022411 2 2
302022404 0 22
302022399 5 0
302022397 0 1
302022379 27 9
302022370 10 4
302022369 5 0
302022364 5 42
302022362 5 1
302022361 5 2
302022354 14 4
302022350 37 2
302022345 1499 47
302022331 7 2
302022325 11 7
302022319 9 18
302022317 13 9
302022312 11 3
302022301 20 4
302022298 14 3
302022297 7 3
302022291 0 1
302022289 16 6
302022287 3 25
302022286 5 4
302022282 1 7
302022275 11 7
302022273 3 3
302022268 6 21
302022262 5 11
302022257 6 10
302022256 0 0
302022239 7 3
302022238 4 0
302022237 7 36
302022233 9 15
302022230 5 1
302022225 13 3
302022223 15 0
302022216 0 0
302022213 2 1
302022206 4 36
302022204 0 0
302022202 3 0
302022178 4 6
302022173 20 5
302022168 11 5
302022163 11 7
302022161 1 0
302022160 14 3
302022157 14 2
302022146 2 0
302022142 2 10
302022127 6 4
302022125 5 2
302022108 0 0
302022101 8 16
302022098 8 5
302022089 12 6
302022087 13 11
302022062 14 9
302022059 13 20
302022052 4 1
302022051 2 0
302022046 0 0
302022040 0 1
302022031 11 3
302022026 13 2
302022015 3 1
302022013 3 0
302022009 10 6
302022007 0 0
302022004 4 1
302021998 12 9
302021997 4 3
302021996 12 8
302021993 8 9
302021991 10 8
302021988 1 0
302021986 7 9
302021976 17 5
302021975 18 7
302021965 1 0
302021950 1 0
302021938 0 0
302021935 17 7
302021928 4 0
302021927 0 0
302021923 2 0
302021913 13 8
302021909 218 37
302021891 6 3
302021882 0 0
302021878 9 6
302021875 8 2
302021872 14 9
302021870 0 0
302021860 0 0
302021847 23 5
302021839 8 7
302021837 7 2
302021832 8 5
302021831 0 0
302021829 3 0
302021827 3 5
302021823 1 1
302021812 1070 39
302021805 2 3
302021804 1 0
302021801 0 0
302021792 2 11
302021789 0 0
302021780 6 0
302021775 5 2
302021773 6 10
302021768 4 7
302021754 4 0
302021753 0 0
302021750 11 11
302021734 0 0
302021726 1 1
302021717 22 9
302021675 0 0
302021672 3 1
302021664 12 10
302021659 2 0
302021655 0 1
302021654 17 6
302021653 5 11
302021645 16 3
302021642 200 4
302021641 0 1
302021633 0 0
302021630 1 0
302021627 2 1
302021625 2 36
302021621 6 3
302021619 0 0
302021600 11 8
302021585 1 7
302021584 6 29
302021583 679 4
302021578 2 20
302021571 702 32
302021570 6 20
302021565 3 5
302021556 4 6
302021547 8 8
302021543 23 5
302021533 0 3
302021527 2 0
302021526 1 0
302021518 15 12
302021516 0 0
302021509 3 22
302021497 1 0
302021494 16 6
302021492 4 4
302021489 364 16
302021488 0 0
302021482 0 1
302021478 13 2
302021469 3 1
302021463 0 2
302021461 8 4
302021441 8 5
302021436 18 13
302021428 7 8
302021424 2 0
302021422 3 2
302021412 0 0
302021393 1062 67
302021390 11 9
302021386 7 44
302021377 0 0
302021369 8 4
302021368 13 4
302021359 6 3
302021343 1 8
302021342 0 0
302021336 15 7
302021332 15 22
302021323 7 3
302021319 15 5
302021313 10 2
302021312 8 1
302021282 5 6
302021275 2 0
302021266 0 0
302021262 8 5
302021259 0 1
302021252 4 2
302021251 0 8
302021237 1 7
302021236 3 0
302021233 11 14
302021226 5 5
302021223 5 32
302021220 2143 131
302021213 6 0
302021210 9 1
302021204 13 34
302021200 8 3
302021198 25 9
302021191 6 5
302021173 0 1
302021167 1 9
302021147 15 6
302021144 14 7
302021143 0 0
302021139 5 41
302021136 2 0
302021129 14 5
302021126 0 0
302021117 1 0
302021116 284 2
302021111 9 2
302021103 12 8
302021102 0 15
302021101 4 3
302021100 1 4
302021094 13 5
302021089 5 1
302021088 4 6
302021086 0 0
302021083 15 4
302021078 4 3
302021077 4 26
302021074 13 5
302021061 22 6
302021054 13 38
302021051 11 4
302021039 2 0
302021032 419 78
302021027 2 0
302021017 1 0
302021012 5 1
302021009 15 3
302020996 2 3
302020994 6 5
302020988 7 12
302020983 2 2
302020978 2 0
302020964 1 0
302020950 7 7
302020946 0 0
302020940 12 2
302020932 2 0
302020926 0 0
302020923 2 0
302020914 87 30
302020908 13 9
302020905 68 9
302020901 4 0
302020893 381 11
302020879 14 2
302020869 6 6
302020866 0 0
302020853 12 4
302020846 6 9
302020827 7 6
302020813 0 0
302020805 0 0
302020803 8 4
302020801 10 5
302020799 4 0
302020792 0 0
302020777 7 7
302020776 1 5
302020762 0 0
302020761 1 0
302020752 0 0
302020746 0 0
302020745 7 2
302020739 4 2
302020731 2 10
302020723 1 9
302020712 1 0
302020708 9 3
302020704 0 0
302020701 4 0
302020690 14 5
302020687 4 6
302020678 493 8
302020653 0 0
302020650 0 1
302020646 7 1
302020644 1 0
302020630 9 6
302020628 7 1
302020605 13 7
302020604 7 5
302020597 6 4
302020589 6 15
302020567 4 2
302020558 4 4
302020551 6 33
302020550 1 2
302020521 11 6
302020519 2 0
302020517 2 3
302020511 2 5
302020507 12 3
302020493 4 2
302020487 7 7
302020464 1 0
302020463 992 245
302020454 10 6
302020446 1 0
302020412 13 7
302020390 9 14
302020384 1 0
302020383 2 0
302020382 0 0
302020343 4 13
302020335 9 3
302020328 2 0
302020322 2 0
302020302 2 1
302020297 2 0
302020291 1 0
302020271 1347 194
302020260 18 5
302020259 10 6
302020240 0 0
302020230 4 0
302020224 9 31
302020217 1 0
302020193 1 0
302020187 4 7
302020172 3 23
302020171 1 0
302020161 0 0
302020151 0 0
302020149 4 7
302020146 5915 211
302020130 5 37
302020124 5 2
302020120 4 6
302020115 0 0
302020109 7 1
302020106 3 0
302020082 2 0
302020073 1 7
302020061 1 0
302020046 4 0
302020025 17 4
302020009 0 1
302020007 5 4
302020003 2 2
302019980 18 3
302019975 1 0
302019974 0 0
302019961 0 0
302019958 0 0
302019954 2 3
302019934 12 3
302019924 0 0
302019923 24 9
302019920 6 6
302019918 759 126
302019917 6 5
302019916 4 7
302019914 0 0
302019911 0 0
302019905 3 0
302019903 0 0
302019899 1 5
302019893 0 1
302019882 1762 190
302019881 2443 101
302019869 8 2
302019861 286 5
302019860 11 12
302019857 9 2
302019856 9 5
302019854 5 3
302019848 0 6
302019834 0 0
302019833 3 1
302019831 0 0
302019823 6 3
302019822 1258 72
302019821 1 2
302019819 1 0
302019818 3 4
302019816 4 0
302019815 2 0
302019812 0 0
302019808 3 3
302019807 20 4
302019806 19 3
302019803 16 4
302019800 0 0
302019797 3 0
302019795 192 3
302019792 4 7
302019791 0 0
302019787 13 8
302019785 1 1
302019783 11 17
302019780 4 8
302019779 7 5
302019776 9 3
302019773 0 0
302019772 8 5
302019768 16 7
302019766 448 7
302019760 1 1
302019758 22 5
302019753 9 6
302019752 750 118
302019749 91 32
302019746 22 11
302019745 5 6
302019744 1665 379
302019742 7 7
302019741 0 0
302019735 10 4
302019733 8 22
302019732 0 0
302019731 395 93
302019730 764 5
302019727 14 2
302019726 10 9
302019725 4 0
302019722 522 18
302019721 10 7
302019719 15 8
302019718 1493 192
302019716 24 5
302019714 5 4
302019710 17 1
302019707 1 0
302019701 8 0
302019699 0 0
302019698 0 0
302019697 1120 249
302019695 1 2
302019694 6 4
302019693 0 0
302019692 2 3
302019691 2 27
302019688 333 12
302019687 13 1
302019686 8897 250
302019685 6 6
302019684 2 0
302019682 2 1
302019680 6 6
302019678 19 9
302019676 9 8
302019674 11 5
302019673 0 2
302019672 1792 137
302019671 13 2
302019669 20 6
302019668 3 1
302019665 10 4
302019664 0 16
302019663 805 42
302019660 0 0
302019659 21 15
302019658 0 1
302019657 2 0
302019656 7 8
302019655 6 2
302019654 0 2
302019652 3 0
302019651 2 0
302019649 0 0
302019646 0 1
302019645 8 13
302019642 1 0
302019638 0 0
302019637 0 1
302019636 6 4
302019631 0 27
302019629 5 7
302019628 0 0
302019627 1 5
302019626 5 1
302019624 6 0
302019623 22 6
302019621 2 0
302019620 3 2
302019618 2 4
302019617 7 0
302019616 1 0
302019613 7 7
302019610 12 10
302019609 4 4
302019607 13 9
302019606 0 2
302019604 5 0
302019602 0 0
302019600 4928 246
302019598 5 3
302019597 6 1
302019595 8 3
302019592 8 0
302019590 13 4
302019589 6 5
302019584 2 0
302019583 5 24
302019582 2 1
302019581 0 0
302019578 713 49
302019577 23 2
302019576 216 14
302019575 1 0
302019574 2 0
302019572 0 0
302019569 7 7
302019567 8 4
302019566 3 28
302019565 2 22
302019561 0 1
302019560 3 1
302019559 1 0
302019558 7 2
302019556 2 1
302019555 9 4
302019554 15 0
302019552 6 3
302019551 1 1
302019550 1 1
302019549 0 0
302019548 2 0
302019546 1521 301
302019544 7 22
302019541 2 0
302019540 7 3
302019537 9 6
302019535 5 0
302019530 6 5
302019529 1 2
302019526 38 8
302019525 7 19
302019523 8510 1076
302019522 4 2
302019521 5 3
302019519 7 5
302019518 0 1
302019517 0 0
302019516 10 3
302019514 2 0
302019512 4 4
302019511 0 0
302019509 0 0
302019508 2 0
302019507 3179 134
302019506 2 0
302019505 0 1
302019504 1039 149
302019503 0 0
302019502 0 0
302019501 9 1
302019500 6 6
302019498 0 0
302019493 4 2
302019490 16 9
302019488 2 1
302019487 228 11
302019486 1 0
302019485 0 0
302019484 0 4
302019483 3 0
302019482 8 4
302019478 5 11
302019477 310 16
302019473 4 1
302019470 1 0
302019468 10 1
302019467 1 0
302019465 2 2
302019463 17 5
302019462 5 5
302019461 1 0
302019459 0 1
302019458 4 1
302019456 0 0
302019454 1 6
302019453 407 8
302019446 1 1
302019445 6 4
302019443 241 3
302019441 6 5
302019439 127 22
302019438 2 0
302019437 6 0
302019436 0 0
302019435 15 29
302019434 1 0
302019433 3 20
302019432 0 0
302019429 0 22
302019427 2 5
302019425 9 5
302019424 1 0
302019421 8 11
302019420 7 4
302019419 6 10
302019418 7 2
302019416 6 7
302019413 430 16
302019411 1 1
302019409 0 0
302019408 9 3
302019407 4 4
302019406 8 4
302019403 0 0
302019402 3 4
302019400 2 3
302019399 7 1
302019397 14 3
302019392 0 0
302019389 0 0
302019387 1 0
302019386 1 1
302019385 3 3
302019383 0 0
302019382 2 3
302019381 12 0
302019379 14 19
302019378 9 2
302019376 9 25
302019375 1 0
302019374 2 1
302019373 14 25
302019370 4 5
302019369 11 6
302019367 0 0
302019366 10 0
302019364 10 2
302019363 6 2
302019361 1 0
302019360 3 2
302019359 7 7
302019358 0 1
302019357 9 0
302019355 3078 205
302019351 0 1
302019350 3 5
302019349 4 3
302019348 12 4
302019347 6 9
302019346 7 7
302019345 0 0
302019342 5 3
302019339 0 0
302019337 1 4
302019335 626 62
302019334 0 3
302019329 0 4
302019328 2 2
302019325 14 0
302019323 2629 92
302019322 0 3
302019321 10 11
302019320 8 0
302019316 3 6
302019315 2 0
302019313 10 1
302019312 0 1
302019311 31 19
302019310 0 0
302019309 0 0
302019307 15 6
302019305 1 12
302019304 10 2
302019303 0 0
302019302 11 0
302019299 1 0
302019297 2 2
302019296 1 0
302019293 3 10
302019292 11 6
302019290 5 1
302019289 1 0
302019286 9 3
302019285 1 0
302019284 10 10
302019282 1 2
302019281 1 0
302019279 8 10
302019278 7 20
302019275 4 0
302019274 0 0
302019273 0 0
302019272 6 0
302019271 12 2
302019268 3 3
302019266 19 7
302019265 7 6
302019263 3 0
302019262 11 32
302019261 2 3
302019260 0 7
302019259 5 2
302019256 1 3
302019252 0 0
302019251 1 1
302019250 2 0
302019246 9 0
302019245 16 1
302019243 8 6
302019240 11 6
302019238 7 6
302019237 1 0
302019235 4 1
302019234 1 1
302019230 0 0
302019226 779 34
302019224 0 0
302019222 0 0
302019220 3 2
302019219 1 1
302019218 6 11
302019217 7 4
302019216 8 8
302019215 1 0
302019214 10 9
302019212 7 0
302019211 0 0
302019210 1 5
302019207 0 1
302019206 0 0
302019205 9 12
302019204 6 7
302019203 8 23
302019201 7 18
302019200 17 4
302019198 3 2
302019195 13 6
302019194 501 3
302019192 6 2
302019191 0 0
302019188 404 80
302019187 1 1
302019186 0 0
302019181 1 0
302019178 0 1
302019176 12 4
302019175 6 9
302019174 3 0
302019173 22 13
302019171 12 7
302019170 1 7
302019165 1 0
302019164 1 0
302019163 4 5
302019161 1 1
302019159 0 0
302019156 8 2
302019148 545 8
302019147 2 9
302019145 0 0
302019144 5 11
302019141 7 2
302019139 1 3
302019138 10 0
302019137 6683 445
302019136 3 0
302019134 4 6
302019131 5 6
302019129 6 1
302019127 4 9
302019124 27 0
302019122 1 0
302019121 0 0
302019119 4 27
302019116 11 5
302019114 9 7
302019112 0 0
302019111 2 1
302019109 6 7
302019106 2 0
302019103 0 0
302019101 14 5
302019098 1 0
302019096 3 4
302019091 10 4
302019090 0 1
302019089 6 8
302019088 7 5
302019085 0 0
302019081 6 2
302019078 1 1
302019075 4 9
302019072 2 7
302019070 2 0
302019067 10 20
302019066 0 0
302019064 7 2
302019063 1 0
302019061 6 14
302019054 3 2
302019053 0 0
302019052 1 1
302019049 3 0
302019047 0 0
302019045 9 7
302019043 0 0
302019042 0 2
302019041 5 1
302019040 0 0
302019038 0 0
302019037 0 0
302019034 2 1
302019033 4 2
302019032 7 6
302019030 1 5
302019029 0 0
302019028 14 0
302019027 7 7
302019025 10 5
302019024 14 2
302019021 2 0
302019020 9 1
302019018 4 5
302019016 2 2
302019015 3 1
302019014 0 10
302019010 0 0
302019009 3 1
302019005 4 6
302019004 21 17
302019002 0 0
302018997 4 3
302018996 13 7
302018993 1 0
302018992 9 5
302018990 13 8
302018989 0 0
302018987 0 0
302018986 5 4
302018985 0 0
302018983 7 5
302018980 6 2
302018979 11 1
302018976 0 0
302018975 1 1
302018972 3 1
302018970 8 1
302018965 14 3
302018964 9 9
302018963 0 1
302018961 0 0
302018960 7 5
302018952 7 3
302018951 5 2
302018950 0 0
302018949 6 13
302018948 1 0
302018946 6 6
302018944 5 2
302018943 1 0
302018941 0 0
302018940 0 0
302018939 0 0
302018934 77 28
302018932 6 4
302018931 3 4
302018930 4 7
302018929 0 0
302018925 7 6
302018924 1 2
302018923 0 1
302018922 12881 342
302018921 7 3
302018920 2 0
302018919 2 0
302018917 0 0
302018916 0 11
302018914 9 1
302018913 7 3
302018912 5 5
302018911 11 5
302018909 4 1
302018907 8 3
302018906 3 3
302018905 8 6
302018902 3 1
302018901 12 14
302018897 2 5
302018896 0 4
302018894 2 2
302018892 0 1
302018890 0 1
302018889 2513 127
302018888 0 0
302018887 0 0
302018885 2 2
302018884 0 0
302018883 0 2
302018880 3 4
302018878 389 8
302018876 5 1
302018875 0 0
302018874 1 5
302018873 3 5
302018871 3 3
302018870 9 5
302018869 4 6
302018867 2 1
302018865 6 7
302018864 4 7
302018860 4 1
302018859 4 3
302018858 1 2
302018857 579 7
302018855 4 4
302018853 0 1
302018850 5 4
302018849 0 2
302018844 1 1
302018842 0 1
302018840 10 6
302018839 7 5
302018838 2 1
302018837 2 4
302018835 1 1
302018833 3504 160
302018831 1 1
302018830 0 1
302018828 0 1
302018827 4 1
302018825 0 1
302018824 2 1
302018823 2 2
302018822 8 4
302018821 3 3
302018820 1 1
302018819 3 1
302018818 2 7
302018816 10 14
302018814 3 1
302018812 30 8
302018811 2 9
302018810 0 0
302018809 7 4
302018808 11 4
302018807 3 1
302018806 5 3
302018805 1 1
302018804 18 8
302018802 5 2
302018800 221 23
302018798 30 9
302018797 9648 302
302018796 6 6
302018795 7 3
302018794 8 4
302018792 3 7
302018791 11 2
302018790 0 1
302018788 0 2
302018787 9 5
302018786 12 1
302018784 0 0
302018782 0 2
302018781 0 0
302018780 0 2
302018778 1 5
302018777 17 20
302018776 4 2
302018775 1 0
302018774 24 8
302018773 0 3
302018772 2 1
302018771 3 0
302018770 4 0
302018769 10 12
302018767 0 3
302018765 17 13
302018764 0 1
302018763 0 0
302018762 0 0
302018761 5 0
302018760 2 0
302018759 6 0
302018758 9 6
302018757 2 0
302018756 7 6
302018755 11 6
302018754 0 1
302018753 0 8
302018752 8 3
302018751 0 0
302018750 1 0
302018749 0 1
302018746 10 6
302018745 1 1
302018744 1 1
302018743 3 1
302018742 1 3
302018740 0 0
302018739 2 0
302018738 7 2
302018737 6755 320
302018735 8 7
302018734 0 1
302018733 5 4
302018731 3 1
302018730 3 3
302018729 2 3
302018728 0 0
302018727 4 2
302018726 0 0
302018725 0 2
302018724 9 0
302018723 0 0
302018722 8 6
302018721 2 1
302018720 5 3
302018718 3 1
302018717 3 2
302018716 5 3
302018715 6 0
302018714 2 3
302018713 3 1
302018712 3 1
302018711 0 2
302018710 1 2
302018709 2 2
302018707 0 0
302018706 0 2
302018705 4 2
302018704 16 4
302018703 0 0
302018702 4 4
302018701 1 1
302018700 1 2
302018699 1 2
302018698 1 0
302018697 0 1
302018696 4 0
302018695 1 0
302018694 2 0
302018693 9 2
302018692 6 7
302018691 0 1
302018689 1 0
302018688 0 0
302018687 6 6
302018686 1 2
302018685 1 0
302018684 1 1
302018683 12 3
302018682 0 0
302018680 0 1
302018679 5 4
302018678 0 0
302018677 2 6
302018676 3 2
302018675 5 5
302018673 5 1
302018672 0 2
302018669 5 1
302018668 0 3
302018667 5 5
302018666 1 1
302018665 0 9
302018664 9 4
302018663 0 1
302018662 6 6
302018661 0 0
302018660 5 2
302018659 0 2
302018658 0 1
302018657 3 1
302018656 3 2
302018655 4 3
302018654 7 4
302018652 7 3
302018650 0 1
302018649 0 1
302018647 10 2
302018646 0 0
302018645 1 3
302018644 2 6
302018643 4 1
302018642 10 7
302018641 0 0
302018640 9 4
302018639 0 0
302018638 2 3
302018637 3 6
302018636 2 1
302018635 0 0
302018634 5 3
302018633 2 0
302018632 4 1
302018631 0 2
302018630 0 0
302018629 0 0
302018628 5 0
302018627 2 2
302018626 9 1
302018625 8 1
302018624 0 0
302018623 1 3
302018621 4 6
302018620 2 1
302018619 0 1
302018618 0 0
302018617 2 1
302018616 4 3
302018615 3 1
302018614 0 0
302018613 5 2
302018612 5 6
302018611 0 0
302018610 2 1
302018609 0 0
302018608 2 2
302018606 3 2
302018605 2 3
302018604 0 0
302018603 1 0
302018602 5 2
302018601 3 2
302018600 6 2
302018599 3 0
302018598 1 0
302018597 1 3
302018595 4 4
302018594 4 5
302018593 2 4
302018592 1 0
302018591 5 1
302018589 0 0
302018586 4 1
302018585 0 0
302018584 0 0
302018582 0 2
302018581 0 0
302018580 0 2
302018579 0 0
302018578 5 3
302018577 2 1
302018576 7 3
302018575 2 2
302018574 5 2
302018573 0 0
302018572 2 1
302018571 2 6
302018570 2 1
302018569 11 1
302018568 1 6
302018567 1 1
302018565 4 1
302018562 22 15
302018561 8 0
302018560 0 0
302018559 13 3
302018558 0 0
302018557 3 1
302018556 0 0
302018555 0 7
302018554 0 0
302018553 2 17
302018552 2 2
302018551 0 0
302018550 0 0
302018549 2 1
302018548 0 0
302018547 0 0
302018546 3335 77
302018545 2 1
302018544 6 3
302018543 2 1
302018542 0 0
302018540 2 2
302018539 1 2
302018538 4 1
302018537 0 0
302018535 5 2
302018534 0 0
302018533 0 1
302018532 8953 231
302018531 5 4
302018530 0 0
302018528 9 6
302018527 10 1
302018526 8 5
302018525 7 4
302018524 5 5
302018523 6 1
302018522 7 3
302018520 2 1
302018519 3 3
302018518 7 4
302018517 4 1
302018515 5 2
302018513 2 4
302018512 5 8
302018510 0 0
302018508 6 2
302018507 5 1
302018506 0 9
302018505 0 0
302018504 5925 211
302018503 0 0
302018502 1 0
302018501 0 0
302018500 22 7
302018499 2 1
302018498 4 8
302018497 7 4
302018496 0 1
302018495 2 1
302018494 0 3
302018493 1 1
302018492 0 1
302018491 1 1
302018490 29 11
302018488 7 0
302018486 0 0
302018485 3 0
302018483 12 4
302018482 0 2
302018481 5 2
302018480 0 1
302018479 12 5
302018478 2 5
302018477 0 0
302018476 6 3
302018475 6 0
302018474 1 1
302018473 3 1
302018472 0 0
302018471 0 0
302018470 9 3
302018469 7 2
302018468 2 1
302018467 5 1
302018465 0 1
302018464 0 0
302018463 0 0
302018462 0 0
302018461 0 3
302018460 2 0
302018459 0 0
302018458 0 1
302018457 5 4
302018456 0 3
302018455 4 0
302018454 0 0
302018453 0 0
302018452 4 0
302018451 6 4
302018450 2 2
302018449 2 0
302018448 6 2
302018447 3 0
302018446 0 0
302018445 0 0
302018444 0 0
302018443 3 3
302018442 6 3
302018441 0 1
302018440 0 1
302018439 0 0
302018438 0 0
302018437 5 4
302018436 4 2
302018434 3 4
302018433 1 1
302018431 0 0
302018430 4 1
302018428 2 5
302018426 3 1
302018425 4 1
302018424 1 3
302018422 2 0
302018421 5 0
302018420 0 10
302018418 1 0
302018417 3 1
302018416 0 0
302018415 0 0
302018414 1 0
302018413 1 0
302018412 1 0
302018411 3 0
302018410 0 1
302018409 0 1
302018408 0 0
302018407 0 1
302018406 3 0
302018405 0 0
302018403 0 0
302018402 4 0
302018398 2 0
302018397 1 0
302018396 2 2
302018393 4 3
302018392 1 0
