303957528 0 0
303941361 0 0
303941349 0 0
303940909 0 0
303939398 0 0
303939376 1 0
303934011 0 0
303865298 0 0
303864246 3 0
303859593 1 0
303856737 0 0
303743897 0 3
303743893 0 0
303743729 0 0
303719885 1 0
303671839 2 0
303664537 4 1
303663370 0 1
303663368 3 0
303663365 0 0
303663359 2 0
303663352 2 0
303622846 3 1
303620233 0 1
303587536 3 0
303586724 0 0
303586659 0 0
303586284 3 0
303574371 7 1
303574306 11 2
303544315 0 0
303504025 2 0
303499487 2 1
303497577 9 2
303497172 7 0
303324936 0 0
303321809 0 1
303263725 1 0
303263722 0 1
303244758 15 6
303244741 13 0
303162441 6 0
303162438 12 0
303160620 0 7
303158379 9 10
303156028 3 1
303156005 14 0
303155406 1 0
303153239 0 0
303148503 4 2
303135818 3 0
303135731 2 0
303112254 21 0
303104402 10 1
303078985 0 0
303076478 1 0
303076085 2 1
303076063 9 2
303058774 3 13
303033192 0 0
303007570 2 0
302987544 2 3
302987481 8 1
302987470 1 1
302986311 1 5
302984949 19 0
302984946 2 0
302974998 1 0
302970440 0 0
302970425 5 1
302950747 16 1
302950711 9 0
302924497 11 0
302894088 3 0
302891097 8 2
302891085 20 0
302884024 16 1
302883837 9 23
302882782 1 0
302866522 18 0
302841301 6 0
302841294 3 0
302818605 1 20
302818085 1 0
302818082 0 0
302818076 4 0
302817696 17 1
302817686 7 0
302817363 0 7
302816620 9 1
302816586 3 0
302816577 9 0
302816573 11 0
302816559 13 0
302816547 1 1
302816258 3 3
302812947 10 0
302812590 13 0
302812093 1 0
302810759 8 3
302809416 2 0
302807864 4 2
302796826 0 0
302784068 3 3
302776088 13 0
302775782 5 1
302745095 3 0
302745084 1 0
302731447 5 0
302731297 11 0
302731289 12 2
302731253 6 0
302731104 1 1
302729577 13 1
302729569 1 1
302729565 1 0
302729555 15 0
302729538 3 0
302729533 3 0
302726496 3 0
302724859 0 0
302724639 7 0
302722155 3 1
302722084 7 0
302719744 0 0
302719676 0 0
302717377 18 7
302707743 10 3
302688407 2 0
302688316 16 0
302679283 10 2
302662898 0 1
302652200 0 0
302645027 2 0
302644386 1 0
302644211 6 0
302644208 11 2
302643099 4 0
302643077 3 0
302639385 16 1
302639087 6 31
302639082 3 0
302638358 6 1
302637913 0 0
302637882 0 0
302636107 2 41
302635924 3 0
302627607 21 1
302610525 23 1
302570778 27 0
302570460 0 0
302569396 5 0
302569347 0 0
302567142 5 1
302566846 6 3
302566839 7 0
302566533 6 46
302566312 6 0
302566258 9 1
302566114 13 0
302564654 10 2
302563516 13 0
302562664 5 2
302561702 5 2
302561521 10 22
302553313 14 0
302553287 0 5
302552211 4 33
302550715 3 1
302550703 4 0
302550695 5 1
302550509 22 0
302548453 12 1
302548434 25 0
302548409 15 1
302534576 4 52
302509786 14 1
302506033 26 0
302505755 4 1
302496948 6 2
302496629 4 0
302496620 0 0
302496615 3 5
302495878 6 0
302495753 20 3
302495179 24 0
302491859 19 1
302491613 0 0
302491541 22 2
302491250 4 1
302491247 0 19
302491008 14 1
302490426 11 2
302490124 27 21
302489928 3 0
302489927 23 0
302489924 5 0
302489920 7 0
302489911 3 1
302489906 39 0
302489886 3 5
302489860 9 0
302489852 13 0
302489842 11 0
302489838 7 5
302489834 10 1
302489823 5 0
302489821 10 3
302489381 15 0
302489034 2 0
302489017 10 1
302488997 9 1
302488956 3 6
302488527 10 0
302488427 2 2
302488036 9 0
302487914 13 1
302487023 2 8
302487019 40 3
302486961 6 3
302486353 4 0
302486342 7 0
302486329 8 2
302486321 9 3
302486117 10 35
302486079 10 4
302485409 0 0
302484251 16 2
302478058 5 3
302474707 3 1
302473796 0 0
302473789 6 3
302473684 1 0
302455256 5 42
302454002 4 1
302453320 9 0
302453309 10 0
302453296 11 5
302453278 8 0
302453190 21 1
302451516 12 0
302451498 33 0
302451487 24 0
302451228 3 4
302444022 2 0
302443577 4 23
302443434 4 3
302441356 6 1
302426950 15 0
302426939 25 0
302426909 3 8
302426618 3 1
302426200 5 0
302426184 23 6
302425843 14 1
302425595 1 0
302425588 0 2
302424894 2 2
302424856 3 5
302423104 0 4
302422758 3 3
302419363 0 0
302413960 2 2
302413252 1 6
302413094 6 0
302412934 2 1
302412376 3 16
302412028 2 5
302411984 9 3
302411906 8 6
302411873 2 6
302411746 0 0
302411702 1 1
302410912 3 1
302410908 11 4
302410895 0 5
302410887 8 45
302410803 0 0
302410792 0 0
302410602 7 2
302410590 6 1
302410053 21 7
302409564 8 2
302408994 1 76
302408948 11 0
302408882 9 0
302408878 8 3
302408721 9 0
302408429 4 13
302408373 16 1
302407393 0 0
302407285 19 5
302406587 27 1
302406202 15 0
302406169 17 2
302406092 8 3
302404999 3 0
302404042 15 1
302404018 1 0
302404008 10 0
302403958 11 0
302403773 18 2
302403771 10 4
302403582 19 0
302403484 10 0
302403482 7 1
302403481 16 1
302403478 23 0
302403475 1 0
302403471 6 18
302403468 16 0
302403464 2 3
302403458 23 0
302403453 3 1
302403421 16 1
302403413 11 1
302403344 11 0
302403300 6 3
302403231 11 2
302403156 1 0
302403155 25 1
302403014 12 0
302403006 33 1
302403001 3 1
302402999 6 0
302402950 19 1
302402934 0 12
302402932 9 18
302402898 0 0
302402854 8 2
302402813 0 0
302402800 1 5
302402794 8 1
302402672 28 1
302402671 3 12
302402645 0 8
302402627 0 16
302402615 11 1
302402371 0 0
302402304 15 1
302402292 26 3
302402234 2 6
302402168 1 2
302402159 1 11
302401998 33 1
302401983 0 0
302401979 13 0
302401965 18 3
302401961 3 0
302401959 17 0
302401957 4 1
302401941 7 0
302401858 2 1
302401849 4 1
302401811 3 23
302401808 5 0
302401615 0 0
302401492 0 0
302401477 8 5
302401430 9 1
302401246 31 0
302401219 8 0
302401214 35 1
302401203 10 1
302401194 5 0
302401064 13 2
302401017 25 0
302400951 5 0
302400851 1 2
302400710 5 1
302400689 6 14
302400683 27 2
302400645 19 1
302400608 16 0
302400565 9 0
302400509 25 2
302400466 5 3
302400268 2 0
302400147 0 0
302400078 6 26
302400074 9 2
302400014 2 0
302400005 8 2
302399760 22 3
302399731 3 50
302399722 3 22
302399602 4 34
302399562 15 0
302399560 31 3
302399511 21 0
302399499 11 1
302399418 0 0
302399402 5 0
302399204 9 0
302399202 1 0
302399191 5 13
302399159 1 0
302399006 0 0
302398999 2 2
302398991 2 2
302398950 0 0
302398849 6 0
302398846 12 2
302398838 12 12
302398782 12 2
302398630 5 70
302398604 0 1
302398602 10 3
302398600 3 0
302398598 25 1
302398597 4 3
302398594 8 0
302398207 15 0
302398144 20 3
302398133 13 2
302398114 3 1
302398074 3 3
302397845 4 1
302397763 15 2
302397750 9 2
302397681 21 4
302397582 10 23
302397473 15 1
302397444 27 0
302397405 30 2
302397395 8 0
302397374 16 3
302397342 3 3
302397340 30 4
302397228 2 0
302397087 15 2
302396979 0 0
302396974 3 0
302396328 12 0
302396187 9 0
302396017 7 0
302395774 7 2
302395740 8 0
302395686 15 2
302395582 1 0
302395574 7 3
302395550 14 12
302395228 15 0
302395164 18 2
302394909 8 0
302393959 3 1
302393343 36 3
302393237 22 0
302393217 18 4
302392802 7 1
302392404 2 9
302391869 17 0
302391673 6 9
302391614 4 10
302391600 2 24
302391583 0 1
302391577 12 1
302391575 0 0
302391560 0 0
302391543 11 0
302391414 7 22
302391348 14 6
302391319 5 9
302391253 10 6
302391224 12 10
302391170 16 17
302391010 1 23
302390991 37 2
302390958 13 2
302390878 6 11
302390705 0 26
302390689 17 3
302390546 0 27
302390538 0 4
302390157 0 0
302390141 14 6
302390118 4 0
302389994 7 8
302389927 27 1
302389918 19 0
302389631 15 0
302389628 0 0
302389455 2 0
302388535 0 0
302388519 16 22
302388426 4 0
302388289 6 1
302387860 4 11
302387832 0 0
302387810 2 0
302387750 4 16
302387748 1 0
302387675 0 0
302387377 0 0
302386800 4 26
302386517 1 1
302385558 12 2
302385557 12 4
302385478 10 3
302385237 14 8
302385191 3 0
302385028 7 0
302384640 3 5
302384325 27 0
302383142 20 0
302383093 18 1
302382958 34 0
302382903 21 3
302380912 5 11
302377080 20 3
302376971 7 6
302376073 17 0
302375860 10 1
302375678 1 0
302375221 0 0
302366763 3 24
302366706 14 1
302366237 6 3
302366228 2 0
302366211 14 1
302366202 48 2
302366176 4 0
302366074 11 3
302366043 6 4
302365795 4 28
302365767 9 29
302365518 12 0
302365374 0 1
302365328 0 1
302365104 0 1
302365103 0 1
302365008 0 1
302364804 5 1
302364604 11 2
302364300 21 5
302363847 2 6
302363765 12 1
302363759 10 5
302362831 12 0
302362670 12 53
302362470 8 17
302362439 26 6
302362394 3 0
302362384 3 0
302362371 3 0
302362190 3 1
302361619 19 2
302360836 8 1
302360667 3 49
302360664 3 50
302360662 2 51
302360660 1 49
302360658 2 47
302360656 2 46
302360654 2 44
302360166 4 7
302360043 13 6
302359553 22 0
302359424 12 1
302358680 20 2
302358590 4 3
302358320 3 14
302357767 0 0
302357728 1 0
302356863 1 0
302353742 5 29
302352040 10 14
302351505 1 0
302349092 3 42
302348823 3 12
302348817 7 2
302348778 3 0
302348756 0 0
302348747 0 4
302348721 4 34
302348696 10 1
302348665 12 7
302348567 13 13
302348458 1 1
302348453 1 0
302348444 0 0
302348359 0 0
302348185 12 10
302348084 7 11
302348060 5 0
302348027 4 1
302347939 9 0
302347923 2 14
302347922 33 1
302347820 16 6
302347819 9 11
302347767 3 13
302347747 15 1
302347733 0 0
302347552 1 0
302347544 11 6
302347477 1 13
302347387 0 0
302347023 0 0
302346913 1 0
302346815 33 1
302346788 3 0
302346530 0 1
302346489 7 25
302346487 0 0
302346482 0 0
302346439 6 5
302346168 0 4
302346091 2 2
302345904 0 0
302345333 4 2
302345303 9 1
302344828 26 3
302344691 14 9
302344621 17 6
302344085 0 0
302343876 4 16
302343869 30 7
302343703 0 0
302343576 14 7
302343469 6 22
302343163 9 6
302343160 9 12
302343122 0 0
302342957 28 2
302342956 1 0
302342862 6 0
302342845 3 0
302342815 10 2
302342689 7 0
302342541 7 1
302342358 6 0
302341104 9 10
302340231 2 1
302340133 14 2
302339817 0 8
302338759 0 0
302338078 0 1
302337504 2 1
302335954 13 5
302335083 10 5
302334708 26 3
302334264 2 4
302333826 8 7
302333655 12 1
302332392 12 6
302331248 4 2
302331194 0 0
302331133 10 14
302331059 25 3
302330987 0 0
302330972 13 12
302330967 5 2
302330838 0 1
302330809 13 8
302330740 1 2
302330706 14 2
302330678 13 3
302330629 7 0
302330565 5 45
302330534 7 1
302330505 0 4
302330501 0 3
302330494 9 1
302330491 10 9
302330478 15 9
302330449 15 11
302330446 16 2
302330397 1 2
302330278 4 2
302330250 9 21
302330224 7 14
302330220 8 6
302330172 6 26
302330049 2 5
302330025 11 7
302330001 0 1
302329950 25 5
302329879 36 1
302329864 20 11
302329863 1 0
302329727 15 0
302329667 15 8
302329642 11 10
302329575 14 6
302329529 0 4
302329506 2 51
302329482 0 0
302329432 1 54
302329427 0 5
302329359 2 62
302329288 5 0
302329286 5 2
302329282 15 7
302329281 17 0
302329276 15 1
302329251 2 18
302329209 9 1
302329208 1 1
302329164 20 8
302329124 13 2
302329113 34 4
302329003 1 1
302328986 0 0
302328930 18 7
302328856 1 0
302328732 1 45
302328650 70 0
302328631 12 6
302328598 1 3
302328588 10 27
302328585 1 0
302328530 20 2
302328524 7 121
302328405 26 1
302328378 18 24
302328340 6 0
302328322 32 1
302328278 2 3
302328268 7 22
302328245 5 25
302328144 12 5
302328065 24 3
302327985 26 1
302327920 19 27
302327874 7 18
302327679 31 0
302327669 32 13
302327654 21 0
302327650 22 6
302327646 21 6
302327584 21 3
302327540 20 3
302327539 20 9
302327511 7 11
302327479 33 4
302327473 16 7
302327406 14 9
302327336 21 7
302327334 16 1
302327333 10 23
302327323 11 80
302327321 23 0
302327312 1 0
302327308 4 7
302327305 18 2
302327273 27 6
302327271 5 109
302327269 47 6
302327251 7 49
302327236 10 1
302327231 1 0
302327218 27 0
302327133 5 3
302327126 15 7
302326970 6 3
302326966 25 7
302326963 15 4
302326955 9 4
302326900 6 2
302326855 4 3
302326811 48 3
302326799 7 1
302326789 0 1
302326788 34 12
302326717 7 0
302326319 4 0
302326258 27 3
302326178 0 51
302325776 16 4
302325743 0 0
302325645 4 0
302325578 5 15
302325536 2 8
302325519 17 0
302325496 5 3
302325467 13 2
302325336 8 4
302325261 12 2
302324827 20 2
302324668 15 6
302324401 1 1
302324331 13 4
302324279 18 1
302323990 10 8
302323981 12 1
302323844 29 3
302323599 19 7
302323314 32 1
302323255 6 1
302322853 6 5
302322544 1 1
302322528 6 18
302322341 17 0
302322191 19 13
302322088 9 4
302322086 25 7
302321717 9 5
302321395 26 3
302321141 2 21
302320656 0 2
302320270 28 37
302320105 24 5
302320075 2 0
302319693 24 3
302319659 1 0
302319352 0 0
302319314 0 2
302318802 2 1
302318048 11 10
302317691 13 4
302317521 0 4
302317277 20 3
302317249 1 1
302316919 8 1
302316907 24 5
302316884 15 2
302316880 31 1
302316879 12 13
302316877 10 12
302316873 15 9
302316869 22 4
302316867 14 4
302316859 99 12
302316856 15 4
302316853 11 17
302316850 55 4
302316848 12 3
302316847 22 11
302316846 15 4
302316843 26 5
302316841 142 8
302316833 2 0
302316831 13 2
302316819 1 0
302316818 29 19
302316816 29 5
302316814 2 1
302316804 5 25
302316800 23 7
302316787 40 18
302316772 30 28
302316763 10 0
302316761 7 4
302316757 2 0
302316753 20 5
302316747 37 1
302316737 8 22
302316735 16 0
302316734 12 47
302316729 30 8
302316726 3 1
302316723 0 0
302316707 8 1
302316694 7 0
302316685 5 0
302316683 4 0
302316682 6 2
302316679 14 1
302316678 1 3
302316676 12 0
302316674 0 2
302316673 5 0
302316670 1 0
302316669 2 2
302316661 23 3
302316652 12 5
302316647 21 3
302316646 3 1
302316635 17 6
302316628 27 3
302316626 24 4
302316624 16 3
302316623 1 0
302316622 4 24
302316618 4 1
302316609 6 2
302316606 31 5
302316601 5 12
302316597 39 3
302316594 32 43
302316592 4 7
302316583 26 5
302316575 3 0
302316571 4 18
302316561 23 0
302316560 14 2
302316550 19 0
302316548 8 41
302316547 5 29
302316545 28 5
302316544 21 2
302316536 50 7
302316535 14 2
302316523 0 0
302316514 0 0
302316511 2 15
302316509 18 13
302316505 5 0
302316498 24 3
302316497 8 57
302316495 0 0
302316494 41 9
302316491 17 13
302316478 1 0
302316474 11 1
302316460 1 1
302316455 3 72
302316449 2 0
302316446 0 1
302316445 25 8
302316439 28 8
302316436 29 1
302316433 9 0
302316430 6 0
302316427 7 2
302316424 3 12
302316421 5 3
302316413 8 0
302316411 7 32
302316407 1 2
302316406 22 7
302316405 0 0
302316404 6 0
302316403 0 0
302316393 3 28
302316392 43 0
302316391 23 4
302316390 2 2
302316387 1 0
302316381 11 1
302316379 35 1
302316378 29 2
302316377 30 10
302316376 5 0
302316375 7 62
302316369 1 1
302316360 10 5
302316354 15 4
302316350 1 0
302316349 11 2
302316347 26 8
302316345 0 0
302316342 0 36
302316341 25 1
302316340 4 0
302316338 6 8
302316334 1 0
302316332 32 5
302316331 16 4
302316328 15 5
302316321 1 0
302316318 0 0
302316317 31 20
302316316 27 68
302316309 21 3
302316308 1 0
302316304 40 22
302316300 21 51
302316296 34 3
302316295 10 10
302316294 30 2
302316293 16 6
302316292 1 0
302316289 41 0
302316287 10 7
302316286 10 6
302316283 7 45
302316282 19 9
302316280 2 0
302316276 32 0
302316275 17 7
302316272 10 6
302316271 25 8
302316268 0 0
302316262 29 6
302316260 13 45
302316258 0 0
302316257 0 1
302316255 7 38
302316254 1 0
302316246 16 0
302316236 13 65
302316235 5 47
302316226 36 1
302316221 1 1
302316216 4 0
302316215 6 17
302316214 5 0
302316211 5 1
302316207 1 0
302316206 17 1
302316205 3 3
302316201 33 11
302316196 0 0
302316194 15 43
302316190 9 47
302316188 0 1
302316187 30 8
302316178 0 0
302316176 4 1
302316175 0 1
302316169 1 36
302316166 1 0
302316165 0 0
302316164 0 0
302316162 1 0
302316157 25 10
302316156 0 0
302316154 20 2
302316152 0 5
302316147 42 10
302316145 1 0
302316144 24 9
302316143 22 9
302316141 15 1
302316140 18 15
302316135 18 1
302316132 1 0
302316128 2 0
302316126 22 15
302316119 11 0
302316116 0 0
302316115 1 0
302316102 6 4
302316097 29 0
302316096 18 1
302316095 5 50
302316093 13 5
302316090 18 14
302316089 32 0
302316087 2 0
302316085 34 10
302316079 0 0
302316078 21 0
302316074 2 0
302316070 2 2
302316056 1 2
302316050 25 12
302316037 8 22
302316036 19 0
302316026 17 12
302316013 13 11
302316010 1 0
302316009 18 17
302316005 18 12
302316004 6 2
302315995 19 13
302315993 2 0
302315992 37 1
302315986 38 9
302315983 3 17
302315982 36 5
302315977 6 0
302315976 7 0
302315971 1 2
302315967 0 2
302315966 19 9
302315964 36 9
302315963 11 3
302315960 0 0
302315959 2 0
302315951 1 0
302315950 3 0
302315949 28 14
302315941 7 1
302315936 5 30
302315935 32 9
302315931 10 1
302315928 13 6
302315924 11 12
302315920 12 25
302315914 3 0
302315913 3 33
302315906 17 8
302315904 41 9
302315897 0 2
302315894 0 2
302315893 40 10
302315891 36 7
302315886 3 0
302315885 5 2
302315884 0 0
302315881 36 31
302315879 16 4
302315878 15 4
302315876 15 9
302315874 14 8
302315872 3 0
302315869 125 12
302315868 2 3
302315867 32 16
302315866 1 11
302315864 0 0
302315862 10 2
302315861 15 4
302315859 6 7
302315858 0 4
302315856 12 4
302315855 27 1
302315854 27 10
302315852 45 12
302315850 16 6
302315847 32 3
302315846 5 11
302315845 36 5
302315844 0 1
302315842 18 9
302315840 1 7
302315838 2 1
302315836 0 0
302315835 18 2
302315834 1 0
302315833 10 3
302315831 1 1
302315830 10 22
302315829 4 11
302315828 2 0
302315825 13 8
302315824 37 0
302315823 6 90
302315822 11 6
302315819 25 5
302315818 40 14
302315815 14 6
302315814 16 2
302315803 5 0
302315802 0 0
302315801 2 0
302315800 21 7
302315799 2 0
302315797 4 1
302315795 5 0
302315792 137 1
302315789 1 2
302315788 1 0
302315787 7 0
302315785 0 3
302315784 19 2
302315783 1 0
302315781 18 0
302315779 16 7
302315777 12 6
302315776 14 7
302315775 9 0
302315774 5 1
302315773 1 8
302315771 31 1
302315766 8 0
302315765 3 0
302315763 5 0
302315762 5 0
302315761 34 6
302315760 25 5
302315759 22 0
302315758 24 2
302315757 1 0
302315756 13 1
302315753 1 70
302315752 2 0
302315750 1 0
302315746 0 1
302315745 35 26
302315744 14 1
302315743 0 2
302315742 6 9
302315738 3 2
302315736 7 114
302315735 32 4
302315733 0 2
302315732 1 4
302315727 0 0
302315726 18 0
302315725 6 4
302315723 0 1
302315722 0 7
302315720 0 6
302315719 9 1
302315716 38 11
302315715 17 2
302315713 13 6
302315712 27 25
302315706 7 6
302315704 25 80
302315702 32 9
302315701 41 40
302315699 0 2
302315696 0 4
302315695 9 6
302315691 9 2
302315687 20 2
302315685 2 1
302315684 32 16
302315679 3 38
302315668 22 0
302315665 23 2
302315663 1 0
302315661 22 6
302315659 2 0
302315658 1 1
302315657 1 0
302315652 7 14
302315651 1 0
302315646 12 1
302315642 32 0
302315641 31 0
302315639 18 5
302315638 22 13
302315635 11 39
302315632 0 0
302315629 16 1
302315622 11 5
302315621 4 1
302315620 30 8
302315619 0 5
302315618 14 45
302315617 0 1
302315616 1 0
302315615 5 3
302315614 4 10
302315613 15 4
302315611 7 8
302315607 12 9
302315606 0 0
302315602 15 3
302315598 0 5
302315589 17 5
302315588 8 2
302315587 12 9
302315585 34 9
302315577 8 9
302315575 2 1
302315574 9 13
302315573 6 8
302315569 24 4
302315567 0 7
302315566 19 2
302315561 16 18
302315560 13 16
302315553 28 30
302315547 17 3
302315545 0 0
302315539 15 15
302315533 33 3
302315526 33 2
302315525 31 2
302315523 5 0
302315517 16 39
302315516 10 6
302315515 1 1
302315512 18 10
302315511 10 11
302315510 27 11
302315508 9 9
302315506 12 7
302315503 15 5
302315502 6 0
302315499 7 6
302315498 0 3
302315497 1 0
302315494 9 3
302315487 3 0
302315485 1 0
302315484 0 4
302315483 0 0
302315477 1 0
302315475 19 0
302315474 5 19
302315473 7 32
302315472 20 3
302315468 0 1
302315467 3 17
302315466 57 4
302315464 15 9
302315463 0 0
302315459 5 0
302315458 24 3
302315457 24 3
302315452 10 5
302315451 2 2
302315450 21 10
302315449 15 10
302315446 11 6
302315445 1 0
302315441 5 6
302315439 3 6
302315438 17 7
302315436 6 9
302315435 1 0
302315434 2 11
302315431 3 9
302315427 4 7
302315423 2 39
302315422 0 0
302315421 17 2
302315420 5 26
302315419 6 8
302315417 4 8
302315416 16 7
302315414 34 3
302315412 1 3
302315411 0 0
302315410 0 0
302315408 7 7
302315405 18 8
302315404 15 4
302315402 7 9
302315401 0 0
302315400 12 45
302315398 30 14
302315392 5 0
302315391 8 6
302315386 1 3
302315385 19 11
302315383 49 24
302315380 17 8
302315379 7 4
302315378 17 4
302315377 2 6
302315375 2 18
302315373 2 1
302315370 15 2
302315369 1 2
302315364 16 5
302315359 40 8
302315356 6 6
302315355 8 4
302315354 22 7
302315351 3 2
302315348 20 10
302315346 2 3
302315343 20 4
302315342 12 5
302315338 12 3
302315335 21 0
302315332 3 0
302315331 27 2
302315330 0 1
302315328 15 3
302315325 2 0
302315324 15 0
302315323 2 0
302315320 12 1
302315319 20 7
302315318 31 3
302315314 10 6
302315310 25 1
302315309 16 14
302315308 48 7
302315307 16 0
302315306 2 3
302315305 0 0
302315304 36 3
302315302 3 1
302315301 3 1
302315299 18 5
302315296 22 3
302315295 19 8
302315290 0 1
302315288 20 1
302315284 3 0
302315281 13 7
302315279 7 2
302315278 8 10
302315277 14 3
302315276 6 6
302315272 30 12
302315271 12 5
302315267 8 6
302315265 17 0
302315264 23 4
302315263 20 3
302315261 0 0
302315260 2 5
302315257 9 0
302315256 0 0
302315254 13 3
302315252 10 12
302315251 4 79
302315249 18 7
302315248 1 0
302315245 8 4
302315243 5 16
302315242 8 8
302315241 0 0
302315235 24 41
302315233 11 3
302315227 15 2
302315226 18 1
302315225 8 69
302315217 40 0
302315216 0 0
302315213 18 1
302315210 10 29
302315209 20 10
302315208 6 5
302315207 20 8
302315204 0 0
302315203 15 2
302315202 7 17
302315201 1 0
302315199 13 23
302315197 1 5
302315196 0 6
302315193 23 7
302315192 13 1
302315190 13 2
302315189 0 0
302315185 196 4
302315183 22 7
302315182 10 18
302315181 5 1
302315178 19 0
302315177 23 3
302315175 1 0
302315173 19 0
302315171 0 2
302315170 23 2
302315169 24 0
302315168 19 3
302315166 5 10
302315165 16 1
302315163 3 6
302315158 23 3
302315156 14 2
302315153 15 6
302315149 16 7
302315148 18 7
302315147 0 0
302315145 9 3
302315143 12 43
302315141 14 2
302315140 0 35
302315134 0 0
302315131 2 1
302315127 0 0
302315126 0 0
302315120 17 2
302315119 134 2
302315118 24 2
302315117 11 27
302315115 4 1
302315114 12 0
302315109 4 13
302315103 0 0
302315100 18 0
302315098 9 2
302315097 0 0
302315095 28 4
302315094 17 1
302315093 12 3
302315092 14 2
302315090 12 29
302315089 19 4
302315087 26 2
302315086 8 22
302315084 41 1
302315083 13 6
302315081 19 9
302315080 11 7
302315078 3 37
302315077 2 0
302315075 13 3
302315072 3 0
302315071 35 6
302315070 23 0
302315069 7 14
302315068 0 0
302315066 0 4
302315064 31 8
302315063 7 1
302315062 0 0
302315061 21 4
302315060 13 3
302315059 12 7
302315057 28 7
302315055 26 8
302315054 11 1
302315046 32 7
302315045 3 0
302315044 46 10
302315042 8 0
302315041 21 0
302315040 27 4
302315038 2 0
302315034 0 0
302315032 24 4
302315030 31 1
302315029 0 1
302315025 15 1
302315024 0 2
302315023 0 1
302315021 0 0
302315020 17 1
302315017 13 4
302315016 15 0
302315015 5 42
302315014 35 4
302315013 18 0
302315012 0 6
302315011 53 3
302315010 89 2
302315009 16 8
302315007 34 1
302315006 10 3
302315005 0 1
302315001 22 1
302315000 28 2
302314998 18 0
302314997 5 2
302314995 24 4
302314994 22 2
302314993 30 9
302314992 7 1
302314991 30 5
302314990 21 0
302314988 1 0
302314987 6 49
302314983 6 6
302314982 11 28
302314981 3 2
302314978 1 3
302314976 18 20
302314973 23 1
302314972 11 1
302314969 27 0
302314968 12 1
302314966 145 4
302314964 73 2
302314963 31 2
302314962 22 4
302314958 5 27
302314956 2 7
302314954 0 0
302314953 13 2
302314952 13 3
302314949 13 1
302314948 19 4
302314947 4 0
302314945 0 0
302314943 11 1
302314941 0 0
302314938 5 13
302314937 12 5
302314935 16 2
302314934 4 71
302314933 31 1
302314928 30 51
302314923 4 7
302314922 23 9
302314921 4 3
302314920 1 0
302314918 14 3
302314917 34 5
302314916 0 0
302314912 16 1
302314910 0 0
302314909 8 6
302314906 0 6
302314905 14 2
302314901 98 1
302314900 1 1
302314897 0 0
302314895 80 0
302314893 8 19
302314890 1 0
302314889 33 1
302314887 1 13
302314886 3 11
302314885 10 3
302314884 33 2
302314883 14 8
302314882 9 3
302314881 1 7
302314880 48 6
302314879 0 7
302314878 0 1
302314877 3 25
302314876 25 3
302314875 18 2
302314874 0 1
302314868 0 0
302314865 8 2
302314864 6 23
302314863 8 0
302314862 4 39
302314861 4 2
302314859 16 1
302314858 0 1
302314855 59 1
302314854 0 1
302314853 3 0
302314852 4 34
302314845 0 0
302314844 15 8
302314843 9 0
302314842 12 3
302314838 3 0
302314836 28 4
302314834 4 0
302314833 9 27
302314830 4 3
302314828 4 3
302314827 25 21
302314826 18 5
302314824 7 4
302314822 11 2
302314819 30 7
302314817 9 1
302314815 1 7
302314814 3 1
302314812 24 11
302314806 28 8
302314803 3 4
302314799 0 0
302314798 23 5
302314797 24 3
302314794 10 6
302314791 65 2
302314790 23 4
302314789 20 6
302314788 0 1
302314787 8 2
302314785 0 0
302314784 6 0
302314783 3 3
302314781 5 7
302314780 3 4
302314779 5 3
302314778 29 3
302314774 33 5
302314772 17 4
302314771 18 3
302314770 30 1
302314769 6 10
302314767 0 1
302314766 16 1
302314765 0 0
302314760 17 3
302314759 12 1
302314757 49 0
302314756 3 25
302314754 28 3
302314753 0 0
302314748 5 12
302314744 13 1
302314742 16 2
302314736 16 1
302314735 5 4
302314733 0 0
302314732 41 2
302314728 20 66
302314721 1 0
302314720 23 2
302314718 4 0
302314714 0 1
302314710 22 30
302314705 21 1
302314704 16 2
302314696 12 5
302314690 11 14
302314687 8 3
302314685 12 21
302314684 27 19
302314683 0 2
302314682 23 8
302314681 1 0
302314679 8 2
302314678 38 2
302314671 25 4
302314668 11 2
302314667 0 1
302314666 32 5
302314665 16 4
302314664 16 6
302314663 30 1
302314662 14 10
302314661 9 0
302314659 5 0
302314658 39 1
302314656 7 1
302314655 13 52
302314653 7 3
302314652 5 3
302314651 16 4
302314649 5 3
302314646 12 1
302314645 36 9
302314644 39 4
302314643 31 2
302314642 9 5
302314641 3 2
302314639 1 34
302314638 12 12
302314637 0 0
302314636 16 5
302314633 9 7
302314632 21 1
302314630 0 0
302314629 28 1
302314627 23 0
302314625 3 43
302314624 9 9
302314621 1 0
302314620 9 7
302314617 24 0
302314614 10 6
302314613 7 3
302314612 155 1
302314607 0 0
302314605 0 1
302314600 3 9
302314599 32 0
302314598 21 0
302314597 5 1
302314596 12 2
302314595 41 0
302314592 8 4
302314590 3 0
302314589 24 9
302314588 6 0
302314587 1 2
302314586 1 1
302314584 4 1
302314580 0 2
302314579 9 2
302314578 3 2
302314576 14 0
302314575 19 0
302314574 9 0
302314572 23 4
302314571 0 0
302314566 25 1
302314565 7 29
302314564 7 28
302314563 20 2
302314562 1 3
302314560 23 2
302314558 13 5
302314557 9 0
302314554 0 1
302314548 21 1
302314547 3 4
302314544 8 1
302314540 21 5
302314538 0 2
302314534 17 1
302314531 1 0
302314530 19 1
302314529 24 25
302314526 2 76
302314525 14 0
302314523 0 0
302314521 0 0
302314519 41 14
302314516 14 0
302314515 15 5
302314514 20 2
302314513 27 2
302314512 15 17
302314511 21 74
302314509 11 0
302314508 2 0
302314506 26 8
302314504 35 6
302314502 3 37
302314497 4 0
302314494 277 18
302314493 3 1
302314492 2 3
302314491 15 0
302314490 25 3
302314489 24 3
302314487 1 1
302314485 14 3
302314481 8 12
302314480 22 0
302314478 10 9
302314477 27 2
302314475 15 5
302314474 3 0
302314473 37 9
302314472 10 2
302314470 14 3
302314469 21 0
302314468 15 5
302314467 12 3
302314465 19 3
302314464 0 0
302314461 0 0
302314460 5 1
302314457 1 0
302314456 4 67
302314452 0 0
302314450 21 3
302314448 0 1
302314442 0 0
302314441 77 30
302314440 40 3
302314437 77 4
302314436 0 2
302314435 0 3
302314434 14 7
302314432 28 5
302314431 1 1
302314430 0 5
302314428 1 4
302314427 1 4
302314424 1 0
302314423 1 4
302314420 20 9
302314419 0 0
302314418 17 1
302314416 27 9
302314415 23 4
302314414 42 10
302314412 31 1
302314410 0 0
302314409 11 1
302314406 1 0
302314403 3 1
302314401 2 0
302314400 28 6
302314399 0 0
302314396 33 0
302314393 15 5
302314387 44 1
302314386 15 3
302314385 18 3
302314384 28 0
302314382 5 139
302314380 13 2
302314378 0 1
302314376 27 4
302314375 24 2
302314374 617 8
302314372 0 1
302314371 16 0
302314370 2 0
302314369 21 15
302314368 0 0
302314367 4 0
302314366 176 2
302314365 14 39
302314364 10 26
302314363 7 20
302314362 11 2
302314361 7 64
302314360 8 0
302314358 4 25
302314356 15 2
302314355 17 0
302314354 6 20
302314353 28 5
302314351 5 7
302314350 4 85
302314349 6 117
302314348 3 2
302314347 26 6
302314346 5 64
302314345 18 0
302314344 9 18
302314343 13 10
302314341 2 105
302314340 11 1
302314339 36 2
302314338 26 4
302314337 6 0
302314336 0 0
302314335 12 0
302314334 26 8
302314332 17 0
302314331 18 0
302314330 16 4
302314329 12 0
302314327 2 0
302314326 9 2
302314325 11 47
302314324 21 2
302314323 0 8
302314321 58 4
302314320 37 0
302314319 0 0
302314318 13 1
302314316 26 9
302314314 4 89
302314313 4 49
302314311 12 110
302314309 0 0
302314307 22 3
302314304 4 2
302314303 11 53
302314302 1 5
302314300 3 73
302314299 9 2
302314298 16 0
302314297 5 93
302314296 43 2
302314294 5 4
302314293 5 122
302314292 19 7
302314288 33 3
302314287 15 4
302314285 19 6
302314283 5 22
302314281 16 14
302314280 0 0
302314277 17 4
302314276 4 3
302314275 5 6
302314274 47 4
302314273 3 145
302314271 1 0
302314269 5 147
302314268 17 7
302314267 2 5
302314265 16 6
302314264 1 12
302314263 10 2
302314261 13 3
302314260 3 54
302314259 3 46
302314258 11 1
302314257 76 36
302314256 6 4
302314254 26 1
302314253 15 9
302314252 3 0
302314251 11 14
302314250 20 2
302314249 17 4
302314247 0 2
302314246 1 0
302314245 27 3
302314244 18 5
302314241 19 7
302314240 43 6
302314237 11 2
302314236 14 4
302314234 0 0
302314233 30 5
302314232 8 0
302314229 0 0
302314228 12 2
302314227 30 3
302314226 8 4
302314224 13 5
302314223 9 6
302314222 31 3
302314221 29 3
302314220 8 1
302314219 14 1
302314218 11 3
302314216 15 3
302314215 12 0
302314214 0 0
302314213 18 2
302314209 16 2
302314208 0 0
302314207 8 1
302314206 6 0
302314205 11 7
302314204 51 3
302314203 31 1
302314200 11 7
302314198 8 0
302314197 4 32
302314196 32 6
302314195 36 4
302314192 17 2
302314188 6 1
302314186 1 1
302314185 21 27
302314183 1 8
302314181 10 5
302314180 28 9
302314179 0 0
302314176 9 2
302314175 1 52
302314173 1 1
302314172 6 12
302314170 0 0
302314169 0 15
302314167 16 2
302314166 15 0
302314165 21 0
302314161 25 4
302314160 7 12
302314159 8 0
302314158 13 1
302314156 0 0
302314153 35 2
302314151 5 16
302314150 23 2
302314148 23 0
302314146 17 5
302314145 2 0
302314143 4 4
302314142 0 0
302314141 10 2
302314140 10 5
302314139 4 1
302314136 3 5
302314135 1 1
302314134 1 3
302314133 32 7
302314131 14 2
302314125 10 33
302314124 14 3
302314121 256 16
302314116 14 0
302314113 1 45
302314107 8 0
302314106 10 6
302314103 19 2
302314100 23 23
302314099 4 0
302314098 46 2
302314096 7 2
302314093 777 7
302314092 1 0
302314090 3 1
302314088 0 0
302314087 20 3
302314083 0 0
302314082 4 5
302314081 17 32
302314079 14 31
302314077 4 1
302314076 30 4
302314075 30 4
302314074 0 1
302314071 5 24
302314069 8 2
302314067 1 1
302314065 19 11
302314064 12 15
302314062 4 3
302314061 290 36
302314058 21 5
302314056 15 4
302314052 17 4
302314050 5 3
302314049 21 4
302314048 0 1
302314047 38 1
302314046 41 11
302314044 5 10
302314043 30 7
302314042 45 2
302314041 6 38
302314037 14 4
302314034 0 0
302314032 1 0
302314028 10 7
302314027 19 3
302314022 15 0
302314020 43 1
302314012 35 3
302314008 25 2
302314006 1 1
302314005 3 1
302314004 15 2
302314003 28 8
302314001 35 3
302314000 1 0
302313999 22 1
302313995 35 5
302313992 22 3
302313990 1 1
302313987 12 2
302313986 10 4
302313984 22 2
302313982 15 1
302313981 25 0
302313979 7 1
302313976 17 1
302313975 0 0
302313973 12 1
302313972 5 4
302313969 2 1
302313967 4 0
302313966 16 17
302313965 0 8
302313964 35 7
302313963 29 1
302313959 34 2
302313958 74 5
302313956 11 1
302313955 28 15
302313953 5 0
302313951 21 3
302313950 13 8
302313949 0 0
302313947 51 3
302313945 5 0
302313941 10 40
302313940 9 12
302313939 60 3
302313938 20 2
302313935 12 4
302313934 7 5
302313932 2 39
302313931 2 18
302313930 18 5
302313929 4 17
302313926 14 3
302313925 0 0
302313924 23 4
302313923 8 3
302313922 8 2
302313920 6 11
302313919 33 0
302313918 18 1
302313917 0 0
302313913 15 3
302313912 33 2
302313911 18 0
302313910 11 0
302313909 44 3
302313908 8 2
302313907 24 8
302313906 40 5
302313903 20 2
302313902 10 0
302313901 6 2
302313900 6 1
302313898 23 8
302313895 10 10
302313894 33 1
302313893 26 6
302313891 19 2
302313890 8 0
302313889 5 0
302313887 0 0
302313886 31 2
302313884 21 4
302313882 13 5
302313880 8 10
302313878 25 4
302313877 16 1
302313876 16 10
302313874 22 2
302313872 7 2
302313869 20 3
302313868 17 3
302313864 73 3
302313862 38 4
302313861 20 6
302313860 21 4
302313859 13 6
302313858 20 5
302313857 16 5
302313856 11 7
302313855 0 0
302313854 0 0
302313852 22 6
302313851 17 4
302313850 0 0
302313849 15 5
302313848 37 1
302313847 23 5
302313846 19 4
302313845 16 3
302313844 0 0
302313842 19 3
302313839 7 1
302313838 0 0
302313836 20 3
302313832 12 3
302313831 3 5
302313830 22 26
302313827 4 10
302313826 0 0
302313824 3 7
302313823 0 0
302313822 7 2
302313821 11 0
302313820 15 7
302313817 8 24
302313816 7 0
302313813 5 1
302313812 9 20
302313810 35 6
302313809 6 35
302313808 492 19
302313807 6 9
302313806 12 2
302313805 8 3
302313802 21 2
302313801 2 0
302313800 19 3
302313799 6 2
302313798 0 0
302313797 1 0
302313796 18 8
302313794 6 3
302313792 18 2
302313791 19 4
302313788 12 4
302313787 3 8
302313786 4 9
302313784 15 5
302313783 11 3
302313781 14 3
302313780 35 1
302313779 1 0
302313777 7 0
302313776 75 4
302313775 5 0
302313770 13 2
302313769 6 6
302313768 12 32
302313767 24 3
302313766 5 1
302313765 18 0
302313762 25 2
302313761 6 3
302313760 8 5
302313759 2 0
302313754 22 6
302313753 23 0
302313752 9 2
302313751 32 4
302313750 19 9
302313749 6 5
302313748 52 4
302313747 29 2
302313746 36 2
302313745 7 3
302313744 12 3
302313743 7 8
302313742 8 4
302313741 7 4
302313740 0 0
302313739 5 2
302313738 7 1
302313736 7 49
302313735 6 4
302313731 11 1
302313730 23 17
302313729 9 6
302313725 4 10
302313724 8 7
302313722 8 0
302313717 0 0
302313716 11 7
302313715 6 15
302313714 27 2
302313713 4 0
302313712 1 0
302313711 26 1
302313710 0 0
302313709 8 1
302313708 85 8
302313707 13 0
302313704 212 4
302313703 21 8
302313702 12 4
302313698 393 62
302313696 2 0
302313695 8 8
302313691 0 0
302313690 6 6
302313689 14 0
302313687 13 1
302313686 11 2
302313685 3 5
302313684 0 9
302313683 12 3
302313682 8 2
302313679 13 1
302313678 3 8
302313677 18 5
302313676 13 0
302313675 33 15
302313674 1 0
302313673 1 2
302313671 0 0
302313670 3 12
302313668 30 5
302313667 6 5
302313663 6 0
302313662 3 5
302313658 11 22
302313657 0 0
302313655 19 3
302313654 9 3
302313653 13 7
302313652 7 9
302313649 15 9
302313648 21 4
302313647 36 15
302313645 6 5
302313644 17 3
302313643 30 5
302313642 9 2
302313641 2 1
302313639 10 3
302313638 17 4
302313635 2 0
302313632 9 3
302313629 13 35
302313628 22 6
302313627 10 2
302313626 8 0
302313624 1 0
302313623 10 7
302313621 0 0
302313620 9 1
302313619 10 49
302313616 19 4
302313615 15 1
302313612 5 2
302313611 5 0
302313610 8 6
302313608 8 0
302313607 15 0
302313606 0 0
302313605 31 0
302313603 6 5
302313601 1 4
302313600 39 5
302313599 20 4
302313598 13 3
302313596 30 3
302313595 7 0
302313594 32 1
302313593 12 31
302313591 7 0
302313589 7 1
302313587 9 0
302313585 9 1
302313583 9 1
302313581 20 2
302313579 0 0
302313577 17 1
302313572 0 0
302313570 1 2
302313569 0 0
302313568 8 6
302313566 3 0
302313564 10 3
302313563 27 3
302313560 13 3
302313559 0 1
302313557 5 0
302313556 10 0
302313555 14 1
302313553 0 0
302313551 25 1
302313549 31 1
302313548 10 11
302313546 24 2
302313544 0 0
302313543 19 4
302313541 4 7
302313540 3 2
302313539 0 0
302313537 18 1
302313536 16 1
302313534 3 22
302313533 10 27
302313531 25 4
302313530 12 14
302313529 20 3
302313527 20 0
302313526 6 4
302313524 7 3
302313523 37 0
302313522 0 0
302313520 13 2
302313519 1 0
302313518 23 0
302313516 0 1
302313515 0 0
302313514 6 3
302313513 8 4
302313512 720 6
302313509 0 0
302313507 0 0
302313506 17 1
302313505 3 4
302313504 8 8
302313503 7 19
302313501 32 12
302313500 3 0
302313497 18 3
302313496 6 4
302313495 6 0
302313494 0 0
302313493 34 6
302313492 30 10
302313489 13 2
302313488 18 1
302313487 12 1
302313486 3 3
302313485 0 0
302313484 33 1
302313483 42 1
302313481 0 0
302313478 6 3
302313476 12 4
302313475 0 0
302313474 5 2
302313473 30 5
302313471 11 2
302313469 17 1
302313468 15 5
302313467 0 0
302313463 5 6
302313459 7 0
302313458 0 2
302313456 1 3
302313455 19 6
302313454 33 0
302313453 2 0
302313452 1 0
302313450 11 4
302313449 0 3
302313447 36 7
302313446 1 0
302313445 1 0
302313443 532 91
302313442 17 0
302313441 7 1
302313440 14 5
302313438 11 25
302313437 14 4
302313436 11 9
302313434 8 26
302313433 21 0
302313432 5 0
302313431 0 1
302313428 3 4
302313427 4 3
302313426 34 1
302313425 25 4
302313423 22 4
302313422 17 1
302313421 0 0
302313419 17 0
302313418 1 0
302313416 13 4
302313414 8 1
302313413 2 4
302313412 12 0
302313411 34 7
302313408 2 7
302313405 25 3
302313404 14 1
302313403 6 3
302313402 12 1
302313401 23 3
302313399 9 4
302313397 19 0
302313395 4 1
302313394 1 0
302313390 4 8
302313388 21 0
302313387 1 0
302313386 8 7
302313384 11 1
302313383 0 0
302313382 0 0
302313380 5 8
302313379 35 4
302313378 8 0
302313375 3 1
302313372 0 3
302313371 12 4
302313370 16 1
302313366 31 5
302313364 32 0
302313362 2 6
302313358 28 2
302313357 1 5
302313356 15 3
302313355 3 0
302313354 8 1
302313353 39 6
302313352 1 0
302313351 5 5
302313349 413 5
302313348 19 44
302313346 6 0
302313342 3 2
302313340 11 0
302313339 14 0
302313338 0 0
302313337 21 2
302313335 21 16
302313334 1 26
302313332 26 3
302313331 0 17
302313330 2 25
302313329 10 1
302313326 2 5
302313325 27 3
302313324 13 6
302313322 3 2
302313321 390 13
302313320 0 1
302313319 0 1
302313316 1 1
302313314 10 13
302313313 16 3
302313312 638 18
302313311 19 4
302313310 15 4
302313308 19 3
302313307 18 1
302313305 15 3
302313303 20 4
302313302 15 26
302313301 12 40
302313299 0 1
302313298 1 1
302313297 1 1
302313296 39 3
302313294 4 4
302313293 14 7
302313292 37 13
302313291 4 6
302313290 0 0
302313289 34 1
302313288 3 0
302313287 1 37
302313286 2 0
302313285 0 0
302313284 14 2
302313283 17 0
302313281 0 0
302313279 2 41
302313278 20 6
302313277 0 1
302313276 3 6
302313275 15 6
302313274 5 4
302313273 17 2
302313272 6 6
302313271 22 6
302313270 15 4
302313269 20 0
302313266 9 6
302313265 34 15
302313261 3 1
302313259 45 2
302313258 0 0
302313256 1 0
302313255 4 2
302313253 592 19
302313250 7 0
302313249 24 1
302313247 14 3
302313244 33 7
302313243 4 0
302313242 9 1
302313241 25 8
302313240 35 3
302313239 7 0
302313237 7 0
302313236 6 1
302313234 21 2
302313233 32 7
302313232 11 0
302313231 0 0
302313229 9 11
302313228 13 1
302313227 20 5
302313225 1 0
302313222 20 5
302313221 7 1
302313218 1 1
302313216 25 3
302313214 24 2
302313213 211 3
302313212 24 0
302313210 8 1
302313209 36 9
302313206 22 5
302313205 26 4
302313203 6 27
302313202 0 4
302313201 6 0
302313200 18 8
302313199 36 11
302313198 7 0
302313196 2 38
302313195 12 0
302313194 25 3
302313193 35 6
302313192 5 1
302313191 0 0
302313190 28 2
302313189 2 33
302313187 28 2
302313186 2 1
302313184 0 0
302313181 0 0
302313180 0 39
302313179 23 2
302313175 0 0
302313174 3 0
302313173 13 3
302313169 6 6
302313167 0 0
302313166 1 8
302313161 20 3
302313159 32 4
302313155 25 0
302313154 10 0
302313153 0 0
302313152 13 24
302313150 16 1
302313149 43 1
302313148 6 4
302313147 8 21
302313146 20 7
302313145 32 1
302313144 22 2
302313143 4 0
302313142 1 0
302313139 1 8
302313137 0 0
302313135 25 2
302313134 20 0
302313133 0 0
302313132 445 11
302313129 7 1
302313126 24 2
302313124 2 1
302313123 479 9
302313122 6 2
302313121 11 3
302313120 13 23
302313119 21 5
302313117 3 0
302313115 0 0
302313114 1440 48
302313111 24 3
302313110 11 4
302313109 9 0
302313108 33 5
302313107 12 7
302313106 6 56
302313103 9 6
302313102 0 0
302313098 1 3
302313096 45 15
302313093 22 0
302313091 14 0
302313090 309 6
302313089 7 0
302313087 9 2
302313086 18 5
302313085 15 9
302313084 32 30
302313083 0 0
302313081 2 0
302313080 28 30
302313079 22 3
302313078 4 39
302313077 1 11
302313076 0 0
302313075 7 0
302313074 447 35
302313072 6 32
302313071 452 6
302313070 0 0
302313069 9 15
302313067 17 4
302313065 10 0
302313063 18 3
302313062 1 0
302313059 1 1
302313058 0 0
302313057 29 2
302313056 6 3
302313055 0 1
302313051 240 37
302313050 414 11
302313048 0 0
302313047 2 0
302313046 13 2
302313045 0 0
302313043 0 1
302313041 26 6
302313039 11 7
302313038 1 0
302313037 6 1
302313036 0 0
302313034 0 27
302313033 4 2
302313032 45 0
302313031 9 3
302313030 5 56
302313028 10 2
302313027 30 4
302313025 0 3
302313023 10 4
302313022 30 3
302313021 1 21
302313019 0 0
302313018 1 1
302313017 32 13
302313016 0 1
302313015 16 22
302313014 29 2
302313011 3 4
302313010 1 4
302313009 8 2
302313008 16 32
302313007 7 1
302313006 3 1
302313001 14 6
302313000 9 6
302312999 9 2
302312998 0 10
302312997 6 1
302312996 0 1
302312995 7 2
302312993 0 1
302312988 8 5
302312987 26 4
302312985 3 0
302312984 673 9
302312983 8 0
302312982 5 1
302312981 0 0
302312979 0 0
302312978 15 1
302312977 13 2
302312976 12 3
302312974 1 9
302312973 3 5
302312971 0 0
302312969 3 0
302312968 3 6
302312967 1 7
302312966 0 2
302312965 1 1
302312964 8 0
302312963 8 13
302312962 1 0
302312961 16 4
302312960 590 51
302312959 0 0
302312958 8 0
302312957 4 2
302312956 14 3
302312955 25 2
302312953 5 0
302312952 9 1
302312951 10 3
302312950 8 1
302312948 8 0
302312947 7 1
302312945 7 1
302312944 1 0
302312943 0 0
302312942 0 2
302312941 1 5
302312940 0 0
302312939 0 0
302312938 37 6
302312937 11 3
302312936 2 0
302312935 8 3
302312934 8 1
302312933 0 0
302312932 8 1
302312931 0 0
302312930 8 1
302312929 1011 70
302312928 0 11
302312925 5 0
302312924 5 5
302312923 2 0
302312922 706 7
302312921 35 3
302312920 0 1
302312919 0 15
302312917 678 104
302312916 22 1
302312914 0 1
302312913 12 0
302312911 1 1
302312910 6 1
302312909 6 1
302312908 1 0
302312906 45 20
302312905 10 32
302312903 10 1
302312902 5 2
302312900 449 13
302312899 7 2
302312898 18 3
302312897 1 2
302312896 0 0
302312895 8 1
302312894 14 0
302312893 4 3
302312892 19 0
302312891 295 8
302312890 0 1
302312888 36 8
302312887 0 0
302312886 1066 158
302312885 6 1
302312884 7 1
302312883 26 2
302312882 11 6
302312881 12 6
302312880 8 0
302312878 3 8
302312877 20 0
302312876 3 9
302312875 0 0
302312874 11 1
302312873 7 0
302312872 8 0
302312871 10 2
302312870 3 1
302312869 0 0
302312868 0 0
302312866 6 0
302312864 6 1
302312863 0 1
302312862 8 0
302312860 5 0
302312859 12 0
302312858 2 1
302312855 0 0
302312854 1 0
302312853 3 4
302312852 6 0
302312851 11 1
302312850 7 20
302312849 3 0
302312848 2 0
302312847 1 0
302312846 7 1
302312845 9 0
302312844 10 1
302312843 2 37
302312842 0 0
302312841 9 2
302312840 5 17
302312838 5 1
302312837 2 3
302312836 7 0
302312835 11 1
302312834 6 0
302312833 11 5
302312831 7 14
302312829 4 21
302312826 5 0
302312825 1250 91
302312823 27 2
302312822 5 0
302312821 248 40
302312820 30 4
302312819 2 0
302312818 4 0
302312817 1 6
302312816 7 1
302312815 0 2
302312814 23 0
302312813 1 1
302312812 10 4
302312811 1 1
302312809 13 1
302312808 5 1
302312806 6 1
302312805 5 1
302312804 6 2
302312803 11 4
302312800 19 1
302312799 0 0
302312798 6 2
302312797 22 1
302312796 703 66
302312794 16 0
302312793 1194 78
302312792 20 1
302312791 2 0
302312790 0 0
302312789 20 5
302312788 967 63
302312786 3 2
302312785 1 0
302312784 4 4
302312783 2 4
302312782 2 2
302312781 388 14
302312780 11 1
302312779 740 6
302312778 22 3
302312775 22 27
302312774 4 3
302312773 11 1
302312771 0 0
302312769 20 0
302312768 29 2
302312767 0 0
302312766 21 5
302312765 0 0
302312764 14 5
302312763 7 1
302312761 5 3
302312760 1 1
302312759 7 2
302312758 7 4
302312757 6 0
302312756 6 3
302312755 5 3
302312754 27 1
302312753 8 1
302312752 0 0
302312751 11 5
302312750 13 3
302312749 4 3
302312748 19 7
302312747 8 67
302312746 14 4
302312745 1 0
302312744 9 0
302312743 8 1
302312740 1 0
302312739 370 13
302312737 21 2
302312736 0 1
302312734 19 0
302312733 2 2
302312732 0 23
302312731 4 5
302312730 2 3
302312729 3 0
302312728 2 0
302312727 0 0
302312726 8 7
302312725 9 3
302312723 6 1
302312722 0 0
302312721 1157 3
302312720 6 2
302312719 16 3
302312718 51 19
302312717 4 6
302312716 7 7
302312714 3 3
302312713 2 1
302312711 32 8
302312707 6 0
302312705 15 4
302312704 15 1
302312703 6 16
302312702 15 2
302312699 21 47
302312698 25 6
302312697 1 0
302312696 44 8
302312695 17 13
302312692 2 0
302312691 27 16
302312690 4 2
302312689 15 5
302312688 11 0
302312687 15 2
302312686 6 0
302312685 1073 34
302312684 16 2
302312683 20 5
302312682 8 1
302312681 5 2
302312680 15 2
302312679 14 1
302312678 2 63
302312677 16 2
302312676 4 0
302312675 2 0
302312674 26 0
302312673 697 16
302312670 11 22
302312669 17 5
302312668 7 2
302312667 16 0
302312666 15 1
302312665 16 0
302312664 7 0
302312663 0 0
302312662 10 0
302312661 0 0
302312660 14 2
302312659 2 2
302312658 6 0
302312656 18 1
302312655 33 2
302312654 46 14
302312653 0 1
302312652 7 0
302312651 4 2
302312650 7 125
302312649 819 16
302312648 14 39
302312647 3 44
302312646 3 2
302312644 21 3
302312643 13 5
302312642 8 3
302312641 14 4
302312640 8 77
302312639 10 3
302312638 10 12
302312636 1 0
302312635 10 2
302312634 0 0
302312633 804 18
302312632 14 4
302312631 37 7
302312630 14 0
302312629 19 6
302312628 10 5
302312627 13 0
302312626 0 0
302312625 8 9
302312624 5 10
302312623 12 0
302312622 10 0
302312621 4 72
302312620 38 12
302312619 599 8
302312618 9 1
302312617 0 0
302312613 2 1
302312612 13 7
302312611 8 7
302312610 10 1
302312609 7 80
302312608 8 1
302312607 5 2
302312606 577 4
302312605 21 4
302312604 7 0
302312603 8 4
302312602 18 5
302312601 1 1
302312600 35 2
302312599 8 4
302312597 3 1
302312596 21 4
302312595 11 1
302312594 7 88
302312593 4 1
302312592 0 0
302312591 14 4
302312590 371 28
302312589 4 1
302312588 18 2
302312587 17 2
302312586 17 4
302312584 20 0
302312583 1 1
302312582 389 30
302312580 8 18
302312579 22 2
302312578 0 0
302312577 14 1
302312576 0 0
302312575 16 0
302312573 4 145
302312571 3 3
302312569 0 0
302312568 6 0
302312567 7 1
302312566 25 5
302312564 5 1
302312562 5 2
302312561 0 0
302312560 959 18
302312558 10 1
302312557 1 1
302312555 8 0
302312554 0 0
302312551 16 3
302312550 8 0
302312549 10 1
302312547 579 3
302312545 14 2
302312544 1 0
302312542 454 14
302312540 9 1
302312538 11 8
302312535 13 13
302312534 10 9
302312533 0 1
302312532 7 6
302312530 7 3
302312529 6 66
302312528 14 1
302312527 6 19
302312526 0 0
302312525 32 15
302312523 6 0
302312522 4 41
302312519 8 206
302312517 21 1
302312514 1 1
302312513 16 5
302312512 36 1
302312511 4 3
302312509 12 2
302312508 5 6
302312507 9 18
302312506 13 3
302312505 0 0
302312503 818 33
302312502 519 6
302312501 19 7
302312500 8 5
302312499 18 911
302312497 12 0
302312496 4 3
302312495 4 1
302312493 33 9
302312492 6 1
302312491 11 2
302312490 2 1
302312489 5 2
302312488 544 64
302312487 0 0
302312486 3 1
302312485 24 5
302312484 9 3
302312483 8 1
302312481 6 8
302312480 33 2
302312479 8 1
302312477 27 3
302312476 17 12
302312475 767 36
302312474 12 2
302312473 0 0
302312472 92 28
302312471 0 0
302312470 1 0
302312468 4 1
302312467 0 1
302312466 11 2
302312465 392 22
302312464 6 0
302312463 0 0
302312462 1 40
302312461 0 2
302312458 2 1
302312456 1277 124
302312455 12 6
302312454 9 0
302312453 6 1
302312452 5 109
302312451 12 0
302312450 446 24
302312449 3 1
302312448 5 0
302312447 5 2
302312445 35 1
302312444 1 0
302312442 7 1
302312440 1138 22
302312436 10 1
302312434 0 1
302312433 8 0
302312432 0 0
302312431 4 15
302312430 10 0
302312429 8 18
302312428 6 2
302312427 8 0
302312426 24 3
302312424 4 0
302312422 2 1
302312421 0 0
302312420 394 11
302312418 10 10
302312417 8 1
302312416 16 4
302312415 4 2
302312414 7 0
302312413 18 3
302312411 12 0
302312409 24 4
302312408 1122 25
302312407 0 0
302312406 1656 37
302312405 16 5
302312404 0 0
302312403 0 0
302312402 864 37
302312400 2 1
302312399 4 1
302312397 7 0
302312396 613 12
302312393 8 1
302312392 13 50
302312391 15 4
302312390 1 1
302312389 13 0
302312388 14 0
302312387 5 0
302312386 11 2
302312385 0 0
302312382 0 0
302312380 9 3
302312379 12 2
302312378 0 0
302312375 4 1
302312374 18 1
302312373 399 56
302312372 14 1
302312371 20 0
302312370 16 11
302312369 5 1
302312368 1 0
302312367 0 1
302312366 7 4
302312365 14 9
302312364 0 1
302312361 11 0
302312360 23 0
302312359 3 2
302312358 0 1
302312357 1 1
302312355 1 2
302312354 4 14
302312353 1499 223
302312351 3 0
302312350 5 2
302312348 2 0
302312347 5 12
302312346 5 47
302312345 8 0
302312344 8 0
302312340 21 2
302312339 4 0
302312337 2 0
302312335 4 0
302312334 3 3
302312333 1059 17
302312332 0 0
302312331 9 4
302312329 8 8
302312328 8 0
302312327 3 7
302312326 1084 19
302312324 17 2
302312323 15 1
302312322 1 25
302312320 2 0
302312317 0 1
302312316 43 12
302312315 17 0
302312314 761 33
302312313 0 3
302312312 5 4
302312311 0 0
302312310 713 40
302312309 4 3
302312308 18 0
302312305 2 1
302312304 0 1
302312303 12 32
302312302 17 1
302312299 0 0
302312298 2 0
302312297 305 6
302312295 3 2
302312294 11 0
302312293 12 57
302312292 9 12
302312290 9 10
302312289 11 0
302312288 9 5
302312287 19 0
302312286 2 3
302312284 7 11
302312283 285 6
302312282 6 1
302312280 23 4
302312279 265 21
302312278 0 1
302312277 5 0
302312276 0 1
302312274 5 3
302312272 12 0
302312271 22 3
302312270 4 23
302312269 14 2
302312268 4 1
302312267 13 0
302312266 0 1
302312265 11 3
302312264 8 30
302312263 21 1
302312262 6 1
302312261 0 3
302312260 11 2
302312259 2 1
302312257 0 1
302312256 8 2
302312255 8 2
302312253 3 1
302312252 0 0
302312251 0 0
302312250 9 11
302312249 17 0
302312248 1 2
302312247 261 22
302312246 1 0
302312245 580 44
302312244 0 1
302312243 6 0
302312242 0 1
302312241 0 0
302312240 1 1
302312239 1 1
302312238 40 9
302312236 527 33
302312235 2 1
302312234 1729 27
302312233 5 0
302312232 5 2
302312231 1 2
302312230 9 2
302312228 11 1
302312227 3 0
302312226 5 0
302312225 9 0
302312224 9 64
302312223 5 5
302312222 0 0
302312221 7 8
302312220 5 1
302312219 15 1
302312217 6 0
302312216 0 0
302312215 327 34
302312213 6 1
302312212 3 0
302312211 1 1
302312210 0 0
302312208 15 1
302312207 20 0
302312206 7 0
302312203 3 0
302312202 4 0
302312201 2 1
302312200 0 0
302312199 12 2
302312198 1 0
302312197 0 2
302312196 201 13
302312195 8 0
302312194 9 1
302312193 5 74
302312192 7 10
302312191 13 15
302312190 8 1
302312189 812 19
302312188 787 237
302312187 1 3
302312186 0 1
302312185 14 7
302312183 8 0
302312181 5 1
302312180 0 0
302312179 7 1
302312178 829 77
302312177 1 0
302312175 1 0
302312174 4 0
302312173 5 81
302312172 32 1
302312170 6 3
302312169 1327 32
302312168 4 0
302312167 1 3
302312165 6 2
302312164 9 2
302312163 6 23
302312162 2 0
302312161 16 1
302312160 443 91
302312159 13 0
302312158 3 12
302312157 4 11
302312156 11 2
302312155 9 1
302312154 1008 88
302312153 7 0
302312152 0 0
302312151 0 0
302312146 9 0
302312145 2311 56
302312143 1 0
302312141 9 2
302312140 431 7
302312139 14 0
302312137 8 1
302312136 1 0
302312133 8 16
302312132 1 47
302312131 15 27
302312130 18 3
302312129 0 2
302312128 5 42
302312127 4 58
302312126 1 1
302312125 7 0
302312124 1 0
302312123 0 6
302312122 4 0
302312121 6 17
302312120 31 7
302312119 3 0
302312118 2 7
302312117 1 1
302312116 0 0
302312115 1 0
302312114 17 3
302312112 0 3
302312111 11 2
302312110 5 1
302312109 5 2
302312108 1 0
302312107 0 1
302312104 1083 52
302312103 13 0
302312102 4 0
302312101 4 1
302312100 16 1
302312099 17 4
302312098 0 0
302312097 0 0
302312096 3 6
302312095 0 0
302312094 1 3
302312093 3 2
302312092 4 0
302312091 0 1
302312090 10 38
302312089 9 3
302312088 647 196
302312086 0 0
302312085 10 5
302312084 0 1
302312083 13 2
302312082 0 0
302312081 1347 11
302312080 1849 363
302312079 12 3
302312078 0 0
302312077 6 8
302312076 19 2
302312075 11 23
302312073 8 0
302312072 939 11
302312071 11 1
302312070 0 0
302312069 769 61
302312068 1 0
302312067 0 0
302312066 4 0
302312063 0 0
302312061 4 0
302312060 1 1
302312059 3 38
302312058 1 0
302312057 1220 13
302312055 2 1
302312054 10 0
302312053 2 0
302312052 2 3
302312051 2 1
302312050 5 1
302312049 2 0
302312048 8 2
302312047 1 0
302312046 0 0
302312045 0 0
302312044 0 0
302312043 1 0
302312041 1 2
302312040 9 2
302312039 8 0
302312038 15 10
302312037 0 0
302312036 0 0
302312035 11 2
302312034 6 2
302312033 10 0
302312032 2 0
302312031 1 0
302312030 12 2
302312029 0 0
302312028 0 1
302312026 3 39
302312025 12 1
302312024 4 2
302312023 4 2
302312022 8 5
302312020 773 22
302312019 3 1
302312018 14 0
302312017 5 0
302312015 3 0
302312014 1 2
302312013 0 0
302312012 3 0
302312011 367 114
302312010 0 0
302312009 4 1
302312008 1 0
302312007 1 0
302312006 0 0
302312005 3 33
302312003 11 1
302312001 0 0
302312000 4 0
302311999 2 3
302311998 1074 6
302311997 1 0
302311996 3 2
302311995 0 0
302311994 2 0
302311993 6 7
302311992 11 2
302311991 10 0
302311989 17 1
302311988 8 0
302311987 0 0
302311986 10 0
302311985 0 0
302311984 17 3
302311983 2 9
302311982 625 151
302311981 0 0
302311979 0 0
302311978 0 0
302311977 2 5
302311976 1 0
302311975 2 0
302311973 0 0
302311972 1135 43
302311971 2266 82
302311970 8 1
302311969 1099 27
302311968 9 0
302311967 13 58
302311965 0 0
302311963 0 0
302311962 9 1
302311961 7 0
302311960 13 3
302311959 2 2
302311958 2 1
302311957 5 2
302311956 697 28
302311955 1 0
302311954 8 3
302311953 2 1
302311952 6 9
302311951 6 1
302311950 5 0
302311949 0 1
302311948 1 0
302311947 0 0
302311946 728 79
302311944 0 0
302311943 0 0
302311942 1 0
302311941 12 1
302311940 2 0
302311939 10 0
302311938 5 1
302311936 11 1
302311934 4 0
302311933 0 0
302311929 3777 49
302311928 14 1
302311926 2 5
302311925 7 0
302311924 15 3
302311923 3646 36
302311922 4 0
302311921 15 4
302311919 1 0
302311918 1 0
302311917 1 1
302311915 0 0
302311914 0 0
302311913 9 1
302311912 1 2
302311911 28 1
302311910 2 1
302311907 1 27
302311906 5 1
302311904 1 0
302311903 0 1
302311902 10 2
302311901 9 0
302311900 7 0
302311897 1 0
302311896 10 0
302311894 29 1
302311893 2 1
302311891 6 0
302311890 0 0
302311889 6193 358
302311887 6 1
302311886 7 4
302311885 16 26
302311884 220 69
302311883 3875 421
302311882 4 46
302311881 2 0
302311880 5 13
302311879 0 1
302311878 0 0
302311877 2 9
302311876 2 3
302311875 3 0
302311874 0 0
302311872 883 18
302311871 15 0
302311870 2493 399
302311869 15 6
302311868 0 1
302311867 2 7
302311866 0 3
302311865 0 1
302311864 0 0
302311863 1 8
302311862 3222 402
302311861 10 3
302311860 2 2
302311859 3 0
302311857 4000 55
302311856 10 1
302311855 0 0
302311854 3 1
302311853 949 4
302311851 2888 244
302311850 6035 60
302311848 5 61
302311847 13 0
302311846 1 0
302311845 0 0
302311843 0 0
302311842 1 2
302311841 4 3
302311840 0 0
302311839 7 2
302311838 17 2
302311837 0 0
302311836 2307 64
302311835 5 2
302311834 1 0
302311833 2 2
302311832 7 3
302311831 3 31
302311830 1 3
302311829 30 10
302311827 2 5
302311826 0 1
302311825 12 3
302311824 478 5
302311823 2 1
302311822 0 0
302311821 1 1
302311820 0 1
302311819 0 0
302311818 13 2
302311817 1 0
302311816 2 1
302311815 24 2
302311814 1 3
302311813 1 0
302311812 9 3
302311811 0 3
302311810 1 0
302311809 19 5
302311808 615 22
302311807 0 0
302311806 0 0
302311804 1739 226
302311803 2 1
302311802 0 0
302311801 2 3
302311800 2 0
302311799 20 2
302311797 4 1
302311796 6 17
302311795 3 1
302311794 3 0
302311793 1 0
302311790 10 1
302311789 13 1
302311787 1 2
302311786 10 2
302311785 0 0
302311784 5382 548
302311782 686 12
302311781 2 1
302311780 0 1
302311779 9 1
302311778 1 0
302311777 2 0
302311776 3 14
302311775 4 4
302311774 7 57
302311773 3 0
302311772 0 1
302311771 0 0
302311770 0 0
302311769 0 1
302311768 2 40
302311767 2403 46
302311766 1033 32
302311765 0 0
302311764 11 1
302311763 0 0
302311762 0 0
302311761 2 3
302311760 0 0
302311759 3 1
302311758 0 0
302311757 3 1
302311756 3 1
302311755 4 10
302311754 0 0
302311753 3 2
302311752 0 2
302311751 1 1
302311750 0 0
302311749 0 0
302311748 1 3
302311747 1 8
302311744 0 0
302311743 0 1
302311740 0 3
302311739 1 0
302311738 5 1
302311735 0 1
302311734 0 2
302311733 1 0
302311732 0 2
302311731 2 3
302311729 0 0
302311728 4 1
302311727 0 0
302311726 0 2
302311725 1 1
302311724 0 1
302311723 8 7
302311722 9 1
302311721 0 2
302311720 0 3
302311719 0 3
302311718 2 0
302311717 0 2
302311715 0 0
302311714 2 1
302311713 2 4
302311710 0 0
302311709 0 0
302311707 0 2
302311705 4 3
302311702 1 1
302311701 3 0
302311700 1 1
302311699 0 3
302311698 8 0
302311696 0 1
302311695 0 0
302311694 3 0
302311693 0 3
302311691 0 3
302311690 0 3
302311689 16 1
302311688 0 0
302311687 2 1
302311686 1 10
302311685 11 5
302311683 2 1
302311682 0 3
302311681 0 2
302311680 0 3
302311678 1 0
302311677 0 0
302311676 0 3
302311675 0 0
302311674 0 3
302311673 1 3
302311672 0 0
