303957571 0 0
303957281 0 0
303952248 0 0
303941542 0 0
303915010 2 2
303871910 16 1
303862530 1 0
303862513 2 0
303862489 2 0
303862484 3 2
303859752 0 1
303858759 9 2
303857134 1 1
303856964 2 0
303851943 1 1
303824109 3 2
303814848 1 0
303805197 2 1
303805166 12 0
303804934 0 0
303804485 5 0
303797739 0 6
303792007 0 0
303790510 8 0
303744924 0 0
303744738 1 0
303743759 0 0
303741023 26 0
303741015 9 1
303737890 2 0
303737641 5 0
303737601 0 0
303732816 2 0
303731809 3 1
303731730 5 2
303731651 5 0
303731602 7 0
303731551 3 0
303730333 2 2
303723960 18 2
303672693 0 1
303672389 3 1
303668415 0 2
303665951 0 1
303665948 5 3
303665585 2 1
303664815 1 2
303662899 10 1
303662866 1 0
303641355 5 2
303641336 0 0
303641332 0 0
303641327 5 1
303641321 4 0
303622328 3 0
303622319 29 1
303586216 0 0
303586071 2 0
303579611 0 0
303577699 4 0
303576256 3 0
303567057 6 0
303560877 2 1
303538425 0 0
303507275 67 0
303507037 0 0
303506721 0 0
303503891 11 1
303503890 14 1
303503772 5 0
303500389 0 5
303499793 0 0
303494954 13 0
303475736 1 0
303429306 12 6
303412662 0 0
303411406 1 0
303411149 4 5
303407368 0 0
303382768 1 2
303382510 3 0
303325903 5 1
303325820 3 2
303325411 8 2
303324456 3 4
303316975 7 1
303316971 9 0
303316962 2 0
303316951 11 0
303316914 2 1
303316293 5 0
303315756 10 0
303311907 21 5
303307571 9 0
303301248 2 0
303254132 3 6
303249986 2 24
303248601 0 0
303202889 6 0
303202025 15 0
303162851 19 4
303162635 0 0
303162377 23 3
303162374 29 0
303156603 2 39
303155510 3 0
303154676 3 0
303146507 14 1
303145856 5 3
303142836 1 7
303135988 7 35
303115170 7 2
303079828 0 0
303079745 25 0
303079512 1 0
303078657 6 2
303078387 1 5
303078380 2 0
303078218 8 9
303075139 2 12
303074273 2 3
303074064 2 0
303072564 6 3
303072550 25 1
303072282 98 1
303071924 0 0
303070968 9 3
303070964 10 0
303069504 1 1
303069236 7 0
303067187 3 1
303050026 0 17
302988380 1 0
302986177 3 1
302984430 24 3
302983990 9 2
302983984 18 3
302980044 2 0
302979510 7 7
302978159 9 3
302976575 38 1
302976388 16 0
302973467 11 8
302973439 10 1
302971695 16 3
302971460 53 2
302970026 3 2
302950377 3 2
302949713 0 1
302925557 4 13
302913007 4 22
302909249 0 0
302900723 0 0
302894161 3 2
302894086 3 3
302893930 0 1
302893732 0 0
302893271 0 0
302892951 5 1
302892489 0 0
302887409 1 4
302884697 9 23
302884695 9 6
302884160 1 5
302884158 8 3
302884137 11 2
302883600 1 13
302883535 1 2
302883249 85 1
302882463 0 1
302882115 4 7
302881697 3 2
302880937 29 5
302880928 20 0
302880919 5 1
302880912 42 2
302880638 1 2
302880326 0 0
302880070 30 5
302880026 47 0
302879996 15 0
302879076 4 2
302878778 4 3
302877293 12 0
302875183 32 0
302874059 16 1
302873322 1 2
302872738 0 8
302872232 15 2
302870522 17 1
302869031 9 3
302854085 23 1
302853595 37 12
302852434 28 4
302851768 12 1
302844284 40 2
302843917 37 1
302842327 34 1
302832417 1 2
302832209 0 0
302831165 5 0
302829804 2 1
302829761 18 1
302829181 4 1
302822673 4 0
302822100 4 1
302818989 6 0
302818776 10 1
302818633 17 0
302818615 3 0
302818595 48 2
302818552 3 5
302817888 0 0
302817582 0 0
302817558 4 7
302817499 2 2
302817497 6 4
302817495 3 2
302817335 16 8
302817156 4 1
302817131 3 1
302817128 5 2
302816891 8 0
302816615 1 1
302816449 1 0
302816333 2 1
302816253 49 3
302816226 8 2
302815925 83 2
302815852 45 3
302815707 8 0
302815522 35 3
302815151 2 28
302814944 9 1
302814337 3 0
302813515 19 3
302813512 18 0
302813506 2 0
302813430 41 2
302813367 7 0
302813365 25 0
302813196 7 0
302812731 8 1
302812686 2 1
302812422 8 11
302812350 4 1
302812348 6 0
302812203 0 0
302811734 16 0
302811717 6 2
302811673 3 0
302811176 0 0
302811035 1 1
302810789 15 6
302810691 5 19
302810596 55 1
302810550 44 1
302810499 7 3
302810423 3 0
302810363 21 7
302810274 10 0
302810193 0 0
302810123 16 3
302810112 45 1
302810010 12 25
302810005 8 15
302809925 8 2
302809900 1 0
302809852 0 0
302809638 0 0
302809621 2 0
302809511 7 4
302809138 7 2
302808740 3 4
302808509 2 0
302808342 20 2
302808321 30 0
302808248 26 0
302808229 6 2
302807306 18 6
302807262 53 0
302807205 25 0
302807157 34 2
302806898 0 0
302806747 26 8
302805835 9 5
302805824 24 3
302805030 5 1
302805019 4 2
302804937 4 1
302804242 0 0
302804046 15 1
302803989 44 0
302803538 14 8
302803084 1 1
302802428 15 1
302802143 1 1
302801097 0 0
302800735 3 7
302799475 6 2
302799421 3 1
302799408 2 2
302798792 2 28
302798783 0 0
302797377 99 3
302796938 9 3
302796881 0 1
302796496 6 4
302796308 0 0
302795250 6 1
302795212 25 0
302794660 0 0
302793507 0 2
302776451 5 1
302776125 0 0
302774641 3 2
302774539 0 0
302774527 1 0
302774525 6 4
302774520 2 0
302774518 62 11
302772378 3 1
302772373 3 3
302772368 12 0
302772364 0 0
302772355 11 3
302771807 3 3
302769581 74 4
302765110 6 0
302764486 0 0
302764105 9 1
302762926 0 0
302762899 18 0
302762559 29 5
302762128 0 0
302761377 0 2
302760307 13 0
302758563 1 1
302758259 5 0
302758104 6 1
302756934 3 0
302756740 8 3
302755626 24 1
302745910 2 1
302745800 0 0
302745793 1 1
302745784 3 3
302745776 13 1
302745228 0 0
302745178 2 1
302745174 2 1
302744968 0 0
302744919 4 1
302744872 17 1
302744333 0 0
302743923 43 1
302743843 3 2
302743823 4 39
302743584 0 3
302743399 12 1
302743189 3 1
302743073 0 0
302742927 1 6
302742267 0 0
302742222 45 0
302742138 7 1
302742044 0 0
302741938 10 4
302741926 37 1
302740994 4 0
302740930 4 0
302740879 57 13
302737433 5 3
302735656 3 2
302734988 10 8
302731594 8 5
302731567 42 3
302731549 6 1
302731537 2 0
302731525 4 2
302731511 25 6
302731491 18 2
302731466 5 51
302731461 0 4
302731418 11 2
302731396 3 0
302731391 32 3
302731340 1 8
302731336 6 0
302731328 4 6
302731308 36 2
302731263 1 0
302731241 3 44
302731234 4 38
302731221 24 18
302731193 13 3
302731192 6 3
302731191 2 3
302731183 0 2
302731175 5 2
302731153 8 2
302731150 3 2
302731147 2 0
302731144 2 0
302731129 8 52
302731124 12 3
302731072 32 1
302731056 8 2
302731013 17 4
302731012 1 0
302730978 11 2
302730923 6 2
302730917 146 3
302730909 5 0
302730905 16 1
302730884 5 4
302730882 2 100
302730881 5 1
302730879 4 21
302730878 5 44
302730855 25 0
302730836 5 2
302730828 84 4
302730811 6 15
302730806 4 1
302730803 18 2
302730764 3 0
302730748 0 0
302730724 23 1
302730722 11 4
302730714 2 2
302730702 0 2
302730700 2 0
302730677 4 1
302730662 0 0
302730655 9 0
302730650 29 0
302730627 4 7
302730620 15 2
302730570 0 0
302730547 27 1
302730489 4 65
302730481 8 2
302730434 18 2
302730417 21 0
302730408 0 0
302730390 10 2
302730381 0 0
302730377 43 12
302730370 4 0
302730368 4 2
302730358 1 0
302730353 2 0
302730352 6 2
302730348 4 0
302730323 16 2
302730315 24 6
302730245 0 0
302730230 40 4
302730178 1 2
302730168 0 0
302730163 5 1
302730121 16 1
302730115 2 2
302730091 1 2
302730086 0 0
302730058 4 2
302730051 3 1
302730039 2 0
302729958 6 16
302729943 0 0
302729922 19 2
302729882 41 2
302729866 3 14
302729797 3 0
302729786 41 10
302729775 1 1
302729770 0 2
302729716 0 0
302729710 2 0
302729701 3 0
302729632 0 1
302729631 48 2
302729627 24 2
302729626 21 2
302729610 2 1
302729596 10 1
302729584 31 0
302729542 5 18
302729497 5 0
302729455 16 1
302729442 0 7
302729404 0 0
302729403 4 1
302729386 22 1
302729382 1 0
302729356 4 28
302729331 1 1
302729289 36 0
302729261 4 2
302729249 6 2
302729217 6 1
302729204 11 1
302729199 20 8
302729195 13 48
302729193 3 1
302729175 10 5
302729151 0 0
302729127 5 1
302729001 45 1
302728987 0 0
302728951 2 3
302728936 20 1
302728915 0 0
302728914 3 2
302728856 10 2
302728840 7 13
302728835 4 3
302728822 1 1
302728815 5 1
302728805 0 0
302728791 0 1
302728790 9 2
302728783 1 5
302728761 1 4
302728746 1 0
302728688 8 5
302728676 23 4
302728675 1 0
302728674 9 0
302728668 13 78
302728641 3 2
302728631 3 16
302728612 4 3
302728607 1 2
302728563 6 0
302728557 2 32
302728547 32 0
302728403 6 0
302728334 7 2
302728330 2 2
302728280 0 1
302728266 0 0
302728229 0 0
302728223 32 6
302728216 21 2
302728189 6 1
302728187 3 0
302728169 0 1
302728163 9 8
302728132 2 1
302728124 5 1
302728057 2 6
302728040 36 5
302727846 8 2
302727786 0 0
302727655 35 5
302727571 42 3
302727557 2 3
302727526 3 2
302727484 5 3
302727468 0 0
302727460 8 1
302727428 1 2
302727401 0 0
302727358 2 4
302727234 0 0
302727211 25 1
302727016 76 5
302726591 40 0
302726588 0 0
302726571 4 63
302726570 7 3
302726563 1 2
302726551 0 0
302726546 1 3
302726545 1 2
302726534 23 9
302726514 11 1
302726506 3 3
302726503 3 3
302726493 9 1
302726492 16 1
302726487 3 3
302726484 0 1
302726466 7 21
302726414 2 3
302726393 34 0
302726385 9 0
302726382 2 0
302726375 5 2
302726372 7 1
302726371 2 1
302726337 1 0
302726332 1 0
302726323 5 15
302726289 0 0
302726285 0 1
302726282 50 5
302726281 0 0
302726277 2 0
302726276 8 1
302726272 12 4
302726266 11 2
302726261 5 75
302726254 4 65
302726247 30 3
302726244 2 3
302726243 1 4
302726232 9 3
302726201 8 0
302726193 0 1
302726185 10 4
302726168 0 0
302726167 7 15
302726164 1 13
302726155 6 61
302726153 6 54
302726151 5 2
302726146 7 0
302726143 18 0
302726140 31 3
302726139 1 0
302726109 3 3
302726107 1 2
302726104 0 0
302726098 11 2
302726077 0 0
302726075 0 0
302726057 12 2
302726042 10 70
302726036 36 6
302726035 2 4
302726020 35 3
302725982 1 2
302725980 0 0
302725978 9 22
302725977 0 0
302725967 0 0
302725966 26 7
302725946 5 1
302725935 4 1
302725930 6 2
302725921 0 1
302725916 4 16
302725912 9 1
302725898 0 0
302725895 0 0
302725892 3 11
302725885 13 5
302725880 0 1
302725875 5 5
302725871 3 0
302725870 4 0
302725869 19 8
302725868 14 7
302725867 5 2
302725862 48 2
302725861 0 1
302725860 6 4
302725851 8 3
302725847 4 0
302725839 13 3
302725833 0 0
302725821 2 19
302725815 7 1
302725807 88 6
302725803 6 3
302725802 4 3
302725801 1 1
302725797 15 9
302725778 4 1
302725777 7 2
302725762 54 2
302725760 10 2
302725755 5 2
302725732 0 3
302725730 2 3
302725722 1 1
302725721 1 1
302725714 1 1
302725709 1 1
302725691 9 3
302725689 2 1
302725687 3 2
302725685 21 1
302725683 7 3
302725681 3 3
302725678 1 1
302725677 4 2
302725673 22 3
302725671 7 1
302725669 7 8
302725668 14 1
302725666 8 1
302725664 5 2
302725662 7 2
302725651 52 0
302725636 1 1
302725634 2 1
302725632 1 0
302725631 35 13
302725624 12 5
302725614 0 1
302725612 3 1
302725610 0 1
302725589 16 3
302725584 0 4
302725580 1 1
302725579 1 1
302725573 4 59
302725571 6 6
302725569 6 2
302725567 4 2
302725565 3 1
302725539 1 1
302725530 1 1
302725515 6 24
302725506 3 6
302725503 18 7
302725502 20 2
302725501 4 5
302725499 8 0
302725495 7 15
302725494 7 6
302725491 13 5
302725476 3 4
302725453 8 4
302725452 14 4
302725450 17 5
302725444 2 1
302725440 6 3
302725436 7 1
302725434 2 3
302725433 3 2
302725432 9 4
302725430 17 5
302725406 28 65
302725402 48 14
302725399 24 2
302725394 10 0
302725392 46 0
302725389 2 0
302725374 5 0
302725368 7 0
302725365 20 13
302725360 4 0
302725358 11 2
302725353 0 1
302725352 8 2
302725337 12 2
302725333 5 4
302725321 17 2
302725317 6 3
302725315 0 1
302725314 4 1
302725312 13 4
302725310 8 3
302725303 6 12
302725301 0 0
302725299 5 1
302725295 10 1
302725294 3 2
302725292 11 1
302725291 3 0
302725287 7 5
302725269 0 0
302725253 20 3
302725250 4 3
302725248 0 0
302725244 0 1
302725241 1 1
302725238 12 2
302725230 34 0
302725227 54 12
302725224 29 0
302725221 37 5
302725217 12 0
302725215 2 7
302725214 16 1
302725213 8 0
302725211 9 3
302725209 4 0
302725207 5 7
302725201 6 1
302725195 61 4
302725193 9 0
302725182 6 3
302725175 5 0
302725172 1 0
302725166 7 1
302725163 8 5
302725161 3 1
302725160 7 2
302725159 10 2
302725156 80 5
302725154 4 0
302725152 68 5
302725150 0 0
302725143 16 3
302725141 5 2
302725139 20 2
302725136 17 3
302725129 8 26
302725122 15 31
302725120 1 0
302725119 1 1
302725112 2 0
302725097 5 0
302725093 8 0
302725084 5 6
302725069 22 5
302725059 6 5
302725057 2 0
302725056 0 0
302725055 2 2
302725050 0 0
302725046 7 1
302725043 11 4
302725042 2 3
302725038 0 0
302725035 6 0
302725030 16 0
302725024 6 2
302725016 2 2
302725014 13 1
302725013 2 0
302724991 3 0
302724987 31 7
302724986 1 3
302724976 1 1
302724973 0 1
302724971 2 32
302724966 41 5
302724959 6 4
302724958 0 0
302724957 6 0
302724952 4 0
302724951 1 2
302724948 0 0
302724947 0 0
302724941 4 36
302724938 2 4
302724933 2 3
302724922 3 3
302724914 0 0
302724913 14 7
302724912 7 9
302724907 0 0
302724906 2 4
302724905 19 0
302724902 2 3
302724899 10 2
302724892 5 17
302724891 2 2
302724890 12 2
302724887 8 6
302724883 0 2
302724880 16 15
302724877 4 31
302724875 12 1
302724874 10 0
302724869 7 2
302724858 6 7
302724852 0 1
302724847 5 2
302724835 7 2
302724826 4 10
302724821 3 2
302724818 8 1
302724808 1 3
302724807 9 0
302724806 62 6
302724803 7 2
302724800 8 15
302724797 3 2
302724793 5 28
302724789 1 0
302724788 1 0
302724787 29 2
302724784 8 26
302724783 26 4
302724778 4 2
302724772 8 1
302724771 7 3
302724768 7 2
302724767 6 0
302724761 39 2
302724757 1 0
302724752 10 0
302724750 11 4
302724747 9 2
302724745 6 4
302724740 15 2
302724736 1 0
302724732 34 5
302724727 10 1
302724726 12 1
302724725 12 1
302724719 1 0
302724716 20 0
302724713 8 0
302724710 4 0
302724708 9 1
302724703 8 0
302724702 10 0
302724700 5 4
302724698 27 1
302724696 9 5
302724694 11 0
302724693 4 1
302724692 4 3
302724691 5 1
302724690 0 0
302724684 16 3
302724683 6 2
302724682 5 29
302724679 2 0
302724677 5 0
302724675 1 0
302724673 0 0
302724668 5 0
302724660 3 1
302724651 11 4
302724650 17 2
302724648 0 2
302724645 4 48
302724642 9 25
302724641 1 21
302724633 3 0
302724628 0 0
302724627 1 0
302724626 3 2
302724625 0 0
302724624 3 5
302724619 9 25
302724616 0 2
302724602 10 2
302724595 4 0
302724593 0 1
302724578 0 0
302724576 7 25
302724575 8 28
302724558 6 2
302724554 10 0
302724544 19 2
302724538 1 1
302724537 10 2
302724532 55 1
302724530 17 3
302724527 0 0
302724524 4 30
302724521 5 0
302724518 0 0
302724517 1 1
302724516 17 3
302724506 6 3
302724505 34 24
302724499 7 1
302724495 1 0
302724494 8 1
302724492 7 1
302724488 1 1
302724485 6 2
302724482 6 0
302724481 58 1
302724472 4 2
302724470 3 1
302724466 0 2
302724464 7 0
302724463 0 0
302724461 25 1
302724454 7 0
302724452 7 6
302724451 8 1
302724449 40 5
302724446 14 1
302724439 35 4
302724436 10 3
302724428 0 0
302724426 13 0
302724425 0 0
302724407 0 2
302724401 7 22
302724399 0 0
302724394 5 2
302724390 4 32
302724389 0 24
302724383 13 2
302724381 5 0
302724365 3 1
302724364 1 5
302724361 3 1
302724359 13 3
302724354 5 3
302724349 8 2
302724347 27 10
302724345 1 0
302724344 1 0
302724340 22 38
302724336 1 38
302724332 0 2
302724329 1 3
302724326 2 1
302724325 5 38
302724313 2 1
302724309 3 0
302724307 13 7
302724305 1 0
302724301 6 1
302724296 0 3
302724287 7 0
302724286 4 2
302724274 0 3
302724273 0 4
302724272 9 0
302724271 2 0
302724262 5 9
302724259 0 4
302724248 19 0
302724244 3 3
302724240 14 3
302724238 3 20
302724237 21 3
302724231 6 34
302724230 30 6
302724228 6 1
302724224 4 2
302724220 10 1
302724218 0 2
302724214 11 2
302724213 3 2
302724211 0 25
302724209 3 13
302724206 0 1
302724205 5 6
302724204 5 4
302724201 5 3
302724199 2 5
302724186 4 9
302724184 11 2
302724177 7 2
302724176 1 2
302724171 1 1
302724160 1 1
302724159 9 2
302724158 4 1
302724157 5 46
302724149 10 4
302724145 9 8
302724139 17 3
302724135 14 7
302724131 5 4
302724130 80 2
302724129 32 66
302724128 2 2
302724126 0 2
302724124 0 1
302724123 0 2
302724120 15 4
302724117 0 2
302724116 49 5
302724100 3 123
302724096 0 0
302724094 28 9
302724092 9 1
302724086 4 1
302724084 13 3
302724083 1 0
302724082 0 1
302724074 15 111
302724072 0 0
302724069 5 0
302724059 9 4
302724054 6 3
302724036 2 2
302724035 15 2
302724028 0 0
302724022 5 2
302724021 15 11
302724020 12 6
302724016 33 4
302724015 0 0
302724014 5 10
302724009 6 5
302724008 5 6
302724004 2 2
302724002 1 0
302724000 8 1
302723991 4 22
302723984 5 1
302723983 5 3
302723979 10 1
302723977 4 19
302723965 17 3
302723959 5 3
302723952 3 0
302723944 0 0
302723941 11 0
302723935 10 7
302723930 5 3
302723927 0 0
302723926 0 0
302723910 0 0
302723909 0 1
302723908 3 2
302723905 1 0
302723900 14 2
302723899 1 0
302723890 17 30
302723885 2 0
302723884 1 2
302723881 0 0
302723875 17 1
302723872 8 1
302723870 1 0
302723869 2 0
302723868 6 1
302723866 11 4
302723863 1 0
302723862 2 0
302723854 10 1
302723851 0 0
302723849 6 2
302723843 10 1
302723835 3 1
302723833 10 0
302723831 9 1
302723828 4 6
302723827 7 1
302723819 12 3
302723812 0 1
302723808 9 1
302723803 0 1
302723792 6 6
302723787 8 1
302723786 6 2
302723785 0 1
302723774 3 9
302723770 7 2
302723768 42 5
302723766 6 4
302723764 5 27
302723761 25 3
302723755 6 1
302723754 0 1
302723751 6 0
302723750 13 1
302723748 1 0
302723744 8 0
302723743 1 1
302723735 1 0
302723731 14 2
302723725 41 5
302723724 2 4
302723723 12 1
302723720 2 18
302723717 4 7
302723710 4 25
302723703 6 3
302723694 5 25
302723689 15 1
302723688 8 3
302723684 10 3
302723683 4 3
302723669 0 1
302723668 0 0
302723667 7 1
302723666 4 3
302723665 1 0
302723663 0 0
302723660 16 1
302723659 1 20
302723654 4 5
302723653 0 1
302723652 4 86
302723648 35 1
302723646 8 1
302723640 5 7
302723636 7 22
302723632 37 8
302723629 19 8
302723625 21 0
302723623 56 9
302723622 3 1
302723615 4 2
302723606 5 2
302723605 0 0
302723602 10 2
302723580 8 5
302723577 12 0
302723576 1 20
302723574 0 0
302723572 18 2
302723563 6 24
302723562 5 1
302723559 0 0
302723542 0 1
302723538 5 2
302723537 6 1
302723531 1 0
302723530 8 2
302723529 0 2
302723528 7 3
302723523 2 3
302723521 6 2
302723516 11 55
302723513 12 2
302723501 1 0
302723496 11 8
302723492 8 6
302723489 31 8
302723487 4 1
302723486 6 4
302723482 9 10
302723468 4 4
302723465 0 1
302723452 2 30
302723451 1 40
302723446 4 10
302723442 8 1
302723432 16 7
302723431 64 4
302723427 31 2
302723424 19 2
302723419 3 5
302723418 8 5
302723417 5 5
302723416 3 5
302723412 12 0
302723409 6 2
302723398 9 5
302723397 3 4
302723394 34 0
302723387 15 4
302723386 0 0
302723385 0 0
302723381 4 13
302723380 4 0
302723376 0 2
302723369 10 1
302723364 52 12
302723362 0 11
302723361 0 12
302723360 6 1
302723357 11 1
302723354 9 2
302723346 4 2
302723342 9 3
302723337 0 4
302723332 1 1
302723329 7 1
302723326 5 2
302723318 2 0
302723315 4 3
302723314 2 1
302723309 30 6
302723307 4 47
302723301 0 2
302723300 17 6
302723292 8 41
302723282 3 1
302723281 2 3
302723278 50 7
302723277 9 0
302723274 4 2
302723271 1 0
302723270 60 1
302723268 28 5
302723266 10 8
302723265 25 5
302723261 2 0
302723260 5 7
302723259 0 2
302723258 2 24
302723256 3 0
302723254 18 0
302723252 9 0
302723250 4 35
302723249 0 4
302723248 35 0
302723244 43 1
302723240 13 0
302723237 48 2
302723233 4 0
302723232 6 4
302723231 6 1
302723226 15 0
302723225 12 0
302723224 0 1
302723223 4 0
302723219 2 2
302723217 11 0
302723216 31 8
302723213 14 2
302723209 9 0
302723204 8 0
302723202 1 1
302723199 1 0
302723192 55 5
302723191 0 1
302723182 3 31
302723180 7 16
302723178 3 1
302723175 18 3
302723173 11 4
302723167 0 0
302723166 2 2
302723165 9 2
302723162 11 9
302723159 1 1
302723158 0 0
302723157 13 1
302723153 1 1
302723149 8 4
302723147 4 2
302723144 30 1
302723139 8 0
302723137 5 1
302723131 1 1
302723127 0 0
302723123 9 4
302723121 3 2
302723113 18 5
302723112 6 0
302723110 1 0
302723100 35 8
302723099 0 0
302723097 32 23
302723092 3 29
302723083 5 0
302723082 0 1
302723075 6 1
302723071 0 0
302723057 0 0
302723053 0 5
302723051 3 0
302723041 7 39
302723033 18 9
302723028 34 2
302723026 6 11
302723016 19 1
302723012 6 3
302723006 0 0
302723004 7 4
302723001 7 5
302722998 3 3
302722995 3 1
302722988 2 5
302722985 5 0
302722982 35 6
302722980 7 0
302722976 11 1
302722974 0 0
302722973 0 0
302722963 6 4
302722958 2 1
302722957 31 13
302722956 1 3
302722952 51 2
302722949 2 5
302722947 6 5
302722941 1 1
302722940 3 6
302722939 0 0
302722935 1 0
302722933 0 0
302722930 1 0
302722922 24 0
302722917 4 1
302722913 9 2
302722910 7 2
302722909 11 3
302722904 18 1
302722903 19 8
302722902 1 0
302722899 12 5
302722890 12 1
302722889 2 0
302722887 19 1
302722885 7 3
302722884 3 0
302722881 11 3
302722880 6 2
302722879 8 3
302722876 5 3
302722872 17 1
302722871 7 3
302722869 1 1
302722867 5 1
302722866 0 10
302722864 49 3
302722860 3 2
302722858 5 41
302722855 0 18
302722851 1 9
302722849 53 15
302722848 12 5
302722844 3 3
302722843 7 2
302722842 3 1
302722839 7 9
302722838 2 12
302722837 6 4
302722836 12 10
302722833 17 3
302722832 7 14
302722830 4 1
302722825 1 21
302722818 5 22
302722815 3 5
302722814 1 32
302722806 34 14
302722803 0 1
302722798 10 1
302722796 14 11
302722792 12 5
302722788 2 3
302722787 4 17
302722785 8 1
302722784 209 11
302722778 2 9
302722772 3 2
302722770 2 13
302722767 2 21
302722764 2 0
302722762 27 3
302722761 5 2
302722758 10 3
302722757 4 0
302722756 8 23
302722754 3 2
302722748 9 4
302722741 5 3
302722740 6 5
302722738 8 3
302722735 0 0
302722733 3 2
302722730 100 5
302722729 5 8
302722726 41 3
302722718 13 5
302722714 8 8
302722706 11 7
302722704 6 32
302722696 14 0
302722695 25 3
302722690 0 1
302722688 1 2
302722685 6 37
302722684 4 20
302722683 0 0
302722682 1 1
302722679 40 4
302722673 6 3
302722671 1 1
302722670 0 1
302722663 18 4
302722661 4 5
302722660 1 1
302722659 4 1
302722654 14 2
302722651 10 3
302722650 5 4
302722648 41 2
302722638 1 1
302722636 9 1
302722627 2 24
302722625 0 1
302722624 8 0
302722617 3 2
302722616 3 24
302722614 0 1
302722607 58 1
302722605 7 19
302722604 0 0
302722603 7 30
302722602 69 6
302722601 8 1
302722600 0 6
302722595 3 17
302722594 6 0
302722586 1 1
302722584 4 26
302722583 0 1
302722578 24 1
302722576 49 3
302722573 3 24
302722571 33 3
302722566 5 4
302722563 0 1
302722557 4 23
302722556 1 11
302722553 10 0
302722552 14 4
302722551 36 14
302722549 17 9
302722548 8 3
302722546 0 1
302722541 0 0
302722535 3 4
302722533 5 1
302722528 6 1
302722523 27 1
302722522 12 2
302722521 13 1
302722520 11 1
302722516 5 1
302722515 32 13
302722511 10 0
302722507 1 1
302722502 23 4
302722499 0 8
302722498 0 0
302722493 33 1
302722491 6 2
302722489 13 17
302722488 5 2
302722486 12 1
302722482 4 2
302722477 4 2
302722474 8 5
302722471 13 0
302722467 1 3
302722466 1 0
302722465 9 4
302722461 5 0
302722457 0 0
302722454 6 0
302722453 21 9
302722452 28 81
302722447 6 1
302722446 31 4
302722443 6 0
302722439 2 2
302722438 5 1
302722436 0 0
302722435 3 3
302722434 4 2
302722430 5 20
302722429 11 1
302722425 13 1
302722422 3 2
302722415 8 0
302722413 4 4
302722411 8 1
302722409 8 6
302722407 6 3
302722405 28 4
302722404 3 2
302722403 148 10
302722402 13 3
302722397 5 2
302722393 9 1
302722389 8 33
302722388 12 6
302722386 11 0
302722385 14 88
302722383 23 1
302722370 6 4
302722369 2 0
302722368 2 0
302722367 1 1
302722359 16 1
302722353 16 5
302722347 2 8
302722346 3 10
302722345 10 3
302722343 1 1
302722341 0 1
302722340 5 3
302722338 0 4
302722336 335 18
302722334 0 9
302722333 16 18
302722332 10 4
302722331 1 1
302722330 10 1
302722327 11 3
302722325 9 3
302722322 7 5
302722317 0 2
302722306 9 5
302722302 9 6
302722299 10 4
302722298 1 3
302722296 2 14
302722293 8 24
302722292 10 2
302722291 16 12
302722290 8 30
302722289 0 1
302722288 7 3
302722286 11 1
302722285 12 107
302722282 1 2
302722281 4 4
302722279 4 3
302722277 9 3
302722275 14 9
302722274 0 1
302722273 2 2
302722272 0 1
302722269 0 1
302722267 0 1
302722266 37 4
302722262 7 2
302722261 9 1
302722260 2 6
302722258 6 38
302722256 16 2
302722253 9 4
302722252 0 1
302722251 1 2
302722250 13 1
302722249 0 3
302722247 12 2
302722244 11 3
302722242 3 39
302722241 86 2
302722235 21 8
302722233 5 3
302722230 12 3
302722226 7 4
302722225 13 3
302722224 5 1
302722223 7 4
302722216 19 1
302722214 5 2
302722212 0 0
302722211 9 3
302722210 3 4
302722209 34 3
302722207 12 4
302722206 5 1
302722204 0 1
302722203 10 6
302722198 17 2
302722197 10 3
302722194 0 2
302722192 0 1
302722189 0 4
302722187 0 1
302722181 1 1
302722177 3 34
302722173 7 2
302722172 0 1
302722171 17 3
302722169 0 1
302722165 6 4
302722164 6 2
302722161 1 1
302722160 8 3
302722157 8 2
302722152 1 1
302722151 55 7
302722149 12 1
302722148 9 1
302722146 7 4
302722144 10 1
302722142 2 25
302722139 2 16
302722136 6 4
302722134 5 1
302722131 0 1
302722127 2 0
302722125 8 17
302722121 7 31
302722118 1 2
302722116 47 7
302722112 4 3
302722109 7 15
302722101 13 35
302722100 49 35
302722092 6 4
302722091 11 4
302722088 13 2
302722082 52 5
302722080 0 44
302722079 0 1
302722076 20 1
302722074 14 3
302722073 8 2
302722069 28 4
302722064 45 5
302722060 8 2
302722055 23 5
302722054 11 1
302722051 312 21
302722048 1 1
302722047 10 3
302722046 15 38
302722044 1 1
302722043 9 3
302722041 4 31
302722040 13 4
302722038 6 2
302722037 11 5
302722036 19 1
302722034 7 3
302722029 4 10
302722028 160 5
302722027 3 30
302722022 12 8
302722021 4 1
302722019 0 2
302722018 3 0
302722017 7 1
302722015 4 1
302722008 151 7
302722006 1 3
302722003 0 1
302722002 43 3
302721999 31 2
302721997 34 5
302721994 2 2
302721989 21 2
302721985 3 0
302721982 0 0
302721978 18 1
302721977 5 9
302721974 12 3
302721971 17 6
302721968 3 3
302721966 12 4
302721963 5 1
302721959 49 0
302721956 8 5
302721951 2 2
302721944 7 1
302721943 0 0
302721936 31 4
302721934 11 6
302721933 11 2
302721932 0 0
302721930 4 2
302721929 9 9
302721927 6 1
302721926 6 2
302721924 2 1
302721922 4 1
302721921 6 3
302721919 3 4
302721915 20 4
302721911 0 1
302721910 1 1
302721907 0 0
302721905 5 1
302721902 4 1
302721901 9 78
302721897 7 19
302721896 4 3
302721894 23 4
302721892 6 28
302721891 8 4
302721890 9 1
302721884 0 0
302721879 2 1
302721878 3 8
302721877 1 0
302721875 38 2
302721871 3 2
302721868 9 3
302721863 8 4
302721861 8 2
302721860 42 4
302721856 3 4
302721855 0 0
302721854 0 0
302721848 11 1
302721847 3 3
302721843 10 4
302721838 10 7
302721837 0 0
302721836 18 1
302721826 1 0
302721823 17 7
302721820 15 1
302721819 0 0
302721817 1 2
302721814 8 3
302721812 6 0
302721809 12 2
302721808 0 1
302721806 8 5
302721804 4 7
302721803 11 4
302721802 7 2
302721801 27 1
302721800 3 6
302721798 5 5
302721796 0 0
302721791 13 3
302721785 3 3
302721779 0 0
302721776 15 4
302721775 1 1
302721774 10 7
302721768 0 0
302721767 0 0
302721766 5 39
302721764 7 22
302721763 25 7
302721761 0 0
302721758 12 3
302721756 8 3
302721750 1 0
302721747 8 3
302721742 2 0
302721740 4 2
302721739 3 2
302721737 11 2
302721735 13 1
302721732 18 1
302721731 5 20
302721730 4 105
302721729 9 2
302721728 1 0
302721725 5 3
302721723 43 8
302721722 7 0
302721720 2 1
302721718 49 4
302721717 6 1
302721715 1 0
302721714 1 0
302721711 1 0
302721710 11 2
302721707 0 0
302721706 6 16
302721705 4 8
302721702 0 0
302721701 2 3
302721700 4 2
302721699 0 0
302721697 7 2
302721695 4 2
302721693 3 20
302721691 3 2
302721690 0 0
302721686 7 2
302721685 8 1
302721680 6 3
302721677 7 28
302721676 0 0
302721675 7 2
302721674 1 0
302721672 11 2
302721671 2 55
302721668 4 3
302721667 12 2
302721662 45 1
302721661 3 2
302721660 20 3
302721659 14 4
302721657 3 1
302721654 6 1
302721652 31 11
302721647 8 27
302721646 1 8
302721644 2 0
302721638 10 1
302721632 1 0
302721628 1 0
302721625 1 1
302721624 36 6
302721621 37 3
302721618 4 2
302721615 1 1
302721614 23 0
302721613 2 0
302721612 0 0
302721611 4 3
302721610 2 0
302721609 2 1
302721608 2 31
302721607 18 2
302721604 1 0
302721601 0 0
302721596 0 0
302721595 0 0
302721590 29 2
302721588 13 1
302721577 11 4
302721576 2 2
302721575 0 2
302721574 14 4
302721573 5 1
302721572 3 15
302721564 14 3
302721560 7 1
302721556 36 2
302721555 16 0
302721552 5 4
302721551 8 4
302721547 2 2
302721543 15 3
302721542 0 5
302721541 5 5
302721537 13 3
302721532 10 1
302721526 10 5
302721523 9 2
302721522 5 12
302721520 4 1
302721519 1 1
302721518 9 1
302721516 17 5
302721515 17 2
302721514 11 3
302721508 0 2
302721502 11 5
302721498 0 2
302721497 4 3
302721495 23 2
302721493 4 1
302721489 15 61
302721480 7 41
302721474 6 2
302721473 8 36
302721472 2 1
302721470 16 6
302721468 8 3
302721461 8 1
302721460 23 2
302721455 1 1
302721453 313 17
302721452 7 4
302721451 18 1
302721448 342 21
302721447 177 1
302721442 9 3
302721440 4 2
302721439 5 2
302721437 1 1
302721434 19 6
302721430 0 1
302721421 10 2
302721419 3 4
302721415 19 3
302721413 1 1
302721410 1 1
302721409 6 2
302721407 13 1
302721405 0 0
302721404 9 40
302721400 0 3
302721396 11 2
302721395 8 2
302721392 0 0
302721389 5 1
302721388 0 0
302721386 4 1
302721385 7 3
302721383 5 1
302721381 0 0
302721374 4 5
302721373 8 2
302721370 4 12
302721369 24 1
302721366 15 2
302721364 3 1
302721363 6 1
302721362 4 1
302721359 259 19
302721356 8 3
302721355 11 2
302721353 1 0
302721352 8 1
302721351 3 21
302721350 128 2
302721347 6 1
302721346 4 0
302721345 24 0
302721344 1 29
302721341 1 1
302721340 0 0
302721338 2 1
302721337 265 27
302721334 290 32
302721332 3 0
302721330 0 4
302721325 7 62
302721323 4 4
302721311 3 0
302721308 25 1
302721307 10 2
302721305 5 3
302721303 2 1
302721302 1 1
302721300 4 1
302721299 2 0
302721296 13 29
302721294 2 0
302721293 7 3
302721292 8 2
302721284 0 1
302721280 1 0
302721276 4 1
302721275 18 2
302721274 4 92
302721271 4 0
302721270 3 0
302721269 13 1
302721263 4 1
302721262 6 15
302721261 4 0
302721259 9 4
302721257 5 27
302721256 35 1
302721254 6 0
302721253 13 0
302721252 4 1
302721251 0 1
302721247 2 0
302721246 60 2
302721243 2 4
302721240 7 3
302721237 4 2
302721230 22 2
302721228 1 0
302721225 11 1
302721224 30 2
302721222 1 0
302721221 15 2
302721217 7 1
302721216 20 1
302721215 7 1
302721213 1 2
302721210 0 2
302721208 10 4
302721207 5 0
302721204 2 1
302721200 5 6
302721198 7 2
302721197 17 9
302721194 1 0
302721193 4 0
302721189 36 8
302721188 1 0
302721186 4 2
302721184 10 1
302721183 9 1
302721175 3 1
302721169 4 3
302721167 4 2
302721166 17 1
302721164 11 0
302721163 0 0
302721161 1 0
302721160 9 3
302721157 4 1
302721156 19 35
302721151 15 5
302721148 5 3
302721144 3 1
302721142 0 0
302721141 5 2
302721139 6 1
302721138 7 3
302721137 3 0
302721136 37 2
302721130 476 5
302721129 7 1
302721124 8 2
302721121 5 2
302721120 13 0
302721118 8 4
302721117 4 0
302721113 19 8
302721110 12 3
302721109 9 0
302721108 0 3
302721106 12 9
302721102 0 1
302721101 29 14
302721098 10 1
302721096 5 0
302721094 13 2
302721092 0 0
302721091 27 8
302721086 0 0
302721084 11 3
302721083 8 0
302721082 2 38
302721081 4 0
302721080 8 3
302721079 6 0
302721077 1 1
302721076 4 0
302721075 2 0
302721073 7 2
302721072 4 0
302721071 3 1
302721070 6 2
302721065 9 5
302721064 6 3
302721061 1 1
302721060 5 2
302721058 11 5
302721056 14 8
302721054 0 2
302721053 2 1
302721052 1 0
302721051 3 0
302721044 0 0
302721040 41 3
302721039 0 0
302721030 2 4
302721029 5 0
302721027 11 5
302721026 14 0
302721009 3 0
302721004 7 4
302721003 4 2
302720997 9 1
302720994 9 0
302720992 0 0
302720983 5 4
302720955 0 1
302720949 5 1
302720945 5 0
302720944 6 1
302720941 3 1
302720940 13 0
302720936 3 7
302720935 3 0
302720933 5 0
302720932 8 8
302720927 6 3
302720925 6 1
302720922 2 0
302720921 2 0
302720916 0 0
302720915 1 0
302720910 0 0
302720905 7 2
302720899 0 0
302720893 2 0
302720891 1 1
302720887 147 8
302720886 1 3
302720883 1 0
302720879 0 0
302720872 9 0
302720868 18 1
302720866 18 39
302720865 2 0
302720863 22 2
302720861 0 0
302720859 0 0
302720856 0 0
302720854 1 1
302720851 6 0
302720844 10 1
302720840 0 0
302720837 1 2
302720834 0 0
302720825 8 1
302720813 61 10
302720810 2 2
302720803 1 0
302720799 2 1
302720795 6 1
302720794 8 12
302720793 1 12
302720792 0 1
302720790 7 0
302720789 2 0
302720786 18 0
302720784 226 11
302720782 11 4
302720781 1 1
302720776 0 1
302720769 22 0
302720766 0 0
302720752 8 2
302720751 4 2
302720750 0 2
302720749 18 0
302720747 7 1
302720738 1 0
302720735 5 2
302720731 0 3
302720719 8 16
302720717 0 4
302720714 4 7
302720710 42 3
302720708 359 13
302720707 9 3
302720703 0 6
302720696 20 5
302720689 0 6
302720686 5 1
302720683 0 2
302720680 1 1
302720675 1 17
302720674 6 10
302720672 2 1
302720669 4 0
302720667 27 1
302720663 4 6
302720662 5 0
302720657 7 2
302720651 1 2
302720650 0 0
302720649 32 2
302720648 9 2
302720647 2 0
302720646 1 1
302720644 18 2
302720642 35 3
302720639 4 3
302720637 3 5
302720631 29 17
302720623 0 1
302720618 1 0
302720614 5 2
302720613 6 2
302720611 0 0
302720608 6 3
302720605 6 0
302720602 8 3
302720581 25 6
302720577 9 2
302720573 23 5
302720570 5 0
302720564 7 1
302720562 2 0
302720558 6 1
302720557 5 2
302720556 1 0
302720551 9 3
302720548 39 7
302720547 7 8
302720543 26 5
302720542 4 20
302720541 0 0
302720539 3 0
302720538 21 1
302720537 9 2
302720536 20 0
302720535 4 0
302720533 0 0
302720526 22 1
302720524 6 5
302720516 246 12
302720514 9 5
302720511 0 0
302720507 3 0
302720500 16 0
302720497 37 6
302720493 6 0
302720491 0 0
302720486 4 1
302720481 6 2
302720480 6 1
302720467 1 8
302720451 0 0
302720450 7 3
302720449 0 0
302720446 1 0
302720445 0 0
302720444 11 4
302720440 4 4
302720437 5 0
302720436 10 83
302720434 2 0
302720432 12 0
302720430 6 1
302720429 3 1
302720426 0 0
302720425 5 2
302720424 6 0
302720422 7 0
302720420 11 2
302720419 0 0
302720417 0 0
302720416 2 1
302720411 1 1
302720410 9 3
302720409 6 0
302720406 0 0
302720405 6 1
302720404 13 2
302720402 3 1
302720400 6 0
302720393 3 1
302720392 0 0
302720390 28 6
302720388 3 0
302720387 1 1
302720386 4 1
302720384 3 0
302720383 43 13
302720381 1 2
302720379 3 0
302720373 8 3
302720363 0 1
302720341 31 9
302720334 7 2
302720333 417 4
302720331 0 3
302720330 4 0
302720327 24 6
302720324 5 0
302720323 14 4
302720320 0 0
302720306 11 6
302720299 11 0
302720298 18 0
302720293 6 2
302720292 7 0
302720286 5 0
302720285 13 2
302720283 0 0
302720281 5 4
302720278 0 0
302720277 0 0
302720276 3 7
302720275 0 0
302720274 5 0
302720269 10 1
302720268 15 32
302720267 5 0
302720264 0 0
302720260 6 2
302720259 4 0
302720256 0 0
302720253 9 5
302720249 10 7
302720248 25 3
302720242 0 3
302720236 226 9
302720234 4 1
302720231 200 11
302720227 0 0
302720225 0 0
302720220 6 0
302720209 57 6
302720207 5 0
302720201 338 22
302720199 3 0
302720197 2 2
302720195 8 1
302720192 4 3
302720190 7 3
302720185 5 1
302720184 5 1
302720178 3 5
302720177 33 1
302720176 3 0
302720175 8 1
302720174 9 0
302720170 7 0
302720169 324 10
302720167 7 1
302720166 12 2
302720163 3 0
302720160 1 2
302720156 10 0
302720155 2 2
302720153 11 0
302720146 4 20
302720143 0 0
302720137 1 0
302720135 16 3
302720131 12 0
302720129 1 6
302720124 6 0
302720118 9 0
302720115 6 0
302720111 2 0
302720108 0 0
302720107 4 4
302720106 1 0
302720105 0 14
302720103 2 1
302720101 9 24
302720097 9 0
302720096 9 2
302720089 18 3
302720087 1 0
302720075 7 0
302720073 23 4
302720071 7 0
302720069 6 0
302720066 11 4
302720064 0 0
302720062 9 26
302720060 0 10
302720057 18 3
302720056 41 1
302720047 4 1
302720045 4 7
302720043 18 3
302720036 7 7
302720034 10 4
302720033 4 0
302720030 1 0
302720024 30 2
302720019 0 1
302720013 11 3
302720010 0 0
302720004 5 1
302719999 0 1
302719997 1 1
302719994 1 9
302719992 0 0
302719990 0 1
302719987 1 13
302719986 0 1
302719984 0 1
302719981 0 0
302719978 9 40
302719973 6 42
302719971 0 0
302719970 6 0
302719969 1 12
302719968 1 1
302719967 2 9
302719965 7 4
302719964 5 4
302719962 7 0
302719961 6 0
302719958 0 14
302719954 0 11
302719948 0 1
302719947 0 10
302719941 0 0
302719935 0 9
302719934 12 3
302719928 4 0
302719923 1 0
302719922 0 0
302719918 8 3
302719917 8 1
302719913 16 3
302719900 1 5
302719897 20 3
302719889 20 30
302719877 4 0
302719872 0 0
302719871 1 0
302719868 13 1
302719866 7 1
302719865 12 2
302719864 0 0
302719861 34 3
302719859 4 3
302719858 123 5
302719857 0 0
302719856 7 5
302719852 26 2
302719850 7 3
302719848 6 2
302719842 6 3
302719840 1 0
302719835 6 3
302719831 7 5
302719829 3 1
302719828 15 3
302719827 7 0
302719826 3 1
302719825 15 0
302719818 1 6
302719817 2 1
302719814 3 2
302719813 3 3
302719812 5 2
302719810 0 1
302719809 0 1
302719808 7 2
302719806 0 1
302719804 5 3
302719801 0 0
302719798 2 1
302719796 4 0
302719795 3 2
302719793 6 2
302719792 1 1
302719789 265 16
302719779 0 0
302719776 12 1
302719774 4 9
302719773 7 2
302719771 4 2
302719770 0 1
302719764 7 3
302719763 4 0
302719760 6 0
302719759 2 12
302719757 5 3
302719749 8 0
302719746 16 1
302719745 6 4
302719743 6 3
302719731 4 1
302719717 8 1
302719716 638 41
302719708 4 0
302719706 0 1
302719705 20 4
302719703 4 20
302719702 3 3
302719696 257 6
302719689 0 0
302719686 18 4
302719684 2 3
302719681 5 5
302719677 6 2
302719668 3 0
302719666 48 4
302719661 5 1
302719659 0 0
302719656 7 3
302719652 21 3
302719651 3 3
302719650 5 2
302719649 3 6
302719643 26 2
302719641 1 0
302719639 0 0
302719637 19 7
302719634 11 6
302719632 6 4
302719630 7 4
302719627 3 3
302719624 4 4
302719623 1 2
302719620 0 0
302719617 0 0
302719613 4 3
302719608 15 4
302719607 8 4
302719602 6 3
302719601 2 17
302719600 11 1
302719597 9 3
302719594 12 3
302719587 6 4
302719580 5 3
302719579 4 2
302719577 8 0
302719576 1 0
302719570 37 5
302719569 0 0
302719568 4 14
302719567 3 1
302719564 7 0
302719561 5 1
302719558 8 83
302719555 5 1
302719553 3 1
302719552 12 0
302719550 0 0
302719547 18 3
302719546 16 2
302719541 1 4
302719540 4 4
302719539 2 3
302719536 0 1
302719534 7 2
302719530 0 1
302719529 2 0
302719528 3 0
302719525 1 0
302719524 6 17
302719518 54 6
302719514 7 32
302719513 2 0
302719508 9 5
302719505 4 11
302719503 5 2
302719498 14 0
302719495 6 2
302719492 1 1
302719491 2 1
302719487 0 1
302719485 4 3
302719483 1 0
302719480 6 1
302719478 7 1
302719474 4 3
302719473 4 1
302719470 0 0
302719468 7 3
302719461 14 4
302719459 0 0
302719453 440 28
302719447 4 1
302719445 2 18
302719437 1 0
302719434 5 3
302719431 5 0
302719429 0 3
302719422 10 0
302719421 4 2
302719417 0 0
302719412 4 3
302719406 0 2
302719405 963 50
302719402 6 1
302719400 48 1
302719398 1 1
302719393 5 1
302719388 1 0
302719387 4 1
302719384 6 0
302719383 0 15
302719382 35 2
302719380 8 0
302719375 8 0
302719373 2 16
302719371 0 0
302719366 1 0
302719355 0 0
302719348 46 8
302719347 2 0
302719346 2 0
302719340 11 2
302719339 1 0
302719336 2 0
302719335 21 2
302719332 4 1
302719330 5 3
302719320 7 0
302719318 2 0
302719314 2 0
302719313 15 3
302719312 2 0
302719305 4 9
302719304 10 0
302719298 2 25
302719296 5 2
302719295 4 0
302719294 10 75
302719292 6 4
302719287 5 23
302719285 5 24
302719283 5 2
302719281 7 2
302719280 0 0
302719277 3 3
302719274 351 27
302719273 8 2
302719268 4 12
302719262 6 11
302719261 8 1
302719259 3 0
302719254 5 81
302719250 7 0
302719248 13 0
302719247 1 0
302719246 1 0
302719244 16 2
302719243 1 0
302719242 1 29
302719241 18 3
302719240 594 41
302719239 3 23
302719237 1 0
302719235 1 22
302719232 10 3
302719229 4 18
302719222 4 2
302719220 0 0
302719219 0 2
302719217 5 4
302719216 5 23
302719215 9 1
302719210 7 1
302719209 3 1
302719207 315 23
302719204 1 14
302719201 21 3
302719200 2 0
302719199 10 3
302719198 1 0
302719196 4 2
302719195 5 35
302719189 8 6
302719184 4 3
302719183 9 6
302719182 1 1
302719181 7 1
302719177 7 2
302719168 488 15
302719163 2 1
302719160 1 2
302719159 3 0
302719154 2 0
302719148 14 14
302719143 48 4
302719142 7 1
302719139 7 2
302719136 13 4
302719135 1 3
302719134 7 2
302719133 0 4
302719128 2 0
302719126 5 2
302719125 0 1
302719120 3 18
302719117 3 0
302719116 8 0
302719115 4 0
302719114 0 2
302719113 2 0
302719111 4 0
302719106 16 3
302719105 3 0
302719103 7 3
302719100 0 3
302719098 2 0
302719097 2 1
302719095 29 7
302719092 9 4
302719089 9 3
302719088 2 0
302719087 11 4
302719086 2 0
302719080 1 2
302719078 10 1
302719077 1 2
302719076 12 5
302719071 7 5
302719070 602 14
302719068 6 0
302719067 11 69
302719065 6 1
302719064 2 0
302719062 40 2
302719060 6 5
302719058 6 48
302719053 7 4
302719052 5 1
302719051 280 6
302719046 9 1
302719044 1 2
302719040 1 0
302719037 1 6
302719036 6 0
302719032 332 33
302719027 8 1
302719026 1 0
302719025 2 1
302719024 6 1
302719023 7 2
302719020 6 1
302719019 3 3
302719013 2 3
302719011 6 12
302719010 10 2
302719007 7 0
302719006 10 2
302719001 4 0
302718988 5 2
302718986 11 0
302718984 43 6
302718982 0 0
302718977 6 0
302718975 14 25
302718971 11 4
302718970 3 3
302718968 10 0
302718967 3 2
302718966 2 0
302718965 2 0
302718964 6 0
302718963 9 0
302718962 5 1
302718961 1 3
302718953 34 3
302718948 8 4
302718947 6 5
302718940 475 2
302718938 7 2
302718935 2 0
302718933 3 0
302718932 2 0
302718925 5 1
302718923 485 43
302718920 4 1
302718918 3 8
302718917 16 1
302718916 9 2
302718915 10 2
302718913 10 3
302718912 4 1
302718903 7 0
302718895 7 0
302718894 8 1
302718893 1 0
302718892 3 16
302718890 6 0
302718887 506 31
302718882 501 13
302718881 4 0
302718879 5 1
302718878 0 1
302718877 4 0
302718875 1 0
302718873 2 7
302718872 3 0
302718867 2 1
302718866 3 0
302718859 4 0
302718858 5 0
302718854 2 1
302718845 4 0
302718844 1 1
302718839 1 2
302718838 7 2
302718836 5 2
302718834 6 3
302718831 0 1
302718828 11 6
302718827 8 0
302718819 2 3
302718817 1 1
302718816 4 0
302718815 41 10
302718813 4 1
302718812 33 3
302718810 1 3
302718809 1 0
302718807 6 6
302718806 14 2
302718804 2 0
302718795 6 3
302718794 2 1
302718792 3 0
302718781 11 2
302718780 2 2
302718778 3 1
302718769 1 0
302718764 3 1
302718763 2 1
302718761 10 1
302718760 2 0
302718758 2 2
302718757 2 2
302718754 5 1
302718753 2 0
302718750 2 1
302718746 3 1
302718745 1 1
302718744 0 1
302718742 4 3
302718736 3 0
302718734 10 1
302718729 0 0
302718726 0 2
302718725 6 0
302718723 0 2
302718721 6 1
302718720 7 1
302718717 4 0
302718716 3 2
302718715 3 2
302718713 6 3
302718712 3 3
302718709 1 0
302718707 8 0
302718706 0 1
302718704 6 1
302718702 0 0
302718700 0 0
302718699 2 0
302718697 2 0
302718693 12 8
302718691 3 0
302718690 1 0
302718689 2 2
302718685 5 5
302718684 5 0
302718681 2 11
302718680 8 1
302718677 1 0
302718675 5 1
302718674 1 0
302718672 49 3
302718671 782 14
302718670 2 0
302718663 9 8
302718662 5 0
302718661 9 0
302718660 7 0
302718651 10 0
302718650 36 3
302718648 4 15
302718647 754 47
302718646 343 25
302718645 10 0
302718643 6 1
302718639 1 0
302718636 2 0
302718630 4 1
302718629 527 47
302718627 62 2
302718626 56 3
302718625 1 0
302718624 26 5
302718623 8 1
302718622 11 1
302718621 11 56
302718616 2 0
302718613 7 2
302718612 5 1
302718610 11 0
302718607 6 1
302718604 3 0
302718602 34 3
302718599 13 26
302718595 5 1
302718587 9 1
302718586 7 1
302718582 7 1
302718579 1 0
302718577 7 8
302718575 7 1
302718572 1 21
302718569 3 0
302718567 493 16
302718559 11 2
302718553 10 0
302718552 4 1
302718551 3 0
302718546 3 1
302718544 7 1
302718543 0 0
302718537 5 2
302718534 3 18
302718528 15 1
302718526 7 3
302718524 5 1
302718520 7 1
302718516 2 1
302718510 2 1
302718507 2 0
302718505 330 8
302718503 2 1
302718501 3 1
302718500 4 0
302718495 6 2
302718490 0 0
302718488 1 3
302718487 6 1
302718486 4 0
302718484 1 2
302718483 0 0
302718481 1 3
302718479 516 20
302718474 14 12
302718473 8 3
302718472 9 1
302718468 1 1
302718467 9 2
302718466 21 1
302718461 8 1
302718460 3 2
302718459 772 40
302718454 3 2
302718453 9 0
302718447 0 0
302718446 5 2
302718445 3 0
302718444 2 0
302718443 7 2
302718442 5 13
302718434 1 0
302718431 3 2
302718430 445 8
302718429 5 0
302718426 0 0
302718424 6 1
302718423 3 0
302718420 1 0
302718418 0 0
302718416 18 1
302718414 1 0
302718412 3 0
302718411 17 5
302718409 19 1
302718406 0 2
302718405 5 3
302718403 3 0
302718401 1 0
302718398 7 0
302718397 2 0
302718396 1 2
302718395 0 6
302718394 8 2
302718388 2 0
302718386 0 0
302718384 1 2
302718381 0 1
302718380 2 1
302718376 3 20
302718375 0 0
302718373 2 0
302718370 21 5
302718369 0 0
302718368 1 1
302718366 3 0
302718365 6 43
302718364 5 9
302718361 3 0
302718355 448 5
302718353 7 10
302718351 0 0
302718345 3 2
302718344 2 0
302718342 5 1
302718338 0 0
302718337 2 3
302718335 5 1
302718333 3 2
302718332 0 1
302718331 2 1
302718326 8 6
302718325 5 0
302718322 1 0
302718321 4 2
302718317 0 2
302718316 16 5
302718315 5 1
302718313 4 1
302718310 10 9
302718309 0 0
302718308 3 1
302718307 0 0
302718306 0 0
302718304 1 0
302718302 1 0
302718298 9 0
302718296 1 0
302718293 5 1
302718285 14 3
302718283 4 1
302718282 7 1
302718277 7 2
302718276 2 1
302718275 2 1
302718273 3 1
302718272 0 0
302718269 1 1
302718261 6 4
302718260 0 1
302718259 0 0
302718256 0 0
302718253 3 0
302718250 0 1
302718248 1 1
302718243 4 1
302718240 6 0
302718239 2 2
302718238 0 1
302718235 1 0
302718233 8 2
302718231 6 1
302718225 4 2
302718224 2 1
302718223 5 1
302718222 8 0
302718221 0 0
302718218 3 0
302718213 11 1
302718212 3 1
302718210 6 0
302718209 1 0
302718205 0 0
302718199 0 1
302718198 0 1
302718194 0 0
302718192 6 1
302718191 1 1
302718190 0 0
302718189 0 0
302718186 0 0
302718185 21 2
302718183 3 0
302718180 1 0
302718178 34 2
302718177 1 1
302718176 21 1
302718173 14 3
302718172 3 10
302718171 2 1
302718169 0 0
302718167 1235 69
302718166 2 1
302718162 0 1
302718161 39 0
302718160 2 0
302718159 2 1
302718156 5 1
302718154 16 1
302718153 0 0
302718146 1 0
302718145 917 10
302718141 8 3
302718137 8 1
302718136 0 0
302718135 16 1
302718134 0 0
302718133 7 1
302718131 1 2
302718130 22 0
302718129 10 1
302718120 8 1
302718119 1 0
302718118 0 1
302718117 4 1
302718116 5 0
302718115 2 5
302718109 0 0
302718107 2 1
302718106 8 3
302718105 5 0
302718103 10 0
302718102 1 1
302718097 1 1
302718096 8 1
302718093 41 2
302718087 5 1
302718086 9 2
302718085 6 0
302718083 3 2
302718082 4 0
302718081 8 2
302718080 4 2
302718077 2 2
302718076 1 22
302718075 13 7
302718074 6 3
302718070 5 1
302718069 2 2
302718067 3 1
302718065 0 0
302718063 1 2
302718060 3 1
302718059 3 1
302718056 675 69
302718055 6 3
302718050 4 0
302718046 6 2
302718045 3 1
302718044 1 0
302718043 1 1
302718041 4 2
302718040 3 2
302718038 0 11
302718036 20 2
302718033 0 0
302718031 3 1
302718029 1 1
302718025 7 2
302718024 12 3
302718022 4 1
302718011 6 1
302718006 0 0
302718005 2 0
302718004 13 4
302718003 0 0
302717997 0 0
302717994 10 5
302717993 3 3
302717991 9 19
302717989 1 0
302717988 4 1
302717984 13 5
302717983 1 1
302717978 0 0
302717975 0 1
302717974 3 0
302717972 0 0
302717971 0 0
302717969 4 0
302717962 9 2
302717961 3 1
302717960 0 0
302717958 3 9
302717948 1 1
302717944 761 54
302717942 0 0
302717939 13 2
302717937 19 3
302717933 4 2
302717932 11 3
302717929 7 1
302717927 3 1
302717926 0 0
302717925 4 5
302717923 0 0
302717918 464 23
302717917 0 0
302717916 0 0
302717915 3 1
302717913 0 2
302717909 0 10
302717908 3 2
302717906 3 0
302717902 3 8
302717899 0 2
302717896 5 9
302717891 1 1
302717886 1 1
302717885 1 0
302717884 0 0
302717880 0 0
302717879 3 1
302717877 1 0
302717876 1 0
302717875 4 1
302717872 17 1
302717870 7 2
302717869 13 0
302717863 1 1
302717862 2 11
302717853 0 2
302717849 1 1
302717846 1 1
302717844 3 1
302717841 2 8
302717839 5 1
302717837 6 2
302717835 5 2
302717834 0 1
302717829 0 0
302717826 0 0
302717825 1 2
302717823 3 2
302717822 7 2
302717819 3 1
302717817 6 1
302717816 21 6
302717809 0 1
302717807 0 1
302717806 4 1
302717804 3 0
302717799 0 0
302717798 3 0
302717794 0 3
302717790 5 2
302717789 1 2
302717788 13 8
302717784 3 2
302717783 20 1
302717778 3 14
302717777 3 1
302717774 12 1
302717773 6 1
302717772 3 3
302717771 2 0
302717770 3 1
302717769 0 5
302717765 0 0
302717763 2 3
302717762 0 0
302717759 5 6
302717755 0 6
302717753 4 0
302717749 4 1
302717747 9 3
302717742 6 9
302717737 3 36
302717736 1 1
302717734 1 0
302717733 3 1
302717729 2 0
302717728 1 1
302717725 5 2
302717724 5 1
302717723 479 43
302717721 1 0
302717717 6 0
302717715 4 1
302717712 5 1
302717711 15 2
302717710 1 0
302717706 3 1
302717705 2 1
302717704 7 4
302717703 2 2
302717699 1 1
302717696 2 0
302717694 6 1
302717693 1 7
302717689 3 11
302717688 11 7
302717687 2 1
302717685 1 0
302717683 4 0
302717682 3 1
302717681 3 1
302717680 1 0
302717679 7 2
302717677 4 2
302717676 0 1
302717674 7 3
302717670 2 1
302717668 6 3
302717665 3 0
302717662 0 0
302717654 5 0
302717653 5 0
302717652 1 0
302717650 2 2
302717649 1 0
302717648 6 2
302717647 1 0
302717646 4 1
302717645 1 12
302717643 1 1
302717637 0 1
302717634 4 0
302717633 0 2
302717631 11 5
302717630 1 1
302717628 0 0
302717624 18 4
302717623 6 1
302717620 0 0
302717618 0 0
302717615 4 0
302717611 0 0
302717610 2439 106
302717609 4 0
302717607 5 0
302717606 0 0
302717603 4 0
302717599 10 3
302717593 6 3
302717589 8 0
302717585 4 0
302717580 1 3
302717579 1 0
302717577 8 8
302717574 9 1
302717570 1 1
302717569 0 1
302717568 1 1
302717566 2 0
302717565 6 1
302717564 3 0
302717562 4 0
302717561 3 1
302717560 0 0
302717559 1 3
302717557 6 2
302717555 2 2
302717554 2 0
302717552 9 2
302717550 0 0
302717547 6 0
302717546 0 1
302717545 9 4
302717544 7 1
302717541 2 0
302717540 7 0
302717537 1 1
302717534 1 0
302717533 2 2
302717530 2 0
302717527 3 0
302717526 11 8
302717523 2 0
302717522 19 1
302717521 2 0
302717520 1 1
302717519 1 0
302717518 5 0
302717507 0 0
302717506 5 0
302717502 5 0
302717501 0 0
302717499 3 1
302717498 0 0
302717497 7 1
302717496 38 2
302717494 1 0
302717493 858 18
302717492 2 0
302717484 1 0
302717483 5 2
302717480 2 0
302717478 3 0
302717476 4 0
302717474 0 0
302717471 2 0
302717470 4 0
302717467 1 1
302717464 3 1
302717462 0 1
302717461 1 0
302717459 1 0
302717458 1 0
302717457 0 6
302717456 0 1
302717454 0 0
302717452 6 1
302717446 2 5
302717443 10 0
302717442 1 5
302717437 1 1
302717436 3 0
302717432 5 0
302717429 1 9
302717428 0 2
302717425 5 0
302717421 3 1
302717420 4 2
302717419 1 0
302717418 4 1
302717417 1 0
302717416 1 23
302717414 0 0
302717413 2 0
302717410 3 1
302717409 1 0
302717398 12 5
302717392 41 8
302717389 1 9
302717380 11 4
302717376 4 2
302717374 0 0
302717373 3 0
302717372 2 2
302717370 8 0
302717369 1 1
302717367 19 4
302717365 562 21
302717363 3 0
302717362 6 0
302717361 2 0
302717355 0 0
302717351 0 0
302717350 1 0
302717347 4 0
302717342 0 0
302717340 0 0
302717334 23 8
302717333 2 1
302717331 3 0
302717330 2 16
302717324 1 0
302717319 1 0
302717313 0 0
302717309 7 0
302717307 570 11
302717303 6 1
302717302 7 9
302717301 0 0
302717296 7 3
302717295 0 1
302717294 408 36
302717291 2 1
302717286 3 2
302717285 0 0
302717284 3 0
302717282 10 1
302717281 4 1
302717277 6 3
302717259 2 0
302717253 0 0
302717247 10 1
302717244 4 2
302717241 10 2
302717240 0 0
302717238 3 0
302717233 0 0
302717232 5 1
302717230 5 0
302717229 5 1
302717228 5 0
302717222 4 4
302717221 0 0
302717220 0 1
302717217 35 2
302717214 5 2
302717213 2 2
302717210 16 8
302717197 3 0
302717196 8 0
302717195 4 0
302717193 26 1
302717192 1 13
302717189 3 0
302717185 2 0
302717184 6 2
302717182 3 0
302717179 10 4
302717178 2 4
302717176 2 2
302717175 3 2
302717174 5 1
302717173 3 0
302717170 6 0
302717169 19 2
302717164 26 2
302717161 5 1
302717160 2 0
302717156 0 0
302717155 4 0
302717153 12 2
302717150 0 0
302717149 4 2
302717144 0 0
302717142 4 0
302717141 9 1
302717137 0 0
302717127 4 0
302717126 3 0
302717120 2 8
302717118 1 8
302717115 3 0
302717111 3 0
302717107 20 12
302717105 2 0
302717101 2 3
302717100 1 4
302717099 13 9
302717098 0 0
302717096 4 0
302717095 8 2
302717094 2 1
302717093 9 1
302717091 0 0
302717089 3 1
302717088 2 14
302717083 0 0
302717081 6 0
302717073 0 0
302717072 3 0
302717070 2 0
302717059 22 2
302717055 10 0
302717049 9 1
302717048 3 17
302717045 3 0
302717042 0 0
302717039 1 1
302717037 15 8
302717036 1 0
302717029 42 1
302717026 14 3
302717023 2 1
302717021 0 2
302717012 0 0
302717009 1 0
302717006 1 1
302717005 5 0
302717003 5 3
302717002 5 0
302717000 7 2
302716999 0 0
302716997 9 1
302716994 1 0
302716993 2 0
302716992 0 1
302716991 0 9
302716989 4 1
302716988 8 0
302716979 1 0
302716975 7 1
302716970 1 0
302716965 8 2
302716963 4 0
302716962 6 2
302716961 7 7
302716958 8 1
302716956 0 0
302716952 6 0
302716949 2 5
302716943 0 1
302716941 5 0
302716940 6 0
302716937 1 0
302716935 3 3
302716934 1 3
302716931 0 0
302716930 46 5
302716928 7 2
302716925 0 0
302716922 0 0
302716920 10 0
302716917 5 0
302716910 1 0
302716909 1 0
302716903 1 1
302716899 12 0
302716895 2 2
302716893 6 1
302716888 0 0
302716883 18 1
302716881 2 4
302716873 5 0
302716870 9 1
302716869 2 1
302716868 4 0
302716867 7 0
302716865 3 1
302716864 0 1
302716860 1 0
302716859 4 0
302716858 1117 14
302716856 702 40
302716853 5 1
302716848 1 1
302716843 960 15
302716841 2 0
302716840 2 0
302716839 5 0
302716837 3 0
302716835 0 0
302716828 2 0
302716826 4 2
302716824 4 2
302716823 0 0
302716821 3 0
302716820 3 2
302716818 1 1
302716809 2 1
302716806 4 1
302716803 3 1
302716802 2 0
302716793 5 0
302716792 0 0
302716791 683 16
302716789 3 1
302716787 655 20
302716786 8 2
302716783 4 1
302716781 4 4
302716777 3 2
302716774 2 0
302716773 5 0
302716772 8 1
302716771 4 1
302716767 6 0
302716766 2 1
302716765 0 0
302716760 10 0
302716758 2 0
302716754 2 0
302716749 1 2
302716745 46 2
302716735 1 0
302716731 5 1
302716729 0 0
302716727 10 4
302716723 1 1
302716722 1 0
302716720 3 1
302716717 2 1
302716709 6 0
302716707 4 34
302716702 1 0
302716695 6 1
302716693 1 0
302716692 4 1
302716691 8 1
302716688 5 67
302716685 610 10
302716683 0 1
302716682 2 1
302716677 1 0
302716676 0 25
302716674 1 0
302716673 0 4
302716672 5 0
302716669 4 0
302716668 1 2
302716667 3 0
302716663 9 6
302716662 1 0
302716661 13 1
302716654 3 1
302716650 2 0
302716648 4 0
302716647 2 0
302716640 2 0
302716638 94 38
302716635 2 0
302716632 2 0
302716628 2 0
302716627 7 0
302716625 3 0
302716622 2 0
302716620 2 0
302716615 2 0
302716614 4 0
302716612 4 0
302716611 4 2
302716610 4 6
302716598 2 0
302716595 1 0
302716590 6 0
302716576 2 2
302716575 2 0
302716574 2 0
302716573 3 0
302716572 2 0
302716571 1 0
302716569 9 0
302716568 5 0
302716567 15 1
302716565 2 2
302716564 0 0
302716562 3 0
302716561 15 3
302716553 6 0
302716550 4 2
302716547 2 0
302716546 0 0
302716544 3 0
302716541 5 36
302716540 3 0
302716539 39 1
302716536 2 0
302716534 536 10
302716533 6 3
302716530 7 1
302716529 3 1
302716528 1 6
302716527 1 0
302716526 0 0
302716525 0 0
302716519 2 2
302716518 1 0
302716516 25 26
302716515 0 0
302716513 4 1
302716510 4 0
302716508 9 3
302716506 4 0
302716504 11 1
302716503 7 2
302716498 0 0
302716494 8 0
302716491 3 3
302716488 11 1
302716487 0 0
302716486 1 9
302716482 0 1
302716481 5 3
302716480 0 0
302716479 30 1
302716476 2 0
302716475 2 0
302716471 8 0
302716470 7 0
302716467 1 1
302716465 2 1
302716464 1 1
302716463 12 17
302716462 9 1
302716461 7 2
302716460 2 0
302716458 3 0
302716456 0 0
302716454 6 27
302716448 2 3
302716446 10 6
302716443 4 1
302716442 4 1
302716439 2 0
302716438 1 1
302716436 0 0
302716434 6 17
302716428 1 0
302716427 1 0
302716424 5 3
302716423 3 12
302716422 5 0
302716421 3 1
302716420 5 0
302716418 1 0
302716410 3 2
302716407 0 1
302716399 20 6
302716394 1 3
302716393 3 1
302716390 1676 72
302716388 1 6
302716386 0 0
302716384 1 0
302716378 3 0
302716376 2 1
302716375 0 1
302716371 28 3
302716370 15 3
302716369 2 0
302716368 2 1
302716365 2 1
302716364 8 1
302716361 0 1
302716359 2 0
302716356 3 3
302716353 1 9
302716350 1 0
302716345 2 1
302716341 7 4
302716335 828 27
302716334 1 1
302716333 5 1
302716331 15 0
302716325 5 1
302716324 1 2
302716323 4 0
302716319 11 6
302716318 0 4
302716317 808 11
302716316 4 1
302716315 5 1
302716310 2 0
302716307 9 1
302716306 2 0
302716304 11 0
302716299 1 0
302716297 0 0
302716296 0 1
302716294 26 15
302716284 2 0
302716283 9 8
302716274 2538 64
302716273 1 2
302716266 8 2
302716265 2 30
302716260 0 2
302716259 2 1
302716255 3 2
302716254 3 1
302716253 0 0
302716249 4 0
302716248 2 1
302716247 4 0
302716244 1 2
302716240 4 1
302716239 0 0
302716238 2 0
302716236 2 1
302716234 2 4
302716232 8 1
302716231 1 2
302716230 7 1
302716227 28 6
302716226 2 1
302716216 3 0
302716214 1 2
302716213 6 1
302716212 5 1
302716206 2 0
302716204 4 0
302716203 4 1
302716199 16 4
302716198 8 12
302716197 3 1
302716195 20 2
302716190 5 4
302716188 12 3
302716187 3 1
302716181 2 2
302716168 847 97
302716166 2 2
302716164 2 1
302716163 0 5
302716162 2 2
302716159 2 0
302716158 1041 17
302716154 1 0
302716153 2 0
302716150 4 1
302716148 5 0
302716145 4 0
302716138 1 0
302716133 1 0
302716131 1 0
302716129 1 0
302716126 0 0
302716125 1 0
302716121 0 0
302716114 3 2
302716112 2 0
302716110 4915 262
302716108 3 1
302716107 1 1
302716104 1 0
302716102 6 0
302716100 1 2
302716098 1 0
302716096 8 2
302716095 3 5
302716094 0 0
302716092 0 2
302716091 0 0
302716089 3 0
302716087 1 1
302716085 6 0
302716075 1535 199
302716074 1 0
302716070 8 2
302716067 4 1
302716066 2 0
302716064 11 0
302716062 6 0
302716060 1 0
302716057 11 4
302716056 15 5
302716053 3 83
302716052 1 0
302716049 6 2
302716048 25 3
302716046 6 0
302716045 27 0
302716044 1 0
302716041 6 0
302716040 7 3
302716036 4 1
302716034 14 6
302716031 1 0
302716030 417 6
302716028 1 0
302716026 22 3
302716025 2 2
302716024 6 1
302716023 3 0
302716021 4 1
302716020 2 0
302716018 3 1
302716017 0 2
302716016 3 0
302716014 6 2
302716012 1 0
302716011 0 0
302716008 0 0
302716002 11 4
302716001 0 1
302715994 7 0
302715990 6 0
302715984 1 0
302715979 5 0
302715977 3 1
302715975 0 0
302715972 0 0
302715967 1 1
302715966 3 0
302715965 0 0
302715964 0 4
302715962 0 0
302715960 1 0
302715958 6 0
302715956 6 0
302715955 1142 72
302715953 1 0
302715948 984 145
302715947 4 0
302715946 5 0
302715945 2 0
302715944 8 0
302715943 1 1
302715941 3 1
302715935 3 0
302715931 1 0
302715928 4 0
302715927 1 1
302715925 1 0
302715923 5 0
302715919 0 2
302715918 2 0
302715914 2 2
302715913 1 1
302715912 1 0
302715904 2 0
302715898 1 1
302715896 2 1
302715895 0 0
302715894 7 0
302715893 793 81
302715888 1 0
302715883 5 0
302715882 0 0
302715880 0 0
302715879 2 3
302715876 0 0
302715873 5 0
302715872 0 0
302715871 5 3
302715869 1 1
302715865 0 0
302715864 2 0
302715858 5 0
302715850 0 1
302715849 2 2
302715848 2 1
302715845 0 0
302715844 1 1
302715843 1 0
302715840 0 0
302715838 10 2
302715836 2 2
302715833 7 0
302715832 9 2
302715830 3 0
302715829 0 0
302715828 5 0
302715826 1 0
302715825 8 3
302715824 5 0
302715822 4 1
302715821 15 0
302715820 0 1
302715811 3 0
302715804 9 5
302715802 9 40
302715801 5 0
302715800 1 0
302715799 3 1
302715797 1 1
302715795 0 0
302715794 2 0
302715791 8 1
302715789 2 0
302715787 0 1
302715782 2 0
302715781 1 0
302715776 0 0
302715770 5 1
302715767 4 25
302715766 5 1
302715764 1 0
302715763 0 3
302715762 3 1
302715759 0 0
302715758 0 0
302715754 1 0
302715751 6 0
302715749 1172 70
302715747 0 0
302715741 3 0
302715740 0 0
302715734 8 4
302715733 3 3
302715731 1 0
302715730 1 0
302715729 0 0
302715725 0 0
302715722 0 0
302715721 0 0
302715720 0 1
302715719 5 0
302715717 1 0
302715716 5 6
302715715 4 0
302715714 748 81
302715711 1 1
302715710 0 0
302715709 0 0
302715708 1 0
302715707 0 0
302715702 2 0
302715698 9 2
302715694 2 1
302715693 6 0
302715691 10 0
302715690 0 0
302715686 1 0
302715685 0 5
302715679 2 0
302715676 2 0
302715675 1 0
302715673 22 1
302715670 4 3
302715660 4 7
302715656 2 1
302715655 0 0
302715654 1 0
302715653 1 0
302715652 6 0
302715651 4 1
302715650 4 0
302715649 4 0
302715647 4 0
302715644 1 8
302715642 5 1
302715638 1 0
302715635 4 1
302715632 6 0
302715628 2 0
302715627 2 2
302715625 4 0
302715622 10 0
302715617 3 1
302715616 1 0
302715615 2 0
302715612 1 1
302715607 7 2
302715605 0 0
302715603 0 0
302715598 12 0
302715597 1 0
302715594 1 0
302715589 4 2
302715585 1 0
302715584 5 1
302715583 1 0
302715582 0 0
302715580 3 1
302715579 8 0
302715578 7 0
302715576 4 1
302715571 6 0
302715568 3 0
302715567 1 2
302715566 964 7
302715565 3 0
302715564 5 1
302715563 5 0
302715562 4 0
302715561 2 0
302715556 6 1
302715555 2 1
302715554 5 1
302715552 0 0
302715551 2 2
302715549 3 0
302715547 2 2
302715546 0 0
302715542 6 0
302715540 0 1
302715539 2 1
302715538 4 0
302715537 2 1
302715533 8 0
302715531 0 0
302715528 2 1
302715526 3 0
302715524 3 0
302715522 7 0
302715518 8 1
302715513 2 1
302715510 0 0
302715508 3 0
302715507 0 1
302715505 0 1
302715503 0 0
302715499 4 3
302715498 1 1
302715493 0 0
302715491 2 21
302715487 6 1
302715486 5 0
302715485 3 0
302715483 1 1
302715482 1 1
302715479 3 0
302715474 4 0
302715473 2 0
302715467 1 0
302715466 2 1
302715464 1738 133
302715460 0 0
302715459 4 1
302715457 1 0
302715455 5 0
302715453 2 0
302715451 3 1
302715450 1040 10
302715445 3 0
302715444 0 9
302715442 6 0
302715433 2 6
302715432 16 2
302715428 3 0
302715427 8 0
302715425 2 0
302715423 3 0
302715422 2 4
302715418 6 0
302715416 2 0
302715415 0 0
302715411 5 0
302715409 0 0
302715408 0 0
302715404 7 0
302715403 3 3
302715402 0 0
302715400 0 0
302715399 0 0
302715398 2 0
302715397 13 5
302715392 5 2
302715389 4 4
302715388 1 0
302715380 1 0
302715378 7 1
302715377 4 14
302715376 1 2
302715374 2 1
302715371 1 1
302715370 0 0
302715368 0 4
302715367 7 1
302715366 5 0
302715363 11 3
302715360 0 0
302715358 0 1
302715356 2 1
302715347 2 0
302715346 2 1
302715340 3 0
302715336 1138 118
302715325 3 1
302715314 0 0
302715310 0 0
302715306 8 1
302715303 9 0
302715301 0 1
302715299 1 1
302715295 0 0
302715294 5 0
302715290 4 0
302715289 1 2
302715287 7 1
302715284 0 0
302715281 1 0
302715278 6 1
302715274 0 1
302715273 0 0
302715272 11 4
302715271 9 0
302715265 0 0
302715264 6 0
302715256 2 1
302715254 2 0
302715253 5 0
302715251 572 7
302715246 3 1
302715244 4 1
302715241 4 2
302715238 2 8
302715236 1 2
302715234 4 0
302715233 0 0
302715231 0 0
302715230 1 0
302715228 0 0
302715224 7 0
302715221 2 0
302715213 2 2
302715212 1 4
302715211 5 0
302715209 0 0
302715207 2 1
302715206 1 0
302715205 4 1
302715204 2 0
302715201 2 13
302715200 0 0
302715198 5 0
302715193 1 4
302715192 0 0
302715191 0 0
302715188 1 1
302715186 1 0
302715178 2 1
302715176 0 5
302715173 0 1
302715172 5 0
302715164 1 0
302715157 3779 209
302715153 4 1
302715151 6 2
302715148 8 1
302715142 5 2
302715140 1 0
302715134 8 3
302715126 3 0
302715125 2 18
302715123 6 0
302715119 0 0
302715118 0 0
302715116 2 1
302715115 1 0
302715114 5 0
302715113 3 1
302715110 4 2
302715107 2 1
302715106 0 0
302715103 5 0
302715092 5 1
302715090 4 1
302715089 4 1
302715087 1 0
302715086 4 0
302715077 4 2
302715072 1295 70
302715067 0 0
302715063 6 0
302715061 8 0
302715059 4 1
302715052 1563 54
302715051 1 0
302715050 1 0
302715046 1 0
302715043 4 2
302715042 888 62
302715041 11 11
302715034 7 0
302715032 5 1
302715030 5 2
302715024 2 0
302715023 0 0
302715021 0 1
302715020 0 15
302715018 0 0
302715015 5 0
302715008 6 4
302715006 3 1
302715005 0 0
302715004 12 7
302715001 0 0
302714992 17 2
302714988 0 1
302714984 2 0
302714981 9 1
302714980 5 0
302714978 4 1
302714973 0 2
302714971 2 3
302714962 3 1
302714960 0 0
302714959 3 0
302714955 0 0
302714954 6 3
302714948 4 1
302714946 0 0
302714945 1 1
302714942 1 0
302714936 5 6
302714933 7 1
302714931 9 0
302714927 4 3
302714926 0 0
302714924 2 2
302714918 5 1
302714915 2 0
302714912 1 3
302714909 9 1
302714908 3 9
302714907 2 0
302714906 2 0
302714903 1 0
302714895 1 5
302714892 2 4
302714884 1 2
302714883 2 1
302714878 4 5
302714877 4 57
302714874 4 0
302714873 7 0
302714869 1 0
302714867 1 0
302714847 8 8
302714844 5 0
302714838 8 4
302714837 3 1
302714831 1 0
302714830 0 2
302714827 571 22
302714825 4 0
302714823 1498 51
302714820 5 9
302714818 0 1
302714813 8 3
302714810 2 0
302714809 0 0
302714802 5 1
302714798 15 5
302714793 4 0
302714787 1 2
302714785 5 14
302714783 9 6
302714778 5 0
302714776 2 2
302714770 0 0
302714765 1 1
302714763 13 0
302714752 6 0
302714750 1697 230
302714749 5 2
302714741 8 1
302714740 8 0
302714738 0 0
302714736 1 1
302714734 8 4
302714733 2 2
302714725 10 1
302714713 0 1
302714711 0 0
302714707 8 0
302714703 6 29
302714700 5 0
302714699 2 0
302714698 4 0
302714696 1 0
302714694 1 0
302714693 3 3
302714690 1 2
302714688 0 0
302714685 0 0
302714677 6 0
302714674 0 0
302714673 0 0
302714671 6 0
302714669 1313 13
302714666 0 0
302714665 0 0
302714657 0 0
302714652 2 0
302714650 917 16
302714649 0 1
302714648 0 0
302714645 1 13
302714636 2 0
302714631 6 0
302714619 11 0
302714616 18 13
302714615 1 0
302714614 3 1
302714613 2 0
302714608 4 1
302714604 7 63
302714603 1 0
302714602 0 0
302714600 6388 725
302714596 0 5
302714588 7 3
302714586 8 4
302714584 4 0
302714581 0 0
302714579 5 1
302714575 0 0
302714568 0 0
302714567 1 0
302714563 4 0
302714562 497 27
302714560 8 2
302714559 17 1
302714556 1 0
302714554 0 1
302714553 1 0
302714550 2 7
302714547 0 0
302714546 1 0
302714541 13 2
302714540 2 2
302714530 1 1
302714524 0 0
302714522 5 0
302714521 0 0
302714518 3 1
302714517 1 1
302714516 0 0
302714515 2 0
302714513 2 2
302714512 0 0
302714509 0 0
302714507 3 22
302714501 0 1
302714495 8 4
302714494 0 0
302714487 0 0
302714486 3 3
302714485 2 1
302714484 4 0
302714483 0 1
302714481 6 1
302714476 3 0
302714474 1 0
302714471 18 1
302714464 3 0
302714459 7 3
302714455 0 0
302714452 0 0
302714449 2 2
302714446 2 3
302714442 0 0
302714433 2 3
302714432 2 1
302714430 0 1
302714428 0 0
302714425 0 13
302714418 4 0
302714416 1 2
302714410 3 1
302714409 0 0
302714407 0 0
302714404 0 0
302714401 2 2
302714398 0 0
302714395 3 0
302714391 2 1
302714388 5 0
302714382 4 3
302714379 3 3
302714377 0 0
302714370 1 2
302714369 0 0
302714368 4 1
302714366 0 0
302714365 4 0
302714362 14 0
302714358 0 0
302714353 2 1
302714351 4 1
302714349 3 0
302714347 2 2
302714344 4 1
302714342 3 0
302714340 4 1
302714327 4 0
302714326 2 1
302714317 2 3
302714311 0 0
302714304 4 0
302714301 0 0
302714293 4 2
302714290 0 0
302714288 2 6
302714287 7 0
302714281 0 3
302714279 6 2
302714276 0 19
302714271 3 0
302714268 6 3
302714261 2 0
302714258 5 0
302714239 3 3
302714238 6 1
302714234 6 2
302714230 1 0
302714224 0 0
302714221 2 4
302714220 5 1
302714219 0 0
302714218 3401 84
302714212 6 3
302714211 5 2
302714206 2 1
302714205 1 2
302714203 1 7
302714202 5 2
302714194 0 0
302714190 4 1
302714188 7 3
302714187 3 0
302714182 2 0
302714180 2142 82
302714179 2 7
302714172 2 2
302714165 4 2
302714157 1 0
302714154 2 3
302714152 2 1
302714150 2 0
302714144 5 1
302714141 5 1
302714130 5 2
302714127 5 0
302714124 2 4
302714118 7 2
302714116 4 0
302714111 4 0
302714109 3 0
302714108 9 1
302714105 1 3
302714104 1 0
302714103 1 0
302714096 0 0
302714095 1 0
302714094 562 18
302714090 2 2
302714082 8 4
302714075 4 0
302714070 1 2
302714064 0 0
302714063 0 1
302714059 1 2
302714056 2 0
302714054 3 2
302714053 0 0
302714052 15 3
302714048 3 2
302714044 0 0
302714041 5 0
302714038 0 3
302714019 0 0
302714013 1 6
302714011 7 2
302714010 1 0
302714001 6 3
302713999 2 1
302713998 1 2
302713993 2 0
302713982 3356 274
302713974 2882 469
302713973 2 0
302713972 2 0
302713971 0 1
302713970 4 1
302713967 2 0
302713958 1 0
302713949 4 3
302713947 3 0
302713943 1 1
302713942 0 0
302713940 1 25
302713937 0 0
302713934 3 13
302713926 8 1
302713924 13 8
302713923 13 1
302713917 3 0
302713916 5 2
302713912 5 2
302713910 0 0
302713902 0 0
302713898 6 0
302713893 0 0
302713884 4 5
302713881 2 1
302713880 4 0
302713876 1 0
302713874 3 1
302713863 0 1
302713862 1 0
302713861 1 2
302713859 3 0
302713857 3 1
302713856 0 1
302713853 2 0
302713850 2 1
302713849 6 2
302713848 1 1
302713847 0 0
302713846 0 0
302713836 0 11
302713835 1 0
302713833 7 2
302713829 1 2
302713823 0 1
302713820 1 1
302713819 6 0
302713818 1 0
302713817 16 4
302713816 0 1
302713815 0 0
302713814 1 0
302713813 0 0
302713806 2 2
302713805 6 9
302713804 7 2
302713802 4 1
302713800 1 2
302713799 0 1
302713798 0 1
302713797 6 4
302713796 0 0
302713792 2 1
302713789 0 0
302713785 1 2
302713784 1 1
302713783 0 2
302713782 0 0
302713781 0 0
302713778 0 0
302713777 0 0
302713776 1 0
302713771 14 4
302713770 1 1
302713768 1 0
302713767 1 1
302713766 10 2
302713765 5 0
302713763 0 0
302713761 2 1
302713759 0 1
302713757 0 1
302713756 0 1
302713751 6 1
302713750 0 1
302713749 0 0
302713748 11 1
302713747 0 0
302713746 2 2
302713745 6 0
302713744 1 1
302713743 0 1
302713742 0 2
302713741 3 1
302713740 2 1
302713739 2821 255
302713737 9 2
302713736 9 9
302713735 4 0
302713734 1 3
302713733 0 1
302713731 0 0
302713729 3 4
302713728 1 8
302713726 3 5
302713724 3 15
302713723 7 0
302713721 2 2
302713720 7 2
302713718 0 1
302713717 5 0
302713712 4 2
302713711 8 0
302713710 0 0
302713709 16 2
302713708 4 0
302713707 4 4
302713706 1 3
302713705 1 2
302713703 0 8
302713702 4 0
302713700 1193 47
302713699 0 1
302713697 4 0
302713695 9 0
302713694 0 0
302713693 607 61
302713692 2 0
302713691 0 0
302713690 0 0
302713688 0 0
302713685 2 0
302713684 757 15
302713683 1 0
302713682 5 4
302713681 1 0
302713680 2 3
302713677 2 2
302713676 1 0
302713675 3 1
302713674 6 0
302713672 4 0
302713671 6 0
302713669 1 0
302713662 0 3
302713659 3 4
302713658 0 1
302713657 0 2
302713656 2 2
302713655 3 40
302713654 1 0
302713651 3 1
302713650 4 0
302713648 0 0
302713644 7 2
302713643 0 1
302713641 4 47
302713640 1 3
302713639 3 0
302713637 25 0
302713636 0 0
302713635 8 0
302713629 3 2
302713626 0 1
302713625 1 2
302713623 1 1
302713620 3 9
302713619 4 0
302713618 0 0
302713615 3 2
302713612 2885 170
302713607 2 2
302713606 3 0
302713605 3 0
302713604 0 0
302713601 2 3
302713599 0 2
302713598 0 0
302713597 1 2
302713595 0 1
302713594 2 58
302713593 1 0
302713592 0 0
302713590 1 0
302713589 5 0
302713588 3 4
302713586 1 2
302713581 0 0
302713580 2 0
302713578 4 1
302713577 0 0
302713575 2 1
302713574 3 0
302713572 3 0
302713569 2 50
302713567 0 0
302713566 1 1
302713563 0 0
302713562 2 1
302713558 1 0
302713554 0 0
302713552 4 0
302713551 6 3
302713547 3 1
302713545 0 1
302713544 1 15
302713543 2 0
302713540 3209 202
302713539 1 1
302713537 0 2
302713536 0 0
302713534 1 1
302713533 0 1
302713532 0 1
302713531 1 0
302713530 8 3
302713529 2 1
302713528 2 1
302713526 7 3
302713524 0 0
302713523 2 5
302713519 2 1
302713518 0 1
302713517 5 9
302713516 7558 194
302713512 0 1
302713511 0 0
302713510 1 2
302713509 9 3
302713508 0 1
302713504 27 0
302713503 0 1
302713502 1 1
302713501 1 0
302713500 3 1
302713499 1 0
302713496 6 0
302713495 6 0
302713493 5 1
302713491 2 0
302713489 6 0
302713488 3 0
302713487 1 0
302713486 2 2
302713482 3 1
302713481 10 0
302713480 6 3
302713479 1 0
302713476 2 1
302713474 0 0
302713473 8 0
302713472 3 1
302713470 0 0
302713468 0 1
302713467 6 1
302713466 3 0
302713463 9 3
302713462 1 0
302713461 1 1
302713457 0 1
302713455 0 0
302713454 5 3
302713453 3 2
302713452 0 4
302713451 7 0
302713450 2 2
302713449 4 1
302713445 0 1
302713444 1 6
302713441 1 0
302713440 1 2
302713437 2 1
302713436 1 1
302713435 0 0
302713434 3 2
302713433 9 7
302713428 1 2
302713425 6 1
302713424 4 5
302713423 0 11
302713421 2 0
302713420 4 0
302713418 0 0
302713416 5 0
302713415 2 1
302713414 4 1
302713413 1 0
302713412 0 1
302713410 20 0
302713409 0 13
302713407 11 0
302713406 0 0
302713405 0 0
302713404 2 1
302713401 0 1
302713400 0 1
302713399 2 1
302713398 0 0
302713396 3 1
302713395 0 1
302713392 1 1
302713391 1 0
302713389 4 0
302713385 7 4
302713384 2 0
302713382 0 0
302713378 5 0
302713377 0 0
302713375 1 2
302713372 1 0
302713371 1 0
302713368 2 0
302713366 1 0
302713364 0 0
302713363 0 0
302713362 1 1
302713360 0 3
302713359 5 0
302713358 8 4
302713356 1 0
302713355 4 1
302713353 2 1
302713352 1 0
302713350 0 0
302713348 9 1
302713347 0 9
302713345 6 3
302713344 3 0
302713343 7 8
302713341 0 0
302713339 3 3
302713338 3 0
302713331 0 0
302713330 0 0
302713329 2 0
302713327 3 1
302713326 4 0
302713325 5 0
302713323 5 2
302713322 7 5
302713321 3 1
302713319 5 2
302713318 15 0
302713313 1 4
302713308 1 0
302713307 5 2
302713305 3 0
302713303 1 0
302713301 1 2
302713300 0 1
302713298 16 0
302713297 2 2
302713295 1 1
302713294 1 1
302713293 2 0
302713291 1 1
302713289 6 2
302713288 678 164
302713287 0 0
302713285 2 2
302713281 4 1
302713278 0 0
302713276 6 2
302713274 0 0
302713273 12 1
302713272 0 0
302713268 1 1
302713267 0 0
302713264 5 0
302713263 3 1
302713261 3 0
302713260 0 0
302713254 2 8
302713253 2 0
302713252 898 11
302713251 3 1
302713248 3 0
302713246 10 0
302713245 4 2
302713244 4 1
302713243 1 0
302713237 1 0
302713235 5 1
302713232 1 0
302713231 5 1
302713230 5 0
302713229 0 0
302713228 3 0
302713225 0 0
302713224 3 0
302713222 4 1
302713221 3 0
302713220 825 75
302713219 0 1
302713218 3 0
302713211 6 3
302713210 7 0
302713208 15 0
302713207 0 0
302713206 8612 212
302713203 3 1
302713202 1 4
302713199 4 2
302713196 19 0
302713193 0 0
302713192 3 2
302713191 1 0
302713187 2 2
302713185 10 0
302713182 5 2
302713178 0 0
302713177 2 1
302713175 3 2
302713174 3 0
302713173 5 1
302713171 7 0
302713169 7 0
302713168 0 1
302713167 2 0
302713165 3 1
302713159 0 0
302713158 3 0
302713156 4 0
302713155 7 2
302713152 3 3
302713151 0 1
302713148 3 1
302713147 1 1
302713146 2 0
302713145 8 5
302713144 5 3
302713143 9 0
302713141 6 1
302713138 2 0
302713137 2 2
302713133 7 0
302713128 0 1
302713125 0 0
302713124 17 0
302713122 3 3
302713121 0 1
302713119 2 2
302713117 9 0
302713116 0 0
302713114 0 8
302713113 0 0
302713110 7 1
302713109 5 1
302713108 5 0
302713106 2 0
302713104 5 6
302713101 0 0
302713100 0 0
302713098 1 0
302713097 0 1
302713094 0 0
302713093 2 0
302713092 2 0
302713091 8 1
302713090 3 0
302713089 0 5
302713088 4 2
302713087 9 2
302713086 0 0
302713085 1 1
302713084 0 0
302713081 3 2
302713076 0 1
302713075 0 2
302713073 1 2
302713069 4 0
302713067 4 1
302713066 9 0
302713065 0 1
302713063 1 0
302713062 4 1
302713058 3 2
302713057 0 0
302713056 0 1
302713053 0 0
302713051 2 3
302713050 1 0
302713049 2 0
302713046 0 0
302713044 0 0
302713043 2 0
302713042 2 0
302713036 1 0
302713035 6 2
302713034 0 1
302713033 0 0
302713031 7 0
302713030 0 1
302713027 1 1
302713026 0 0
302713024 0 0
302713022 1 1
302713021 1 0
302713020 7615 286
302713019 0 2
302713016 0 1
302713015 0 1
302713012 0 0
302713011 0 1
302713010 0 0
302713007 0 0
302713006 0 0
302713005 0 0
302713004 1 3
302713002 7 0
302713001 7 1
302712997 2 1
302712996 7 2
302712995 1 2
302712990 7 2
302712989 0 0
302712988 2 0
302712987 1 2
302712986 3 3
302712985 2 1
302712983 2 0
302712981 5333 282
302712976 2 3
302712973 2 0
302712972 3 2
302712971 2 3
302712970 1 0
302712969 3 2
302712968 3 1
302712967 0 3
302712964 1 1
302712963 3 2
302712962 4 2
302712960 5 0
302712959 0 6
302712957 0 3
302712956 1 0
302712954 0 3
302712952 2 0
302712951 1 3
302712950 0 0
302712947 1 2
302712945 3 1
302712944 6 2
302712941 1 2
302712940 4 0
302712937 6 1
302712936 4 1
302712935 0 0
302712934 2 1
302712933 0 3
302712932 0 0
302712931 6 5
302712930 0 5
302712929 0 0
302712928 2 2
302712927 1 0
302712926 9 2
302712921 466 10
302712920 3 12
302712918 2 0
302712917 0 0
302712916 4 3
302712915 2 8
302712908 1 3
302712907 0 0
302712906 5 16
302712904 3 3
302712903 4 0
302712902 0 1
302712901 3 0
302712900 8 3
302712899 3 3
302712897 3 1
302712896 3 3
302712895 1 0
302712894 0 0
302712893 0 0
302712892 2 3
302712891 3 3
302712889 9 2
302712888 0 0
302712887 7 2
302712886 2 0
302712885 1 8
302712884 1 0
302712880 1 0
302712879 2 2
302712878 1 4
302712877 4 1
302712876 1 2
302712875 5 1
302712873 1 0
302712872 1 0
302712871 0 1
302712870 2 3
302712869 1 1
302712868 2 3
302712867 0 0
302712866 1 2
302712865 4 3
302712864 4 2
302712863 1 1
302712861 3 0
302712860 1 1
302712857 4 1
302712856 0 0
302712855 2 0
302712854 0 0
302712853 5 0
302712851 1 1
302712850 1 2
302712849 3 2
302712848 5 0
302712847 0 0
302712845 0 0
302712844 4 3
302712843 0 0
302712840 0 1
302712839 4 1
302712838 4 0
302712837 2 2
302712835 1 1
302712833 6 4
302712831 0 0
302712829 16 1
302712828 2 2
302712827 7 2
302712826 7 0
302712825 0 0
302712823 0 0
302712822 1 2
302712821 0 1
302712820 0 2
302712819 2 5
302712818 0 0
302712817 1 0
302712816 2 1
302712815 2 2
302712814 1 2
302712813 0 0
302712812 7 2
302712811 15 2
302712810 2 1
302712809 2 0
302712808 2 4
302712807 3 9
302712805 3 1
302712804 0 0
302712803 2 0
302712802 0 4
302712801 2 2
302712800 1 2
302712798 3 2
302712797 0 0
302712796 1 2
302712795 10 3
302712794 2 0
302712793 4 10
302712791 0 0
302712790 0 2
302712789 2 1
302712788 1 2
302712787 0 1
302712785 1 2
302712783 1 2
302712782 0 0
302712780 1 1
302712779 0 0
302712778 2 2
302712777 0 0
302712776 0 2
302712775 0 0
302712774 6 2
302712773 7 1
302712772 3 0
302712771 3 1
302712770 0 0
302712769 3 1
302712768 1 2
302712767 4 0
302712766 2 4
302712765 4 3
302712764 0 0
302712763 2 3
302712762 2 5
302712761 1 0
302712760 0 0
302712759 0 0
302712758 2 3
302712757 5 1
302712755 3 8
302712754 1 0
302712753 4 1
302712752 6 3
302712751 0 0
302712750 1 0
302712749 3 0
302712747 2 0
302712745 3 1
302712744 2 2
302712743 0 0
302712742 0 1
302712741 2 2
302712739 1 0
302712738 3 0
302712737 0 0
302712736 1 3
302712735 2 0
302712734 6 1
302712732 0 0
302712731 4051 123
302712730 0 0
302712729 1 1
302712728 3 0
302712727 0 1
302712726 4 2
302712725 1 2
302712724 0 1
302712723 4 0
302712722 0 1
302712721 0 0
302712720 0 0
302712719 0 0
302712718 1 2
302712717 5 0
302712716 4 0
302712715 5 1
302712714 0 4
302712713 3 3
302712712 0 0
302712711 4 1
302712710 5 1
302712709 1 0
302712708 3 2
302712706 0 0
302712705 1 2
302712704 0 0
302712703 0 2
302712702 1 1
302712701 3 3
302712699 0 2
302712697 0 0
302712696 2 0
302712695 3 0
302712694 1 0
302712693 3 0
302712692 3 0
302712691 0 0
302712690 2 0
302712689 0 2
302712688 0 0
302712687 2 1
302712686 2 0
302712684 2 0
302712681 1 2
302712680 2 2
302712679 0 0
302712678 4 3
302712677 3 1
302712676 3 0
302712675 0 0
302712674 1 2
302712671 2 1
302712670 1 2
302712669 0 3
302712668 1 0
302712665 1967 111
302712664 3 3
302712663 6 0
302712662 1 1
302712661 2 2
302712660 6 1
302712658 0 1
302712657 2 1
302712656 4 0
302712655 2 2
302712654 3 0
302712653 3 0
302712652 0 1
302712651 2 3
302712650 2 3
302712649 0 2
302712648 7 0
302712647 2 3
302712646 4 0
302712645 0 4
302712644 2 0
302712642 1 2
302712641 2 2
302712640 0 0
302712639 1 0
302712638 2 0
302712637 0 0
302712636 3 0
302712635 0 0
302712634 1 0
302712633 1 1
302712632 0 0
302712631 4 3
302712629 0 0
302712628 1 2
302712627 1 1
302712626 3 0
302712625 0 0
302712624 0 1
302712623 1 2
302712621 0 0
302712620 3 0
302712619 3 0
302712618 2 1
302712617 0 0
302712615 0 2
302712614 1 2
302712612 1 2
302712611 2 0
302712610 0 0
302712609 2 2
302712608 2 1
302712607 1 1
302712606 0 0
302712605 0 1
302712604 5 2
302712603 1 1
302712601 0 2
302712599 2 0
302712598 2 0
302712597 0 1
302712596 0 1
302712595 2 3
302712594 0 0
302712593 0 1
302712592 1 0
302712591 1 0
302712590 0 0
302712589 0 1
302712588 2 0
302712587 0 0
302712585 4 0
302712584 2 0
302712583 0 0
302712582 2 1
302712581 0 0
302712580 4 0
302712578 0 2
302712577 1 0
302712575 2 3
302712573 0 2
302712572 0 1
302712571 0 3
302712570 4 2
302712569 1 1
302712568 0 1
302712567 2 0
302712566 3 2
302712564 0 0
302712563 0 2
302712562 4 0
302712561 0 0
302712560 1 0
302712557 2 0
302712556 0 0
302712555 0 1
302712553 0 0
302712550 0 0
302712549 0 0
302712547 0 2
302712546 2 2
302712545 0 2
302712544 2 2
302712543 1 0
302712542 2 0
302712541 2 2
302712540 0 2
302712539 0 0
302712538 1 1
302712537 0 1
302712534 4 1
302712533 0 1
302712530 0 0
302712529 0 0
302712528 0 0
302712527 0 0
302712526 2 0
302712525 0 1
302712523 2 0
302712522 2 0
302712521 0 2
302712520 2 0
302712519 0 0
302712518 1 0
302712517 2 0
302712516 1 0
302712515 3 1
302712514 0 1
302712512 2 0
302712511 2 0
302712510 1 1
302712507 0 1
302712506 0 0
302712505 2 0
302712504 3 0
302712503 2 0
302712501 0 1
302712500 2 0
