303957779 0 0
303956978 1 0
303955712 0 0
303953288 0 0
303948164 0 0
303942352 0 0
303942350 0 0
303942347 0 0
303940578 0 0
303940379 0 0
303939592 2 0
303937849 0 0
303937831 0 0
303931600 0 0
303931124 0 0
303931055 1 0
303902804 1 1
303902681 0 0
303889005 5 0
303888794 0 1
303878136 3 0
303865030 0 0
303864998 0 0
303864335 0 2
303863684 4 0
303860857 3 0
303860143 11 1
303859594 0 15
303859141 4 1
303859074 2 0
303858806 6 0
303858273 4 26
303858233 9 0
303858158 0 0
303857852 3 0
303857522 2 0
303857357 0 0
303857116 6 0
303856333 2 1
303856289 0 0
303856264 11 2
303855572 0 0
303855273 0 0
303854548 8 1
303853988 2 4
303850229 3 1
303845876 2 1
303835221 9 0
303833307 3 0
303824451 8 1
303824445 2 1
303822740 0 1
303810034 1 0
303804992 0 0
303804976 0 0
303804842 1 0
303804672 5 2
303804402 0 0
303804265 0 1
303804211 4 2
303804059 6 0
303803864 6 4
303803682 4 3
303803626 16 1
303803613 12 0
303803568 3 1
303803553 3 1
303803479 8 0
303802651 9 5
303801842 32 17
303801841 7 3
303801248 5 15
303800401 3 1
303800384 0 2
303800368 2 0
303800251 6 10
303800123 3 8
303800083 10 8
303799853 2 1
303799479 10 14
303799460 12 10
303799450 13 8
303799448 6 3
303799427 6 6
303799423 6 3
303799394 5 10
303799303 1 1
303799297 1 1
303799291 1 2
303799154 6 2
303798978 5 1
303798729 17 2
303798631 11 0
303798608 12 8
303798605 35 1
303798355 4 1
303798292 0 1
303798288 12 1
303798232 2 0
303798066 25 20
303797843 2 5
303797654 15 0
303797648 27 21
303797513 3 8
303797427 1 0
303797345 5 8
303797249 6 0
303797240 4 0
303797230 10 0
303797184 5 23
303797150 0 6
303796969 3 3
303796825 0 0
303796786 4 1
303796364 47 25
303796055 1 2
303795842 29 4
303795717 0 0
303795197 12 1
303795049 21 3
303794817 19 2
303794778 6 0
303794750 2 3
303794718 3 1
303794655 4 0
303794512 6 0
303794476 4 0
303794435 5 0
303794387 0 0
303794154 5 0
303793359 12 1
303792288 3 3
303791970 26 1
303791948 4 3
303791840 6 2
303791722 31 6
303791714 1 1
303791638 5 35
303791589 3 42
303791574 2 0
303791407 2 2
303791395 5 2
303791309 7 4
303791150 16 11
303791037 14 15
303790989 17 41
303790985 12 23
303790861 0 0
303790847 0 1
303790698 3 2
303790454 1 2
303790451 3 41
303790217 29 0
303790195 5 3
303790158 2 32
303789992 16 0
303789942 4 24
303789940 4 1
303789656 2 1
303789459 0 2
303789157 28 2
303787536 7 36
303787532 3 32
303787383 1 34
303787155 46 21
303785570 1 2
303785220 14 28
303784283 4 7
303784140 5 0
303783449 45 38
303778049 11 24
303778031 18 5
303778011 16 30
303777899 5 5
303777886 20 9
303777870 1 1
303777865 1 1
303777863 1 1
303777862 1 1
303777859 1 1
303777857 1 1
303777855 1 1
303777854 1 1
303777852 1 1
303777851 1 1
303777626 8 11
303777566 4 1
303777530 3 2
303777442 25 5
303777309 9 5
303777289 5 7
303777285 6 6
303777236 7 4
303777225 3 1
303776699 9 5
303776532 3 0
303776521 6 30
303776517 5 0
303776506 5 1
303776060 18 42
303776026 29 25
303775832 14 32
303775789 0 0
303775731 2 5
303775193 4 2
303774609 5 1
303772884 6 6
303772399 5 8
303772343 4 3
303772312 4 3
303770979 5 1
303770880 3 3
303769401 12 12
303765248 11 0
303765246 30 32
303765240 42 37
303765225 5 51
303765219 24 44
303765209 10 15
303765203 42 34
303765199 5 13
303764956 9 6
303764907 1 8
303764904 5 7
303764800 13 18
303764754 22 26
303764565 6 1
303764541 3 9
303764538 2 3
303764486 7 1
303764464 3 3
303764460 5 0
303764429 5 4
303764326 42 29
303764294 8 7
303764293 1 4
303764290 5 2
303764287 3 8
303764251 14 2
303764155 12 4
303764128 1 8
303763962 0 2
303763203 22 6
303763087 28 26
303763053 23 3
303762066 2 10
303762027 27 39
303761492 3 1
303761303 33 15
303761230 0 2
303761216 8 7
303761131 1 3
303761024 56 32
303760968 7 3
303760960 6 0
303760958 8 2
303760691 6 0
303760460 9 4
303760013 11 15
303758288 10 1
303757657 8 3
303757351 3 1
303757264 3 1
303756858 3 1
303756587 5 3
303755647 27 3
303754854 16 9
303754794 8 0
303754701 0 0
303754512 0 1
303754469 0 2
303754430 5 2
303754427 6 1
303754386 5 1
303754382 11 17
303754345 32 24
303754339 23 9
303754316 8 4
303754273 3 1
303754175 4 11
303754128 32 25
303754116 4 3
303754100 2 51
303754077 6 2
303754035 4 29
303754033 5 4
303753948 7 14
303753898 9 2
303753866 6 10
303753801 7 5
303753797 21 5
303753662 14 3
303753655 4 0
303753650 4 4
303753580 7 0
303753434 7 6
303753431 6 6
303753415 0 0
303753349 4 6
303753338 24 5
303753334 9 4
303753104 26 24
303753096 1 13
303753064 8 34
303752981 10 18
303752956 5 3
303752922 5 3
303752843 4 4
303752842 4 4
303752830 3 4
303752823 6 5
303752822 3 2
303752802 5 2
303752801 2 3
303752798 22 43
303752794 32 31
303752754 4 10
303752644 7 7
303752634 6 4
303752624 28 29
303752607 4 1
303752510 29 6
303752427 7 0
303752385 9 11
303752380 2 12
303752377 4 5
303752376 4 2
303752346 4 30
303752331 9 5
303752326 12 2
303752307 6 23
303752061 5 2
303752058 5 1
303752023 10 12
303752005 4 1
303751950 56 46
303751804 7 1
303751761 5 4
303751744 38 38
303751735 7 0
303751723 3 21
303751708 13 1
303751648 23 49
303751641 5 2
303751610 24 5
303751605 7 1
303751526 29 15
303751444 40 5
303751409 82 59
303751406 20 5
303751369 5 3
303751245 42 2
303751185 6 3
303751134 6 9
303751106 18 9
303751029 14 26
303751008 3 12
303750951 34 68
303750832 1 0
303750670 0 1
303750653 9 6
303750645 6 29
303750630 5 4
303750628 9 21
303750581 6 3
303750558 8 6
303750517 7 1
303750477 6 0
303750468 6 0
303750462 6 4
303750434 24 0
303750399 4 1
303750275 5 1
303750074 25 35
303749945 3 1
303749904 3 1
303749713 10 6
303749695 4 20
303749683 0 0
303749566 20 12
303749362 8 8
303749127 54 0
303748855 13 9
303748724 4 5
303748436 31 2
303748364 16 1
303748015 2 0
303747902 8 6
303747895 6 0
303747792 3 1
303747778 2 0
303747686 5 4
303747278 11 20
303747249 6 1
303746979 18 2
303746361 0 0
303745840 6 0
303745744 6 1
303745424 3 1
303745328 49 35
303745317 0 0
303745287 12 8
303745205 5 0
303745139 13 1
303745130 6 0
303745126 12 14
303745122 5 0
303745121 20 23
303745114 26 5
303745100 15 6
303745097 14 2
303745095 24 0
303745091 5 0
303745089 8 0
303745088 1 30
303745087 3 0
303745082 3 0
303745081 5 9
303745080 7 2
303745079 3 2
303745078 8 12
303745076 3 0
303745074 15 15
303745073 7 9
303745071 15 19
303745069 4 13
303745066 4 1
303745065 1 6
303745061 0 3
303745059 14 0
303745057 4 2
303745056 1 0
303745054 8 19
303745051 2 0
303745050 9 24
303745048 3 6
303745038 2 18
303745035 6 20
303745029 13 0
303745027 7 9
303745021 2 5
303745018 31 50
303745015 21 24
303745011 78 67
303745010 7 14
303745009 5 7
303745000 3 2
303744997 9 8
303744995 3 1
303744991 4 4
303744985 4 0
303744984 7 10
303744983 2 5
303744980 1 22
303744979 27 30
303744975 5 6
303744973 15 0
303744969 3 19
303744964 4 1
303744961 0 4
303744958 3 8
303744949 33 1
303744944 18 2
303744943 7 2
303744938 5 6
303744936 30 23
303744931 4 0
303744928 0 2
303744926 4 3
303744922 1 2
303744918 7 5
303744915 3 1
303744914 3 1
303744904 29 4
303744900 32 3
303744893 2 1
303744889 15 0
303744886 2 12
303744884 47 4
303744883 2 3
303744870 4 9
303744869 20 4
303744858 10 17
303744852 3 3
303744849 3 1
303744841 11 37
303744827 25 3
303744825 67 3
303744821 11 40
303744820 3 0
303744817 14 23
303744815 17 20
303744813 10 10
303744801 9 12
303744800 2 2
303744795 1 0
303744794 19 6
303744793 59 56
303744792 7 1
303744790 14 5
303744789 12 2
303744788 10 10
303744784 21 14
303744783 0 0
303744771 61 0
303744767 9 6
303744762 25 32
303744747 7 7
303744745 2 0
303744744 13 27
303744742 62 57
303744733 7 3
303744727 2 10
303744725 19 12
303744721 0 6
303744714 10 14
303744708 22 3
303744703 3 1
303744700 15 2
303744698 22 17
303744696 8 4
303744689 9 2
303744679 2 0
303744678 9 1
303744675 17 2
303744673 42 3
303744669 8 1
303744667 1 0
303744661 3 0
303744658 8 8
303744655 8 6
303744652 16 6
303744651 20 16
303744650 4 30
303744649 38 12
303744646 8 8
303744645 23 8
303744641 2 0
303744640 21 20
303744638 13 21
303744636 18 15
303744627 6 0
303744622 32 47
303744619 21 40
303744618 19 0
303744613 18 14
303744611 39 2
303744610 14 6
303744606 6 2
303744603 2 0
303744602 18 23
303744600 3 1
303744599 13 4
303744598 2 0
303744594 13 3
303744592 1 9
303744591 13 6
303744588 0 3
303744584 17 20
303744583 3 0
303744577 14 4
303744576 0 34
303744573 43 47
303744571 15 9
303744569 4 30
303744568 9 0
303744567 29 19
303744562 10 17
303744545 18 65
303744544 58 6
303744530 26 4
303744529 15 4
303744525 6 0
303744523 16 0
303744522 10 5
303744521 10 5
303744520 1 1
303744515 2 0
303744513 3 0
303744508 18 1
303744506 1 1
303744505 4 0
303744502 6 8
303744501 0 0
303744500 3 0
303744498 72 3
303744496 4 2
303744494 1 3
303744492 4 1
303744490 0 2
303744486 15 2
303744483 23 2
303744482 2 10
303744481 39 30
303744477 35 9
303744473 38 20
303744468 6 1
303744466 24 2
303744465 4 0
303744462 17 16
303744455 3 1
303744453 10 8
303744449 2 6
303744443 18 18
303744433 7 9
303744430 43 5
303744429 24 4
303744422 24 11
303744420 29 5
303744419 10 0
303744418 10 36
303744416 4 0
303744414 25 41
303744411 8 0
303744409 3 1
303744408 49 50
303744407 12 14
303744405 3 0
303744397 11 0
303744395 64 5
303744394 13 14
303744391 3 0
303744390 9 11
303744387 4 1
303744386 11 7
303744383 0 0
303744382 6 7
303744381 0 0
303744379 0 0
303744378 8 10
303744377 1 0
303744375 2 0
303744374 58 2
303744370 5 34
303744366 1 0
303744364 1 0
303744363 1 0
303744359 2 0
303744357 20 0
303744351 0 0
303744350 0 0
303744349 0 0
303744348 5 1
303744346 0 0
303744345 79 63
303744344 26 2
303744341 8 5
303744340 16 8
303744336 2 0
303744334 23 9
303744333 15 1
303744332 5 40
303744329 11 2
303744325 0 31
303744323 5 28
303744321 27 13
303744316 3 0
303744313 29 0
303744312 7 0
303744310 1 0
303744308 31 9
303744306 34 41
303744305 16 8
303744301 20 18
303744294 20 1
303744291 6 0
303744290 2 0
303744287 5 7
303744283 32 37
303744274 28 0
303744273 0 6
303744272 7 1
303744270 36 2
303744269 1 0
303744268 3 8
303744264 8 11
303744261 0 3
303744260 3 0
303744252 1 0
303744251 16 5
303744242 6 0
303744240 3 6
303744226 6 48
303744223 7 42
303744222 2 2
303744221 4 0
303744218 0 0
303744217 0 0
303744215 3 0
303744213 0 0
303744212 0 1
303744211 0 0
303744210 6 1
303744207 17 5
303744204 6 0
303744202 4 0
303744200 4 0
303744197 4 42
303744196 3 0
303744195 6 1
303744194 6 0
303744191 4 0
303744189 3 0
303744187 3 1
303744186 3 0
303744185 3 0
303744184 70 93
303744183 4 0
303744182 50 38
303744181 8 30
303744180 3 0
303744175 1 0
303744174 5 18
303744173 1 43
303744172 12 0
303744170 8 0
303744169 8 0
303744168 15 12
303744167 2 4
303744166 5 0
303744165 7 0
303744164 7 0
303744163 4 0
303744162 26 1
303744160 5 29
303744159 108 1
303744158 3 2
303744157 7 0
303744156 5 0
303744155 5 1
303744154 3 0
303744153 2 0
303744151 4 1
303744148 2 0
303744147 3 0
303744145 5 0
303744144 0 0
303744142 3 0
303744140 4 0
303744139 0 0
303744138 6 0
303744134 2 0
303744131 2 0
303744130 5 0
303744125 4 0
303744121 4 0
303744119 3 4
303744118 3 0
303744116 36 2
303744115 3 0
303744114 2 0
303744113 8 0
303744110 4 0
303744106 3 0
303744102 4 0
303744097 11 35
303744089 6 37
303744088 6 36
303744087 20 8
303744085 7 0
303744083 9 1
303744082 0 23
303744078 2 0
303744073 11 3
303744072 8 13
303744066 6 0
303744064 3 0
303744063 7 0
303744056 9 0
303744053 0 0
303744052 13 1
303744050 11 1
303744047 6 1
303744046 1 0
303744045 18 1
303744044 10 7
303744043 23 2
303744042 2 1
303744038 16 3
303744037 6 0
303744036 21 1
303744035 27 12
303744032 8 0
303744029 2 1
303744028 15 0
303744023 18 0
303744022 17 0
303744019 14 0
303744016 21 0
303744015 8 2
303744014 20 0
303744012 14 1
303744011 15 5
303744003 17 4
303744002 30 1
303743999 11 1
303743997 10 3
303743996 11 2
303743995 28 11
303743993 8 10
303743992 39 57
303743987 24 19
303743980 9 0
303743978 27 38
303743973 7 5
303743972 9 1
303743971 11 3
303743970 7 0
303743968 21 9
303743966 19 14
303743961 13 9
303743960 27 40
303743957 17 12
303743955 17 4
303743953 2 14
303743949 10 0
303743946 27 8
303743945 6 1
303743944 53 12
303743943 39 4
303743942 35 42
303743941 10 1
303743940 3 16
303743939 28 1
303743938 15 5
303743935 14 5
303743930 26 60
303743928 8 22
303743923 4 1
303743918 18 8
303743914 0 4
303743912 33 4
303743910 27 33
303743909 50 5
303743905 22 6
303743901 12 8
303743900 25 7
303743898 10 28
303743896 11 8
303743895 28 4
303743894 6 1
303743891 11 3
303743890 34 43
303743886 9 10
303743883 17 10
303743882 6 4
303743881 4 13
303743879 3 1
303743878 9 0
303743877 17 26
303743876 19 20
303743875 18 11
303743874 2 35
303743873 48 61
303743872 11 8
303743871 13 7
303743870 22 26
303743869 15 2
303743868 7 0
303743866 37 46
303743865 47 1
303743864 36 4
303743862 19 45
303743861 17 6
303743859 8 10
303743857 24 7
303743856 7 6
303743855 6 5
303743854 17 14
303743851 18 47
303743850 24 43
303743846 11 1
303743845 26 7
303743844 8 0
303743843 15 12
303743842 14 9
303743841 34 28
303743840 9 0
303743839 10 10
303743838 32 41
303743836 24 6
303743835 10 2
303743833 5 4
303743832 4 5
303743831 6 3
303743830 35 1
303743829 3 1
303743827 1 0
303743825 1 2
303743824 40 68
303743823 2 3
303743822 40 40
303743821 8 47
303743818 23 3
303743817 12 46
303743816 30 10
303743815 8 13
303743813 23 10
303743812 6 5
303743811 6 0
303743810 1 0
303743809 1 1
303743808 15 41
303743807 14 5
303743806 14 2
303743805 6 0
303743804 4 4
303743803 6 0
303743801 1 7
303743798 1 6
303743796 9 5
303743795 6 16
303743794 5 0
303743793 0 10
303743792 13 10
303743790 17 5
303743789 3 0
303743787 12 2
303743784 1 3
303743783 2 0
303743782 3 0
303743781 6 1
303743780 7 5
303743779 5 4
303743778 8 35
303743777 20 8
303743776 4 0
303743773 4 3
303743771 18 2
303743770 2 12
303743768 6 3
303743767 17 5
303743766 31 18
303743764 0 4
303743761 22 2
303743758 26 45
303743757 3 0
303743756 13 24
303743752 1 0
303743751 1 0
303743750 0 0
303743749 21 1
303743746 25 23
303743745 22 16
303743743 0 0
303743742 0 0
303743741 2 2
303743740 4 0
303743739 4 0
303743734 6 0
303743726 5 0
303743724 5 0
303743721 7 0
303743720 8 2
303743718 13 3
303743715 4 4
303743714 11 2
303743713 3 0
303743712 14 9
303743710 6 1
303743709 3 1
303743706 5 0
303743705 5 0
303743701 5 0
303743698 5 0
303743697 22 2
303743696 3 0
303743694 4 0
303743692 5 0
303743691 4 0
303743689 5 0
303743688 29 67
303743687 3 0
303743686 8 2
303743685 10 2
303743684 45 57
303743683 15 2
303743682 4 0
303743680 8 0
303743679 7 2
303743678 4 1
303743677 1 26
303743676 4 0
303743675 11 1
303743674 14 1
303743673 3 0
303743672 3 0
303743669 8 1
303743668 6 0
303743667 4 0
303743664 4 0
303743662 8 0
303743661 3 0
303743658 3 0
303743656 20 11
303743653 19 2
303743651 6 0
303743649 7 0
303743648 7 0
303743647 20 2
303743645 10 1
303743643 6 0
303743641 6 0
303743640 7 0
303743637 13 4
303743636 4 25
303743633 41 13
303743632 46 41
303743631 21 6
303743630 9 2
303743629 6 0
303743628 3 0
303743627 5 1
303743623 3 0
303743620 2 0
303743619 5 1
303743618 5 0
303743617 4 1
303743616 5 0
303743615 18 0
303743613 6 0
303743612 33 16
303743611 4 0
303743610 6 0
303743609 8 0
303743607 5 0
303743606 24 2
303743605 3 1
303743604 6 0
303743602 10 0
303743601 7 0
303743600 11 1
303743596 7 0
303743595 9 0
303743593 2 0
303743592 2 0
303743591 9 0
303743590 2 0
303743589 2 0
303743588 3 0
303743587 14 0
303743586 10 8
303743585 4 0
303743581 5 0
303743580 8 1
303743579 7 2
303743577 7 0
303743576 5 0
303743575 45 32
303743574 9 0
303743572 6 0
303743570 6 0
303743568 4 0
303743567 2 0
303743564 3 0
303743563 5 0
303743560 0 0
303743559 4 0
303743558 5 1
303743557 22 28
303743556 4 0
303743554 3 0
303743553 4 0
303743550 4 0
303743547 4 0
303743546 4 0
303743545 17 7
303743544 3 0
303743543 2 0
303743542 3 9
303743540 2 0
303743539 2 0
303743537 2 0
303743534 6 0
303743533 2 0
303743532 2 0
303743531 7 0
303743529 3 0
303743528 6 0
303743527 4 2
303743525 4 1
303743523 2 0
303743522 1 0
303743521 1 0
303743520 3 1
303743519 2 0
303743518 6 0
303743517 22 34
303743516 1 0
303743515 2 0
303743514 8 0
303743513 2 0
303743512 2 0
303743511 3 0
303743509 2 0
303743508 2 0
303743507 17 3
303743506 2 0
303743505 2 0
303743504 2 0
303743502 2 0
303743501 1 0
303743500 2 0
303743499 1 0
303743498 2 0
303743497 2 0
303743496 2 0
303743495 2 0
303743494 10 1
303743493 2 0
303743492 9 6
303743491 2 0
303743489 3 0
303743487 6 0
303743485 5 0
303743484 5 0
303743482 5 0
303743481 3 0
303743480 4 0
303743479 4 0
303743477 5 0
303743476 7 0
303743475 4 0
303743474 3 0
303743473 4 0
303743472 6 0
303743471 6 0
303743469 3 0
303743468 4 0
303743467 2 0
303743466 2 0
303743464 1 0
303743463 1 0
303743461 4 1
303743460 1 0
303743459 2 0
303743458 4 0
303743457 9 0
303743456 3 0
303743455 2 0
303743454 43 3
303743453 1 0
303743452 2 0
303743451 17 19
303743449 4 0
303743448 4 0
303743447 3 0
303743446 5 0
303743445 3 0
303743444 3 1
303743443 3 1
303743441 1 1
303743440 3 1
303743439 13 4
303743437 2 1
303743436 2 0
303743435 1 0
303743434 2 0
303743433 2 1
303743432 1 0
303743431 0 1
303743429 4 1
303743428 1 1
303743427 33 52
303743426 2 1
303743425 3 1
303743424 2 0
303743423 2 1
303743422 2 1
303743421 2 1
303743420 2 1
303743418 5 0
303743417 51 39
303743416 4 0
303743415 1 0
303743414 2 0
303743413 3 0
303743412 5 0
303743411 55 3
303743410 4 1
303743409 5 1
303743408 3 0
303743407 3 0
303743404 5 1
303743403 2 0
303743402 2 1
303743401 3 0
303743400 3 0
303743399 4 0
303743398 27 19
303743397 17 7
303743395 1 6
303743393 2 0
303743392 2 1
303743391 5 0
303743389 13 11
303743388 4 0
303743387 8 1
303743386 5 0
303743385 54 4
303743384 3 0
303743383 4 0
303743381 16 22
303743380 5 0
303743379 4 0
303743378 6 0
303743376 11 2
303743375 5 0
303743374 20 4
303743373 5 0
303743372 5 0
303743370 8 0
303743366 5 0
303743364 6 0
303743363 3 0
303743362 4 0
303743361 3 0
303743360 0 10
303743359 5 0
303743358 4 0
303743357 4 0
303743356 9 0
303743355 5 0
303743354 6 0
303743351 4 0
303743350 19 7
303743349 5 0
303743348 7 0
303743347 5 0
303743346 4 0
303743345 8 42
303743344 3 0
303743343 4 0
303743342 4 0
303743341 22 43
303743340 3 0
303743339 4 0
303743338 21 8
303743336 3 0
303743335 2 0
303743334 9 42
303743332 41 84
303743329 42 46
303743328 3 0
303743327 4 0
303743326 24 12
303743325 5 0
303743324 5 0
303743323 28 3
303743322 4 0
303743321 22 3
303743320 34 20
303743319 21 5
303743318 2 0
303743317 15 2
303743315 2 0
303743314 6 0
303743313 8 0
303743312 7 1
303743311 7 0
303743309 8 73
303743308 1 0
303743307 5 0
303743306 24 6
303743305 8 0
303743304 14 4
303743303 8 0
303743301 48 2
303743298 5 0
303743296 8 0
303743295 10 2
303743292 6 0
303743291 4 0
303743290 14 2
303743289 12 5
303743288 10 0
303743287 6 0
303743286 8 0
303743285 5 0
303743284 6 0
303743283 5 0
303743282 21 19
303743280 5 0
303743279 6 0
303743278 6 0
303743277 14 1
303743276 3 0
303743272 5 0
303743271 9 1
303743270 8 1
303743269 2 2
303743268 3 2
303743267 5 0
303743264 8 1
303743263 7 0
303743261 4 1
303743260 4 1
303743259 7 0
303743258 5 0
303743256 2 3
303743255 8 0
303743254 27 3
303743253 2 0
303743252 3 1
303743250 5 0
303743249 5 0
303743248 2 0
303743247 4 0
303743246 2 5
303743245 11 1
303743244 25 10
303743243 2 14
303743242 2 1
303743241 2 1
303743240 4 0
303743239 5 0
303743238 3 0
303743236 12 11
303743235 4 0
303743233 4 0
303743232 15 3
303743231 2 1
303743230 0 16
303743228 6 0
303743227 4 0
303743226 7 1
303743225 28 1
303743224 5 0
303743221 5 0
303743220 1 0
303743219 15 0
303743218 1 1
303743217 0 10
303743215 6 1
303743210 1 1
303743209 4 1
303743207 6 1
303743206 5 1
303743205 5 0
303743203 20 16
303743202 8 1
303743201 23 35
303743199 34 0
303743198 3 3
303743197 3 1
303743196 5 2
303743195 4 1
303743194 15 17
303743191 4 1
303743190 10 2
303743189 1 12
303743188 3 2
303743187 5 1
303743185 7 27
303743183 11 0
303743182 4 0
303743179 4 0
303743178 2 0
303743176 3 0
303743174 6 0
303743173 8 0
303743172 5 2
303743171 22 0
303743170 7 1
303743169 19 1
303743165 2 0
303743163 31 18
303743160 9 0
303743159 7 0
303743158 1 4
303743157 6 0
303743156 11 31
303743155 7 2
303743154 35 20
303743153 8 0
303743152 9 1
303743151 20 20
303743149 5 0
303743147 8 0
303743146 8 0
303743144 11 0
303743142 6 1
303743140 27 13
303743139 12 7
303743137 57 0
303743136 10 0
303743135 4 2
303743133 9 0
303743132 5 0
303743130 16 1
303743128 3 1
303743127 4 2
303743126 6 3
303743124 42 48
303743123 6 0
303743122 16 6
303743121 10 0
303743120 6 0
303743117 15 82
303743116 26 2
303743115 4 0
303743114 6 24
303743113 4 0
303743112 10 0
303743109 8 1
303743104 7 0
303743103 18 0
303743102 26 64
303743101 15 2
303743096 27 18
303743095 3 2
303743094 3 0
303743093 25 23
303743092 8 0
303743091 7 1
303743088 17 0
303743087 17 9
303743085 21 50
303743082 0 4
303743081 20 30
303743079 5 2
303743076 3 2
303743075 25 34
303743074 13 7
303743073 5 0
303743070 5 1
303743068 17 4
303743065 10 1
303743064 3 2
303743063 2 0
303743060 3 0
303743059 7 25
303743058 3 11
303743057 9 8
303743055 12 6
303743051 5 0
303743049 20 39
303743048 54 63
303743047 8 0
303743046 6 0
303743044 16 2
303743043 23 38
303743042 7 1
303743040 11 7
303743039 3 0
303743038 16 3
303743036 28 42
303743035 19 9
303743034 0 0
303743033 41 0
303743032 0 0
303743031 0 3
303743030 0 0
303743029 17 1
303743028 65 4
303743027 5 0
303743026 18 4
303743025 90 0
303743022 7 0
303743021 38 3
303743020 7 0
303743019 31 3
303743018 18 9
303743017 14 5
303743016 26 8
303743015 14 10
303743014 15 9
303743013 17 3
303743012 11 3
303743010 20 2
303743009 19 2
303743008 29 15
303743006 23 8
303743004 8 1
303743003 13 1
303743002 14 1
303742999 19 0
303742998 27 14
303742997 9 1
303742995 3 0
303742994 1 14
303742993 11 4
303742992 16 10
303742990 18 9
303742989 9 3
303742988 11 2
303742987 11 2
303742986 7 3
303742985 15 9
303742982 9 3
303742981 26 11
303742978 13 2
303742977 11 2
303742976 12 10
303742975 35 9
303742974 9 2
303742973 51 11
303742972 64 1
303742971 6 0
303742970 9 3
303742969 10 3
303742968 6 14
303742967 11 3
303742966 12 3
303742964 26 8
303742963 19 1
303742962 17 3
303742960 20 5
303742959 12 2
303742958 9 1
303742957 9 1
303742956 7 3
303742953 7 1
303742951 7 1
303742949 6 2
303742946 5 3
303742944 5 2
303742943 3 6
303742942 11 2
303742941 4 3
303742940 20 7
303742937 11 5
303742936 5 9
303742935 15 31
303742934 6 3
303742933 9 1
303742932 10 3
303742931 16 7
303742929 26 7
303742928 37 18
303742924 15 6
303742923 19 7
303742922 2 11
303742917 34 14
303742916 52 3
303742913 35 50
303742912 18 2
303742911 13 3
303742908 37 18
303742906 41 0
303742905 16 7
303742904 19 1
303742903 10 2
303742902 24 8
303742901 14 4
303742900 12 0
303742899 24 6
303742898 25 7
303742897 15 2
303742895 27 9
303742894 20 3
303742893 8 2
303742892 8 4
303742891 13 3
303742890 14 12
303742888 23 5
303742887 5 2
303742884 4 2
303742882 5 7
303742881 17 9
303742880 6 2
303742879 9 6
303742878 14 7
303742877 5 19
303742876 4 27
303742875 4 13
303742872 23 5
303742871 21 10
303742870 79 3
303742867 38 2
303742866 22 4
303742863 8 3
303742862 24 1
303742861 11 2
303742859 15 2
303742857 35 22
303742855 15 2
303742854 12 3
303742853 13 2
303742851 16 3
303742850 42 3
303742849 26 9
303742848 16 6
303742847 8 2
303742845 22 28
303742844 20 2
303742838 23 5
303742837 13 3
303742836 24 5
303742835 18 7
303742834 21 19
303742833 21 4
303742832 23 13
303742831 36 0
303742828 9 9
303742827 10 1
303742826 9 1
303742825 52 1
303742823 9 1
303742822 10 1
303742821 22 6
303742819 8 1
303742817 8 1
303742816 17 3
303742815 15 2
303742814 6 7
303742812 12 0
303742811 10 0
303742809 10 8
303742808 7 5
303742802 18 4
303742801 63 2
303742800 8 3
303742799 7 1
303742798 8 0
303742797 44 1
303742796 7 2
303742795 8 11
303742794 12 8
303742793 10 6
303742792 33 39
303742790 12 9
303742788 8 3
303742787 19 1
303742786 6 1
303742785 8 1
303742784 6 3
303742783 19 37
303742782 15 1
303742781 5 2
303742780 2 0
303742778 28 58
303742777 16 7
303742776 10 2
303742775 23 1
303742774 7 0
303742773 31 11
303742772 18 3
303742771 6 1
303742770 10 0
303742768 26 1
303742767 14 1
303742766 23 1
303742763 4 70
303742761 14 2
303742760 8 0
303742759 53 21
303742755 12 1
303742753 14 2
303742750 26 7
303742749 18 2
303742748 22 21
303742747 13 2
303742746 27 4
303742744 10 1
303742742 16 2
303742741 35 16
303742740 8 1
303742739 22 11
303742738 30 25
303742737 5 0
303742736 9 0
303742735 14 8
303742733 33 8
303742732 11 0
303742731 22 7
303742729 17 2
303742727 35 2
303742724 17 8
303742723 14 1
303742722 18 5
303742721 16 3
303742720 5 22
303742719 14 0
303742718 4 16
303742717 21 36
303742716 16 10
303742715 9 0
303742713 40 4
303742712 31 49
303742711 9 0
303742710 18 0
303742707 4 1
303742706 9 1
303742705 30 2
303742703 14 1
303742702 6 0
303742701 37 2
303742700 11 1
303742699 24 1
303742698 16 2
303742695 29 3
303742694 9 0
303742693 17 16
303742692 10 2
303742691 12 0
303742690 12 47
303742689 11 7
303742687 19 2
303742686 6 0
303742685 15 6
303742684 17 4
303742683 43 9
303742682 7 1
303742680 16 9
303742678 7 0
303742677 20 3
303742676 18 5
303742674 23 0
303742672 9 1
303742671 19 6
303742670 13 0
303742669 20 3
303742668 9 0
303742667 15 3
303742665 15 0
303742664 17 50
303742663 17 43
303742662 10 0
303742661 57 0
303742660 14 2
303742659 16 5
303742658 14 2
303742655 14 1
303742654 17 8
303742653 17 7
303742652 7 1
303742649 20 46
303742648 19 1
303742646 6 0
303742644 40 17
303742643 7 1
303742641 15 5
303742640 8 1
303742639 23 54
303742637 28 3
303742636 24 1
303742635 2 36
303742634 6 0
303742633 27 4
303742629 18 6
303742627 25 4
303742624 15 0
303742623 18 6
303742622 3 0
303742621 27 62
303742620 7 2
303742619 19 8
303742618 21 1
303742617 18 2
303742616 19 5
303742615 7 2
303742614 15 0
303742612 18 3
303742610 36 11
303742609 3 25
303742608 13 0
303742607 17 4
303742606 19 0
303742605 19 3
303742604 11 0
303742603 5 48
303742602 14 0
303742600 5 0
303742599 9 0
303742598 21 0
303742597 9 1
303742595 19 3
303742593 24 1
303742592 27 7
303742591 21 6
303742590 9 1
303742589 54 2
303742588 204 19
303742587 10 1
303742586 36 16
303742585 7 1
303742584 19 3
303742583 9 1
303742582 11 1
303742581 6 1
303742580 6 1
303742579 20 5
303742578 5 1
303742577 1 3
303742576 12 29
303742574 33 8
303742573 7 1
303742571 5 2
303742570 8 1
303742569 8 2
303742568 20 6
303742566 20 2
303742565 9 27
303742563 8 1
303742561 53 72
303742559 26 15
303742558 23 3
303742557 15 6
303742555 12 1
303742554 23 0
303742553 17 0
303742552 14 0
303742551 4 1
303742550 95 20
303742548 16 0
303742547 23 0
303742545 29 4
303742544 15 0
303742543 51 24
303742542 10 0
303742541 42 13
303742540 31 6
303742539 22 5
303742538 25 8
303742537 12 1
303742536 15 1
303742535 18 9
303742534 12 0
303742533 15 0
303742532 13 0
303742531 21 1
303742530 8 1
303742529 24 3
303742528 19 1
303742527 19 4
303742526 10 0
303742525 19 5
303742524 22 0
303742523 23 12
303742522 18 0
303742521 13 3
303742520 10 0
303742519 24 6
303742518 39 14
303742517 137 5
303742516 10 1
303742515 20 3
303742514 22 4
303742513 9 1
303742512 186 34
303742511 18 3
303742510 10 0
303742509 14 1
303742508 19 0
303742507 14 0
303742506 24 6
303742505 0 20
303742504 16 4
303742503 27 8
303742502 26 7
303742501 12 1
303742499 11 1
303742497 9 1
303742496 12 0
303742495 21 3
303742494 8 1
303742493 11 11
303742492 7 0
303742491 7 1
303742490 1 7
303742489 10 0
303742487 34 2
303742486 9 0
303742485 14 0
303742483 21 3
303742482 12 0
303742481 29 5
303742480 13 2
303742479 18 3
303742478 11 0
303742477 6 48
303742476 21 6
303742475 17 1
303742474 18 1
303742472 23 5
303742471 17 1
303742470 4 0
303742469 11 0
303742468 33 5
303742467 11 0
303742466 15 1
303742465 22 2
303742464 12 0
303742463 17 1
303742462 24 12
303742461 15 2
303742460 20 1
303742456 18 1
303742455 23 2
303742454 8 1
303742453 15 0
303742452 20 10
303742451 6 1
303742449 21 9
303742448 5 43
303742447 13 2
303742446 18 4
303742445 33 2
303742444 36 0
303742443 21 1
303742442 14 3
303742441 8 38
303742440 35 3
303742439 27 2
303742438 11 0
303742437 10 0
303742436 16 0
303742435 26 2
303742434 12 1
303742433 8 2
303742432 14 1
303742431 33 30
303742429 23 6
303742428 20 1
303742427 15 0
303742426 37 2
303742425 10 0
303742424 22 1
303742423 31 2
303742422 33 13
303742421 22 5
303742420 13 1
303742419 15 0
303742418 11 1
303742417 11 2
303742416 15 1
303742415 11 1
303742414 13 1
303742413 23 2
303742411 29 3
303742410 21 4
303742409 21 1
303742408 14 0
303742407 16 1
303742405 14 7
303742404 30 5
303742402 9 18
303742401 22 1
303742400 28 0
303742399 12 0
303742398 10 3
303742397 17 4
303742396 19 7
303742395 26 8
303742394 10 1
303742393 17 3
303742392 13 2
303742391 15 1
303742390 21 3
303742389 11 2
303742386 11 2
303742385 25 0
303742384 27 3
303742382 15 2
303742381 50 2
303742380 20 0
303742379 10 1
303742378 18 1
303742377 23 1
303742376 12 1
303742375 29 3
303742374 17 2
303742373 32 16
303742371 11 1
303742370 12 1
303742369 26 4
303742368 32 13
303742365 29 2
303742364 21 5
303742363 12 1
303742362 84 3
303742361 23 7
303742358 14 1
303742357 19 1
303742356 23 2
303742355 15 1
303742353 12 1
303742352 28 0
303742351 11 3
303742350 18 5
303742348 10 2
303742347 20 5
303742346 19 4
303742345 20 0
303742344 12 1
303742343 4 11
303742342 22 8
303742341 4 2
303742340 28 0
303742339 4 1
303742338 9 1
303742337 24 8
303742336 7 1
303742335 6 1
303742334 14 3
303742333 9 1
303742332 15 4
303742331 4 0
303742330 30 2
303742329 6 1
303742328 17 7
303742327 33 7
303742326 10 0
303742325 18 1
303742324 18 3
303742323 11 1
303742322 29 4
303742321 8 0
303742319 15 2
303742318 25 7
303742317 26 7
303742316 12 0
303742315 8 2
303742314 61 14
303742313 8 1
303742312 22 6
303742310 13 1
303742309 12 0
303742308 5 4
303742307 19 3
303742306 1 1
303742305 3 2
303742303 6 13
303742302 21 3
303742301 17 1
303742298 0 2
303742297 6 3
303742296 5 0
303742295 5 1
303742294 8 1
303742293 9 1
303742291 22 4
303742290 27 8
303742289 9 1
303742288 14 2
303742285 20 20
303742284 26 6
303742283 2 12
303742282 12 2
303742281 4 3
303742280 20 4
303742279 27 3
303742278 27 2
303742276 25 2
303742274 24 3
303742273 11 2
303742271 29 4
303742270 22 10
303742269 25 19
303742268 19 8
303742267 3 23
303742266 21 2
303742265 19 3
303742264 5 8
303742263 11 55
303742262 11 3
303742261 17 1
303742259 24 47
303742258 41 7
303742257 13 2
303742256 38 6
303742255 57 21
303742254 21 9
303742253 22 5
303742252 33 7
303742250 85 29
303742248 18 3
303742245 6 4
303742243 16 2
303742242 29 5
303742241 12 6
303742240 8 2
303742239 10 7
303742238 16 3
303742237 11 1
303742236 18 5
303742235 39 17
303742234 13 3
303742233 20 6
303742232 7 3
303742231 21 4
303742230 24 12
303742228 23 1
303742227 11 1
303742226 20 3
303742225 7 7
303742224 35 5
303742223 32 10
303742222 15 1
303742221 12 2
303742220 22 3
303742219 15 1
303742218 14 1
303742216 10 2
303742215 12 2
303742214 19 5
303742213 4 41
303742211 26 2
303742210 15 3
303742209 11 0
303742205 8 1
303742203 27 3
303742202 448 123
303742201 6 1
303742199 13 24
303742198 9 2
303742197 5 1
303742196 13 3
303742195 23 7
303742194 14 2
303742193 15 3
303742191 29 8
303742190 6 1
303742189 10 2
303742188 19 2
303742187 22 62
303742186 9 4
303742185 9 1
303742184 18 2
303742182 9 1
303742180 8 1
303742179 101 18
303742178 19 3
303742177 21 3
303742176 6 0
303742174 22 1
303742173 15 1
303742172 26 7
303742171 5 1
303742170 24 7
303742169 17 3
303742168 4 17
303742167 21 4
303742166 1 16
303742165 10 6
303742164 8 1
303742162 26 63
303742161 17 2
303742159 25 1
303742158 16 2
303742157 20 2
303742156 18 7
303742155 4 2
303742154 24 7
303742153 16 7
303742152 17 7
303742151 50 3
303742150 6 1
303742149 23 9
303742148 12 1
303742147 10 4
303742146 26 4
303742145 12 1
303742144 18 8
303742142 25 7
303742141 27 4
303742139 19 6
303742138 3 1
303742137 21 8
303742136 14 3
303742135 4 1
303742134 26 2
303742133 13 1
303742132 21 12
303742131 16 10
303742130 18 9
303742129 33 3
303742128 21 8
303742127 4 1
303742126 4 2
303742125 17 7
303742124 17 3
303742123 2 5
303742122 3 1
303742121 16 5
303742120 13 7
303742119 5 1
303742118 14 5
303742117 13 1
303742116 5 1
303742115 27 1
303742114 21 6
303742113 23 7
303742112 16 5
303742111 16 2
303742109 15 2
303742108 13 3
303742107 3 1
303742106 10 4
303742105 26 3
303742103 32 6
303742101 18 8
303742100 2 2
303742099 27 1
303742098 3 1
303742097 22 5
303742096 37 4
303742095 7 2
303742094 87 7
303742093 22 6
303742091 26 0
303742090 24 11
303742088 9 3
303742087 4 2
303742086 13 5
303742085 16 2
303742083 18 5
303742082 14 3
303742081 3 1
303742080 16 6
303742079 11 1
303742077 32 3
303742076 12 1
303742075 2 1
303742074 121 14
303742073 13 1
303742072 5 3
303742071 237 18
303742070 11 3
303742069 180 21
303742068 3 2
303742067 25 2
303742066 25 2
303742064 361 43
303742063 9 1
303742062 28 2
303742060 14 31
303742059 16 1
303742057 23 1
303742056 18 0
303742055 14 2
303742054 9 2
303742053 23 0
303742052 7 2
303742051 25 8
303742050 5 1
303742049 28 0
303742048 15 3
303742047 153 15
303742046 27 2
303742045 3 1
303742044 31 13
303742043 30 1
303742042 26 6
303742040 29 6
303742039 14 5
303742038 242 51
303742037 25 3
303742034 30 1
303742033 4 0
303742032 33 11
303742030 3 0
303742029 16 0
303742028 15 4
303742027 1 0
303742026 17 1
303742025 3 1
303742024 119 32
303742023 122 16
303742022 4 1
303742021 196 5
303742020 30 10
303742019 15 2
303742018 17 0
303742016 2 1
303742015 30 1
303742014 9 4
303742013 16 4
303742012 18 7
303742011 216 13
303742010 7 5
303742009 26 8
303742008 6 5
303742007 19 2
303742006 149 6
303742005 12 0
303742004 26 1
303742003 345 48
303742002 17 1
303742001 249 24
303742000 125 19
303741999 6 2
303741998 6 3
303741997 2 0
303741996 11 4
303741994 3 2
303741993 50 7
303741992 31 6
303741991 38 6
303741990 101 16
303741988 17 36
303741987 16 2
303741986 4 1
303741984 5 0
303741983 22 0
303741982 22 5
303741981 233 13
303741980 20 2
303741979 4 0
303741978 4 1
303741977 14 1
303741976 9 1
303741975 29 6
303741974 26 6
303741973 25 2
303741972 26 3
303741971 31 15
303741970 4 1
303741969 4 0
303741968 28 5
303741967 299 25
303741966 131 12
303741965 2 0
303741964 23 2
303741963 207 18
303741962 25 7
303741961 21 5
303741959 228 39
303741958 26 6
303741956 28 3
303741955 27 5
303741954 11 0
303741953 21 2
303741952 205 13
303741950 21 5
303741949 26 0
303741948 197 20
303741947 17 6
303741946 39 11
303741945 201 5
303741944 12 7
303741943 1 0
303741942 22 2
303741941 23 2
303741940 450 22
303741939 5 0
303741938 4 0
303741937 26 6
303741936 22 2
303741935 18 1
303741934 19 2
303741933 4 0
303741932 525 20
303741930 16 5
303741929 387 5
303741928 203 23
303741927 264 41
303741925 19 7
303741924 9 2
303741923 16 0
303741922 26 6
303741921 8 50
303741920 17 2
303741918 3 0
303741917 10 0
303741916 4 0
303741915 10 1
303741914 351 6
303741913 4 0
303741912 18 0
303741911 6 4
303741910 4 0
303741909 286 20
303741908 16 6
303741906 13 0
303741905 118 13
303741904 17 6
303741903 105 15
303741902 15 1
303741901 366 20
303741899 351 30
303741898 19 7
303741897 425 26
303741896 5 0
303741895 4 0
303741894 2 0
303741893 23 8
303741892 12 1
303741891 15 4
303741890 547 170
303741889 196 21
303741888 135 39
303741887 1 0
303741886 17 0
303741885 13 2
303741884 178 36
303741883 160 18
303741882 186 34
303741881 337 57
303741880 257 20
303741879 259 13
303741878 142 12
303741877 66 5
303741875 231 3
303741874 18 1
303741873 33 3
303741872 2 0
303741870 2 0
303741869 19 2
303741867 27 7
303741866 143 3
303741865 129 41
303741864 482 42
303741863 3555 189
303741862 4 0
303741861 273 26
303741860 14 0
303741859 19 2
303741858 142 43
303741857 15 2
303741855 1090 71
303741854 352 45
303741853 153 20
303741852 389 60
303741850 4 0
303741849 3 0
303741848 22 6
303741847 423 30
303741846 193 11
303741845 259 69
303741844 23 6
303741843 3 0
303741842 20 0
303741841 118 14
303741840 375 65
303741839 197 39
303741838 126 28
303741837 209 7
303741836 2 0
303741835 25 5
303741834 149 28
303741833 122 11
303741832 2 0
303741831 706 37
303741830 330 9
303741829 128 8
303741828 10 2
303741827 18 2
303741826 4 0
303741825 183 9
303741824 0 0
303741823 20 2
303741822 22 3
303741821 23 7
303741820 20 8
303741819 10 0
303741818 322 98
303741817 1 0
303741816 10 0
303741815 22 3
303741814 1 0
303741813 1 0
303741812 349 53
303741811 23 6
303741810 9 3
303741809 22 3
303741808 2 0
303741807 523 6
303741806 20 6
303741805 1 0
303741804 27 6
303741803 29 4
303741802 15 2
303741801 19 0
303741800 151 31
303741799 15 2
303741798 295 25
303741796 3 0
303741795 149 39
303741794 9 0
303741793 7 18
303741792 141 24
303741791 116 17
303741790 99 15
303741789 16 1
303741788 0 0
303741787 210 24
303741786 200 11
303741785 116 22
303741783 548 22
303741782 12 5
303741781 15 0
303741780 107 12
303741778 14 3
303741777 758 40
303741776 25 6
303741774 2 0
303741773 1 0
303741772 573 65
303741771 915 116
303741770 551 112
303741769 427 6
303741768 21 12
303741766 11 9
303741765 11 0
303741763 164 8
303741762 15 3
303741761 131 40
303741760 545 16
303741759 21 5
303741758 255 78
303741756 17 2
303741755 180 36
303741754 197 53
303741752 2 0
303741751 527 27
303741750 1 0
303741749 1 0
303741748 137 26
303741747 18 3
303741745 7 0
303741743 207 34
303741742 16 3
303741741 17 2
303741739 111 14
303741738 8 1
303741735 12 2
303741734 21 7
303741733 203 14
303741732 109 33
303741731 2 0
303741730 112 34
303741729 27 7
303741728 0 0
303741727 2 0
303741726 0 0
303741725 329 100
303741723 5 6
303741722 9 1
303741721 149 41
303741719 125 38
303741718 156 45
303741717 0 0
303741716 9 3
303741715 397 105
303741714 318 20
303741713 154 11
303741712 125 38
303741711 14 0
303741710 5 0
303741709 34 9
303741708 32 7
303741706 5 0
303741705 4 0
303741704 3 1
303741703 25 4
303741702 4 0
303741701 25 4
303741699 24 3
303741698 198 44
303741697 12 5
303741696 4 0
303741695 308 9
303741694 668 176
303741693 80 20
303741691 229 24
303741689 7 0
303741687 6 0
303741686 562 126
303741685 1 0
303741684 171 11
303741682 974 293
303741681 229 54
303741680 3 0
303741679 503 90
303741678 689 197
303741677 193 54
303741676 3 0
303741675 728 181
303741674 5 0
303741672 1012 199
303741671 1156 258
303741670 4 0
303741669 3 0
303741668 5 0
303741667 654 179
303741666 6 0
303741664 1603 481
303741663 7 0
303741662 8 0
303741661 904 262
303741660 1123 337
303741659 4 1
303741658 753 196
303741657 1 1
303741656 1247 354
303741655 3 1
303741654 8 1
