303953189 0 0
303871544 0 0
303858823 0 0
303858815 0 0
303858810 0 0
303799253 0 0
303790565 0 0
303753418 0 0
303745049 0 0
303745046 0 0
303742991 0 3
303672292 1 0
303672009 1 0
303671821 2 0
303671703 0 0
303671700 2 0
303586683 0 1
303578607 1 0
303519629 0 0
303505944 0 0
303499093 8 0
303458021 1 1
303412436 0 0
303411808 6 0
303406956 4 0
303406193 3 3
303398582 3 0
303383905 0 0
303383903 0 0
303325640 0 0
303317263 0 0
303317203 3 1
303317091 12 0
303307835 1 0
303303746 1 0
303295094 4 0
303281026 11 0
303267823 0 0
303251339 1 0
303250988 1 1
303250984 0 0
303250981 0 0
303250976 1 0
303250969 1 0
303250408 5 0
303248654 4 0
303247802 5 2
303247414 4 0
303245843 4 0
303243451 7 0
303243081 7 0
303236146 0 0
303234557 11 0
303202877 5 0
303179492 0 0
303163258 8 0
303163109 0 0
303162759 0 0
303162742 2 0
303162367 6 0
303162257 5 1
303159861 6 0
303159005 3 0
303154315 1 4
303153885 2 0
303153414 4 0
303152959 7 3
303148403 4 0
303147167 2 0
303146213 1 0
303135827 14 25
303111700 3 0
303106329 1 0
303104501 5 0
303104363 2 0
303103873 0 7
303103354 1 0
303099111 1 1
303091229 5 1
303087973 10 0
303087794 2 24
303079841 3 0
303079830 3 0
303079777 2 0
303079764 0 2
303079659 17 12
303079399 4 2
303079352 7 0
303079128 8 0
303078898 5 0
303078892 5 0
303078818 14 1
303078759 0 0
303078700 5 1
303078445 23 0
303078329 5 0
303078138 2 0
303078129 17 2
303078112 14 0
303078105 7 0
303078097 2 1
303078087 2 0
303077682 9 0
303077566 9 0
303076925 0 0
303076823 1 0
303076774 4 0
303076459 14 0
303075527 2 0
303075507 3 8
303075506 4 0
303075403 4 0
303075400 1 0
303074936 16 3
303074319 15 1
303074108 17 0
303073753 1 0
303073613 9 1
303073522 4 11
303073499 3 1
303072979 6 0
303072764 3 0
303072612 3 0
303071978 2 0
303071342 0 0
303071302 21 0
303071285 9 1
303071264 14 0
303071251 10 0
303071246 16 0
303071233 47 0
303071223 16 0
303070900 4 1
303070892 5 0
303070605 10 0
303070593 0 0
303070413 2 0
303070412 0 0
303069869 0 0
303069683 2 1
303069556 0 1
303069548 6 2
303069520 0 22
303069487 4 1
303069388 3 0
303069378 1 0
303069374 1 0
303069177 7 0
303069157 4 5
303068840 1 0
303068819 22 0
303068698 0 0
303068671 5 0
303068627 6 0
303068612 29 0
303068575 11 2
303068346 11 1
303068315 0 3
303068024 2 0
303067479 1 0
303067433 4 0
303067416 7 0
303067267 8 1
303067152 1 1
303067134 6 1
303067033 4 3
303066819 10 0
303066790 5 0
303066407 10 0
303066249 0 0
303066114 9 1
303066105 4 0
303066004 2 0
303065700 3 1
303065479 0 6
303065440 28 0
303065427 10 1
303064435 4 0
303063717 1 0
303062743 0 3
303062564 12 0
303061941 26 3
303061797 3 0
303061740 113 2
303061394 2 0
303059434 6 1
303059231 3 0
303059008 2 9
303056046 7 0
303053970 10 1
303053781 1 0
303053592 4 1
303053472 2 12
303053468 12 1
303053320 1 12
303053271 0 0
303053091 0 0
303053037 0 0
303053028 0 0
303052999 0 0
303052896 1 13
303052514 17 0
303051961 5 0
303051395 0 0
303051024 6 9
303050967 6 1
303050789 8 11
303050588 0 1
303050242 2 0
303049020 0 3
303048800 4 11
303048139 1 15
303046507 1 11
303045250 6 11
303040209 14 0
303033676 4 4
303033579 6 11
303033532 1 12
303033141 11 2
303032953 2 3
303032703 5 3
303031819 2 0
303031667 2 38
303031526 1 0
303030944 3 0
303030927 1 1
303030901 0 0
303030884 0 4
303030701 12 1
303030363 9 5
303030350 8 0
303030341 10 0
303027524 0 1
303027503 1 3
303024230 8 0
303024217 6 1
303023890 14 0
303023495 3 9
303023465 7 7
303021741 11 0
303021724 15 1
303021149 6 5
303020387 8 0
303020073 7 0
303019984 0 0
303019326 10 0
303018973 14 0
303018920 15 1
303016573 5 3
303015610 0 0
303008679 0 1
303008652 0 0
303008645 0 0
303008623 11 0
303008501 10 1
303008400 45 0
303008145 16 0
303007693 0 0
303007518 8 2
303007509 10 1
303007465 0 0
303007427 0 0
303006529 1 0
303006524 0 0
303006517 1 1
303006506 1 14
303006351 19 8
303006193 0 0
303006021 29 2
303005998 0 0
303005365 19 1
303005363 3 1
303005328 0 0
303005278 6 1
303005160 12 1
303004596 7 0
303004387 15 1
303004096 0 0
303003343 9 4
303002837 3 2
303001166 8 0
303001116 0 0
303000822 4 0
303000585 3 41
303000511 15 1
303000502 7 0
302999961 0 0
302999813 28 2
302999799 13 0
302999490 0 0
302999347 5 0
302998690 0 0
302998656 9 0
302998169 1 20
302997748 8 4
302997245 13 1
302997197 2 0
302997147 32 0
302996982 2 0
302996852 12 9
302996669 14 2
302996321 12 0
302996027 0 2
302995398 1 18
302995061 29 1
302995050 2 19
302994842 17 6
302993012 24 0
302992407 1 0
302991980 3 2
302991263 6 0
302990908 12 0
302990366 3 12
302989487 8 1
302988705 7 1
302988688 0 0
302988614 17 0
302988523 3 14
302988422 7 2
302988419 5 0
302988414 11 0
302988407 8 0
302988403 0 2
302988390 15 0
302988389 6 12
302988385 10 1
302988384 7 0
302988382 26 1
302988370 14 1
302988367 2 4
302988353 1 2
302988348 14 6
302988342 17 0
302988333 7 1
302988331 10 0
302988321 1 13
302988299 1 18
302988285 1 1
302988282 30 3
302988276 2 1
302988275 1 0
302988270 1 0
302988258 1 1
302988256 1 19
302988250 1 25
302988249 1 0
302988225 0 3
302988222 27 12
302988205 37 1
302988203 24 1
302988199 0 1
302988198 9 65
302988185 9 1
302988182 2 20
302988169 0 4
302988139 0 4
302988136 0 2
302988132 11 0
302988129 26 2
302988125 13 2
302988119 0 3
302988116 12 1
302988111 7 2
302988110 5 4
302988104 28 1
302988102 9 0
302988100 3 1
302988092 8 2
302988090 13 3
302988087 13 2
302988085 9 2
302988083 10 1
302988078 9 1
302988054 14 30
302988051 6 3
302988046 0 11
302988029 6 15
302988027 4 2
302988024 8 12
302988017 8 6
302988013 0 2
302988006 0 18
302988002 0 3
302988000 3 6
302987999 24 4
302987998 18 1
302987996 4 25
302987994 14 1
302987991 10 4
302987990 13 1
302987989 8 0
302987988 8 1
302987987 3 0
302987985 21 6
302987983 25 3
302987981 0 0
302987978 9 1
302987972 0 3
302987969 11 0
302987964 3 3
302987958 9 14
302987956 3 0
302987943 4 0
302987936 23 1
302987927 0 0
302987925 32 1
302987893 17 0
302987892 8 1
302987881 5 3
302987869 4 5
302987859 17 1
302987856 1 43
302987849 0 0
302987847 41 5
302987840 1 0
302987839 23 6
302987837 0 1
302987836 19 4
302987825 0 0
302987822 1 0
302987813 5 6
302987791 18 0
302987764 2 1
302987760 2 0
302987754 28 16
302987745 4 1
302987732 6 6
302987701 11 1
302987696 1 0
302987692 1 0
302987680 3 5
302987676 0 0
302987667 18 3
302987661 0 0
302987655 1 22
302987650 1 22
302987640 1 2
302987638 11 1
302987634 0 0
302987626 25 1
302987620 4 1
302987617 9 2
302987616 3 0
302987610 0 0
302987609 5 0
302987608 4 12
302987603 1 0
302987595 28 7
302987591 0 1
302987589 0 0
302987585 3 0
302987583 10 6
302987579 2 3
302987577 17 1
302987568 0 3
302987565 0 2
302987562 13 2
302987552 5 1
302987547 20 26
302987539 0 0
302987532 3 0
302987531 21 0
302987526 4 3
302987525 15 2
302987524 6 13
302987523 3 10
302987521 9 1
302987520 30 9
302987510 8 0
302987508 2 10
302987504 13 0
302987503 3 17
302987502 14 2
302987492 5 61
302987485 33 6
302987482 18 0
302987475 32 0
302987472 0 0
302987469 23 1
302987465 0 0
302987462 21 0
302987456 62 2
302987455 35 5
302987452 7 0
302987447 1 0
302987439 16 0
302987438 17 0
302987426 10 1
302987425 25 1
302987424 12 1
302987417 18 2
302987403 0 0
302987392 2 6
302987389 8 2
302987383 1 1
302987374 19 0
302987373 21 0
302987366 27 0
302987365 0 0
302987360 6 1
302987356 43 0
302987339 12 0
302987337 10 68
302987323 9 1
302987322 5 3
302987317 3 2
302987316 1 0
302987310 0 2
302987309 23 11
302987308 14 2
302987298 66 8
302987292 0 0
302987287 1 35
302987286 26 2
302987285 6 52
302987280 8 12
302987265 2 0
302987262 6 0
302987260 10 10
302987259 3 9
302987258 4 7
302987257 3 5
302987256 5 5
302987253 1 2
302987249 75 12
302987246 0 0
302987237 13 5
302987233 0 0
302987217 2 18
302987208 1 12
302987205 10 3
302987192 26 0
302987190 17 6
302987183 1 0
302987178 2 54
302987175 6 2
302987168 1 0
302987153 5 0
302987147 1 0
302987138 1 1
302987133 2 0
302987131 9 1
302987128 1 0
302987123 5 6
302987118 2 0
302987115 0 0
302987114 68 23
302987106 3 2
302987100 41 3
302987098 18 5
302987096 246 2
302987093 6 3
302987088 1 2
302987087 21 1
302987081 2 0
302987080 19 2
302987079 16 1
302987077 4 2
302987075 5 1
302987071 2 0
302987069 1 1
302987065 3 46
302987062 0 0
302987059 3 52
302987058 40 0
302987055 13 1
302987054 17 17
302987051 5 5
302987042 11 45
302987040 0 0
302987038 0 0
302987037 1 23
302987036 1 0
302987035 7 15
302987031 19 1
302987028 27 21
302987025 21 40
302987024 24 0
302987023 26 1
302987022 22 0
302987021 14 1
302987014 0 0
302987011 12 1
302987008 1 0
302987006 23 1
302987001 9 11
302987000 24 1
302986999 21 1
302986996 8 0
302986992 7 0
302986991 13 2
302986990 3 15
302986989 9 105
302986987 14 2
302986985 6 0
302986984 5 1
302986983 5 11
302986981 0 0
302986978 2 0
302986977 0 0
302986975 3 3
302986970 6 2
302986968 20 0
302986965 6 0
302986963 15 0
302986962 1 0
302986960 0 1
302986958 175 8
302986957 37 5
302986955 9 2
302986954 24 0
302986950 6 1
302986949 47 2
302986945 18 2
302986938 10 2
302986937 5 0
302986929 3 3
302986928 6 1
302986919 1 0
302986917 8 8
302986914 10 10
302986907 8 92
302986904 0 0
302986903 14 2
302986899 15 1
302986897 1 1
302986896 4 1
302986895 10 2
302986894 11 13
302986892 22 41
302986887 2 0
302986884 0 2
302986883 20 1
302986881 1 1
302986879 13 0
302986878 8 6
302986875 3 1
302986874 1 1
302986873 4 7
302986872 9 1
302986871 11 1
302986869 96 10
302986865 157 35
302986864 15 0
302986863 1 17
302986862 0 0
302986860 6 59
302986857 10 1
302986852 2 0
302986850 11 1
302986849 126 6
302986846 14 2
302986844 17 3
302986840 50 6
302986839 22 5
302986832 1 6
302986831 6 0
302986830 10 1
302986827 2 0
302986824 7 14
302986823 13 0
302986822 21 0
302986821 1 0
302986820 5 11
302986818 7 0
302986815 122 26
302986812 8 2
302986810 8 5
302986806 9 0
302986805 8 5
302986797 43 17
302986796 9 0
302986792 35 3
302986791 11 2
302986790 9 6
302986789 0 29
302986788 3 2
302986787 11 4
302986786 0 3
302986779 0 0
302986778 21 1
302986776 34 3
302986772 5 32
302986766 25 0
302986765 0 2
302986763 197 4
302986762 9 1
302986756 9 2
302986744 7 31
302986742 27 5
302986738 26 4
302986737 26 3
302986735 19 3
302986728 26 4
302986726 8 1
302986713 5 1
302986709 0 0
302986706 16 0
302986701 0 0
302986694 154 3
302986693 1 11
302986674 17 7
302986663 13 0
302986660 8 7
302986657 8 0
302986655 0 0
302986654 16 6
302986652 188 5
302986651 0 0
302986650 5 1
302986647 9 1
302986645 19 1
302986643 153 10
302986639 1 42
302986636 25 0
302986635 0 0
302986634 6 6
302986631 0 0
302986626 17 20
302986622 9 41
302986621 1 0
302986619 25 0
302986615 21 0
302986614 5 44
302986612 0 0
302986611 19 0
302986608 5 4
302986601 7 8
302986599 19 0
302986591 478 24
302986590 6 1
302986589 4 6
302986581 11 0
302986577 16 2
302986573 5 45
302986569 5 39
302986566 5 43
302986564 5 40
302986560 19 0
302986559 0 0
302986557 1 1
302986552 13 2
302986548 275 7
302986543 0 1
302986542 2 33
302986541 15 4
302986539 3 3
302986538 1 18
302986535 1 1
302986533 4 1
302986532 5 3
302986528 11 1
302986525 32 1
302986524 241 5
302986523 22 29
302986522 3 5
302986520 17 7
302986518 6 27
302986517 3 3
302986516 2 2
302986515 0 3
302986514 0 4
302986513 7 0
302986510 3 8
302986509 204 6
302986505 283 5
302986504 2 2
302986502 14 2
302986500 14 0
302986498 31 21
302986489 18 2
302986488 0 0
302986487 5 2
302986483 0 3
302986479 6 0
302986478 0 0
302986475 6 0
302986474 1 0
302986472 41 2
302986471 8 1
302986468 1 1
302986462 10 1
302986460 1 0
302986459 10 0
302986454 4 2
302986452 16 15
302986451 9 5
302986450 25 22
302986449 22 7
302986442 0 0
302986436 4 0
302986435 0 0
302986434 0 0
302986430 17 0
302986428 8 2
302986427 1 0
302986426 2 1
302986425 14 1
302986421 23 0
302986420 16 0
302986418 22 1
302986417 36 8
302986416 4 0
302986414 6 0
302986413 8 0
302986411 17 0
302986409 1 1
302986408 7 0
302986407 5 0
302986406 5 0
302986405 2 1
302986404 23 0
302986403 20 0
302986402 5 2
302986401 30 61
302986398 30 1
302986397 3 4
302986395 0 0
302986393 3 1
302986392 16 3
302986391 13 0
302986390 6 2
302986389 98 12
302986388 0 0
302986386 9 2
302986385 9 1
302986384 244 10
302986383 30 2
302986382 20 1
302986381 76 1
302986380 3 1
302986378 1 1
302986377 1 0
302986376 17 0
302986374 1 3
302986373 8 13
302986372 1 0
302986369 8 1
302986368 25 1
302986367 20 0
302986365 18 0
302986364 20 1
302986362 3 3
302986361 28 23
302986359 24 0
302986358 3 1
302986357 16 0
302986356 5 2
302986355 9 1
302986354 12 9
302986353 13 5
302986352 0 0
302986351 7 0
302986349 20 1
302986347 5 1
302986345 6 2
302986344 24 0
302986343 8 0
302986341 12 2
302986338 21 0
302986337 11 4
302986333 7 1
302986330 1 90
302986329 19 36
302986327 1 32
302986326 6 2
302986324 14 0
302986323 7 1
302986322 3 0
302986320 2 1
302986317 15 0
302986314 6 0
302986313 106 8
302986310 8 0
302986309 1 1
302986306 4 0
302986304 13 0
302986303 12 1
302986300 30 95
302986298 1 35
302986296 8 37
302986295 3 1
302986294 6 34
302986292 4 4
302986290 2 3
302986288 3 1
302986286 125 5
302986285 19 0
302986283 11 0
302986281 0 0
302986280 9 0
302986278 3 1
302986277 9 0
302986275 20 4
302986271 39 0
302986270 2 49
302986268 36 14
302986266 15 0
302986265 3 2
302986264 191 6
302986263 5 0
302986261 3 31
302986258 21 3
302986257 3 26
302986256 16 43
302986255 4 1
302986252 3 0
302986251 11 0
302986248 3 0
302986247 3 1
302986245 227 27
302986241 7 0
302986239 14 2
302986235 9 0
302986233 1 0
302986232 15 1
302986230 19 0
302986229 30 1
302986228 3 3
302986223 1 0
302986222 3 3
302986221 20 2
302986220 54 15
302986219 15 5
302986218 17 1
302986217 0 0
302986216 121 37
302986212 59 8
302986210 15 0
302986209 6 1
302986208 1 0
302986205 0 0
302986204 2 9
302986201 5 1
302986200 17 113
302986199 355 8
302986197 14 2
302986195 10 1
302986194 1 2
302986192 3 4
302986189 10 2
302986188 1 129
302986186 177 3
302986185 8 1
302986183 1 0
302986179 12 1
302986176 5 6
302986175 27 0
302986174 6 0
302986171 10 320
302986170 210 4
302986169 246 5
302986163 33 0
302986162 1 137
302986161 122 15
302986160 143 18
302986157 8 1
302986156 17 1
302986155 14 0
302986151 10 0
302986150 338 28
302986149 0 28
302986147 2 86
302986145 6 2
302986144 103 2
302986143 6 1
302986141 0 0
302986140 0 0
302986136 510 151
302986135 1 0
302986133 55 1
302986132 4 15
302986131 12 0
302986128 5 364
302986127 10 0
302986125 12 0
302986121 9 4
302986120 4 2
302986117 4 131
302986115 6 0
302986114 0 0
302986111 7 0
302986110 13 0
302986109 13 0
302986108 0 1
302986107 5 0
302986106 11 0
302986102 8 0
302986100 19 0
302986099 7 182
302986098 11 2
302986096 4 177
302986095 1 20
302986093 5 0
302986091 12 3
302986086 17 0
302986084 21 1
302986083 16 0
302986082 9 0
302986081 8 1
302986077 1 39
302986075 0 3
302986074 0 8
302986073 4 123
302986072 11 1
302986071 4 1
302986070 10 0
302986067 6 1
302986065 7 25
302986063 5 1
302986060 7 0
302986058 329 3
302986057 4 0
302986056 17 0
302986053 4 0
302986052 4 0
302986051 12 0
302986050 277 4
302986048 2 1
302986045 1 121
302986040 7 6
302986039 18 1
302986037 9 1
302986036 7 0
302986035 8 0
302986034 39 2
302986032 2 0
302986029 3 93
302986028 5 0
302986026 1 1
302986024 0 0
302986022 8 0
302986020 2 5
302986018 0 0
302986016 17 0
302986010 0 1
302986007 26 0
302986000 1 6
302985999 34 2
302985998 13 1
302985996 1 101
302985995 2 1
302985994 25 0
302985992 28 2
302985991 4 3
302985989 3 1
302985988 22 3
302985983 2 2
302985982 739 182
302985980 21 3
302985979 494 6
302985978 242 10
302985977 14 1
302985976 0 0
302985975 6 4
302985971 20 7
302985970 0 0
302985969 0 71
302985968 0 1
302985967 7 2
302985962 3 0
302985961 28 3
302985959 21 2
302985958 471 18
302985956 14 0
302985954 4 127
302985951 1 0
302985950 1 0
302985948 7 1
302985944 8 3
302985940 6 0
302985937 1 0
302985934 0 0
302985933 259 8
302985931 2 0
302985930 17 2
302985929 1 2
302985926 9 1
302985925 1 1
302985924 3 0
302985923 2 1
302985922 13 1
302985921 6 137
302985919 14 5
302985918 3 1
302985916 14 34
302985914 2 0
302985911 4 6
302985910 30 0
302985909 4 1
302985907 3 1
302985906 1 0
302985904 276 8
302985903 4 0
302985902 3 3
302985901 5 1
302985900 0 0
302985899 11 0
302985898 34 2
302985897 3 0
302985895 1 0
302985893 2 18
302985889 0 1
302985886 6 0
302985884 3 55
302985882 22 3
302985879 3 0
302985877 3 1
302985875 8 0
302985874 0 0
302985873 5 96
302985872 18 2
302985869 645 10
302985867 16 0
302985866 31 3
302985865 27 2
302985864 10 1
302985863 1 35
302985861 0 0
302985858 8 0
302985857 1 50
302985856 36 1
302985854 4 0
302985853 8 4
302985852 6 2
302985851 7 1
302985847 0 90
302985846 306 3
302985845 8 0
302985841 3 2
302985836 1 0
302985831 0 0
302985830 5 0
302985825 496 13
302985824 2 1
302985821 7 0
302985819 7 4
302985818 308 8
302985815 14 0
302985814 0 0
302985811 4 1
302985810 1 0
302985808 781 8
302985807 4 5
302985806 7 1
302985805 11 11
302985803 4 15
302985802 4 0
302985800 415 29
302985799 0 1
302985798 0 0
302985797 3 0
302985795 12 0
302985793 11 1
302985792 5 0
302985791 3 1
302985790 8 0
302985789 13 0
302985788 0 0
302985786 8 17
302985784 2 1
302985783 0 1
302985782 16 0
302985780 0 24
302985779 20 5
302985778 2 1
302985777 12 1
302985774 7 1
302985772 13 0
302985770 7 0
302985769 4 0
302985768 5 1
302985766 2 1
302985765 4 1
302985764 0 0
302985763 7 0
302985762 5 0
302985760 15 1
302985758 6 1
302985757 0 0
302985756 6 0
302985753 5 0
302985752 6 3
302985751 0 0
302985750 0 0
302985748 2 0
302985746 3 0
302985744 5 0
302985740 14 0
302985739 0 0
302985738 0 0
302985737 4 0
302985736 2 6
302985733 0 0
302985732 2 0
302985731 20 7
302985730 9 0
302985729 4 0
302985727 559 11
302985726 303 12
302985725 1 24
302985722 2 1
302985720 4 2
302985719 5 0
302985718 12 0
302985717 874 6
302985716 1 1
302985710 5 0
302985709 10 1
302985708 148 5
302985706 3 0
302985705 8 3
302985699 28 0
302985698 2 12
302985695 0 0
302985694 0 0
302985693 7 2
302985692 4 0
302985690 0 4
302985688 16 8
302985687 0 4
302985686 151 4
302985685 9 1
302985683 577 41
302985680 0 0
302985679 0 0
302985678 9 5
302985677 332 10
302985676 2 0
302985675 6 0
302985673 0 1
302985672 359 8
302985671 3 28
302985668 6 0
302985667 6 0
302985666 69 1
302985665 21 2
302985664 368 7
302985663 3 22
302985662 5 1
302985661 311 6
302985660 32 2
302985659 0 0
302985657 5 37
302985656 1612 47
302985654 1 0
302985653 17 0
302985652 42 1
302985651 253 23
302985650 18 0
302985649 6 0
302985648 153 2
302985647 24 4
302985646 8 0
302985644 1 0
302985643 4 13
302985641 1 3
302985638 14 0
302985636 0 0
302985635 0 0
302985634 558 11
302985633 4 5
302985630 2 4
302985629 5 0
302985627 6 0
302985626 10 2
302985625 68 6
302985623 9 0
302985622 15 1
302985620 28 3
302985619 2 0
302985618 2 18
302985617 0 1
302985615 0 2
302985614 12 1
302985613 3 0
302985612 7 0
302985611 4 0
302985610 11 0
302985609 0 0
302985607 5 0
302985606 0 14
302985605 24 9
302985604 4 0
302985602 2 5
302985601 5 0
302985599 3 20
302985596 1 3
302985595 0 0
302985594 1 89
302985593 0 0
302985592 9 0
302985591 25 4
302985590 596 8
302985587 10 19
302985586 5 6
302985585 21 0
302985584 7 0
302985583 6 3
302985582 3 1
302985581 4 23
302985580 0 0
302985577 7 0
302985576 7 1
302985573 0 0
302985572 9 0
302985570 0 0
302985569 10 6
302985566 0 4
302985564 2 5
302985562 0 1
302985561 421 10
302985560 0 2
302985559 0 0
302985557 11 0
302985556 20 0
302985555 7 1
302985554 3 3
302985553 279 6
302985551 2 6
302985549 10 5
302985548 1 1
302985547 1 0
302985546 3 0
302985545 1 0
302985544 3 2
302985540 5 4
302985539 26 1
302985538 0 1
302985535 10 16
302985533 0 0
302985530 3 0
302985529 3 2
302985528 9 5
302985526 8 0
302985525 2 1
302985524 6 0
302985523 7 1
302985522 0 0
302985521 0 0
302985519 2 0
302985518 9 13
302985517 5 24
302985516 14 4
302985513 1 1
302985512 1 3
302985511 0 16
302985510 13 1
302985509 4 0
302985508 22 3
302985506 8 0
302985505 11 0
302985504 8 4
302985503 16 14
302985502 4 1
302985500 598 6
302985498 14 6
302985496 11 3
302985495 6 1
302985494 2 1
302985493 16 0
302985491 9 6
302985490 0 0
302985489 7 3
302985488 442 3
302985487 1 2
302985486 4136 554
302985484 1 1
302985483 1369 14
302985482 5 2
302985481 1 0
302985479 508 9
302985476 0 9
302985475 0 0
302985474 3 0
302985473 0 10
302985471 10 4
302985469 1 13
302985468 8 2
302985467 3 0
302985466 261 16
302985465 25 1
302985464 4 1
302985463 10 2
302985459 6 1
302985457 5 1
302985456 957 8
302985455 512 5
302985454 2929 36
302985452 9 0
302985451 0 1
302985449 0 0
302985448 0 5
302985445 1 1
302985444 0 0
302985443 10 0
302985442 7 1
302985441 2 0
302985439 1 4
302985438 15 0
302985437 0 0
302985436 4 12
302985435 28 16
302985434 2 0
302985433 601 8
302985432 405 5
302985431 12 4
302985430 14 1
302985428 8 1
302985427 1 1
302985426 6 1
302985424 26 30
302985423 1 1
302985422 488 5
302985421 15 1
302985419 8 3
302985417 12 0
302985416 4 0
302985415 0 0
302985414 3 2
302985413 240 6
302985409 16 34
302985407 5 1
302985406 11 8
302985405 0 0
302985404 6 2
302985403 3468 53
302985400 11 3
302985399 5 1
302985398 720 11
302985397 374 16
302985396 7 0
302985394 4 3
302985393 3 2
302985390 2 7
302985389 6 4
302985388 343 15
302985387 9 0
302985386 1 2
302985385 10 0
302985384 7 6
302985383 0 0
302985382 14 3
302985381 5 39
302985380 439 6
302985378 710 9
302985377 13 2
302985376 8 1
302985375 0 0
302985374 20 0
302985373 15 7
302985372 13 0
302985371 676 6
302985370 0 3
302985369 2 0
302985368 2 0
302985366 3 1
302985365 1 0
302985364 3 0
302985363 5 11
302985362 36 9
302985361 2 0
302985360 2 0
302985358 4 0
302985357 9 0
302985356 0 0
302985355 3 2
302985354 2 0
302985353 501 7
302985352 5 0
302985350 6 0
302985349 3 5
302985347 356 6
302985346 291 5
302985345 2 1
302985343 2 2
302985342 3 1
302985341 435 15
302985340 15 0
302985338 0 0
302985337 2341 43
302985336 0 0
302985335 11 1
302985334 15 0
302985333 716 13
302985332 5 5
302985331 1710 69
302985330 2 1
302985329 2 40
302985325 7 0
302985323 3 2
302985322 9 1
302985321 1 0
302985320 275 16
302985319 9 0
302985318 1 1
302985317 1 4
302985316 3 44
302985314 465 14
302985313 1 5
302985312 8 0
302985309 8 1
302985308 1 2
302985307 396 13
302985305 2 2
302985304 0 0
302985302 2 3
302985301 1969 20
302985300 3 0
302985299 1066 18
302985298 38 13
302985297 14 5
302985296 1 1
302985295 3 52
302985294 7 3
302985292 343 16
302985291 2 2
302985290 3 1
302985289 1 0
302985288 0 0
302985287 3 2
302985284 1 0
302985283 3 0
302985282 3 2
302985281 0 3
302985280 4 0
302985279 4 1
302985278 4 1
302985277 1 0
302985276 1 0
302985275 4 1
302985274 12 3
302985272 0 0
302985271 1 0
302985270 13 3
302985268 353 5
302985267 6 58
302985266 4 1
302985264 7 2
302985263 8 4
302985262 20 6
302985261 0 0
302985260 2 2
302985257 0 0
302985256 4 6
302985255 6 0
302985254 3 1
302985253 7 2
302985252 0 0
302985251 8 3
302985250 0 1
302985245 5 0
302985244 8 5
302985242 602 29
302985241 7 4
302985240 3 1
302985239 0 0
302985237 13 1
302985236 5 5
302985234 9 2
302985233 12 4
302985232 2 2
302985231 425 10
302985230 0 0
302985229 0 0
302985228 11 1
302985227 0 0
302985225 0 0
302985224 8 3
302985223 641 4
302985222 4 3
302985221 3 3
302985220 7 0
302985219 2 1
302985217 0 0
302985215 2 0
302985213 2 2
302985212 0 1
302985211 4 3
302985210 6 32
302985209 8 0
302985208 0 1
302985207 2 0
302985206 1 0
302985205 0 0
302985204 3 3
302985202 0 0
302985200 2 1
302985198 15 1
302985197 5 2
302985196 1 0
302985194 3 1
302985193 0 2
302985192 7 1
302985191 0 0
302985190 14 1
302985189 0 0
302985188 588 10
302985187 0 0
302985186 13 1
302985185 3 0
302985184 6 2
302985183 0 0
302985182 0 1
302985180 15 1
302985179 1 0
302985178 8 1
302985175 1 0
302985174 5 3
302985173 3 0
302985172 6 66
302985171 2 0
302985170 8 8
302985169 9 8
302985167 3 0
302985166 0 0
302985164 1 1
302985163 2 0
302985162 0 0
302985161 3799 224
302985160 0 3
302985158 1 1
302985157 0 0
302985155 1 4
302985154 0 0
302985153 20 0
302985152 0 0
302985150 3 2
302985149 409 3
302985148 4 0
302985147 0 0
302985145 1 0
302985144 8 0
302985143 1499 155
302985142 7 1
302985141 2536 41
302985139 14 0
302985138 3 1
302985137 5 5
302985136 8 0
302985135 4 2
302985134 1554 27
302985133 2 2
302985132 0 0
302985130 2 3
302985128 2 1
302985127 1 3
302985126 9 3
302985125 0 0
302985122 4 0
302985121 3 0
302985120 2 2
302985119 1 1
302985118 1 1
302985116 13 7
302985115 0 5
302985114 1 0
302985113 3 1
302985112 5 0
302985111 11 0
302985110 0 0
302985109 4591 105
302985108 1 0
302985106 0 0
302985105 4 0
302985104 0 0
302985103 4 17
302985102 0 0
302985101 0 5
302985100 0 0
302985099 8 1
302985098 1 0
302985097 0 0
302985096 0 0
302985095 2 3
302985093 1 1
302985092 3 2
302985091 4 4
302985090 1 0
302985089 6 0
302985088 1 0
302985087 10 0
302985086 0 0
302985084 9 2
302985083 1 0
302985082 10 3
302985081 0 3
302985079 1 0
302985077 1 2
302985075 3 0
302985074 3 0
302985073 1 0
302985072 3 0
302985071 3 0
302985070 3 5
302985069 0 0
302985068 0 0
302985067 0 2
302985066 3 0
302985065 3 2
302985063 1 0
302985062 0 3
302985059 0 0
302985058 0 0
302985057 0 0
302985056 0 0
302985053 0 5
302985051 0 0
302985050 0 0
302985049 4 1
302985048 1 0
302985047 7 5
302985046 3 0
302985045 4 1
302985043 1 0
302985042 2 2
302985041 0 7
302985040 27 7
302985038 2 0
302985037 0 0
302985036 1 7
302985035 230 6
302985034 0 0
302985033 0 0
302985032 2 0
302985031 0 1
302985030 16 1
302985029 5 0
302985028 0 1
302985027 1 0
302985026 1 0
302985025 3 0
302985024 0 0
302985022 0 0
302985021 1 2
302985020 1 0
302985019 1 1
302985017 1 0
302985015 1 2
302985014 1 0
302985013 0 0
302985012 0 0
302985011 2 0
302985010 0 0
302985009 1 0
302985008 10 0
302985007 2 3
302985006 1 4
302985005 14 0
302985004 0 0
302985003 0 0
302985002 21 6
302985001 0 1
302984999 3 5
302984998 1 0
302984997 1 0
302984996 2 1
302984994 0 0
302984993 0 0
302984992 2 1
302984991 1 0
302984990 0 0
302984989 5 1
302984988 0 0
302984986 0 1
302984985 1 1
302984984 5 0
302984983 0 0
302984980 0 0
302984979 0 0
302984978 0 0
302984977 0 1
302984976 0 2
302984975 2 0
302984973 1 1
302984972 0 0
302984971 2 1
