303957697 0 0
303957690 0 0
303957688 0 0
303957217 0 0
303956946 1 0
303942429 1 0
303941770 2 0
303936691 2 0
303936372 1 0
303936303 3 0
303936191 0 0
303936163 0 0
303936091 1 0
303895791 0 1
303864928 3 0
303854755 1 0
303853756 5 0
303804503 1 3
303803659 2 2
303803655 0 0
303799164 7 0
303798336 1 0
303743979 3 0
303741154 0 4
303738943 4 0
303737152 0 0
303720692 0 0
303672433 4 1
303670437 13 0
303666109 8 0
303585430 2 0
303585403 1 0
303579159 3 1
303574219 7 0
303568716 3 2
303507306 1 0
303505619 0 0
303505431 8 0
303499563 1 1
303496951 1 0
303472679 2 0
303471544 6 0
303446934 18 0
303433518 9 0
303433482 13 0
303412595 7 0
303408286 0 0
303406548 6 0
303399682 8 0
303399484 4 0
303399454 17 0
303316301 11 0
303311803 3 0
303305169 11 2
303299369 6 0
303250711 5 2
303250705 1 0
303250268 0 0
303162022 5 0
303079577 7 0
303076898 0 0
303073538 13 0
303072420 18 0
303068751 10 0
303068629 8 0
303045134 2 0
303045083 1 45
303023310 0 0
302986961 1 7
302983629 26 2
302978201 17 1
302973513 2 0
302893288 0 0
302884850 1 0
302884828 6 1
302882693 7 4
302882689 2 1
302872088 0 0
302870956 10 45
302818782 2 1
302818779 9 0
302817601 0 0
302817342 0 0
302813127 24 0
302812106 5 0
302809831 0 0
302806635 3 1
302805851 6 0
302776185 0 0
302760425 0 1
302731312 1 0
302730874 21 0
302730765 17 0
302729692 23 1
302729301 13 0
302728292 7 1
302724163 7 0
302723972 0 0
302721914 18 0
302674725 6 0
302674719 12 0
302674712 12 1
302662640 1 0
302659076 5 0
302639403 35 0
302638215 12 0
302638199 12 0
302629044 2 0
302610142 1 0
302610131 18 0
302610117 18 0
302610091 0 0
302606377 0 0
302594751 6 0
302583927 0 8
302571352 0 0
302570177 7 2
302566933 1 0
302566202 0 0
302563513 7 0
302563505 15 1
302562989 12 0
302561959 4 14
302557645 4 0
302523611 4 0
302497411 6 0
302495379 14 0
302495378 4 0
302492502 12 0
302492498 6 0
302486416 9 0
302486001 21 1
302483962 4 0
302442226 15 2
302426845 5 0
302426815 5 0
302412967 4 0
302412960 11 0
302412949 18 0
302412948 13 0
302412941 10 0
302412936 8 0
302412933 13 0
302412930 14 1
302411416 5 10
302411220 7 1
302411002 7 0
302407899 20 3
302402909 5 0
302400067 9 0
302400044 3 0
302400042 3 1
302397173 39 2
302397114 0 0
302397097 1 0
302395580 5 0
302395014 0 0
302394950 0 0
302364245 9 0
302344557 3 0
302327245 16 0
302316506 12 0
302316312 0 0
302316081 12 0
302314697 2 0
302309882 3 0
302309850 0 0
302309781 14 0
302308948 4 0
302308277 28 1
302306900 30 0
302305608 2 0
302278642 12 2
302276119 10 0
302276112 6 0
302276103 14 0
302276080 29 2
302266611 2 0
302247850 0 0
302238727 8 3
302238452 25 0
302236754 4 14
302236169 27 2
302235389 16 0
302231526 2 0
302230907 45 1
302229576 1 0
302229141 13 1
302229136 5 0
302229134 7 1
302229129 2 0
302229126 4 0
302229099 4 0
302229089 10 0
302229086 12 0
302229083 6 0
302229081 10 0
302229078 5 0
302229074 1 0
302229071 3 1
302229070 19 1
302228451 24 0
302228424 13 0
302228336 24 1
302228146 3 0
302227203 0 0
302225267 22 0
302224859 15 1
302219348 6 54
302194153 35 4
302192876 3 0
302192310 16 2
302186754 0 0
302186700 0 0
302181270 6 11
302181132 1 40
302180615 15 2
302180613 43 0
302180603 22 0
302180598 31 0
302180590 3 3
302179649 16 0
302179587 15 0
302179583 16 1
302179424 9 0
302179282 0 0
302179169 2 0
302178575 5 11
302177774 1 0
302174864 1 0
302174650 1 0
302174384 5 0
302174347 12 0
302174342 4 0
302174142 25 0
302173324 15 0
302173060 2 0
302171294 0 0
302171134 1 22
302169551 72 1
302165519 3 0
302161683 22 0
302161404 30 0
302144255 1 0
302142480 9 0
302142466 6 0
302142457 1 0
302138971 0 4
302135292 2 0
302131737 8 0
302125861 7 0
302123692 7 0
302122961 0 0
302120831 1 0
302120821 3 1
302119720 0 0
302119167 9 0
302118131 0 0
302115439 3 18
302113922 2 1
302110437 33 7
302103547 2 0
302086212 1 0
302085580 3 0
302085225 0 0
302082457 1 20
302078936 26 0
302078680 4 0
302078505 11 0
302078498 5 0
302078496 11 1
302078325 0 0
302078123 9 0
302078122 12 0
302078115 6 0
302078112 10 0
302077022 20 0
302076554 35 0
302076520 5 0
302076508 3 0
302076143 2 0
302073576 10 0
302073548 17 0
302072921 0 0
302072909 0 0
302068363 36 1
302048702 5 2
302048515 32 1
302048509 3 0
302048506 0 0
302040144 1 0
302034406 8 0
302034405 11 0
302034396 19 0
302034276 0 0
302032049 0 0
302031049 17 0
302030288 5 0
302029942 0 0
302029930 21 0
302029711 21 0
302029311 9 0
302021020 0 0
302019527 0 0
302008971 12 0
302003993 1 7
302003536 13 0
301975800 0 0
301974034 4 0
301972215 3 0
301972163 17 0
301972096 14 1
301972091 15 6
301972089 7 0
301971965 23 1
301971923 12 0
301971899 2 0
301971696 2 0
301971541 11 0
301971325 8 4
301970494 3 0
301970431 3 0
301970429 3 0
301970333 0 0
301970331 10 0
301970316 17 1
301969643 13 0
301967454 7 0
301967452 24 2
301967451 12 0
301967329 9 1
301967176 4 0
301967109 10 1
301966914 0 0
301965874 16 2
301965749 4 0
301965676 5 2
301965404 13 0
301965314 2 0
301965252 0 0
301965165 1 0
301965123 25 1
301965074 6 1
301964498 31 10
301964272 10 1
301963857 6 1
301963617 0 17
301962904 39 2
301961552 0 0
301961260 13 4
301959607 0 0
301953789 2 0
301949987 39 0
301935209 16 1
301934285 18 1
301934278 16 1
301925254 8 0
301925253 14 1
301925245 5 0
301925239 4 0
301925237 6 0
301923793 6 0
301923784 6 0
301920667 11 0
301920666 15 1
301920663 9 1
301920660 8 3
301920659 12 2
301920628 0 0
301920615 16 0
301920604 0 0
301920503 3 7
301920274 3 1
301920126 0 0
301919548 1 0
301919538 13 1
301919515 21 0
301919512 12 1
301919498 13 0
301918332 2 0
301917598 2 0
301914589 3 18
301914001 11 0
301913654 0 0
301913457 17 2
301913157 14 1
301913148 9 0
301913025 0 0
301912315 9 4
301912292 17 1
301912123 12 1
301911680 8 1
301911677 16 3
301911658 17 2
301911540 5 121
301911508 7 0
301910768 1 0
301909606 6 0
301909188 5 95
301903142 1 0
301902453 40 5
301901121 24 2
301894281 1 0
301894204 6 0
301894002 2 1
301888245 2 41
301888023 5 0
301887989 1 0
301887914 18 0
301887877 12 0
301887821 20 3
301887484 17 0
301881308 8 0
301879811 3 0
301878051 1 8
301877027 14 4
301873918 6 0
301873286 2 0
301870715 12 4
301869716 3 3
301864469 21 0
301864452 10 2
301864058 8 0
301864052 3 0
301863996 16 9
301863984 2 0
301863970 18 0
301863940 4 33
301863939 24 0
301863923 1 0
301863814 15 0
301863736 3 0
301863723 12 25
301863708 1 0
301863637 29 1
301863624 16 2
301863460 8 1
301863449 11 1
301863361 12 0
301863352 16 0
301863156 12 0
301863052 10 0
301863025 0 3
301862665 21 0
301862639 2 0
301862637 0 0
301862605 14 1
301862593 0 0
301861792 3 0
301861378 0 0
301861359 7 34
301861323 0 0
301861169 5 9
301861152 9 0
301860997 4 13
301860990 5 15
301860607 0 0
301860473 9 3
301860467 0 1
301860451 11 0
301860271 3 0
301860231 3 0
301860229 14 0
301860226 4 0
301860150 34 2
301860103 2 1
301860092 4 22
301860067 1 0
301860014 5 34
301859962 1 0
301859856 0 0
301859814 0 0
301859806 1 0
301859797 0 0
301859795 6 2
301859754 4 0
301859562 18 6
301859500 2 0
301859361 0 0
301859300 0 4
301859185 0 14
301859183 3 0
301859149 16 1
301859145 2 0
301859133 11 0
301859115 3 0
301859114 1 0
301859110 3 1
301859096 1 0
301858989 4 0
301858874 4 1
301858856 7 54
301858855 7 1
301858819 13 6
301858800 1 0
301858724 6 7
301858648 13 0
301858592 11 0
301858495 36 0
301858456 11 1
301858448 7 1
301858446 5 0
301858443 0 1
301858430 13 0
301858420 6 0
301858408 5 0
301858395 4 0
301858374 1 0
301858370 9 0
301858360 6 0
301858357 4 0
301858329 14 0
301858324 23 1
301858315 15 0
301858269 1 0
301858237 7 17
301857851 18 28
301857845 26 7
301857728 3 0
301857647 0 0
301857603 1 0
301857545 2 0
301857497 6 0
301857478 22 8
301857443 7 15
301857438 7 12
301857389 9 0
301857309 2 2
301857293 5 1
301857291 2 0
301857034 0 0
301857019 0 0
301856792 11 0
301856688 2 0
301856661 1 0
301856557 1 0
301856537 8 0
301856534 8 0
301856495 3 0
301856337 0 0
301856219 1 0
301856133 11 0
301856130 0 0
301856021 12 9
301855966 1 1
301855951 5 0
301855499 5 0
301855334 22 8
301855211 0 0
301855191 4 1
301855165 8 0
301855072 34 7
301855025 0 0
301854996 4 0
301854456 23 1
301854403 1 0
301853927 7 1
301853031 0 0
301852096 3 0
301851260 6 3
301850334 1 3
301850170 21 1
301849245 0 0
301849237 14 10
301849199 28 7
301849165 0 10
301849149 6 77
301849143 8 9
301849061 41 2
301849024 14 9
301849019 0 0
301849014 0 6
301848957 2 0
301848717 2 48
301848673 1 4
301848534 0 0
301848525 3 1
301848442 1 11
301848384 2 22
301848208 7 43
301848135 11 28
301847960 4 7
301847957 2 4
301847739 1 17
301847644 0 3
301847610 0 1
301847509 1 0
301847439 4 14
301847271 1 0
301847221 4 15
301847116 8 23
301847110 6 25
301847016 2 5
301846814 2 1
301846620 8 47
301846550 0 4
301845649 3 0
301845533 8 6
301845283 1 5
301845242 1 7
301843795 31 7
301843463 8 41
301842610 18 0
301842592 14 40
301842182 4 12
301841424 16 11
301840337 3 18
301840316 3 18
301837063 5 9
301831453 13 1
301831368 9 55
301831360 6 41
301831191 7 15
301831174 3 0
301831110 6 0
301831081 1 3
301831052 1 0
301831034 9 0
301831029 6 1
301831027 2 1
301831009 1 0
301830960 0 0
301830953 0 0
301830949 8 44
301830816 5 21
301830742 19 6
301830737 1 1
301830604 1 18
301830549 4 9
301830484 2 21
301830477 15 33
301830350 17 0
301830335 4 0
301830308 22 7
301830264 10 3
301830262 14 1
301830259 6 0
301830258 15 1
301830256 8 0
301830255 3 0
301830249 7 0
301830245 1 0
301830242 10 1
301830235 13 0
301830234 1 1
301830232 5 0
301830230 2 0
301830228 11 3
301830226 5 0
301830221 7 1
301830215 0 0
301830214 15 0
301830206 0 0
301830121 22 5
301830057 8 31
301829887 0 0
301829409 29 1
301829232 18 2
301829230 4 0
301829132 10 0
301829126 4 0
301829006 5 0
301828901 5 0
301828759 1 0
301828708 0 0
301828339 11 17
301828195 4 0
301827418 7 1
301827296 5 0
301827172 0 0
301825685 12 1
301825543 15 6
301824401 1 0
301824282 11 0
301824144 8 1
301824135 5 21
301823884 2 21
301823858 16 1
301823851 5 0
301823843 2 0
301823835 7 0
301823813 7 1
301823811 12 0
301823799 12 0
301823714 14 4
301823694 3 2
301823680 3 3
301823627 13 1
301823611 7 0
301823364 11 4
301823352 14 2
301823280 22 0
301822681 8 3
301822340 2 1
301822282 6 10
301822098 2 1
301821998 2 1
301821958 6 0
301821876 1 0
301821788 0 5
301821578 6 0
301821234 2 1
301821113 1 0
301820639 2 24
301819181 1 15
301818837 1 4
301818806 1 32
301818398 1 4
301817904 0 1
301815456 6 0
301815405 1 0
301815402 0 0
301814749 5 2
301814548 1 1
301814418 15 3
301814371 15 5
301814088 0 0
301814047 0 0
301813968 0 1
301813947 1 0
301813828 10 3
301813680 1 0
301813642 8 3
301813469 26 0
301813334 4 0
301813254 0 0
301813051 0 0
301812629 0 0
301812406 4 24
301812384 2 1
301812365 0 0
301812284 15 3
301811874 9 32
301811832 7 23
301811824 0 0
301811739 10 1
301811737 10 0
301811722 1 0
301811700 1 3
301811695 0 1
301811693 1 3
301811677 0 3
301811657 5 25
301811632 1 0
301811561 3 0
301811558 1 1
301811542 13 38
301811533 2 13
301811525 13 7
301811500 14 5
301811451 0 2
301811449 1 0
301811412 1 0
301811361 3 6
301811324 5 17
301811312 2 23
301811231 1 5
301811217 5 7
301811207 15 6
301811164 14 1
301811118 30 0
301811034 0 1
301811010 3 3
301810941 8 0
301810937 2 3
301810903 9 0
301810794 0 1
301810776 1 0
301810773 4 0
301810724 2 21
301810705 5 2
301810701 17 1
301810698 5 1
301810696 14 0
301810691 15 2
301810686 6 2
301810683 11 0
301810680 7 0
301810677 18 0
301810672 7 1
301810669 7 1
301810665 5 0
301810660 5 0
301810656 7 0
301810652 1 0
301810641 14 1
301810635 20 1
301810632 3 7
301810582 6 12
301810560 17 17
301810529 1 0
301810499 3 0
301810489 24 0
301810485 1 1
301810434 13 5
301810425 6 2
301810419 6 2
301810399 17 0
301810371 1 0
301810354 0 1
301810349 17 17
301810345 4 0
301810344 11 6
301810342 6 0
301810284 1 0
301810239 9 54
301810238 8 3
301810157 1 4
301810089 4 17
301810038 6 3
301810000 0 1
301809990 0 1
301809876 5 0
301809805 0 0
301809755 17 4
301809751 1 1
301809749 9 0
301809747 1 0
301809746 3 0
301809744 16 1
301809741 6 0
301809690 0 3
301809657 0 3
301809644 2 0
301809502 20 0
301809496 4 0
301809457 9 2
301809416 22 0
301809409 4 25
301809292 0 0
301809201 8 1
301809195 18 0
301809163 6 21
301809142 10 3
301809095 0 4
301809089 7 1
301809083 3 0
301809082 5 0
301809077 0 1
301809044 9 1
301809024 1 0
301809000 0 0
301808780 12 0
301808779 1 1
301808778 1 3
301808777 26 3
301808744 11 0
301808596 1 3
301808576 12 0
301808532 4 2
301808523 7 0
301808518 13 1
301808485 1 0
301808469 13 5
301808451 1 0
301808371 9 0
301808349 7 30
301808329 10 1
301808255 10 5
301808169 0 2
301808126 0 3
301807866 8 1
301807828 2 0
301807818 0 1
301807792 2 1
301807787 1 33
301807769 10 1
301807768 6 3
301807732 8 3
301807694 2 0
301807663 4 5
301807639 7 8
301807617 8 11
301807493 9 1
301807437 0 5
301807337 12 1
301807326 2 0
301807174 5 3
301807115 12 0
301807058 9 0
301807032 27 0
301806912 2 0
301806860 15 3
301806850 12 0
301806827 0 0
301806566 13 1
301806466 12 2
301806450 3 0
301806412 16 2
301806397 1 12
301806377 2 2
301806339 5 3
301806271 9 3
301806051 2 1
301805848 0 0
301805584 3 15
301805486 8 6
301805434 2 3
301805424 3 1
301805001 0 0
301804927 2 48
301804921 3 4
301804811 5 28
301804776 3 0
301804762 4 3
301804758 14 9
301804709 3 0
301804698 1 15
301804657 0 0
301804620 1 30
301804171 3 16
301803984 7 0
301803614 5 3
301803475 9 4
301803403 0 1
301803364 0 1
301803325 0 1
301803287 23 2
301803234 0 1
301803172 0 1
301803136 0 1
301803103 1 0
301803059 0 1
301802999 0 0
301802967 3 0
301802728 0 1
301802602 1 0
301802544 7 1
301802368 6 1
301802355 15 0
301802165 5 0
301802149 8 3
301801891 3 2
301799433 5 34
301799348 2 25
301799318 1 0
301799316 15 16
301799213 22 3
301799208 1 0
301799207 1 0
301799204 0 0
301799191 3 1
301799183 0 2
301799180 1 17
301799178 16 5
301799172 0 0
301799171 5 0
301799168 8 6
301799167 3 3
301799166 0 0
301799164 11 4
301799163 4 0
301799161 6 0
301799157 8 0
301799156 7 4
301799154 2 0
301799153 4 0
301799152 6 0
301799149 6 24
301799148 7 1
301799146 4 1
301799143 5 0
301799142 3 0
301799140 7 0
301799134 10 7
301799133 7 0
301799132 4 4
301799131 11 0
301799130 0 0
301799122 4 0
301799121 1 0
301799116 9 4
301799113 12 1
301799111 9 0
301799109 15 0
301799107 5 0
301799105 3 0
301799104 5 0
301799103 0 3
301799101 34 5
301799096 12 10
301799092 0 0
301799091 21 0
301799081 0 3
301799080 32 5
301799079 7 0
301799076 4 0
301799072 16 1
301799070 3 33
301799067 0 0
301799056 1 0
301799054 2 0
301799053 3 29
301799050 12 0
301799043 2 0
301799041 1 0
301799036 11 5
301799035 8 6
301799033 8 0
301799031 2 0
301799029 0 0
301799028 5 25
301799027 17 6
301799024 4 0
301799019 12 2
301799018 15 2
301799017 0 0
301799013 26 7
301799011 0 1
301799009 27 0
301799007 0 0
301799004 0 38
301799000 3 36
301798999 1 2
301798997 8 0
301798996 0 0
301798993 0 1
301798992 1 1
301798990 1 0
301798989 21 3
301798988 11 0
301798987 7 3
301798984 4 3
301798981 3 0
301798979 2 2
301798975 25 9
301798974 3 24
301798972 18 1
301798971 0 1
301798970 0 0
301798969 0 1
301798968 2 10
301798966 3 19
301798964 8 1
301798963 17 17
301798960 1 22
301798959 0 0
301798958 0 0
301798956 0 1
301798953 11 3
301798952 16 7
301798951 7 5
301798949 18 2
301798947 0 2
301798941 4 5
301798939 0 0
301798937 1 0
301798932 1 0
301798930 1 0
301798929 16 3
301798925 2 29
301798918 17 2
301798917 5 23
301798915 16 0
301798912 0 0
301798908 6 24
301798907 2 0
301798905 7 3
301798904 7 0
301798901 1 38
301798900 1 0
301798899 2 0
301798898 0 5
301798897 2 0
301798894 1 4
301798890 9 4
301798887 4 0
301798884 0 0
301798883 1 1
301798881 0 0
301798880 1 0
301798879 2 1
301798878 9 2
301798872 1 0
301798871 1 0
301798869 19 3
301798866 1 0
301798865 1 27
301798864 16 0
301798863 1 1
301798862 0 0
301798860 0 5
301798859 6 0
301798856 1 0
301798855 9 3
301798854 0 2
301798852 3 0
301798851 0 0
301798850 41 0
301798847 18 13
301798846 2 1
301798844 8 0
301798843 15 5
301798841 7 7
301798840 2 0
301798837 0 0
301798831 10 1
301798830 3 5
301798829 2 0
301798824 0 5
301798823 2 0
301798822 3 5
301798821 0 1
301798819 3 0
301798816 20 1
301798815 0 15
301798810 8 2
301798809 15 0
301798807 1 3
301798805 5 2
301798804 2 0
301798803 10 0
301798802 0 0
301798801 1 3
301798800 0 0
301798797 0 0
301798795 7 3
301798793 26 23
301798787 1 1
301798786 6 14
301798785 0 0
301798780 0 0
301798778 2 0
301798776 1 0
301798775 14 2
301798773 1 2
301798769 0 0
301798766 0 0
301798765 5 2
301798762 6 2
301798761 0 0
301798759 24 3
301798756 4 37
301798752 16 3
301798748 3 47
301798747 12 0
301798745 2 8
301798743 1 2
301798740 5 24
301798738 1 8
301798737 1 0
301798733 16 34
301798729 3 0
301798728 8 0
301798727 1 1
301798725 0 4
301798724 1 0
301798723 11 1
301798722 0 6
301798721 1 0
301798719 1 17
301798717 24 0
301798714 1 0
301798713 87 5
301798712 8 0
301798711 11 2
301798709 7 22
301798707 10 1
301798706 2 31
301798705 6 1
301798704 0 0
301798703 17 0
301798700 4 1
301798699 6 0
301798698 2 27
301798697 2 0
301798696 4 6
301798695 6 3
301798694 2 0
301798693 9 0
301798692 16 0
301798688 21 1
301798687 1 2
301798686 4 1
301798685 5 0
301798684 11 1
301798683 8 0
301798682 4 2
301798681 0 0
301798678 8 0
301798677 18 0
301798676 1 0
301798674 5 2
301798673 3 0
301798671 4 9
301798670 4 0
301798668 0 3
301798667 2 0
301798666 13 52
301798665 6 1
301798664 8 1
301798658 0 0
301798657 4 20
301798655 1 2
301798653 7 17
301798649 23 0
301798647 1 1
301798646 0 1
301798644 3 16
301798643 20 0
301798639 5 21
301798638 2 27
301798637 4 0
301798635 1 2
301798633 24 1
301798630 2 31
301798627 8 4
301798625 2 3
301798623 15 3
301798622 4 0
301798621 2 6
301798620 7 0
301798612 5 0
301798610 0 4
301798607 2 39
301798606 2 0
301798605 0 0
301798604 1 0
301798603 0 0
301798601 0 4
301798599 1 1
301798597 1 6
301798596 0 1
301798595 0 3
301798594 21 1
301798593 0 0
301798592 4 0
301798588 6 0
301798587 0 6
301798586 5 3
301798582 20 3
301798581 24 45
301798580 0 0
301798579 8 0
301798578 1 0
301798577 1 0
301798576 0 2
301798575 5 0
301798572 6 15
301798571 15 3
301798570 6 26
301798566 0 0
301798565 0 4
301798564 4 3
301798563 1 3
301798561 5 0
301798560 0 0
301798558 10 2
301798555 15 0
301798553 9 0
301798552 1 0
301798551 0 3
301798550 0 1
301798549 25 4
301798545 0 2
301798543 1 1
301798542 3 10
301798541 0 2
301798540 2 5
301798539 8 1
301798538 0 0
301798537 0 1
301798536 1 5
301798535 8 1
301798534 5 0
301798530 4 12
301798527 16 2
301798526 3 22
301798525 11 0
301798524 0 0
301798520 7 2
301798517 8 30
301798516 14 25
301798515 11 5
301798514 2 22
301798511 0 0
301798510 1 0
301798509 4 3
301798507 12 1
301798505 4 27
301798504 2 1
301798503 0 0
301798494 2 1
301798493 1 0
301798492 12 4
301798490 12 2
301798488 2 0
301798487 0 5
301798485 12 0
301798468 8 1
301798466 30 0
301798465 8 10
301798464 4 0
301798463 10 0
301798462 0 2
301798460 0 2
301798457 10 3
301798452 5 1
301798446 1 23
301798444 9 1
301798443 2 0
301798439 11 14
301798437 2 2
301798436 9 0
301798433 0 0
301798427 3 15
301798426 11 0
301798423 1 0
301798420 0 4
301798416 7 0
301798412 0 0
301798410 6 24
301798405 8 12
301798403 0 0
301798402 9 0
301798398 10 15
301798389 0 0
301798379 7 29
301798376 1 1
301798368 4 0
301798366 0 3
301798365 8 2
301798362 18 6
301798352 0 5
301798350 30 15
301798342 7 18
301798340 2 0
301798338 6 16
301798336 1 0
301798332 6 0
301798331 4 1
301798330 11 1
301798323 37 15
301798322 10 23
301798320 17 0
301798319 0 0
301798318 8 25
301798316 25 3
301798314 11 2
301798313 3 1
301798312 6 0
301798310 8 2
301798309 0 0
301798308 0 1
301798307 13 1
301798306 1 0
301798304 0 0
301798303 9 1
301798302 16 3
301798301 0 0
301798299 34 22
301798298 0 0
301798297 22 3
301798296 0 1
301798294 8 0
301798292 0 2
301798290 5 21
301798288 1 0
301798287 5 0
301798286 15 1
301798285 0 3
301798284 11 1
301798283 2 0
301798282 12 1
301798281 28 5
301798280 6 0
301798279 28 17
301798277 8 0
301798276 3 0
301798275 7 0
301798270 26 2
301798269 7 6
301798266 0 0
301798264 3 23
301798261 9 0
301798260 0 0
301798258 4 1
301798257 10 0
301798255 0 1
301798254 12 2
301798253 6 18
301798252 1 0
301798250 1 0
301798249 3 0
301798248 3 0
301798246 6 2
301798244 6 15
301798243 8 0
301798239 1 2
301798238 15 12
301798236 0 1
301798235 0 1
301798234 6 32
301798230 11 3
301798229 0 1
301798226 2 12
301798219 7 30
301798218 0 0
301798217 7 32
301798216 1 0
301798215 2 0
301798214 0 0
301798213 4 9
301798207 2 33
301798204 14 2
301798203 4 0
301798201 22 9
301798198 17 17
301798197 19 5
301798195 4 1
301798194 0 2
301798190 4 0
301798189 1 0
301798187 16 2
301798186 9 34
301798184 0 0
301798183 2 2
301798182 5 1
301798181 18 1
301798180 10 1
301798179 5 60
301798178 0 2
301798177 0 0
301798175 0 0
301798171 0 0
301798169 0 2
301798168 10 56
301798167 1 2
301798166 7 1
301798165 14 6
301798163 6 54
301798161 1 0
301798159 29 29
301798158 11 1
301798157 0 1
301798156 1 0
301798155 5 7
301798154 5 1
301798153 0 0
301798152 3 58
301798150 9 4
301798149 16 4
301798148 8 0
301798147 15 1
301798146 1 0
301798145 5 0
301798144 3 2
301798140 37 3
301798139 6 0
301798138 0 0
301798136 10 2
301798135 17 0
301798134 5 37
301798133 10 1
301798132 17 1
301798129 1 1
301798127 8 1
301798126 8 1
301798125 1 0
301798124 6 20
301798123 1 2
301798122 1 0
301798121 0 0
301798120 23 4
301798119 0 0
301798114 12 0
301798113 28 0
301798111 10 1
301798110 4 19
301798109 14 0
301798108 28 3
301798107 3 3
301798106 4 23
301798105 0 0
301798104 10 1
301798103 12 1
301798102 44 0
301798101 7 34
301798100 16 0
301798098 17 18
301798097 6 0
301798096 0 0
301798095 50 1
301798094 5 13
301798093 19 0
301798090 1 0
301798088 10 8
301798086 3 0
301798085 1 7
301798082 0 0
301798080 3 4
301798075 1 0
301798074 1 2
301798073 0 0
301798072 6 0
301798071 6 5
301798067 0 0
301798066 0 2
301798061 12 0
301798059 13 6
301798058 2 0
301798057 9 0
301798054 0 1
301798053 1 0
301798052 0 2
301798050 4 36
301798049 3 10
301798048 10 17
301798047 1 1
301798045 4 1
301798044 0 1
301798043 2 4
301798041 0 0
301798040 18 25
301798039 5 8
301798038 9 6
301798037 1 0
301798036 0 2
301798032 2 18
301798031 11 2
301798030 1 0
301798027 1 0
301798026 25 0
301798025 12 56
301798024 0 1
301798023 7 57
301798022 0 0
301798021 3 0
301798017 4 11
301798015 6 2
301798006 15 1
301798004 1 0
301798002 21 1
301798001 10 0
301797999 7 6
301797996 1 0
301797995 7 66
301797994 0 5
301797990 2 0
301797988 4 0
301797987 1 0
301797985 0 6
301797984 29 6
301797982 13 7
301797981 1 3
301797979 2 0
301797978 0 5
301797977 10 11
301797976 0 1
301797971 0 0
301797969 2 0
301797964 0 0
301797954 0 0
301797950 23 80
301797948 21 1
301797947 16 34
301797941 60 44
301797940 13 1
301797938 2 5
301797934 4 0
301797932 14 0
301797930 0 0
301797928 0 0
301797927 17 2
301797926 6 50
301797923 0 0
301797922 11 8
301797921 10 1
301797917 15 4
301797915 4 3
301797913 1 11
301797910 28 12
301797906 0 0
301797904 4 32
301797903 1 0
301797893 0 3
301797888 15 1
301797883 0 1
301797879 4 12
301797878 27 3
301797873 27 16
301797870 0 0
301797868 8 8
301797865 0 0
301797864 25 12
301797863 0 4
301797862 0 0
301797861 25 2
301797859 10 32
301797858 9 37
301797857 11 36
301797856 0 3
301797855 4 5
301797854 4 1
301797852 0 0
301797850 0 2
301797849 0 0
301797848 0 0
301797847 0 0
301797845 7 7
301797842 9 0
301797841 10 0
301797840 13 0
301797839 7 4
301797837 14 3
301797834 2 0
301797830 10 0
301797827 16 0
301797826 12 0
301797825 2 0
301797824 1 0
301797823 2 0
301797822 15 4
301797819 8 1
301797817 26 0
301797816 2 0
301797813 2 31
301797812 2 0
301797811 8 2
301797810 10 40
301797805 41 9
301797804 4 0
301797803 0 0
301797802 1 6
301797801 1 0
301797800 1 0
301797798 2 0
301797797 1 1
301797796 14 3
301797795 2 6
301797792 4 0
301797791 4 0
301797789 4 0
301797787 7 1
301797785 16 2
301797784 17 2
301797783 4 0
301797782 1 0
301797778 12 24
301797777 0 0
301797776 10 4
301797775 0 6
301797773 0 0
301797772 5 0
301797771 12 0
301797770 0 0
301797769 0 0
301797768 11 1
301797766 19 2
301797765 0 0
301797764 8 1
301797763 6 1
301797762 3 1
301797761 5 1
301797760 4 0
301797759 0 0
301797757 1 0
301797756 1 0
301797755 12 3
301797754 16 2
301797752 0 0
301797751 1 0
301797749 1 0
301797745 1 0
301797744 1 0
301797742 1 0
301797741 0 0
301797739 1 0
301797738 16 43
301797734 2 0
301797731 0 3
301797730 7 1
301797726 0 0
301797722 25 0
301797718 0 12
301797717 3 1
301797713 0 1
301797709 30 28
301797708 3 0
301797705 29 19
301797704 0 0
301797703 4 4
301797701 16 0
301797700 3 0
301797698 12 0
301797697 10 2
301797696 7 0
301797695 17 1
301797693 5 30
301797691 32 2
301797690 2 0
301797689 24 0
301797688 2 0
301797687 2 1
301797686 1 1
301797685 4 1
301797678 2 2
301797675 10 1
301797673 0 0
301797672 1 0
301797671 4 1
301797670 1 5
301797669 1 1
301797667 8 0
301797666 3 1
301797665 12 1
301797664 0 0
301797663 5 0
301797662 3 6
301797661 10 0
301797660 12 6
301797659 10 1
301797658 0 0
301797656 13 0
301797655 0 0
301797654 6 3
301797652 1 0
301797651 9 1
301797649 0 0
301797648 14 1
301797647 10 4
301797645 0 1
301797644 2 30
301797643 6 0
301797642 1 56
301797640 0 1
301797639 6 0
301797638 0 0
301797637 10 5
301797636 6 6
301797635 1 4
301797634 0 0
301797633 10 0
301797632 14 0
301797631 13 4
301797630 1 0
301797628 17 0
301797627 11 3
301797625 7 4
301797623 7 17
301797622 4 0
301797621 8 0
301797620 9 0
301797619 3 0
301797618 8 0
301797617 14 0
301797616 0 0
301797615 9 5
301797614 7 1
301797613 2 0
301797609 10 1
301797608 5 61
301797607 14 1
301797606 8 25
301797605 2 0
301797604 4 1
301797603 16 54
301797602 4 0
301797601 9 0
301797600 12 0
301797599 5 1
301797598 8 2
301797597 8 0
301797596 11 0
301797595 0 51
301797594 3 0
301797593 1 0
301797592 14 1
301797591 4 26
301797590 9 1
301797588 0 0
301797587 0 0
301797585 5 2
301797583 15 0
301797582 14 2
301797580 6 0
301797579 5 1
301797578 1 0
301797577 39 7
301797576 0 0
301797575 2 1
301797574 1 0
301797573 1 0
301797572 1 0
301797571 10 4
301797570 5 1
301797568 8 2
301797567 6 1
301797566 11 0
301797563 4 1
301797562 11 0
301797559 5 3
301797558 7 2
301797557 1 0
301797555 11 6
301797554 7 3
301797553 2 1
301797551 9 30
301797549 6 2
301797548 19 6
301797547 9 29
301797546 3 1
301797544 1 1
301797543 1 1
301797542 1 1
301797541 8 19
301797540 31 16
301797539 6 1
301797538 10 19
301797537 18 1
301797536 1 1
301797535 15 3
301797534 3 1
301797533 5 4
301797532 2 3
301797531 8 3
301797530 27 0
301797529 5 2
301797528 7 36
301797527 0 1
301797526 1 0
301797525 15 10
301797523 25 0
301797522 0 0
301797521 3 0
301797520 6 3
301797519 16 3
301797518 0 0
301797517 5 0
301797516 27 0
301797514 9 1
301797513 9 7
301797512 1 1
301797511 2 0
301797510 1 0
301797509 11 0
301797507 6 19
301797506 4 19
301797505 3 0
301797503 3 9
301797502 1 27
301797501 13 13
301797500 5 1
301797499 9 0
301797498 11 1
301797497 10 1
301797496 16 3
301797495 5 4
301797494 2 1
301797493 2 1
301797492 13 4
301797491 13 8
301797490 1 0
301797488 10 5
301797487 2 4
301797484 0 0
301797483 14 0
301797481 13 0
301797477 1 0
301797475 13 2
301797474 4 0
301797473 4 0
301797472 0 0
301797471 20 9
301797470 4 1
301797469 0 0
301797468 12 0
301797467 18 2
301797466 0 3
301797465 2 0
301797464 14 10
301797462 1 0
301797461 0 0
301797459 8 4
301797458 12 2
301797457 0 0
301797456 3 0
301797455 2 0
301797454 2 0
301797453 0 12
301797452 22 2
301797451 31 7
301797450 0 0
301797449 10 2
301797448 4 2
301797447 16 2
301797446 0 0
301797444 1 0
301797442 11 0
301797441 23 22
301797440 4 2
301797439 3 0
301797438 5 2
301797437 1 2
301797436 8 4
301797435 8 0
301797434 10 2
301797433 19 1
301797432 10 2
301797431 6 4
301797430 3 43
301797429 2 0
301797427 0 0
301797425 29 1
301797422 2 35
301797419 19 2
301797415 5 0
301797414 6 0
301797413 4 60
301797412 1 0
301797411 0 0
301797410 4 0
301797409 12 0
301797407 5 1
301797406 6 0
301797405 4 0
301797403 2 0
301797402 6 0
301797401 0 0
301797396 0 0
301797393 6 0
301797392 10 0
301797391 37 3
301797390 4 0
301797389 12 1
301797388 0 0
301797387 7 0
301797386 0 0
301797385 4 0
301797384 19 7
301797383 0 0
301797379 1 0
301797378 0 0
301797377 2 0
301797376 24 0
301797374 5 0
301797373 13 4
301797372 3 3
301797370 0 1
301797369 5 30
301797367 1 0
301797365 4 0
301797364 9 0
301797362 12 0
301797361 16 5
301797359 6 16
301797358 3 0
301797356 1 0
301797354 4 2
301797352 12 20
301797351 4 0
301797350 4 10
301797349 2 2
301797348 4 0
301797347 5 22
301797346 9 0
301797345 20 14
301797344 1 0
301797340 1 0
301797339 5 0
301797338 12 3
301797337 0 0
301797335 4 0
301797334 0 0
301797333 1 0
301797332 4 2
301797331 14 0
301797330 15 1
301797328 10 18
301797327 324 4
301797326 9 0
301797325 1 2
301797324 4 2
301797323 4 0
301797322 11 0
301797321 12 1
301797320 7 0
301797319 2 0
301797318 0 0
301797317 11 0
301797316 0 0
301797315 9 0
301797312 12 1
301797310 6 12
301797309 8 3
301797308 6 0
301797307 20 0
301797306 0 0
301797304 20 0
301797303 2 60
301797302 3 0
301797301 19 0
301797300 20 15
301797299 23 4
301797298 2 1
301797297 8 1
301797296 6 2
301797295 8 0
301797294 0 0
301797293 16 0
301797292 23 2
301797291 69 4
301797290 1 13
301797289 11 0
301797288 3 0
301797287 27 10
301797286 1 0
301797285 0 0
301797284 12 0
301797283 8 2
301797282 0 0
301797280 15 0
301797279 9 0
301797278 1 3
301797277 20 1
301797276 11 7
301797275 5 0
301797274 0 0
301797273 2 0
301797272 9 1
301797271 13 0
301797270 0 0
301797269 24 0
301797268 2 31
301797267 8 0
301797266 10 0
301797265 1 0
301797263 8 1
301797262 8 1
301797261 12 1
301797260 2 13
301797258 6 9
301797256 20 0
301797255 0 0
301797254 15 21
301797253 3 3
301797251 0 0
301797250 5 17
301797249 2 1
301797248 14 1
301797247 11 0
301797246 0 0
301797244 0 0
301797243 15 3
301797242 9 0
301797241 9 0
301797240 8 9
301797238 12 0
301797237 2 1
301797236 3 1
301797234 15 0
301797233 39 1
301797231 0 0
301797230 4 1
301797229 1 0
301797228 3 0
301797226 1 0
301797225 0 0
301797224 10 0
301797223 44 1
301797222 1 2
301797221 5 7
301797220 3 0
301797219 11 0
301797218 1 0
301797217 1 0
301797216 0 0
301797215 1 0
301797214 1 0
301797213 22 0
301797212 1 1
301797211 5 0
301797209 1 0
301797208 20 0
301797207 10 2
301797206 27 1
301797205 8 2
301797204 0 0
301797203 1 4
301797202 1 0
301797201 13 0
301797200 0 0
301797199 0 1
301797198 11 0
301797195 0 0
301797194 29 0
301797193 17 2
301797192 1 0
301797191 3 0
301797187 8 0
301797186 5 1
301797184 0 0
301797183 144 44
301797182 14 0
301797181 0 0
301797180 18 2
301797177 3 0
301797176 15 1
301797175 0 0
301797174 1 0
301797173 0 0
301797172 14 0
301797171 25 17
301797170 6 0
301797169 8 9
301797167 7 1
301797166 1 0
301797165 0 0
301797164 10 0
301797163 4 2
301797162 10 0
301797161 1 0
301797160 1 0
301797159 0 0
301797158 1 1
301797154 9 1
301797153 6 0
301797152 17 0
301797151 4 0
301797150 11 2
301797148 0 0
301797146 17 0
301797143 11 4
301797142 4 2
301797140 18 0
301797139 0 0
301797138 9 0
301797137 13 0
301797135 12 0
301797134 10 0
301797131 4 1
301797130 0 0
301797129 2 1
301797128 13 0
301797127 4 0
301797124 12 0
301797123 0 1
301797121 16 0
301797120 1 0
301797119 10 0
301797118 0 1
301797117 8 11
301797116 4 0
301797115 12 0
301797114 0 0
301797113 224 3
301797112 6 0
301797110 3 0
301797109 10 0
301797107 0 0
301797106 18 0
301797105 0 0
301797104 1 0
301797103 20 3
301797102 0 0
301797101 0 0
301797100 10 0
301797099 8 1
301797098 3 0
301797097 0 0
301797095 4 0
301797092 0 0
301797091 4 2
301797089 13 0
301797086 9 0
301797084 0 0
301797082 5 1
301797081 2 0
301797080 16 0
301797079 16 0
301797078 11 0
301797076 40 1
301797075 0 0
301797074 21 1
301797073 10 0
301797072 13 2
301797071 16 0
301797070 0 0
301797069 0 0
301797067 0 0
301797066 0 0
301797065 19 0
301797064 4 37
301797063 0 0
301797062 0 0
301797061 12 1
301797060 2 1
301797059 12 4
301797058 5 1
301797056 0 1
301797055 7 5
301797054 15 2
301797053 13 1
301797052 9 3
301797051 0 1
301797050 7 5
301797049 0 0
301797048 5 0
301797047 0 2
301797046 0 0
301797045 12 1
301797044 0 0
301797043 14 1
301797042 2 3
301797040 7 0
301797039 1 0
301797038 15 3
301797037 0 0
301797036 19 3
301797035 1 4
301797033 6 0
301797032 23 1
301797031 9 0
301797030 0 0
301797029 9 4
301797028 18 1
301797027 14 0
301797026 8 19
301797025 0 0
301797024 8 0
301797023 18 11
301797022 5 0
301797021 2 0
301797020 0 0
301797019 2 19
301797018 15 1
301797017 51 0
301797016 30 9
301797015 4 46
301797014 17 0
301797013 1 16
301797012 5 1
301797011 9 1
301797010 8 13
301797009 0 0
301797008 0 0
301797007 0 0
301797006 4 0
301797005 12 2
301797004 7 1
301797002 4 0
301797001 0 0
301797000 13 21
301796999 7 41
301796998 11 0
301796996 3 0
301796993 0 0
301796992 0 0
301796991 11 1
301796990 16 1
301796989 0 0
301796988 0 0
301796987 5 0
301796986 17 3
301796985 5 0
301796984 14 1
301796983 1 0
301796982 0 4
301796981 14 0
301796980 22 0
301796979 8 0
301796978 7 17
301796977 0 0
301796976 8 0
301796975 0 0
301796973 12 1
301796971 14 3
301796970 5 2
301796969 9 0
301796968 6 2
301796967 0 0
301796966 0 0
301796964 0 0
301796963 14 13
301796962 1 0
301796961 14 0
301796960 8 0
301796959 6 1
301796957 8 0
301796956 19 0
301796955 2 15
301796954 15 1
301796953 6 2
301796952 6 0
301796949 4 0
301796946 15 2
301796945 2 0
301796944 5 0
301796943 2 1
301796941 0 0
301796940 14 0
301796938 18 3
301796937 13 13
301796936 0 0
301796935 9 0
301796934 2 1
301796933 0 0
301796932 46 0
301796931 11 1
301796930 0 0
301796929 0 0
301796928 0 0
301796927 2 1
301796925 31 0
301796924 3 1
301796923 16 0
301796922 12 2
301796921 6 1
301796920 6 1
301796919 12 2
301796918 8 24
301796917 0 0
301796916 0 0
301796915 5 1
301796914 20 1
301796912 0 2
301796911 8 1
301796910 8 2
301796909 1 1
301796908 1 3
301796906 2 1
301796904 19 5
301796902 0 1
301796901 4 0
301796900 0 1
301796897 3 14
301796895 9 1
301796894 5 0
301796891 2 0
301796888 9 19
301796886 7 0
301796885 6 20
301796884 27 8
301796882 2 0
301796881 5 2
301796880 420 6
301796878 11 1
301796877 0 0
301796876 0 0
301796873 8 20
301796871 31 7
301796869 20 0
301796867 15 2
301796866 17 0
301796865 8 0
301796862 4 51
301796861 3 1
301796859 20 1
301796856 2 1
301796855 0 0
301796854 19 9
301796851 10 1
301796850 12 2
301796849 2 0
301796848 1 0
301796847 0 0
301796846 15 3
301796845 3 18
301796844 1239 43
301796842 8 2
301796841 21 0
301796840 1 0
301796838 0 0
301796836 17 5
301796835 17 3
301796834 3 80
301796833 10 2
301796832 11 2
301796831 18 3
301796829 4 1
301796828 19 5
301796827 2 8
301796826 19 1
301796825 5 0
301796824 6 7
301796823 22 1
301796821 0 0
301796820 11 2
301796819 2 2
301796818 0 2
301796817 4 1
301796816 0 0
301796815 1 3
301796811 10 2
301796810 0 0
301796809 1 0
301796808 15 0
301796807 3 0
301796806 8 0
301796802 230 27
301796801 8 2
301796800 3 0
301796799 9 1
301796798 1 0
301796797 1 1
301796796 36 0
301796795 2 1
301796794 0 0
301796793 0 0
301796792 5 0
301796789 0 0
301796788 0 0
301796787 5 2
301796786 3 0
301796785 6 25
301796784 14 5
301796783 3 0
301796782 7 0
301796781 8 2
301796780 0 0
301796779 6 2
301796778 0 5
301796777 0 0
301796776 19 1
301796775 26 0
301796774 17 0
301796773 0 0
301796772 4 20
301796771 4 2
301796770 5 0
301796769 0 2
301796767 0 0
301796766 15 1
301796765 2 2
301796764 13 0
301796762 27 0
301796761 3 3
301796760 6 7
301796759 6 49
301796757 2 3
301796756 10 0
301796755 10 0
301796754 2 0
301796752 2 2
301796751 13 6
301796750 1 5
301796749 2 0
301796748 10 1
301796747 6 0
301796746 0 0
301796744 12 18
301796743 13 0
301796742 17 0
301796741 4 0
301796740 1 1
301796739 7 0
301796738 17 0
301796737 13 0
301796736 19 0
301796735 5 2
301796733 5 1
301796732 16 3
301796731 16 0
301796730 381 6
301796729 15 1
301796728 10 2
301796727 10 0
301796726 103 32
301796724 10 1
301796723 8 0
301796721 0 0
301796719 10 1
301796718 0 0
301796717 4 0
301796716 92 3
301796715 10 0
301796714 3 0
301796713 16 0
301796712 12 0
301796711 9 0
301796710 0 0
301796709 186 15
301796708 8 1
301796707 9 0
301796706 2 6
301796704 5 0
301796703 13 0
301796702 21 1
301796701 2 13
301796700 10 1
301796699 11 1
301796698 5 0
301796697 19 1
301796696 9 0
301796691 5 1
301796690 15 0
301796689 0 0
301796688 14 0
301796687 1 0
301796686 2 0
301796685 11 0
301796684 19 0
301796683 4 0
301796682 3 0
301796681 7 0
301796680 5 0
301796679 6 0
301796678 1 0
301796677 2 6
301796675 6 0
301796674 8 62
301796673 0 2
301796672 1 2
301796671 310 7
301796669 2 0
301796668 23 1
301796667 11 1
301796666 24 0
301796665 13 0
301796664 15 0
301796663 3 0
301796661 0 0
301796660 19 0
301796659 10 0
301796658 1 0
301796657 1 0
301796656 10 0
301796655 12 1
301796654 9 0
301796653 8 0
301796652 1 0
301796651 6 1
301796650 9 0
301796649 6 0
301796648 1 0
301796647 10 0
301796645 9 0
301796644 6 1
301796643 2 16
301796642 4 0
301796641 8 1
301796639 9 0
301796638 0 0
301796637 19 0
301796636 13 0
301796635 5 0
301796634 15 13
301796633 12 0
301796632 16 8
301796631 22 1
301796630 2 0
301796629 18 0
301796628 11 1
301796627 13 1
301796626 10 0
301796625 6 0
301796623 28 0
301796622 1 0
301796621 0 0
301796619 18 1
301796618 4 0
301796617 11 0
301796616 16 1
301796615 14 0
301796614 1 0
301796613 26 0
301796611 6 1
301796610 18 1
301796609 12 1
301796607 0 1
301796606 7 0
301796605 13 1
301796604 0 1
301796603 5 0
301796602 1 0
301796601 1 0
301796599 1 0
301796598 3 0
301796597 4 0
301796596 1 0
301796593 650 85
301796592 0 1
301796591 8 1
301796590 9 3
301796589 5 0
301796588 3 0
301796587 0 0
301796586 6 0
301796585 0 0
301796584 3 9
301796583 5 0
301796582 0 0
301796581 19 1
301796579 1 0
301796578 3 0
301796577 7 0
301796576 1 0
301796575 16 0
301796574 0 0
301796573 3 0
301796572 7 0
301796571 4 0
301796570 6 0
301796569 13 0
301796568 0 0
301796567 0 0
301796565 0 0
301796564 16 3
301796563 24 2
301796562 6 0
301796561 0 0
301796560 5 1
301796559 8 0
301796557 13 0
301796556 2 0
301796555 10 0
301796554 11 0
301796553 17 0
301796552 6 1
301796551 0 0
301796550 3 0
301796548 1 2
301796547 3 1
301796546 477 21
301796544 1 0
301796543 0 1
301796542 17 0
301796541 4 0
301796540 8 0
301796539 8 0
301796538 0 4
301796537 9 1
301796536 1 4
301796535 16 12
301796534 0 0
301796532 3 24
301796531 5 0
301796530 3 2
301796529 0 0
301796528 0 0
301796527 2 2
301796526 11 1
301796525 13 0
301796524 6 1
301796523 4 0
301796522 4 0
301796521 6 0
301796519 4 1
301796518 0 1
301796516 8 0
301796515 3 7
301796514 361 3
301796513 2 0
301796512 19 0
301796511 1 0
301796510 11 0
301796509 9 0
301796508 0 0
301796507 1 0
301796506 0 1
301796505 6 1
301796504 3 1
301796503 1 1
301796501 7 1
301796500 0 6
301796499 0 1
301796498 0 6
301796497 7 1
301796496 12 1
301796495 0 17
301796494 0 1
301796493 5 1
301796492 10 1
301796491 9 1
301796490 6 1
301796489 1 2
301796488 217 25
301796487 6 2
301796486 15 1
301796484 6 1
301796483 0 1
301796482 0 1
301796481 6 1
301796480 9 1
301796479 7 11
301796478 0 2
301796476 17 3
301796475 1 23
301796474 0 1
301796473 14 1
301796472 10 2
301796471 5 1
301796469 4 1
301796468 5 2
301796467 16 1
301796466 16 0
301796465 10 1
301796464 297 3
301796463 11 1
301796462 7 3
301796461 11 0
301796460 4 0
301796459 0 0
301796458 15 0
301796457 12 0
301796456 14 6
301796455 3 0
301796454 11 0
301796453 5 1
301796451 18 1
301796450 0 1
301796449 11 1
301796448 17 5
301796447 6 2
301796445 13 1
301796444 6 3
301796442 390 9
301796441 2 1
301796440 5 1
301796438 1 1
301796437 3 13
301796436 12 2
301796435 7 2
301796434 5 1
301796433 0 1
301796432 0 0
301796431 8 0
301796430 12 1
301796429 8 3
301796428 10 2
301796426 7 1
301796425 4 0
301796424 4 1
301796423 12 3
301796422 0 0
301796420 3 12
301796418 193 13
301796417 6 1
301796416 3 0
301796415 5 1
301796414 0 0
301796413 0 0
301796412 9 2
301796411 3 0
301796410 0 0
301796409 0 0
301796408 5 10
301796407 0 0
301796406 9 0
301796405 5 0
301796404 0 0
301796403 23 1
301796402 15 0
301796401 3 10
301796400 2 7
301796399 11 2
301796398 13 0
301796396 2 12
301796395 2 0
301796394 0 0
301796393 10 4
301796392 19 1
301796390 9 1
301796388 0 3
301796387 4 1
301796385 10 4
301796384 2 0
301796383 3 1
301796381 13 4
301796380 13 11
301796379 3 1
301796378 1 0
301796377 21 0
301796376 9 0
301796374 15 0
301796373 2 0
301796372 8 0
301796371 7 0
301796370 7 0
301796369 15 4
301796368 3 2
301796366 9 3
301796365 4 1
301796364 10 2
301796363 9 2
301796362 0 0
301796361 10 0
301796360 0 0
301796358 11 2
301796357 11 0
301796356 2 1
301796354 1 0
301796353 3 3
301796352 43 15
301796351 0 0
301796349 13 0
301796348 12 0
301796347 5 21
301796346 2 1
301796345 26 1
301796344 0 0
301796342 8 1
301796341 2 1
301796338 9 1
301796337 17 9
301796336 8 11
301796335 11 0
301796334 12 0
301796333 8 4
301796332 10 0
301796331 15 3
301796330 5 1
301796329 0 0
301796327 17 2
301796326 23 2
301796325 0 0
301796324 329 16
301796323 1 0
301796322 7 1
301796321 6 1
301796320 10 0
301796319 4 0
301796318 0 0
301796316 12 1
301796315 1 0
301796313 8 0
301796312 7 1
301796311 0 0
301796310 29 46
301796308 2 0
301796307 7 13
301796306 10 0
301796305 3 20
301796304 22 0
301796303 13 1
301796302 2 0
301796301 1 0
301796299 18 2
301796298 11 15
301796297 4 0
301796296 0 0
301796295 9 0
301796294 3 0
301796293 4 1
301796292 12 0
301796291 0 0
301796290 15 0
301796289 5 0
301796288 0 0
301796287 12 0
301796285 22 17
301796284 12 0
301796283 4 0
301796282 1 0
301796280 11 0
301796279 8 1
301796278 9 0
301796277 14 0
301796275 0 0
301796274 8 0
301796272 2 23
301796270 0 0
301796269 477 11
301796268 14 1
301796267 10 2
301796266 1 0
301796265 10 0
301796264 8 0
301796263 442 5
301796262 2 0
301796261 1 1
301796260 10 1
301796259 11 0
301796258 254 31
301796257 12 0
301796256 1 0
301796255 9 1
301796254 0 0
301796253 15 0
301796252 0 0
301796251 5 1
301796250 1 0
301796249 1 0
301796248 1 2
301796247 2 0
301796246 758 8
301796245 15 1
301796244 3 27
301796243 2 0
301796242 1 0
301796241 2 0
301796240 6 2
301796239 1 0
301796238 2 2
301796237 0 0
301796235 5 39
301796234 1 0
301796233 13 3
301796232 6 5
301796231 10 0
301796230 10 0
301796229 3 38
301796228 1124 5
301796227 1 0
301796226 7 1
301796225 0 0
301796224 9 34
301796223 2 0
301796222 2 0
301796221 12 0
301796220 3 0
301796218 4 0
301796217 7 8
301796216 0 0
301796215 2 0
301796214 17 2
301796213 13 0
301796211 6 0
301796210 1 0
301796208 0 0
301796207 8 0
301796206 2 0
301796205 217 3
301796204 0 0
301796203 7 0
301796201 14 4
301796200 9 2
301796199 283 40
301796198 14 0
301796197 0 0
301796196 13 1
301796195 12 0
301796194 0 0
301796193 13 4
301796192 10 0
301796191 8 2
301796190 0 0
301796189 10 0
301796188 511 7
301796187 1 0
301796186 15 3
301796185 0 0
301796184 13 0
301796183 2 16
301796182 3 0
301796181 9 3
301796180 1 0
301796179 2 0
301796178 7 0
301796177 2 0
301796176 2 0
301796175 9 1
301796174 11 0
301796173 8 0
301796172 1 0
301796171 16 0
301796170 13 0
301796169 2 0
301796167 4 0
301796166 15 0
301796165 10 0
301796164 13 7
301796163 9 0
301796162 8 2
301796160 9 0
301796159 1 0
301796158 4 0
301796157 8 0
301796156 1 0
301796155 14 0
301796154 15 2
301796153 622 19
301796152 3 1
301796151 14 0
301796150 15 1
301796149 6 6
301796148 1 0
301796147 10 0
301796146 17 1
301796145 5 0
301796144 10 0
301796143 11 0
301796142 0 0
301796141 8 0
301796140 8 0
301796139 3 0
301796138 1 0
301796137 360 5
301796134 15 0
301796132 8 4
301796131 10 1
301796130 10 0
301796129 11 1
301796128 2 0
301796127 1 0
301796126 10 1
301796125 2 0
301796124 2 0
301796123 1 0
301796122 10 0
301796121 6 0
301796120 0 0
301796119 3 6
301796118 6 0
301796117 3 2
301796116 0 0
301796115 11 0
301796114 0 0
301796113 7 0
301796112 10 0
301796111 3 0
301796110 11 0
301796109 7 8
301796108 238 3
301796107 1 0
301796106 5 0
301796105 8 2
301796104 8 0
301796102 1 0
301796101 9 0
301796100 0 0
301796099 2 0
301796098 678 5
301796097 11 0
301796096 2 0
301796095 12 0
301796094 7 1
301796093 6 4
301796092 5 14
301796091 2 2
301796090 3 0
301796088 12 0
301796087 1 0
301796086 12 3
301796085 7 0
301796084 11 1
301796083 5 2
301796082 11 0
301796081 0 0
301796079 7 1
301796077 3 1
301796076 4 1
301796075 10 0
301796074 1 0
301796073 0 0
301796072 9 0
301796071 1 0
301796070 8 0
301796069 15 5
301796068 2 4
301796067 5 2
301796066 0 0
301796064 19 0
301796063 23 0
301796062 8 0
301796060 0 0
301796059 7 0
301796058 2 0
301796057 1 0
301796056 15 3
301796055 2 0
301796054 0 0
301796053 6 1
301796052 15 8
301796051 13 14
301796050 4 1
301796048 23 0
301796047 14 0
301796046 10 0
301796045 0 0
301796044 1 0
301796043 15 2
301796042 8 0
301796041 444 3
301796040 8 0
301796039 15 0
301796038 11 1
301796037 3 0
301796035 4 1
301796034 2 0
301796033 12 2
301796031 2 1
301796030 0 1
301796029 11 0
301796028 10 0
301796026 14 0
301796025 11 0
301796024 1 0
301796023 1 2
301796022 3 0
301796021 8 1
301796020 3 0
301796019 4 1
301796018 5 0
301796017 8 0
301796016 1 0
301796015 3 0
301796014 0 0
301796013 13 0
301796012 0 1
301796011 2 8
301796009 12 0
301796008 1 0
301796007 16 1
301796006 4 0
301796005 3 0
301796004 0 26
301796003 6 1
301796001 4 0
301796000 10 0
301795999 7 1
301795997 0 1
301795995 0 1
301795994 4 1
301795992 7 2
301795991 4 1
301795989 355 10
301795988 0 1
301795987 367 4
301795986 8 2
301795985 0 0
301795984 2 0
301795983 10 1
301795982 9 0
301795981 1 1
301795980 19 1
301795979 1 1
301795978 9 2
301795977 1 2
301795976 14 1
301795974 4 2
301795973 5 44
301795972 5 2
301795971 6 0
301795970 3 1
301795969 2 1
301795968 6 3
301795967 530 73
301795966 1 1
301795965 7 0
301795964 464 5
301795963 12 3
301795962 0 0
301795961 1 1
301795960 3 1
301795959 5 1
301795958 4 0
301795956 0 0
301795954 4 0
301795953 3 3
301795952 4 0
301795950 5 1
301795949 2 3
301795948 26 1
301795947 9 0
301795946 7 1
301795945 6 0
301795944 0 2
301795943 8 1
301795942 0 0
301795941 0 31
301795940 6 1
301795939 5 0
301795938 9 0
301795937 3 0
301795936 3 2
301795935 6 2
301795933 9 0
301795932 5 1
301795931 0 2
301795930 0 1
301795929 602 10
301795928 3 0
301795927 6 0
301795926 5 0
301795925 5 0
301795923 5 0
301795922 2 0
301795921 7 1
301795920 2 0
301795919 5 0
301795918 3 0
301795917 5 0
301795915 10 0
301795914 3 0
301795913 4 1
301795912 3 1
301795911 1 0
301795910 0 1
301795909 7 1
301795908 3 0
301795907 516 21
301795905 8 0
301795904 14 0
301795903 0 0
301795902 2 0
301795901 0 1
301795900 16 0
301795899 11 0
301795898 1 7
301795897 402 3
301795896 4 0
301795894 1 50
301795893 4 15
301795892 8 2
301795891 7 0
301795890 11 22
301795889 5 3
301795888 5 1
301795887 12 3
301795885 3 1
301795884 4 0
301795883 1 14
301795882 19 1
301795881 6 0
301795880 2 5
301795879 5 0
301795877 2 13
301795876 1 0
301795875 6 13
301795873 10 1
301795872 5 1
301795871 706 11
301795870 3 14
301795868 2 0
301795867 2 0
301795866 6 0
301795865 3 0
301795864 6 0
301795863 9 0
301795862 10 0
301795861 7 0
301795860 11 4
301795859 2 0
301795858 9 0
301795857 3 0
301795856 1 0
301795855 3 0
301795854 9 0
301795853 5 14
301795852 3 0
301795851 5 0
301795850 27 0
301795849 8 0
301795848 1 0
301795846 683 8
301795845 8 0
301795844 2 0
301795843 2 0
301795841 6 1
301795840 8 2
301795839 13 0
301795838 9 0
301795837 0 0
301795835 1 0
301795834 0 0
301795832 17 2
301795831 622 11
301795830 0 1
301795829 17 0
301795828 3 1
301795827 9 1
301795826 4 4
301795824 424 5
301795823 5 2
301795822 3 0
301795821 12 0
301795820 10 0
301795819 5 2
301795818 251 5
301795817 298 2
301795816 14 0
301795815 5 1
301795814 9 1
301795812 823 10
301795810 2 6
301795809 18 0
301795808 12 0
301795807 884 5
301795806 17 0
301795805 2 0
301795804 1 0
301795803 2 4
301795802 737 8
301795801 4 10
301795800 0 0
301795799 0 0
301795798 1 0
301795797 6 2
301795796 9 0
301795795 9 0
301795794 0 0
301795793 7 0
301795792 9 0
301795791 5 1
301795790 625 4
301795789 4287 945
301795788 2 3
301795787 0 0
301795786 3 1
301795785 2 5
301795783 9 1
301795782 1 1
301795781 11 0
301795780 4 0
301795779 3 0
301795778 29 0
301795777 845 3
301795776 2 0
301795775 3897 873
301795774 721 94
301795772 3 0
301795771 940 11
301795770 1645 63
301795769 6 1
301795768 10 0
301795767 10 2
301795766 3 5
301795765 6 2
301795764 3 1
301795763 2 8
301795762 2 0
301795760 6 2
301795759 14 0
301795758 1 3
301795757 18 0
301795755 3 1
301795754 0 0
301795753 0 0
301795752 4 0
301795751 10 1
301795750 6 2
301795749 3 1
301795748 6 9
301795747 18 0
301795746 12 1
301795745 6 0
301795744 6 2
301795743 1 0
301795741 20 0
301795740 2 6
301795739 7 7
301795738 8 0
301795737 10 0
301795736 979 13
301795735 0 11
301795734 6 1
301795733 0 1
301795732 3 0
301795731 1 0
301795730 11 0
301795729 5 7
301795728 8 3
301795727 5 0
301795726 16 0
301795725 13 0
301795724 0 8
301795723 2 10
301795722 1 5
301795721 4 1
301795720 556 4
301795719 3 1
301795718 0 0
301795717 1 2
301795714 9 0
301795713 9 1
301795712 0 0
301795711 7 1
301795710 2 1
301795709 0 0
301795708 2 2
301795707 14 0
301795706 0 0
301795705 0 0
301795704 5 0
301795703 4 1
301795702 2 0
301795701 528 7
301795700 6 2
301795699 3 6
301795698 2 2
301795697 1 1
301795696 0 24
301795695 0 0
301795694 10 0
301795693 14 0
301795692 0 0
301795691 4 0
301795690 3 7
301795689 8 4
301795687 13 0
301795686 2 2
301795684 3 11
301795683 2 1
301795682 2 1
301795681 0 0
301795680 5 1
301795679 12 0
301795678 3 0
301795677 0 0
301795675 4 1
301795674 7 1
301795673 1 1
301795672 1394 10
301795671 0 3
301795670 10 0
301795669 13 0
301795668 11 0
301795667 4 1
301795666 1138 5
301795665 10 1
301795664 9 0
301795663 2 5
301795662 13 0
301795661 8 0
301795660 0 0
301795659 4 1
301795658 12 0
301795657 3 1
301795656 8 0
301795655 1 1
301795654 5 0
301795653 1 1
301795652 2 1
301795651 0 0
301795650 1 1
301795649 2 1
301795648 2 1
301795647 0 1
301795646 6 1
301795645 17 0
301795644 1 0
301795643 4 0
301795642 9 0
301795641 1 1
301795640 0 12
301795639 3 1
301795638 543 4
301795636 3 1
301795635 0 0
301795634 0 0
301795633 2 6
301795632 1 1
301795631 7 1
301795630 16 0
301795629 5 0
301795628 0 0
301795627 1 1
301795625 8 0
301795624 18 8
301795623 5 0
301795622 0 0
301795621 10 0
301795620 11 0
301795619 3 0
301795618 4 1
301795617 393 7
301795616 3 0
301795615 0 0
301795613 0 0
301795612 3 1
301795611 420 3
301795610 10 1
301795609 2 2
301795608 6 0
301795607 4 0
301795606 5 1
301795605 659 4
301795604 4 1
301795603 1053 9
301795602 9 0
301795601 0 0
301795600 1 0
301795599 483 4
301795596 2 1
301795595 11 0
301795594 9 0
301795593 0 0
301795592 8 0
301795591 12 1
301795590 4 0
301795589 1 1
301795588 6 2
301795587 6 0
301795586 0 0
301795585 7 0
301795584 7 0
301795583 5 0
301795581 11 1
301795580 10 3
301795578 1 0
301795577 1 0
301795576 12 0
301795575 677 12
301795574 618 6
301795573 0 0
301795572 4 0
301795571 2 2
301795570 4 0
301795569 1 0
301795568 19 0
301795567 5 0
301795566 5 0
301795565 9 0
301795564 3 2
301795563 3 0
301795562 1 0
301795561 6 0
301795560 4 2
301795559 6 0
301795558 5 0
301795557 6 1
301795556 7 0
301795555 14 0
301795554 0 1
301795553 12 0
301795552 4 14
301795551 7 0
301795550 9 0
301795549 5 0
301795548 1 0
301795547 4 1
301795546 3 0
301795545 6 0
301795544 6 1
301795543 6 1
301795542 3 0
301795541 2 0
301795540 12 0
301795539 0 0
301795538 10 0
301795537 9 1
301795536 0 1
301795535 2 1
301795534 11 0
301795533 5 0
301795531 2 0
301795530 3 19
301795528 8 1
301795527 6 1
301795526 6 0
301795525 6 0
301795524 7 0
301795523 3 1
301795522 1 0
301795521 7 0
301795519 6 1
301795518 7 0
301795517 4 0
301795515 10 1
301795514 7 0
301795512 10 2
301795511 870 7
301795510 19 0
301795509 9 1
301795508 1 0
301795507 1 1
301795506 1559 6
301795505 5 0
301795504 1 0
301795503 4 0
301795502 2 6
301795501 3 12
301795499 0 0
301795498 2 1
301795497 9 1
301795496 0 0
301795495 5 0
301795494 0 0
301795493 0 1
301795492 1 1
301795491 0 0
301795490 9 1
301795489 7 0
301795488 4 1
301795487 4 6
301795486 3 1
301795485 0 0
301795484 4 0
301795483 1 0
301795482 2 0
301795481 6 2
301795480 2 0
301795479 2 0
301795478 0 0
301795477 0 1
301795476 9 0
301795475 3 0
301795474 0 0
301795473 10 0
301795472 8 0
301795471 11 0
301795470 1 9
301795469 3 1
301795468 3 4
301795466 8 0
301795465 6 0
301795464 12 0
301795463 5 0
301795462 1 0
301795461 5 0
301795460 5 0
301795459 3 0
301795458 3 11
301795457 1 2
301795456 8 0
301795455 5 0
301795454 16 0
301795453 4 0
301795452 10 0
301795451 0 0
301795450 0 0
301795449 0 0
301795448 7 1
301795447 9 0
301795446 9 2
301795445 9 2
301795444 0 0
301795443 0 0
301795442 4 0
301795441 7 0
301795440 13 1
301795439 792 4
301795438 2 2
301795436 5 0
301795434 6 0
301795433 3 0
301795432 421 3
301795430 0 0
301795429 5 0
301795428 4 0
301795427 4 0
301795426 9 1
301795425 9 1
301795424 860 9
301795423 0 0
301795422 4 0
301795421 0 0
301795420 5 2
301795419 9 0
301795418 5 0
301795417 4 2
301795416 553 4
301795415 10 4
301795414 1 1
301795413 4 1
301795411 0 0
301795410 2 1
301795409 7 0
301795408 9 4
301795407 0 0
301795406 0 0
301795405 5 0
301795404 1181 10
301795403 12 1
301795402 531 3
301795401 5 0
301795400 1 0
301795399 3 5
301795398 9 1
301795397 6 0
301795396 5 2
301795395 0 0
301795394 11 0
301795393 0 0
301795392 0 1
301795391 5 0
301795390 8 2
301795387 2 0
301795386 1 0
301795385 9 0
301795384 6 0
301795383 2 0
301795382 3 2
301795381 0 3
301795380 8 0
301795379 1 0
301795378 8 1
301795377 0 13
301795376 7 0
301795375 2 0
301795374 1 0
301795373 9 0
301795372 4 0
301795371 16 0
301795370 2 0
301795369 6 2
301795368 8 1
301795367 3 0
301795366 0 0
301795365 7 0
301795364 3 0
301795363 7 1
301795362 11 0
301795361 5 1
301795360 1 1
301795359 0 3
301795358 0 4
301795357 0 0
301795356 2 0
301795355 1 0
301795354 7 0
301795353 0 0
301795350 0 0
301795349 9 1
301795348 8 0
301795347 3 0
301795346 8 0
301795345 0 0
301795344 3 1
301795342 1 1
301795341 0 0
301795339 5 1
301795338 0 0
301795336 0 1
301795335 1 17
301795334 1 0
301795333 878 10
301795331 7 1
301795330 0 1
301795328 526 3
301795327 0 0
301795326 2 0
301795325 5 0
301795324 11 2
301795323 8 0
301795322 0 1
301795321 7 2
301795320 7 1
301795319 13 0
301795318 9 0
301795317 8 0
301795316 1 0
301795315 0 0
301795314 9 1
301795313 3 0
301795312 3 2
301795311 649 3
301795310 6 0
301795309 7 0
301795308 1 1
301795307 4 0
301795306 1 0
301795305 0 0
301795304 7 0
301795303 5 1
301795302 751 7
301795301 1432 10
301795299 5 1
301795298 16 0
301795297 2 6
301795296 11 0
301795295 4 0
301795294 0 0
301795293 4 0
301795292 6 1
301795291 1 0
301795290 1 1
301795289 10 0
301795288 2 0
301795287 8 0
301795286 3 1
301795285 0 0
301795284 9 0
301795283 5 0
301795282 9 0
301795280 6 2
301795279 8 0
301795278 12 7
301795277 6 1
301795276 0 0
301795275 7 1
301795273 10 0
301795272 0 0
301795271 0 0
301795270 0 0
301795267 6 0
301795266 0 0
301795265 4 0
301795264 4 0
301795262 413 2
301795261 0 0
301795260 11 0
301795259 2 1
301795257 2 1
301795256 0 0
301795255 10 0
301795254 6 0
301795253 0 0
301795252 8 1
301795251 8 0
301795250 2 0
301795249 0 1
301795248 3 1
301795247 8 0
301795246 6 0
301795245 0 1
301795244 1 0
301795243 0 0
301795242 9 1
301795241 896 11
301795240 2 0
301795239 4 0
301795238 2 3
301795237 0 0
301795236 1589 23
301795235 10 2
301795234 7 1
301795233 0 2
301795232 2 2
301795231 0 0
301795229 0 1
301795228 4 0
301795226 0 2
301795225 8 0
301795224 6 1
301795223 2 0
301795222 1 1
301795221 588 11
301795220 2 1
301795219 0 0
301795218 2 0
301795217 0 0
301795216 0 0
301795215 1 0
301795214 3 1
301795213 8 2
301795212 0 0
301795211 2 1
301795210 4 2
301795209 5 2
301795207 1 0
301795205 2 0
301795204 3 0
301795203 2 0
301795202 3 2
301795201 1 2
301795200 0 0
301795197 0 0
301795196 3 0
301795195 0 0
301795194 0 0
301795193 8 0
301795191 0 0
301795190 1476 11
301795189 2 0
301795188 10 0
301795187 7 0
301795186 0 0
301795185 8 2
301795184 611 7
301795182 10 0
301795181 2 0
301795180 0 0
301795179 10 0
301795178 0 0
301795177 6 0
301795176 6 0
301795175 0 14
301795174 6 2
301795173 3 0
301795172 0 0
301795171 4 0
301795168 1 1
301795167 9 1
301795166 8 5
301795165 4 1
301795164 0 0
301795162 2 0
301795160 2 1
301795159 5 2
301795158 0 0
301795157 8 0
301795156 0 0
301795155 552 27
301795154 9 1
301795153 1 0
301795152 0 1
301795151 1 1
301795149 31 11
301795148 7 1
301795147 7 1
301795146 1 1
301795145 0 0
301795144 1 0
301795143 0 1
301795142 1 0
301795141 4 0
301795140 1 0
301795139 4 1
301795138 0 0
301795137 8 0
301795136 0 3
301795135 2 1
301795134 9 3
301795133 2 1
301795132 0 0
301795131 820 8
301795130 921 6
301795128 0 0
301795127 6 1
301795126 2 0
301795125 2 0
301795123 4 0
301795122 9 1
301795121 5 1
301795120 2 1
301795119 7 0
301795118 984 7
301795117 3 1
301795115 5 1
301795114 6 0
301795113 7 0
301795112 0 0
301795111 1 0
301795110 8 1
301795109 0 0
301795108 0 0
301795107 6 0
301795106 1 0
301795105 3 0
301795104 16 0
301795103 0 0
301795102 11 1
301795101 0 0
301795100 9 0
301795099 6 0
301795098 10 1
301795097 0 0
301795096 7 1
301795095 2 1
301795093 7 0
301795092 1 0
301795091 9 0
301795090 8 0
301795089 0 0
301795088 2 1
301795087 6806 393
301795086 4 1
301795085 0 0
301795084 0 0
301795083 0 0
301795081 9 1
301795080 792 35
301795079 2 0
301795078 0 0
301795077 1 1
301795076 1 0
301795075 7 1
301795074 6 1
301795073 0 1
301795072 9 0
301795071 4 0
301795070 3 0
301795069 1112 43
301795068 0 0
301795067 6 0
301795066 1 0
301795065 2 1
301795064 6 2
301795063 3 0
301795062 0 0
301795061 2189 149
301795060 9 0
301795059 5 0
301795058 2 0
301795057 0 0
301795056 0 0
301795055 6 0
301795054 3 1
301795053 0 0
301795051 7 0
301795050 3 0
301795049 9 3
301795048 2 0
301795047 1 0
301795046 11 0
301795045 2 1
301795044 0 0
301795042 0 0
301795041 4 2
301795040 12 1
301795039 3 7
301795038 2 1
301795036 7 1
301795035 4 2
301795034 5 0
301795033 10 1
301795031 1 0
301795030 6 0
301795029 3 5
301795027 4 1
301795026 0 0
301795025 4 0
301795024 2 0
301795023 1 0
301795022 4 2
301795021 4 0
301795020 1330 11
301795019 1401 6
301795018 3 0
301795017 1 0
301795016 1 0
301795014 0 6
301795013 6 1
301795012 4 1
301795011 1 0
301795010 9 0
301795009 1 0
301795008 1 0
301795007 2 0
301795006 1 0
301795005 2 1
301795004 1 3
301795003 0 1
301795002 7 0
301795001 2 1
301795000 0 0
301794998 7 1
301794996 7 0
301794995 0 1
301794994 0 0
301794993 10 0
301794992 1 0
301794991 6 1
301794990 0 0
301794989 2 1
301794988 5 0
301794986 3 2
301794984 4 2
301794983 0 0
301794982 4 0
301794981 11 0
301794980 1 0
301794979 4 8
301794978 2 0
301794977 2 0
301794976 3 1
301794975 7 0
301794974 1 0
301794973 354 3
301794972 0 0
301794970 3 0
301794969 2 0
301794968 3 0
301794967 1087 6
301794966 0 0
301794965 3 1
301794963 10 2
301794962 9 1
301794961 0 1
301794960 2498 90
301794959 0 0
301794957 1 1
301794956 2 0
301794955 0 0
301794954 4 0
301794953 2 0
301794952 3 1
301794951 1 4
301794950 4 0
301794949 5 1
301794948 6 1
301794947 5 0
301794946 0 0
301794945 10 0
301794943 7 1
301794942 1 0
301794941 6 1
301794939 0 1
301794938 0 0
301794937 0 0
301794936 4 1
301794934 4 4
301794933 0 0
301794932 1 1
301794931 7 1
301794930 0 0
301794929 1 1
301794928 13 3
301794927 5 0
301794925 4 0
301794924 0 1
301794923 0 0
301794922 1 0
301794921 0 0
301794920 2 0
301794918 6 0
301794917 0 0
301794916 6 1
301794915 6 0
301794914 1 0
301794913 1 0
301794912 0 0
301794911 4 0
301794910 10 2
301794909 1 1
301794907 2 0
301794906 8 0
301794905 773 3
301794904 0 2
301794903 2 0
301794902 2 0
301794899 9 0
301794898 0 0
301794897 5 0
301794896 7 0
301794895 3 2
301794894 1 2
301794893 7 0
301794892 3 0
301794891 3 0
301794890 5 2
301794889 1 1
301794888 1 0
301794887 0 1
301794886 1 0
301794884 4 0
301794883 0 2
301794882 0 0
301794881 3 0
301794880 6 0
301794879 4 0
301794878 11 1
301794877 6 3
301794876 2 0
301794875 1 0
301794874 0 0
301794872 6 0
301794871 0 1
301794870 0 0
301794869 2 0
301794868 1193 25
301794866 11 1
301794865 0 0
301794864 8 1
301794863 3 2
301794862 2 0
301794861 0 0
301794860 4 0
301794859 0 0
301794858 1 0
301794857 5 3
301794856 2 0
301794855 0 0
301794854 7 1
301794853 11 2
301794852 7 0
301794851 9 1
301794850 1 0
301794849 2 0
301794848 2 0
301794847 5 3
301794846 1 0
301794845 1 1
301794844 8 1
301794843 3 0
301794842 2 5
301794840 4 0
301794839 0 0
301794838 0 0
301794837 0 0
301794836 0 0
301794835 1 0
301794834 3 0
301794833 9 1
301794832 0 0
301794831 7 1
301794830 1 0
301794829 0 0
301794828 0 1
301794827 0 1
301794826 0 1
301794825 1 1
301794824 1 1
301794823 0 0
301794822 1 1
301794821 2 0
301794820 2 1
301794819 0 0
301794818 5 1
301794817 0 0
301794816 0 2
301794815 1 1
301794813 0 0
301794812 10 1
301794811 11 1
301794809 4 0
301794808 1669 10
301794807 2 0
301794804 2 0
301794803 4 0
301794802 4 2
301794801 0 0
301794800 3 0
301794799 2 0
301794798 1 0
301794797 1 0
301794796 1 0
301794795 2 0
301794794 3 2
301794793 9 5
301794792 2 1
301794791 10 0
301794790 1 0
301794788 1 0
301794787 2 0
301794786 0 0
301794785 4 0
301794784 8 1
301794783 5 0
301794782 0 0
301794781 1 0
301794780 4 1
301794779 9 0
301794778 4 0
301794777 2 0
301794776 0 0
301794775 2 0
301794774 4 0
301794772 554 5
301794771 0 0
301794770 0 0
301794769 6 0
301794768 5 0
301794767 0 0
301794766 0 0
301794765 0 0
301794764 10 0
301794763 0 0
301794761 3489 39
301794760 2 0
301794759 0 0
301794758 0 0
301794757 2 0
301794756 6 0
301794755 2 0
301794754 12 0
301794753 3 1
301794752 0 4
301794750 5 0
301794749 0 0
301794748 8 3
301794747 9 0
301794746 4 1
301794745 1 21
301794744 2 1
301794743 0 0
301794742 1 0
301794741 2 1
301794740 8 0
301794739 1 0
301794737 1 5
301794736 4 0
301794735 8 0
301794734 0 0
301794733 2 0
301794732 11 1
301794731 1 1
301794730 7 0
301794729 3 0
301794728 1 0
301794726 1 0
301794725 1 1
301794724 1 0
301794723 0 0
301794722 1 0
301794721 10 0
301794718 2 0
301794717 2 2
301794716 2886 75
301794715 0 0
301794714 1 0
301794713 1 0
301794712 7 3
301794711 6 0
301794710 4 0
301794709 2 11
301794708 1 0
301794707 2 0
301794706 6 1
301794705 0 1
301794704 4 1
301794703 0 1
301794702 4 0
301794701 3 0
301794699 0 2
301794698 0 0
301794697 2 1
301794696 1 2
301794695 2 0
301794693 3 1
301794692 6 0
301794691 2 2
301794690 4 0
301794689 0 0
301794688 0 0
301794687 0 0
301794686 0 1
301794685 7 1
301794684 0 0
301794683 0 0
301794682 4 3
301794681 5 0
301794680 0 0
301794679 1 0
301794678 10 0
301794677 0 0
301794675 2 0
301794674 0 3
301794673 1170 23
301794672 4 0
301794671 0 0
301794670 1 0
301794668 4 2
301794667 6 0
301794666 6 2
301794665 9177 111
301794664 2 0
301794663 2 0
301794661 4 0
301794660 1 1
301794659 2 0
301794658 3209 92
301794657 4 0
301794656 1 0
301794655 2 0
301794654 13 0
301794653 4 0
301794652 2 0
301794651 893 24
301794650 4 0
301794649 3 1
301794648 5 0
301794647 0 0
301794646 1 0
301794645 1 2
301794644 3 1
301794643 899 8
301794641 5 0
301794640 0 0
301794639 2 0
301794637 3 0
301794636 4135 90
301794635 5 0
301794634 1 0
301794633 3684 51
301794632 8 2
301794630 1 0
301794629 3 0
301794628 0 0
301794625 3 0
301794624 2 0
301794622 1 0
301794620 2 0
301794619 1 0
301794618 3 0
301794617 1 0
301794616 0 0
301794615 4 0
301794614 4 0
301794613 1 0
301794612 0 0
301794611 5 0
301794610 0 0
301794609 0 0
301794606 6 0
301794605 3 1
301794604 4 0
301794602 1 0
301794601 0 0
301794600 9 2
301794599 4 1
301794598 0 5
301794597 2042 31
301794596 0 1
301794595 4 1
301794594 2 0
301794593 0 0
301794592 4 5
301794591 3 1
301794590 1305 42
301794589 3 1
301794588 0 1
301794587 4 1
301794586 3 0
301794585 7 2
301794584 3 0
301794583 4 1
301794582 2 0
301794581 10 0
301794580 3 0
301794579 0 0
301794578 0 0
301794577 7 0
301794576 2 1
301794575 1 0
301794574 0 1
301794573 4 0
301794572 2 2
301794571 4 1
301794570 2 0
301794569 2 0
301794566 5 1
301794565 5 0
301794564 1 0
301794562 3 0
301794561 2 11
301794560 3 1
301794559 5 1
301794558 1 2
301794557 3 0
301794556 3 2
301794555 0 0
301794554 1203 15
301794553 0 10
301794552 9 0
301794551 9 9
301794550 2 2
301794549 0 1
301794548 8 2
301794547 8 0
301794546 8 0
301794545 2 0
301794544 7 0
301794543 3 1
301794542 1 0
301794541 7 0
301794540 4 1
301794539 3 2
301794538 1 0
301794537 0 0
301794536 4 0
301794535 7 1
301794534 4 2
301794533 1 0
301794532 0 0
301794531 5 0
301794530 1 3
301794529 0 0
301794528 1 0
301794527 0 0
301794526 0 0
301794525 2 2
301794524 10 1
301794523 4 0
301794521 932 40
301794520 8 1
301794519 5 0
301794518 0 1
301794517 0 0
301794516 1 1
301794514 3 0
301794513 10 1
301794512 3 0
301794511 1 2
301794509 1 0
301794508 6 2
301794507 2 0
301794506 2 1
301794505 0 0
301794504 4 3
301794503 0 0
301794502 1 0
301794501 6 1
301794500 2 0
301794499 0 0
301794498 0 0
301794497 3040 37
301794496 5 0
301794495 1 4
301794494 11 0
301794493 3 0
301794492 0 0
301794491 9 0
301794490 2 0
301794489 8 0
301794488 0 0
301794487 0 0
301794486 0 0
301794485 0 5
301794484 0 0
301794483 4 1
301794482 0 0
301794481 0 0
301794479 0 0
301794478 4 0
301794476 3 3
301794475 0 0
301794474 1 1
301794473 0 0
301794472 8 1
301794471 1 0
301794470 0 0
301794469 2 0
301794468 36 14
301794466 0 0
301794465 1 1
301794464 2 0
301794462 1 0
301794461 0 0
301794460 5 1
301794459 0 0
301794458 2 1
301794456 5 1
301794455 2380 44
301794454 2 0
301794453 1 1
301794452 0 0
301794451 6 0
301794450 0 0
301794449 0 0
301794448 0 0
301794447 0 4
301794445 1 2
301794444 2 0
301794443 6 1
301794442 3 0
301794441 0 1
301794440 10 1
301794439 1 0
301794438 0 4
301794437 4 0
301794436 3 0
301794435 0 0
301794434 5 0
301794433 11 0
301794432 2244 36
301794431 1 0
301794430 4 0
301794429 0 4
301794428 1 0
301794427 1 0
301794426 5 0
301794425 0 0
301794424 3 0
301794423 9 0
301794422 0 0
301794421 4 0
301794420 9 1
301794419 1 1
301794418 0 0
301794417 0 0
301794416 1 3
301794415 4 0
301794413 3 1
301794412 1 0
301794411 2 0
301794410 3 0
301794409 0 1
301794408 1 0
301794407 5 0
301794406 0 0
301794404 4 0
301794403 0 0
301794402 5 0
301794401 1 0
301794400 0 1
301794399 9 0
301794398 0 0
301794397 1 0
301794396 4 0
301794395 3 0
301794394 1 0
301794393 10 3
301794392 2 1
301794391 5 0
301794390 0 0
301794389 0 0
301794388 2 0
301794387 0 0
301794386 3 0
301794385 4 0
301794384 1 0
301794383 1 0
301794382 0 0
301794381 0 0
301794380 1 1
301794379 5 0
301794378 0 4
301794377 2 0
301794376 0 3
301794375 1 0
301794374 1 0
301794373 1 0
301794371 1 1
301794369 0 0
301794368 1 0
301794367 1 0
301794366 0 0
301794364 3 0
301794363 0 0
301794362 0 0
301794361 2 0
301794360 0 0
301794358 8 0
301794357 1 1
301794356 3 0
301794355 3 0
301794354 1 0
301794353 0 0
301794352 4 0
301794351 0 0
301794349 1 0
301794346 0 0
301794345 0 0
301794344 13 0
301794342 0 1
301794340 4 0
301794339 0 0
301794338 0 2
301794337 8 0
301794336 0 3
301794335 0 0
301794334 3 1
301794333 8 0
301794332 4 1
301794331 1 0
301794330 0 0
301794329 0 0
301794328 3 2
301794327 1 2
301794326 0 1
301794325 2 0
301794324 4 0
301794323 2 0
301794321 2 0
301794320 0 0
301794319 1 0
301794318 2 2
301794317 0 0
301794316 1 0
301794315 2 0
301794314 0 0
301794313 0 0
301794312 0 0
301794311 0 0
301794309 8 6
301794308 1 0
301794307 6 1
301794306 1 0
301794305 0 0
301794304 0 0
301794303 2 0
301794302 4 0
301794301 0 0
301794300 0 1
301794299 9 0
301794298 3 0
301794297 3 1
301794296 3 1
301794295 0 0
301794294 0 1
301794293 2 0
301794292 8 0
301794291 0 0
301794290 5 0
301794289 4 2
301794288 1 0
301794287 1 0
301794286 0 1
301794285 0 0
301794284 5 1
301794283 1 0
301794282 1 0
301794281 0 0
301794280 0 0
301794279 0 0
301794278 1 0
301794277 0 0
301794276 0 0
301794275 4 0
301794274 1 0
301794273 0 0
301794272 0 0
301794271 0 0
301794270 0 0
301794269 0 0
301794268 0 0
301794267 1 0
301794266 0 0
301794265 5 0
301794264 1 0
301794263 5 0
301794262 1 0
301794261 0 0
301794260 1 0
301794259 6 0
301794258 2 0
301794257 0 0
301794256 0 0
301794255 0 0
301794254 1 0
301794253 1 0
301794252 0 0
301794251 0 0
301794250 0 0
301794248 1 0
301794247 0 0
301794246 1 0
301794245 1 0
301794244 0 0
301794241 6 0
301794240 2 0
301794239 1 0
301794238 0 0
301794237 0 0
301794236 0 5
301794234 0 0
301794233 1 3
301794232 0 2
301794231 0 1
301794230 1 2
301794229 0 1
301794227 2 1
301794226 0 0
301794225 0 0
301794223 0 2
301794221 0 0
301794219 1 0
301794218 0 0
301794217 0 1
301794216 0 0
301794215 0 0
301794214 0 0
301794213 0 0
301794212 1 0
301794211 1 1
301794210 0 0
301794208 0 0
301794206 6 0
