303955059 0 0
303940857 0 0
303939339 0 0
303936694 0 0
303936656 0 0
303736607 3 4
303736516 0 0
303734717 0 0
303724924 4 0
303719792 0 0
303719727 1 0
303663314 2 0
303663290 0 0
303663265 1 0
303663258 3 0
303579431 1 0
303579428 0 0
303538366 0 0
303502848 0 0
303412283 0 0
303162428 15 1
303155991 1 0
303155985 0 0
303154260 8 0
303151892 4 0
303151137 0 0
303136788 0 0
303103761 0 0
303069605 1 0
303033169 5 0
303033157 5 1
302995962 0 0
302995198 1 0
302987535 1 0
302987451 0 0
302983259 0 0
302962800 1 0
302918354 4 0
302893228 9 0
302891070 0 0
302891054 5 0
302884011 7 2
302883995 1 0
302883982 3 0
302818940 2 0
302817666 13 2
302817341 0 1
302817340 4 0
302816528 8 1
302816520 15 2
302816493 16 0
302815328 1 18
302808279 0 3
302807636 2 0
302805109 4 3
302796817 0 0
302731279 0 0
302731272 1 1
302731176 0 0
302725039 3 1
302725012 2 2
302724319 0 0
302724311 0 1
302709182 3 0
302685697 0 0
302676360 2 2
302663356 8 0
302662891 3 11
302644932 0 1
302643684 8 10
302643060 41 0
302643046 12 1
302642621 12 0
302639383 0 0
302639382 0 0
302637841 2 2
302636128 1 3
302635364 3 1
302635358 6 0
302632982 0 0
302627314 6 0
302624243 0 0
302571386 0 0
302570747 8 0
302565862 6 1
302565667 10 0
302565300 10 1
302563942 2 4
302563926 1 1
302563283 20 0
302563268 3 2
302562979 0 0
302562110 36 4
302553275 2 0
302551148 19 5
302550649 5 0
302550634 1 0
302550620 0 0
302550599 0 0
302533519 0 1
302533518 0 0
302533517 3 0
302497696 0 9
302497535 2 1
302497425 0 4
302497360 5 1
302497275 3 1
302497183 2 14
302496853 0 0
302496665 6 7
302496611 3 0
302496394 2 6
302495255 1 0
302495221 0 0
302495072 5 0
302490997 0 1
302490754 3 2
302490563 1 0
302490478 1 0
302489092 1 5
302488925 4 0
302488614 35 0
302488004 3 11
302486932 15 1
302486797 0 0
302483487 10 0
302478707 0 0
302478704 4 2
302478110 18 2
302473778 1 1
302469495 7 5
302455898 3 0
302455212 12 1
302454921 4 0
302454269 7 6
302454021 7 2
302451651 16 1
302418427 2 3
302413201 4 1
302412889 2 0
302412700 7 0
302412687 4 0
302412682 1 0
302412656 0 0
302412630 1 2
302412497 1 1
302412289 21 1
302411938 3 2
302411574 5 1
302411426 1 0
302410862 14 0
302409098 4 1
302408851 27 5
302408815 15 0
302408808 20 1
302408795 4 1
302408792 11 2
302408641 0 0
302408285 11 0
302408231 0 0
302408166 18 4
302403919 3 0
302403847 11 4
302403834 2 9
302403674 23 1
302403618 4 0
302403533 5 8
302403369 8 8
302403059 7 5
302402995 1 23
302402993 9 2
302402886 0 0
302402628 8 2
302402624 1 0
302402214 6 1
302401975 3 2
302401951 2 1
302401915 0 0
302401829 2 0
302401803 0 0
302401798 0 0
302401795 33 2
302401687 1 1
302401660 0 1
302401654 4 0
302401649 7 4
302401306 8 1
302401180 2 0
302401169 2 1
302401163 6 1
302401152 11 0
302401139 12 0
302401120 9 0
302401115 7 1
302400943 0 1
302400934 10 4
302400913 0 0
302400905 2 0
302400869 1 0
302400667 13 1
302400427 18 1
302400411 5 1
302400376 7 1
302400145 2 0
302400036 2 31
302400022 8 2
302399877 12 2
302399580 1 0
302399522 4 1
302399478 1 2
302399332 31 2
302398879 1 0
302398546 5 1
302398245 5 17
302397549 18 0
302397529 3 7
302397133 2 0
302396865 21 7
302394784 33 0
302393433 5 2
302391515 5 0
302390704 9 5
302387799 2 2
302382598 17 4
302366166 0 0
302366156 21 2
302365077 5 0
302364972 25 6
302361884 16 12
302357280 10 4
302348546 0 0
302347911 0 2
302347907 1 1
302345201 6 1
302342470 21 1
302331200 13 1
302330661 0 1
302330392 6 1
302330258 6 1
302330243 7 0
302330210 11 0
302329773 13 7
302329375 0 0
302328611 2 0
302328559 0 0
302328058 0 0
302326646 9 3
302325873 13 0
302324959 35 0
302324958 6 14
302323740 2 0
302322062 42 1
302320322 5 4
302318806 32 4
302317280 21 1
302317225 5 1
302316905 14 4
302316778 0 0
302316773 1 2
302316771 3 16
302316659 11 8
302316567 44 3
302316526 5 0
302316488 0 0
302316484 16 0
302316470 6 1
302316380 7 5
302316322 5 0
302316313 18 7
302316290 6 0
302316267 7 0
302316247 2 0
302316148 0 0
302316049 1 0
302315999 2 0
302315956 14 0
302315947 0 0
302315888 20 0
302315882 0 15
302315793 13 0
302315609 3 0
302315593 2 0
302315578 14 0
302315556 2 0
302315552 1 0
302315460 2 2
302315448 0 0
302315447 32 2
302315444 1 0
302315443 3 1
302315440 2 0
302315437 0 0
302315433 0 0
302315372 6 1
302315270 20 1
302315232 24 0
302315152 2 0
302315067 0 0
302315053 0 6
302315051 17 3
302315049 1 0
302315035 12 1
302314932 0 9
302314903 65 1
302314888 17 0
302314849 10 0
302314825 0 13
302314711 0 0
302314708 0 4
302314707 11 1
302314674 3 0
302314640 3 0
302314628 0 0
302314623 8 1
302314615 0 1
302314570 17 12
302314569 0 0
302314552 2 0
302314524 8 4
302314407 6 7
302314392 5 0
302314388 0 1
302314373 0 0
302314359 37 1
302314328 3 0
302314312 5 0
302314305 0 1
302314248 4 2
302314193 32 1
302314138 0 7
302313980 5 4
302313954 14 0
302313942 20 0
302313921 6 0
302313915 13 1
302313888 8 1
302313870 7 0
302313853 0 0
302313828 25 5
302313819 13 0
302313790 13 0
302313771 1 0
302313758 14 1
302313720 1 8
302313681 12 1
302313672 5 25
302313625 0 0
302313586 5 7
302313365 0 0
302313359 10 0
302313344 4 0
302313118 8 5
302313040 6 0
302312980 9 0
302312946 4 5
302312901 4 0
302312706 0 0
302312671 23 64
302312565 3 1
302312559 17 0
302312457 7 0
302312435 0 0
302312419 33 0
302312336 36 6
302312229 10 4
302312209 13 1
302312205 24 1
302312138 18 2
302312105 10 7
302312056 9 1
302311663 1 33
302311605 0 0
302311584 7 2
302311580 27 2
302311575 21 2
302311531 15 1
302311520 4 0
302311515 3 2
302311498 9 2
302311462 6 0
302311427 1 0
302311403 2 0
302311394 0 0
302311382 0 25
302311367 1 0
302311356 24 57
302311346 18 6
302311337 42 4
302311261 4 1
302311259 1 0
302311156 1 1
302311140 1 0
302311139 0 0
302311100 35 6
302311092 48 5
302311087 11 33
302311062 33 3
302311059 4 1
302311057 7 0
302311017 8 29
302311011 31 3
302311010 5 59
302311001 15 4
302310990 16 6
302310987 7 0
302310979 4 0
302310978 0 0
302310934 3 0
302310921 4 8
302310909 8 7
302310889 0 0
302310881 0 4
302310878 8 0
302310858 1 0
302310852 0 0
302310825 3 1
302310810 0 0
302310808 3 0
302310807 3 0
302310775 3 3
302310727 19 3
302310691 3 0
302310689 18 8
302310688 20 19
302310679 11 9
302310673 0 0
302310628 1 0
302310617 5 0
302310614 9 2
302310612 0 1
302310594 6 0
302310592 23 12
302310582 12 1
302310579 6 0
302310574 0 0
302310563 6 3
302310561 30 4
302310546 13 11
302310542 18 4
302310530 4 6
302310525 9 11
302310517 0 0
302310509 3 2
302310485 2 0
302310479 1 0
302310476 27 3
302310474 8 11
302310451 11 1
302310425 11 1
302310424 7 27
302310419 4 0
302310403 0 0
302310357 23 0
302310326 13 0
302310325 19 0
302310315 0 0
302310310 15 2
302310309 17 1
302310307 4 0
302310306 8 0
302310272 6 37
302310268 26 2
302310238 11 0
302310234 14 0
302310230 26 7
302310222 20 3
302310203 9 0
302310195 9 0
302310192 18 13
302310188 4 0
302310187 9 0
302310185 6 0
302310182 0 1
302310178 6 9
302310174 4 76
302310163 0 0
302310159 2 1
302310158 0 0
302310152 2 0
302310144 3 0
302310120 6 0
302310118 14 2
302310106 0 3
302310068 11 1
302310067 1 1
302310055 6 4
302310053 2 0
302310037 6 42
302310017 27 1
302310014 1 1
302310005 0 0
302310002 21 3
302309983 1 31
302309973 0 0
302309964 6 1
302309959 28 10
302309930 3 1
302309918 5 3
302309916 5 3
302309914 15 5
302309902 1 0
302309896 13 1
302309887 3 1
302309878 28 0
302309877 54 40
302309872 0 18
302309863 5 3
302309861 5 2
302309857 21 4
302309846 2 6
302309841 10 1
302309839 0 2
302309832 19 0
302309824 8 0
302309809 1 2
302309806 3 1
302309793 0 0
302309790 4 0
302309787 15 0
302309765 29 1
302309756 0 0
302309748 17 7
302309727 4 6
302309723 34 0
302309716 0 0
302309715 1 2
302309713 0 2
302309703 0 0
302309697 2 2
302309690 8 1
302309689 2 2
302309688 0 0
302309676 3 1
302309657 0 0
302309639 0 0
302309629 22 2
302309627 11 0
302309620 0 0
302309617 20 11
302309613 5 0
302309611 10 33
302309608 10 3
302309604 0 1
302309601 2 37
302309599 2 36
302309598 7 4
302309597 3 0
302309594 3 35
302309587 0 0
302309570 20 3
302309565 0 0
302309559 2 0
302309558 7 1
302309554 6 0
302309546 0 0
302309530 13 48
302309505 1 2
302309503 4 0
302309494 0 0
302309488 7 0
302309484 0 0
302309479 3 1
302309478 10 85
302309463 4 1
302309429 4 5
302309427 12 0
302309400 8 4
302309390 0 5
302309386 1 1
302309376 1 16
302309372 1 0
302309365 6 7
302309340 23 2
302309339 2 27
302309338 2 2
302309331 6 4
302309329 0 4
302309319 2 8
302309315 0 0
302309312 0 0
302309311 2 3
302309302 21 15
302309299 4 0
302309296 1 0
302309292 10 99
302309291 70 1
302309290 52 3
302309285 36 6
302309280 20 7
302309277 37 2
302309252 5 0
302309245 20 0
302309241 1 1
302309237 10 4
302309233 0 3
302309230 19 1
302309222 6 1
302309221 3 6
302309220 19 1
302309219 24 0
302309217 1 3
302309216 27 7
302309210 3 5
302309198 2 1
302309194 1 0
302309193 15 25
302309191 26 1
302309188 13 6
302309174 27 12
302309172 5 24
302309161 30 0
302309156 7 0
302309155 6 26
302309144 0 0
302309137 4 2
302309133 1 1
302309129 24 4
302309115 18 0
302309114 18 0
302309109 9 0
302309107 0 0
302309088 11 7
302309075 0 3
302309061 1 2
302309045 6 35
302309030 6 66
302309028 3 1
302309027 7 0
302309026 10 33
302309009 6 1
302309008 19 6
302308991 5 1
302308984 28 0
302308983 14 36
302308982 0 0
302308972 0 0
302308971 11 42
302308966 0 0
302308952 1 0
302308950 0 4
302308949 0 1
302308941 10 3
302308938 11 1
302308936 7 10
302308918 9 0
302308917 5 1
302308913 0 0
302308912 0 1
302308907 0 3
302308899 8 37
302308895 40 3
302308888 3 0
302308887 56 1
302308875 0 1
302308872 23 1
302308867 1 53
302308860 6 0
302308857 6 3
302308848 3 3
302308847 4 12
302308846 10 6
302308843 22 1
302308837 0 0
302308834 7 0
302308830 2 0
302308820 8 6
302308819 1 6
302308817 0 0
302308814 1 0
302308811 3 2
302308808 4 6
302308801 0 1
302308796 8 0
302308793 10 2
302308786 9 0
302308783 15 4
302308779 38 2
302308773 4 0
302308771 26 2
302308766 0 2
302308742 29 25
302308717 5 0
302308712 2 0
302308707 1 0
302308706 4 56
302308701 36 2
302308693 14 55
302308689 29 0
302308687 2 8
302308685 0 1
302308680 9 6
302308634 0 0
302308625 5 0
302308624 22 0
302308615 2 6
302308610 0 0
302308575 0 0
302308574 27 5
302308566 177 58
302308565 9 0
302308560 0 0
302308548 0 1
302308547 7 3
302308534 1 1
302308533 12 3
302308532 3 62
302308528 31 5
302308526 0 0
302308522 7 0
302308518 9 9
302308514 11 2
302308511 13 5
302308509 16 6
302308505 17 3
302308493 11 0
302308489 3 16
302308485 42 2
302308479 1 0
302308477 2 1
302308474 2 1
302308470 5 2
302308468 0 1
302308454 0 0
302308452 3 0
302308448 0 2
302308446 6 0
302308439 0 0
302308435 10 9
302308428 7 0
302308425 10 15
302308422 6 4
302308415 0 5
302308405 40 8
302308404 7 0
302308403 1 0
302308397 6 1
302308395 20 3
302308393 0 0
302308392 5 0
302308391 19 1
302308390 5 0
302308387 6 7
302308381 7 0
302308377 8 2
302308373 28 2
302308364 6 41
302308361 11 1
302308343 4 0
302308341 12 2
302308339 0 1
302308338 23 3
302308336 4 2
302308329 42 1
302308322 26 4
302308321 1 0
302308317 0 0
302308312 6 0
302308311 23 7
302308304 1 0
302308302 27 1
302308291 2 0
302308281 24 3
302308280 25 11
302308276 1 1
302308274 1 0
302308273 0 0
302308263 25 9
302308262 0 0
302308260 3 109
302308259 18 1
302308249 0 0
302308243 6 0
302308236 18 1
302308233 6 0
302308227 1 0
302308207 41 1
302308200 6 0
302308197 473 9
302308188 54 2
302308185 5 0
302308180 2 17
302308179 8 1
302308178 2 1
302308175 0 12
302308173 14 0
302308167 10 6
302308165 6 1
302308150 52 5
302308142 20 4
302308141 10 2
302308131 2 1
302308125 5 83
302308121 46 1
302308100 7 1
302308099 2 2
302308096 21 3
302308087 0 0
302308085 18 2
302308083 5 0
302308082 0 47
302308081 3 0
302308079 17 17
302308070 17 10
302308057 8 2
302308054 12 0
302308050 20 2
302308047 34 14
302308038 3 2
302308030 0 1
302308028 0 4
302308018 0 0
302308014 15 36
302308009 4 0
302308008 10 1
302308006 17 3
302308004 0 0
302308000 8 1
302307997 36 4
302307996 3 36
302307995 16 3
302307989 12 1
302307982 0 1
302307977 0 0
302307975 7 4
302307970 4 1
302307966 10 0
302307958 1 0
302307947 25 7
302307941 3 81
302307940 30 34
302307937 76 2
302307935 27 2
302307930 4 16
302307928 41 0
302307927 21 1
302307921 5 0
302307912 1 0
302307905 1 0
302307861 0 0
302307849 10 14
302307848 15 34
302307846 1 0
302307844 83 5
302307835 4 29
302307827 14 5
302307826 0 0
302307824 9 1
302307818 15 2
302307814 1 0
302307801 1 0
302307797 40 4
302307795 2 41
302307793 6 1
302307791 3 0
302307790 17 2
302307789 2 1
302307784 8 1
302307781 5 1
302307775 9 1
302307773 2 1
302307766 21 1
302307762 12 4
302307755 48 0
302307752 3 0
302307732 13 34
302307730 13 0
302307727 3 0
302307720 13 2
302307719 5 5
302307716 0 0
302307709 5 0
302307695 0 0
302307692 0 0
302307676 2 1
302307673 0 0
302307664 8 13
302307663 14 6
302307652 6 5
302307642 22 1
302307627 31 4
302307625 25 3
302307624 4 1
302307622 47 1
302307612 4 0
302307608 28 1
302307606 3 1
302307603 1 0
302307597 11 1
302307596 1 0
302307594 18 4
302307589 17 4
302307588 0 0
302307587 16 5
302307580 4 2
302307575 3 0
302307574 3 0
302307567 6 10
302307553 9 1
302307551 4 3
302307549 1 9
302307542 8 1
302307541 0 0
302307536 0 0
302307535 8 3
302307530 12 8
302307529 17 1
302307527 36 1
302307525 6 1
302307522 6 0
302307510 0 0
302307508 13 7
302307507 0 0
302307505 0 1
302307499 9 2
302307495 1 1
302307483 0 0
302307481 15 3
302307478 13 0
302307471 2 0
302307470 0 2
302307467 3 6
302307462 5 3
302307460 5 2
302307455 2 0
302307454 9 1
302307453 4 0
302307452 5 3
302307447 52 6
302307444 23 1
302307440 3 3
302307439 26 0
302307436 8 0
302307435 4 0
302307431 12 9
302307426 5 0
302307422 2 5
302307420 1 22
302307418 17 5
302307411 3 8
302307405 5 0
302307403 10 2
302307402 7 13
302307399 11 1
302307392 41 3
302307385 0 0
302307378 0 0
302307376 3 1
302307367 8 3
302307355 11 33
302307344 12 7
302307336 11 6
302307332 4 0
302307329 2 0
302307324 4 1
302307312 2 0
302307311 14 85
302307310 2 0
302307308 3 21
302307303 0 0
302307299 34 33
302307297 0 1
302307296 1 1
302307294 3 1
302307287 9 1
302307284 34 1
302307283 4 0
302307276 17 4
302307275 4 19
302307273 4 4
302307270 0 0
302307265 3 9
302307259 16 2
302307256 6 4
302307255 27 1
302307253 1 0
302307252 18 6
302307244 5 3
302307237 0 0
302307235 0 2
302307229 3 0
302307228 0 0
302307227 0 0
302307223 6 3
302307217 8 0
302307216 16 5
302307212 9 1
302307206 11 6
302307205 7 38
302307201 4 0
302307192 6 43
302307185 1 9
302307178 4 1
302307174 5 9
302307173 17 3
302307171 39 0
302307164 11 0
302307161 1 2
302307160 59 2
302307150 19 2
302307145 13 0
302307143 7 5
302307139 1 3
302307130 0 1
302307128 2 1
302307120 390 19
302307114 15 19
302307105 5 3
302307103 0 1
302307088 1 1
302307085 4 3
302307074 15 2
302307066 18 10
302307064 0 1
302307062 7 2
302307061 31 2
302307057 12 3
302307055 11 1
302307052 34 7
302307049 0 1
302307046 14 4
302307044 0 2
302307041 0 1
302307037 2 57
302307032 3 18
302307031 2 7
302307026 23 4
302307025 16 18
302307024 49 3
302307020 6 5
302307019 1 1
302307014 1 5
302307011 0 2
302307009 0 2
302307002 1 3
302307000 1 1
302306999 10 0
302306996 1 2
302306995 19 8
302306993 7 0
302306988 0 0
302306987 2 1
302306986 1 1
302306983 17 0
302306981 7 2
302306978 0 0
302306977 8 0
302306963 15 20
302306957 9 0
302306949 1 1
302306947 17 3
302306943 3 0
302306942 7 2
302306940 0 1
302306939 1 18
302306936 14 11
302306935 0 0
302306931 32 3
302306922 14 2
302306919 35 4
302306918 4 0
302306906 78 5
302306905 0 0
302306898 0 0
302306897 6 1
302306893 9 1
302306889 10 0
302306887 6 0
302306877 31 0
302306873 28 2
302306867 0 3
302306865 1 0
302306848 16 4
302306847 11 29
302306844 6 5
302306839 0 0
302306837 1 0
302306836 7 0
302306833 1 3
302306831 22 1
302306829 2 2
302306827 48 10
302306826 19 0
302306824 5 1
302306820 2 26
302306818 13 2
302306817 3 0
302306811 0 6
302306809 7 0
302306806 4 1
302306801 2 8
302306798 1 6
302306797 58 20
302306783 6 0
302306778 11 1
302306777 4 1
302306776 0 0
302306773 12 3
302306765 11 1
302306764 6 1
302306755 3 0
302306750 16 8
302306748 8 54
302306739 15 5
302306735 1 0
302306734 0 0
302306732 1 31
302306731 5 6
302306730 8 2
302306728 4 2
302306725 7 2
302306724 3 1
302306720 0 0
302306714 0 1
302306713 0 0
302306709 5 2
302306708 18 2
302306705 11 0
302306698 2 1
302306692 1 2
302306687 8 2
302306686 0 0
302306684 2 1
302306663 26 3
302306638 0 0
302306635 0 1
302306618 24 1
302306613 27 3
302306609 19 5
302306607 17 3
302306601 0 2
302306592 13 6
302306585 14 2
302306582 4 0
302306562 13 1
302306561 14 67
302306557 10 7
302306555 6 0
302306546 49 1
302306539 6 3
302306529 0 1
302306527 12 1
302306510 4 1
302306505 6 2
302306502 0 2
302306500 7 1
302306499 0 0
302306495 5 0
302306487 22 5
302306485 2 1
302306482 0 0
302306473 41 4
302306471 6 2
302306468 0 2
302306465 11 25
302306464 0 1
302306454 0 1
302306434 24 2
302306431 4 2
302306429 761 36
302306412 4 0
302306403 13 1
302306398 14 0
302306387 7 2
302306385 7 2
302306383 10 0
302306381 4 0
302306380 6 0
302306363 18 10
302306338 10 0
302306327 0 0
302306320 0 1
302306313 26 5
302306295 21 2
302306294 0 0
302306291 2 0
302306265 12 3
302306257 29 1
302306251 0 1
302306228 14 1
302306226 0 0
302306225 24 2
302306224 0 1
302306223 10 4
302306222 18 17
302306216 11 1
302306212 6 1
302306210 15 0
302306208 19 0
302306207 8 14
302306203 0 2
302306202 41 4
302306201 0 0
302306200 4 8
302306197 2 0
302306196 339 23
302306184 0 0
302306178 5 19
302306176 14 3
302306161 2 5
302306158 2 6
302306149 0 0
302306148 4 1
302306144 0 0
302306141 3 1
302306137 14 1
302306123 0 1
302306120 0 0
302306117 11 2
302306115 0 0
302306099 16 1
302306095 18 1
302306094 2 3
302306085 34 2
302306084 12 30
302306081 3 3
302306080 7 3
302306079 3 65
302306078 15 5
302306075 3 0
302306067 33 0
302306065 0 0
302306063 2 1
302306061 23 9
302306059 105 1
302306058 12 2
302306053 18 0
302306052 8 0
302306046 6 0
302306045 3 8
302306041 34 13
302306040 18 4
302306038 0 1
302306035 0 0
302306034 5 1
302306023 1 16
302306016 5 0
302306015 21 10
302306011 12 43
302306010 5 0
302306008 7 47
302306006 20 33
302306004 11 1
302306003 7 5
302306001 4 0
302305999 1 1
302305994 8 1
302305991 5 0
302305988 9 0
302305983 21 1
302305982 17 1
302305972 14 2
302305965 7 1
302305960 1 3
302305958 0 1
302305956 6 5
302305942 11 21
302305938 24 1
302305937 6 4
302305932 3 22
302305927 13 1
302305917 25 4
302305916 2 2
302305910 0 0
302305908 7 1
302305899 7 12
302305890 33 3
302305887 9 2
302305874 0 7
302305872 0 0
302305871 0 0
302305864 3 1
302305862 13 1
302305853 0 1
302305849 10 1
302305836 2 3
302305835 4 0
302305833 759 6
302305828 4 1
302305824 0 0
302305823 18 4
302305816 345 5
302305808 37 1
302305804 25 0
302305800 17 2
302305799 20 0
302305791 3 3
302305787 0 31
302305784 0 0
302305783 4 2
302305780 18 2
302305776 0 1
302305768 277 5
302305766 5 0
302305760 16 0
302305758 19 23
302305739 7 9
302305734 7 1
302305733 6 4
302305731 22 0
302305728 0 2
302305722 21 1
302305713 25 5
302305702 33 4
302305686 1 1
302305676 4 11
302305672 13 1
302305669 10 0
302305665 3 0
302305663 3 0
302305657 4 1
302305650 14 0
302305649 12 0
302305647 7 7
302305643 0 0
302305641 9 1
302305630 0 0
302305626 0 0
302305622 3 1
302305618 8 0
302305612 1 6
302305610 8 1
302305609 9 1
302305591 27 0
302305586 7 0
302305581 3 3
302305579 1 15
302305578 0 0
302305574 3 0
302305572 6 3
302305571 0 0
302305568 11 0
302305567 4 1
302305566 7 0
302305565 4 0
302305562 7 3
302305560 7 0
302305558 1 1
302305549 2 1
302305543 13 1
302305542 1 1
302305541 6 15
302305537 7 0
302305535 4 3
302305534 1 1
302305531 7 0
302305530 5 1
302305527 5 1
302305525 1 3
302305517 2 4
302305506 21 1
302305502 164 7
302305501 18 1
302305496 0 0
302305490 3 0
302305486 1 1
302305478 7 1
302305476 0 0
302305472 9 0
302305468 0 2
302305464 1 17
302305456 0 0
302305451 37 0
302305443 11 0
302305435 3 0
302305429 17 0
302305422 4 4
302305412 9 0
302305407 5 0
302305400 6 1
302305397 3 0
302305395 7 0
302305392 2 0
302305391 3 0
302305390 10 0
302305389 1 1
302305388 0 0
302305386 17 2
302305385 3 0
302305384 0 0
302305381 2 2
302305377 18 1
302305374 1 0
302305362 3 0
302305358 4 1
302305353 8 2
302305352 0 0
302305343 0 0
302305333 0 2
302305329 9 1
302305322 3 0
302305320 0 0
302305314 2 12
302305305 0 0
302305295 5 0
302305293 5 1
302305292 3 0
302305289 1 1
302305288 0 5
302305287 4 8
302305285 0 0
302305274 2 0
302305270 4 0
302305266 7 1
302305261 0 0
302305259 2 0
302305258 12 0
302305256 1 4
302305250 2 0
302305245 4 1
302305240 2 0
302305236 5 1
302305234 4 0
302305230 0 20
302305221 1 0
302305219 18 5
302305212 1 4
302305201 32 0
302305200 1 1
302305196 0 1
302305188 15 221
302305186 5 24
302305182 8 0
302305177 1 13
302305172 10 1
302305170 12 4
302305154 0 0
302305153 4 1
302305151 12 0
302305145 0 5
302305143 5 0
302305139 1 2
302305138 0 30
302305135 0 0
302305123 1 0
302305119 0 0
302305116 11 1
302305114 1 0
302305112 5 1
302305107 15 0
302305106 15 3
302305102 0 0
302305101 3 0
302305099 7 11
302305094 6 0
302305082 9 3
302305074 2 1
302305072 1 0
302305067 1 0
302305055 4 1
302305054 11 2
302305045 5 1
302305040 8 0
302305039 4 2
302305017 10 2
302305016 0 0
302305013 8 2
302305012 2 0
302305009 6 0
302305008 6 0
302305004 7 0
302305002 7 0
302304995 2 0
302304994 18 1
302304991 15 2
302304990 29 1
302304987 0 0
302304983 5 0
302304978 1 1
302304969 6 1
302304966 8 0
302304963 11 0
302304962 0 0
302304961 3 0
302304960 2 0
302304958 0 1
302304955 3 0
302304936 2 0
302304934 14 8
302304927 2 0
302304926 3 0
302304922 0 0
302304921 30 10
302304899 1 0
302304892 0 0
302304889 8 0
302304888 13 0
302304885 0 0
302304866 17 1
302304856 0 0
302304851 0 0
302304824 7 0
302304814 2 0
302304811 6 0
302304805 8 0
302304802 9 0
302304800 2 1
302304796 0 0
302304795 6 1
302304792 0 3
302304789 9 0
302304787 4 3
302304785 4 0
302304776 3 2
302304771 19 2
302304770 0 49
302304768 2 0
302304763 5 2
302304760 15 1
302304757 2 12
302304750 9 4
302304745 3 0
302304744 4 0
302304742 8 36
302304735 0 2
302304730 5 3
302304729 7 178
302304719 8 0
302304710 4 2
302304706 1 2
302304698 2 0
302304696 25 0
302304695 24 2
302304689 17 5
302304687 21 5
302304685 7 2
302304683 35 2
302304677 2 0
302304671 15 7
302304670 8 0
302304669 2 0
302304663 2 4
302304661 1 2
302304660 0 5
302304656 10 7
302304653 15 4
302304647 5 6
302304646 1 12
302304645 0 3
302304635 3 2
302304632 13 5
302304631 29 23
302304629 16 0
302304628 15 9
302304626 7 1
302304624 1 2
302304610 3 6
302304603 34 1
302304598 8 3
302304590 15 4
302304584 640 13
302304582 1 0
302304577 0 0
302304576 3 0
302304571 132 10
302304568 1 0
302304567 11 4
302304566 1 0
302304565 2 1
302304559 3 0
302304556 21 3
302304555 12 1
302304552 200 4
302304548 4 208
302304536 23 1
302304529 5 23
302304526 3 0
302304524 23 3
302304523 3 0
302304521 4 5
302304520 6 0
302304517 1 1
302304509 7 2
302304506 11 1
302304494 1 1
302304489 9 3
302304485 3 1
302304482 1 2
302304468 350 55
302304461 5 5
302304456 3 0
302304455 8 0
302304453 602 22
302304452 13 1
302304450 0 1
302304449 14 8
302304446 2 39
302304441 8 2
302304436 1 1
302304435 18 1
302304433 8 30
302304431 25 1
302304429 2 0
302304427 0 0
302304425 11 0
302304420 0 0
302304417 35 2
302304415 4 46
302304409 5 0
302304408 0 1
302304407 2 0
302304405 4 1
302304404 2 0
302304403 107 3
302304402 0 0
302304389 1 1
302304388 1 0
302304386 12 1
302304384 0 0
302304381 4 0
302304379 2 0
302304375 260 8
302304374 0 0
302304373 1 1
302304369 0 1
302304364 8 2
302304360 1 8
302304356 3 0
302304353 0 0
302304347 14 6
302304346 2 0
302304345 0 0
302304344 9 0
302304340 10 21
302304334 3 0
302304324 423 18
302304316 1 0
302304308 8 0
302304307 0 0
302304302 1 0
302304300 1 51
302304291 4 2
302304287 4 0
302304285 1 0
302304283 7 1
302304282 11 0
302304279 18 0
302304274 25 0
302304271 16 2
302304267 1 1
302304260 7 1
302304257 0 0
302304253 2 0
302304250 1 50
302304244 0 2
302304241 0 0
302304240 1 0
302304235 22 1
302304233 3 1
302304232 390 22
302304223 20 1
302304215 5 1
302304212 0 0
302304211 1 1
302304207 19 2
302304206 1 0
302304205 9 3
302304204 21 1
302304194 2 0
302304184 21 2
302304182 11 0
302304181 3 2
302304179 3 35
302304174 11 1
302304172 50 0
302304171 7 0
302304165 10 0
302304158 4 0
302304157 37 2
302304155 15 7
302304153 20 3
302304152 1 0
302304150 2 0
302304149 0 0
302304147 3 0
302304146 19 1
302304142 497 20
302304141 14 0
302304140 0 0
302304131 28 1
302304125 11 0
302304121 9 2
302304120 0 0
302304116 12 1
302304114 11 2
302304107 1 0
302304105 1 0
302304104 251 3
302304096 12 1
302304095 18 1
302304091 5 1
302304081 3 2
302304072 1 0
302304066 9 0
302304064 0 0
302304063 4 2
302304056 1 1
302304048 17 0
302304044 5 2
302304034 443 12
302304025 4 0
302304022 17 1
302304009 12 0
302304008 14 0
302304003 4 1
302304002 6 5
302304000 2 0
302303998 27 3
302303997 0 0
302303996 1 0
302303991 39 5
302303986 4 0
302303984 11 0
302303982 2 1
302303979 1 0
302303967 8 0
302303965 401 5
302303947 3 0
302303941 0 0
302303937 10 5
302303929 2 4
302303919 2 0
302303907 19 0
302303903 0 0
302303894 24 8
302303889 3 0
302303888 0 0
302303887 7 3
302303885 0 5
302303883 8 0
302303873 0 1
302303872 2 0
302303858 0 0
302303855 1 1
302303850 21 2
302303844 4 0
302303841 3 17
302303836 4 1
302303833 27 1
302303828 22 1
302303824 2 0
302303822 3 0
302303820 2 0
302303817 23 2
302303807 299 12
302303801 14 0
302303789 4 3
302303782 3 1
302303767 6 0
302303760 10 0
302303755 6 0
302303753 1 0
302303752 0 0
302303751 7 0
302303749 7 0
302303747 2 1
302303744 6 0
302303743 5 1
302303741 7 0
302303738 5 0
302303726 2 0
302303723 4 12
302303721 3 1
302303717 27 1
302303716 2 0
302303714 3 0
302303710 11 1
302303707 0 0
302303706 0 2
302303704 11 1
302303702 9 2
302303686 17 3
302303685 26 1
302303681 113 7
302303671 0 0
302303659 6 5
302303658 0 0
302303651 9 0
302303647 157 10
302303639 0 0
302303625 9 2
302303622 7 0
302303610 18 0
302303599 4 1
302303596 428 9
302303593 0 0
302303589 1 0
302303588 5 0
302303587 1 4
302303578 2 1
302303574 12 0
302303569 5 1
302303567 38 1
302303562 1 0
302303555 0 0
302303550 8 12
302303549 10 1
302303537 1 30
302303535 5 0
302303532 11 6
302303531 1 10
302303526 15 0
302303522 2 0
302303517 35 4
302303509 4 0
302303497 13 1
302303496 7 0
302303487 3 10
302303484 4 11
302303476 4 0
302303475 0 1
302303474 4 0
302303469 7 9
302303468 5 1
302303464 8 0
302303451 26 3
302303447 704 8
302303442 2 0
302303430 0 0
302303425 2 0
302303420 0 0
302303412 1 0
302303409 0 0
302303402 3 1
302303399 45 1
302303395 8 135
302303384 2 0
302303383 19 0
302303382 8 0
302303381 7 1
302303379 3 0
302303378 0 0
302303373 3 0
302303352 36 7
302303348 1242 9
302303345 28 5
302303344 3 1
302303341 0 0
302303340 5 0
302303332 6 0
302303325 0 0
302303317 0 0
302303298 20 0
302303289 29 1
302303285 4 363
302303281 1 0
302303276 0 0
302303272 0 0
302303269 10 4
302303263 0 0
302303262 18 2
302303257 4 2
302303248 175 2
302303243 1 0
302303242 4 1
302303237 3 0
302303235 14 0
302303218 24 6
302303214 3 3
302303209 18 6
302303208 10 3
302303205 5 3
302303202 9 2
302303198 0 0
302303185 20 13
302303180 0 0
302303178 23 45
302303157 2 0
302303152 1 0
302303150 9 0
302303139 3 2
302303138 9 1
302303136 26 6
302303123 3 0
302303122 7 1
302303120 0 0
302303119 1 0
302303111 17 0
302303107 64 6
302303105 13 1
302303100 2 2
302303099 11 0
302303095 6 1
302303084 10 0
302303074 9 2
302303069 1 0
302303060 4 0
302303058 5 0
302303034 10 0
302303033 2 3
302303031 0 0
302303025 0 0
302303023 10 0
302303021 0 0
302303020 7 12
302303016 2 1
302303015 113 34
302303009 10 33
302302998 1 1
302302995 4 13
302302992 384 17
302302987 2 0
302302984 5 86
302302982 21 3
302302976 73 23
302302964 2 1
302302960 7 1
302302954 1 0
302302953 0 1
302302942 29 1
302302940 13 0
302302938 22 0
302302934 0 0
302302917 0 0
302302911 1 0
302302906 8 0
302302898 35 0
302302897 1 314
302302893 39 0
302302883 8 0
302302870 13 2
302302867 3 0
302302856 2 0
302302854 8 1
302302843 0 0
302302839 0 0
302302832 228 46
302302830 13 2
302302826 2 4
302302799 3 0
302302781 11 0
302302764 22 1
302302763 6 0
302302761 739 222
302302732 0 0
302302730 2 1
302302723 14 11
302302721 1 0
302302714 0 0
302302709 11 6
302302707 12 8
302302702 1 0
302302694 460 31
302302673 1 0
302302664 267 2
302302660 14 1
302302656 3 0
302302647 1 1
302302639 0 0
302302637 1 0
302302633 3 0
302302631 1 0
302302626 29 0
302302624 26 0
302302618 7 302
302302609 5 0
302302598 581 13
302302592 11 47
302302585 0 0
302302583 4 0
302302576 2 1
302302555 6 0
302302553 3 0
302302549 0 0
302302547 5 33
302302546 0 0
302302544 3 1
302302540 290 7
302302539 0 0
302302538 0 0
302302537 0 0
302302536 6 0
302302534 362 42
302302532 12 6
302302524 17 0
302302522 7 0
302302520 1 0
302302517 4 0
302302509 113 7
302302503 0 0
302302498 5 39
302302495 2 2
302302494 0 1
302302489 0 0
302302475 0 0
302302462 2 181
302302459 3 2
302302454 30 46
302302449 21 1
302302448 589 92
302302445 18 5
302302438 0 0
302302429 0 0
302302425 9 0
302302422 7 0
302302418 22 6
302302409 24 13
302302404 16 0
302302401 0 1
302302368 8 465
302302362 27 0
302302354 885 24
302302351 16 0
302302335 13 2
302302329 0 0
302302308 5 15
302302306 65 3
302302299 3 186
302302291 1 0
302302282 0 0
302302281 6 0
302302275 0 0
302302270 499 5
302302266 7 0
302302261 11 2
302302260 1 1
302302256 8 3
302302254 1 141
302302248 8 1
302302240 1100 11
302302237 144 5
302302207 1 1
302302196 10 0
302302192 23 4
302302190 889 42
302302185 452 8
302302178 200 27
302302177 9 0
302302171 6 27
302302147 299 47
302302138 7 1
302302135 5 0
302302116 2 20
302302115 0 0
302302111 1 0
302302109 5 3
302302103 2 0
302302101 0 0
302302099 3 1
302302097 9 1
302302093 7 1
302302091 32 3
302302088 16 0
302302085 18 0
302302075 4 0
302302074 11 1
302302068 1 5
302302056 2 0
302302046 374 50
302302044 534 26
302302039 5 1
302302035 1 0
302302034 13 0
302302030 10 0
302302027 2 0
302302018 31 0
302302014 17 2
302302010 29 4
302302009 0 0
302302004 27 0
302301995 3 0
302301991 8 0
302301978 0 0
302301968 1 1
302301957 3 1
302301952 3 1
302301950 27 0
302301945 493 18
302301942 4 8
302301938 12 2
302301933 8 6
302301929 307 7
302301920 156 25
302301918 4 0
302301914 17 4
302301911 6 1
302301910 874 16
302301908 3 0
302301894 3 0
302301893 1 0
302301891 8 1
302301890 0 0
302301889 7 2
302301885 405 34
302301882 34 1
302301881 18 4
302301876 428 62
302301872 1 0
302301871 7 0
302301863 6 13
302301861 1 4
302301860 11 6
302301855 208 3
302301852 2 3
302301838 2 1
302301836 37 2
302301834 7 1
302301828 10 0
302301820 4 0
302301816 1 12
302301808 0 0
302301805 0 0
302301801 2 1
302301800 1002 7
302301799 33 1
302301798 14 0
302301790 8 0
302301787 35 1
302301784 2 1
302301782 0 1
302301781 1 0
302301777 0 4
302301776 3 1
302301774 5 1
302301773 57 1
302301766 0 0
302301765 0 4
302301755 35 4
302301749 0 0
302301748 21 5
302301736 3 0
302301733 4 5
302301732 4 0
302301731 0 0
302301726 4 0
302301721 44 0
302301718 13 1
302301715 0 0
302301714 3 0
302301705 0 0
302301704 2 0
302301701 4 1
302301699 5 0
302301698 4 0
302301690 522 17
302301681 0 0
302301676 3 1
302301675 5 0
302301670 1267 85
302301663 19 91
302301659 6 2
302301653 2 15
302301645 4 10
302301643 3 0
302301640 290 12
302301635 262 13
302301628 10 1
302301611 8 0
302301609 43 8
302301603 1 0
302301600 6 0
302301592 15 1
302301591 12 3
302301590 77 2
302301588 29 1072
302301578 14 0
302301576 0 0
302301571 26 0
302301566 0 0
302301563 3 0
302301559 3 0
302301557 0 9
302301555 0 0
302301553 21 0
302301541 1 0
302301534 45 0
302301529 3 0
302301519 14 66
302301505 837 35
302301504 26 2
302301503 0 0
302301496 40 0
302301494 0 0
302301493 0 0
302301481 15 1
302301480 0 0
302301475 12 0
302301467 1203 26
302301464 1 1
302301460 8 415
302301452 33 2
302301448 5 5
302301445 6 4
302301444 9 1
302301443 4 2
302301442 59 0
302301426 829 69
302301422 2 0
302301421 11 2
302301415 0 0
302301411 0 0
302301405 1 1
302301404 5 0
302301401 1 0
302301397 15 20
302301394 2 0
302301393 0 0
302301391 2 2
302301384 0 0
302301371 0 9
302301364 1 4
302301358 1 16
302301355 0 3
302301353 4 0
302301350 3 75
302301347 9 2
302301341 1091 22
302301338 2 0
302301331 7 0
302301327 0 0
302301326 0 14
302301322 4 6
302301317 4 9
302301313 4 1
302301302 1 0
302301297 10 1
302301288 6 549
302301274 10 3
302301272 2 1
302301269 9 0
302301265 7 1
302301251 6 0
302301248 6 0
302301247 7 22
302301234 6 8
302301231 4 0
302301226 0 0
302301224 1 5
302301217 4 0
302301190 0 0
302301184 3 79
302301180 55 19
302301179 366 58
302301178 2 0
302301168 0 0
302301167 713 12
302301164 11 0
302301157 6 2
302301154 11 1
302301151 2 0
302301148 0 0
302301144 5 170
302301138 6 1
302301133 8 1
302301132 1 0
302301129 15 0
302301126 7 1
302301111 1 0
302301108 4 0
302301105 0 40
302301104 6 0
302301102 1 4
302301095 2 1
302301093 5 0
302301091 2 67
302301085 1 1
302301083 9 1
302301075 3 7
302301065 2 6
302301050 2 2
302301045 7 0
302301042 3 0
302301034 0 1
302301012 24 66
302301008 9 1
302301006 6 1
302300999 0 0
302300994 2 3
302300983 0 0
302300978 557 8
302300975 576 50
302300974 4 2
302300972 3 1
302300952 4 0
302300951 0 0
302300948 417 6
302300947 8 0
302300937 10 0
302300933 3 21
302300926 3 0
302300922 18 2
302300916 11 0
302300915 385 23
302300912 6 0
302300910 2 0
302300905 11 2
302300899 1 2
302300891 9 0
302300890 8 1
302300889 9 1
302300883 1755 43
302300882 2 2
302300881 2 111
302300876 2 0
302300871 306 3
302300870 10 2
302300865 4 0
302300861 4 0
302300860 0 0
302300857 922 8
302300854 3 0
302300852 2 0
302300847 3 0
302300838 3 0
302300834 25 5
302300832 7 0
302300830 10 0
302300817 1 0
302300816 6 5
302300815 736 17
302300810 4 0
302300801 8 1
302300799 1 2
302300795 1 0
302300793 8 0
302300791 0 0
302300777 5 1
302300776 4 4
302300775 6 8
302300770 12 1
302300763 3 0
302300762 475 13
302300750 2 81
302300749 11 7
302300746 836 37
302300736 2 0
302300735 6 1
302300729 3 3
302300728 4 0
302300721 2220 89
302300717 10 1
302300715 1 51
302300711 277 4
302300707 3 1
302300706 0 0
302300693 480 17
302300691 143 11
302300689 0 0
302300683 1 1
302300679 15 0
302300674 2 0
302300666 2 0
302300662 0 2
302300653 0 0
302300652 9 1
302300648 12 1
302300644 8 2
302300641 13 2
302300636 0 0
302300632 542 23
302300631 7 53
302300627 0 1
302300622 807 14
302300621 3435 187
302300615 3 0
302300609 9 0
302300607 8 1
302300604 12 2
302300601 2 2
302300598 3 0
302300593 25 0
302300590 6 0
302300585 1 0
302300584 3 0
302300575 1 0
302300573 5 3
302300565 1 1
302300560 1 0
302300556 10 21
302300548 7 0
302300543 4775 211
302300527 0 0
302300526 7 0
302300523 0 0
302300512 0 0
302300510 0 0
302300508 12 4
302300507 10 2
302300499 1 0
302300495 3 0
302300491 1 5
302300487 19 7
302300484 0 0
302300478 8 1
302300472 1 0
302300470 0 0
302300462 2 0
302300458 11 3
302300457 0 0
302300453 1149 18
302300448 7 1
302300447 1 0
302300446 0 0
302300445 0 1
302300433 5 1
302300431 2 4
302300425 3 7
302300419 3 0
302300418 1 7
302300417 16 4
302300404 5 17
302300400 1 1
302300398 0 0
302300395 4 0
302300387 6 1
302300381 9 1
302300378 1 1
302300377 2 3
302300376 798 12
302300366 15 4
302300364 497 41
302300363 771 35
302300362 6 8
302300361 27 2
302300358 0 0
302300357 1 1
302300344 3 1
302300338 2 12
302300335 3 1
302300334 8 0
302300331 7 0
302300330 3 0
302300328 6 0
302300325 1 0
302300320 5 0
302300319 1 0
302300315 0 0
302300314 3 0
302300311 0 0
302300310 452 6
302300301 1 0
302300298 374 22
302300297 9 2
302300291 5 0
302300283 2 1
302300281 4 12
302300268 439 105
302300267 835 9
302300260 6 1
302300256 6 0
302300252 1164 32
302300249 1277 22
302300246 8 0
302300245 0 0
302300234 6 0
302300230 1 3
302300229 1 0
302300225 1247 51
302300224 0 0
302300220 3 19
302300219 1 1
302300209 0 1
302300205 3 0
302300194 3 0
302300193 0 0
302300192 529 9
302300191 2 2
302300180 2 0
302300178 2 5
302300177 0 0
302300174 4 36
302300172 6 3
302300157 15 0
302300156 7 4
302300153 6 34
302300148 4 1
302300147 5 1
302300143 2 14
302300140 8 0
302300135 41 30
302300125 2655 30
302300124 3067 254
302300122 3 1
302300121 3 0
302300119 1 1
302300107 2 0
302300097 3 0
302300095 703 6
302300087 9 0
302300086 15 1
302300080 684 12
302300078 0 0
302300068 1379 21
302300062 11 47
302300060 3 0
302300051 5 0
302300047 2 0
302300045 4 1
302300042 3 23
302300039 2 0
302300036 1 0
302300034 3 1
302300029 8 1
302300025 1 23
302300024 0 0
302300017 7 0
302300015 0 2
302300014 1 2
302300005 1 0
302299998 8 0
302299994 0 0
302299988 0 0
302299984 2 37
302299982 3 0
302299981 7 0
302299978 0 0
302299973 11 1
302299968 3 3
302299967 1 3
302299964 7 3
302299953 7 0
302299945 4 0
302299943 0 0
302299938 11 6
302299925 2 37
302299921 9 0
302299917 4 0
302299916 3 21
302299914 1 1
302299913 0 0
302299907 2 0
302299895 1 1
302299885 3 1
302299881 3 29
302299852 3 1
302299845 0 0
302299843 777 14
302299836 3031 414
302299830 0 0
302299826 20 8
302299820 12 16
302299818 7 0
302299816 12 8
302299812 0 0
302299811 4 0
302299810 4 0
302299805 9 1
302299804 0 0
302299798 1763 49
302299796 5 33
302299789 0 0
302299776 8 7
302299770 1 0
302299768 10 1
302299765 0 1
302299763 520 2
302299762 5 2
302299759 4 0
302299748 2 2
302299742 1 2
302299741 0 2
302299731 1 1
302299728 1 2
302299725 7 1
302299723 312 19
302299720 5 8
302299718 1697 26
302299713 7 0
302299703 0 0
302299702 2294 83
302299701 3 3
302299691 0 0
302299687 0 4
302299678 3 0
302299676 2 3
302299674 5 9
302299672 4 0
302299671 8 0
302299666 5497 72
302299665 0 4
302299664 4 3
302299659 3 3
302299656 5 3
302299654 1 0
302299651 10 2
302299649 4 0
302299642 3 0
302299632 1 0
302299629 11 1
302299620 3 0
302299608 5 1
302299605 520 14
302299604 1 1
302299602 0 0
302299601 2 1
302299592 0 3
302299591 4 0
302299579 3488 72
302299575 11 1
302299574 1 1
302299573 1 0
302299569 9 4
302299558 5 6
302299556 4 1
302299547 0 0
302299546 2 0
302299544 2 1
302299542 6 0
302299518 0 0
302299512 3 0
302299507 0 0
302299492 0 0
302299491 3 2
302299483 3 5
302299480 0 0
302299477 9 0
302299475 0 0
302299464 0 4
302299463 11 3
302299461 0 1
302299458 2 1
302299454 0 0
302299453 0 0
302299452 1043 30
302299451 1 0
302299436 4722 803
302299434 3 0
302299433 4 2
302299430 2054 95
302299429 2 1
302299425 3 0
302299420 2 5
302299415 7 3
302299412 9 2
302299409 2 1
302299406 3 1
302299404 2 0
302299402 2 0
302299401 2 0
302299397 8 2
302299395 6 0
302299390 8 6
302299388 10 1
302299385 1 13
302299384 6 5
302299378 2 1
302299369 10 2
302299361 3 1
302299359 2 0
302299355 5 0
302299354 1 0
302299353 2 1
302299350 1 5
302299348 5 1
302299346 0 0
302299343 1 0
302299337 5 1
302299336 2 0
302299334 698 10
302299333 14 1
302299331 2 2
302299329 0 0
302299321 0 4
302299315 2 1
302299311 0 1
302299310 0 1
302299309 0 1
302299308 14 4
302299306 0 3
302299305 1 1
302299301 3 1
302299300 1 3
302299291 0 0
302299289 2 0
302299283 3 0
302299282 0 0
302299281 1 1
302299279 4 37
302299276 0 1
302299273 3 0
302299268 9 1
302299264 10 1
302299261 0 0
302299257 1 0
302299254 4 0
302299253 0 0
302299250 1 1
302299249 0 0
302299247 0 0
302299246 0 4
302299240 0 0
302299238 1 0
302299228 7 0
302299222 4 0
302299221 2 0
302299219 4 2
302299215 4 0
302299214 2 2
302299211 2 0
302299210 1 0
302299209 0 2
302299202 0 0
302299199 0 0
302299197 1 1
302299196 2 0
302299192 0 7
302299189 0 0
302299186 3 1
302299185 0 7
302299177 0 0
302299176 3 0
302299175 0 4
302299174 2 1
302299173 0 0
302299169 2 0
302299167 0 0
302299164 2 0
302299162 1794 549
302299159 0 0
302299157 0 4
302299154 1 5
302299153 0 0
302299151 0 0
302299147 2 1
302299145 0 1
302299144 0 5
302299141 0 0
302299140 0 0
302299139 0 3
302299137 1 0
302299136 4 0
302299131 0 1
302299127 0 0
302299120 0 4
302299116 0 1
302299109 2 1
302299105 5 5
302299104 2 4
302299103 2 3
302299099 438 6
302299096 0 1
302299086 0 0
302299085 0 0
302299079 2 0
302299078 1 0
302299076 0 0
302299075 0 2
302299074 1 0
302299068 6 1
302299064 1 14
302299061 0 0
302299060 0 1
302299059 1 0
302299057 1 0
302299056 2 1
302299047 0 1
302299045 9 0
302299042 3 1
302299040 1 0
302299037 2 0
302299036 8 3
302299035 3 2
302299034 2 0
302299030 0 0
302299023 5 3
302299022 0 1
302299017 13 3
302299015 0 0
302299010 0 2
302299009 0 0
302299006 0 1
302299005 2 1
302299004 2 2
302299000 0 0
302298998 1 1
302298994 0 1
302298991 1 1
302298989 0 0
302298988 3 1
302298987 1 0
302298986 7 1
302298984 1 1
302298983 2 0
302298981 2965 31
302298978 1 2
302298977 1 1
302298973 0 1
302298971 0 8
302298970 3 1
302298969 0 0
302298965 0 0
302298964 0 0
302298962 2 0
302298961 3 1
302298957 0 2
302298956 0 1
302298952 0 0
302298946 0 0
302298944 3 0
302298943 0 0
302298942 0 4
302298939 0 1
302298938 0 0
302298937 2 3
302298936 1 1
302298933 6 3
302298932 0 0
302298931 0 2
302298930 0 0
302298929 0 0
302298928 0 1
302298927 1 2
302298926 3 3
302298923 0 0
302298920 0 2
302298919 0 0
302298918 0 0
302298917 0 0
302298916 1 0
302298914 1 2
302298912 0 1
302298911 0 0
302298909 0 0
302298908 0 1
302298907 3 1
302298906 1 0
