303956506 1 0
303956499 0 0
303939304 1 0
303939301 0 0
303939300 0 0
303939297 0 0
303900584 0 0
303863734 2 0
303863368 0 0
303863342 8 0
303863315 0 1
303863272 1 0
303863161 2 0
303859227 4 0
303858768 0 0
303854464 0 0
303819232 3 1
303804981 0 0
303800400 1 1
303800374 3 1
303799929 3 3
303799847 1 0
303798396 1 0
303795603 8 0
303795404 5 0
303790579 2 0
303790566 1 0
303765568 3 0
303765425 2 0
303744999 1 0
303744399 7 0
303741312 3 0
303740685 2 0
303733515 4 0
303732252 1 0
303724513 4 0
303722977 1 1
303722966 1 1
303672415 5 0
303669071 6 0
303664850 3 0
303664627 4 1
303587611 3 0
303587432 3 0
303584214 2 5
303579013 3 7
303578800 3 1
303577054 3 0
303577048 3 0
303573374 2 2
303559822 0 0
303526112 5 0
303523912 2 4
303523911 2 5
303507417 1 0
303507381 7 0
303507144 5 2
303501209 6 1
303498917 0 0
303497648 5 6
303496981 3 2
303487204 20 7
303487051 0 1
303485869 1 1
303471725 2 0
303446896 2 3
303434070 9 0
303416815 4 1
303411901 6 0
303411483 4 0
303407485 4 0
303407479 9 0
303407466 4 0
303407093 0 0
303406913 1 5
303406882 9 0
303402388 2 26
303391563 0 0
303385523 1 0
303337177 4 3
303325054 0 0
303324862 21 0
303324698 2 3
303324395 4 2
303319325 0 0
303317149 3 1
303317131 2 0
303317092 2 3
303312120 8 0
303311108 1 0
303299176 0 1
303283054 3 11
303261090 12 137
303256208 4 1
303247432 0 14
303242324 5 0
303241962 14 0
303241830 2 4
303240535 0 0
303239983 1 21
303237794 1 0
303235177 0 1
303202390 2 7
303189824 5 8
303179499 1 0
303163329 10 1
303163161 0 0
303162916 7 84
303160724 1 10
303155830 8 4
303155616 4 1
303153113 1 7
303152153 14 0
303151675 7 0
303149844 22 25
303148641 16 0
303148127 0 31
303146968 0 0
303146857 0 1
303142401 14 8
303138270 12 1
303138168 0 0
303136872 9 6
303136593 2 0
303134994 3 0
303133990 12 0
303114159 0 0
303105559 13 2
303104504 0 0
303101954 14 75
303101636 10 5
303096227 8 1
303080026 6 0
303079862 0 0
303079667 2 0
303079643 0 0
303079225 2 1
303079223 0 1
303079186 18 5
303078982 7 3
303078899 5 13
303078654 3 0
303078342 0 0
303078332 0 0
303073350 2 0
303072703 44 7
303072628 6 0
303072509 12 16
303072466 24 58
303072251 24 5
303072246 4 25
303072195 1 0
303071548 13 0
303071156 0 0
303071095 18 0
303071090 1 1
303071064 5 0
303070907 1 22
303070207 2 23
303070105 21 2
303069983 2 12
303069955 5 3
303069875 7 22
303069413 3 0
303068919 5 0
303068661 0 0
303068630 3 11
303068592 20 2
303068152 7 4
303067266 7 2
303066284 0 3
303066250 0 0
303066125 10 5
303063085 4 30
303060993 0 0
303060926 0 0
303051880 10 0
303032647 1 2
303024214 1 5
303006228 25 3
303005578 6 1
302988947 13 2
302988313 0 1
302987821 1 0
302987695 0 0
302987533 25 0
302987010 0 1
302986856 4 1
302986627 3 0
302986556 12 3
302985501 4 1
302984370 19 6
302980078 0 0
302979741 19 1
302979670 6 0
302979158 4 0
302978611 1 1
302978551 6 1
302978524 11 2
302977876 1 1
302977758 2 0
302977712 1 6
302977700 1 1
302977696 17 1
302977686 3 0
302977675 3 1
302977662 0 5
302977563 2 2
302977398 5 6
302977388 7 2
302976735 8 1
302976019 8 2
302975544 5 0
302975259 2 0
302975225 26 3
302974815 1 0
302973386 1 0
302972434 8 3
302969138 11 27
302969106 6 38
302969004 6 23
302968946 8 22
302968633 4 6
302966953 1 0
302966873 11 0
302961417 13 15
302960152 10 0
302959928 42 3
302959319 11 2
302958528 9 4
302956545 42 5
302952477 11 0
302951597 1 0
302950933 17 2
302950199 3 0
302948906 2 0
302948026 6 2
302946245 9 1
302944727 3 0
302943435 27 2
302934928 7 4
302934826 9 0
302933930 7 1
302933219 7 0
302931134 0 0
302929513 18 0
302927326 10 27
302926855 11 13
302926789 12 4
302926460 13 1
302924839 28 6
302924836 0 0
302924831 2 0
302923202 11 31
302913732 38 22
302913704 7 32
302913695 5 25
302913677 6 1
302913665 10 8
302913539 1 0
302913231 29 3
302913216 8 0
302913122 4 75
302913025 27 0
302912750 6 37
302911912 2 0
302911444 5 1
302911436 22 2
302911431 7 26
302909250 25 10
302909243 43 0
302909170 9 0
302908982 11 0
302908559 5 0
302907083 10 29
302906897 6 1
302906654 1 0
302906241 3 0
302906126 0 1
302903093 0 0
302903010 0 0
302902711 8 0
302902541 6 0
302902343 14 0
302902159 3 0
302894234 6 0
302894228 17 0
302894216 6 3
302894184 1 0
302894180 19 0
302894179 3 0
302894171 14 0
302894169 3 0
302894162 4 0
302894143 11 29
302894133 5 0
302894132 4 0
302894039 30 4
302894023 3 0
302894018 48 3
302893905 3 99
302893893 0 0
302893796 36 1
302893747 13 6
302893739 6 0
302893727 0 0
302893661 5 0
302893656 8 0
302893654 2 0
302893650 7 0
302893615 17 19
302893599 5 1
302893563 16 8
302893561 7 14
302893553 0 0
302893532 12 12
302893522 20 1
302893514 6 30
302893511 7 27
302893509 3 0
302893445 15 1
302893399 2 0
302893392 5 0
302893387 1 0
302893345 2 0
302893324 1 4
302893258 2 0
302893236 6 12
302893187 12 2
302893114 2 0
302893068 0 0
302893043 7 0
302893013 2 0
302893012 0 0
302892999 1 1
302892989 15 0
302892977 5 0
302892973 12 8
302892942 44 104
302892908 12 17
302892901 0 0
302892889 6 0
302892864 1 6
302892852 20 2
302892806 5 1
302892801 14 14
302892796 12 21
302892791 9 5
302892787 5 1
302892781 0 0
302892726 0 0
302892722 0 0
302892708 5 15
302892688 16 20
302892646 8 1
302892635 28 1
302892624 0 9
302892615 11 6
302892613 5 2
302892612 3 4
302892610 2 4
302892596 30 2
302892588 4 22
302892580 53 47
302892569 6 5
302892561 7 18
302892535 33 3
302892449 7 1
302892444 34 3
302892429 14 0
302892371 8 2
302892361 9 0
302892335 18 0
302892321 4 0
302892316 9 1
302892239 0 0
302892154 7 0
302892016 31 0
302891929 4 2
302891912 6 0
302891835 3 1
302891805 3 0
302891667 0 0
302891660 1 2
302891368 5 0
302891313 11 0
302891139 1 5
302891134 14 2
302891127 0 0
302891126 10 6
302891124 0 1
302891116 1 0
302891100 3 20
302891098 11 21
302891072 12 54
302891041 5 0
302891030 15 27
302891015 12 23
302890997 2 0
302890995 2 0
302890977 19 0
302890967 2 0
302890963 10 0
302890948 20 66
302890937 4 0
302890919 1 0
302890917 18 17
302890865 6 33
302890854 1 2
302890852 1 2
302890809 1 2
302890786 29 10
302890776 1 0
302890762 1 0
302890761 96 11
302890724 0 0
302890713 1 2
302890697 0 0
302890683 0 1
302890601 3 1
302890567 1 1
302890491 11 0
302890436 47 3
302890409 15 1
302890405 3 0
302890403 17 2
302890370 20 22
302890268 1 0
302890254 1 0
302890226 0 0
302890200 15 45
302890194 4 42
302890185 9 0
302890050 6 26
302890046 7 34
302890043 19 14
302890028 25 3
302890018 10 2
302890016 25 22
302890015 9 26
302889956 14 22
302889944 5 119
302889932 29 2
302889903 31 7
302889884 0 0
302889746 9 18
302889688 2 2
302889687 1 1
302889658 2 1
302889530 11 28
302889471 39 4
302889379 23 10
302889365 0 1
302889283 0 1
302889238 0 2
302889226 13 5
302889145 0 2
302889142 0 1
302889092 11 6
302889064 8 1
302889060 3 1
302889022 25 4
302888972 18 22
302888790 1 0
302888762 24 17
302888751 0 0
302888717 2 2
302888704 0 0
302888679 8 3
302888678 9 17
302888666 1 1
302888582 2 0
302888565 1 0
302888485 18 8
302888438 10 70
302888390 3 4
302888353 22 7
302888286 3 25
302888278 3 20
302888246 26 66
302888204 7 39
302888145 14 4
302888070 2 4
302888041 17 8
302887896 2 0
302887864 24 93
302887689 1 0
302887662 4 13
302887610 26 6
302887440 29 7
302887436 10 23
302887394 4 2
302887375 66 5
302887366 2 0
302887209 26 2
302887202 2 0
302887012 2 0
302886930 33 6
302886856 1 0
302886727 1 3
302886459 3 0
302886419 6 0
302886367 0 1
302886259 11 22
302886238 0 1
302886236 4 0
302886096 22 4
302886056 20 1
302886005 51 4
302885935 19 0
302885814 20 2
302885162 10 1
302885004 4 1
302884989 0 0
302884985 6 0
302884982 0 1
302884980 7 3
302884974 41 12
302884967 15 2
302884961 1 0
302884957 1 1
302884953 19 7
302884933 7 0
302884930 1 1
302884912 0 1
302884911 41 2
302884910 20 6
302884903 20 2
302884897 21 10
302884892 1 4
302884891 19 0
302884884 23 0
302884876 14 4
302884874 20 0
302884872 6 1
302884871 35 4
302884869 5 0
302884865 10 11
302884864 0 1
302884863 1 2
302884860 1 1
302884859 6 60
302884848 9 1
302884840 18 17
302884837 5 1
302884836 7 35
302884835 9 5
302884827 17 3
302884824 13 61
302884820 12 5
302884800 24 11
302884797 7 21
302884795 25 7
302884788 10 1
302884787 0 2
302884780 10 35
302884778 10 13
302884772 7 53
302884769 3 4
302884765 4 6
302884756 7 4
302884736 16 4
302884732 6 0
302884728 6 0
302884727 6 0
302884725 6 0
302884724 6 0
302884723 6 0
302884722 2 0
302884721 6 41
302884713 2 1
302884708 22 2
302884703 11 3
302884702 6 48
302884700 17 1
302884698 13 1
302884691 41 3
302884690 6 0
302884686 1 8
302884682 9 1
302884680 9 4
302884676 30 34
302884675 2 1
302884674 1 4
302884670 12 14
302884668 1 5
302884657 18 34
302884651 19 0
302884647 7 0
302884644 2 0
302884627 27 6
302884622 87 12
302884618 2 30
302884610 1 6
302884598 20 9
302884595 9 0
302884588 0 1
302884587 13 5
302884586 2 0
302884583 29 1
302884580 5 1
302884573 5 9
302884530 4 0
302884525 5 18
302884508 32 3
302884506 10 0
302884502 7 0
302884482 7 29
302884465 0 0
302884443 28 18
302884435 16 18
302884434 1 1
302884424 10 10
302884414 8 9
302884413 13 2
302884403 11 37
302884370 4 1
302884367 23 1
302884358 0 1
302884353 0 0
302884347 2 0
302884341 2 0
302884338 8 0
302884334 20 5
302884333 10 1
302884332 3 2
302884326 9 18
302884322 24 1
302884319 13 4
302884315 5 1
302884308 11 0
302884300 6 1
302884294 8 1
302884293 13 8
302884289 2 2
302884286 11 0
302884278 8 0
302884272 11 1
302884265 5 1
302884256 0 0
302884254 26 8
302884253 22 0
302884242 0 1
302884240 9 0
302884239 81 2
302884238 13 2
302884221 14 1
302884209 26 2
302884203 0 1
302884194 4 0
302884191 8 1
302884189 9 4
302884182 1 0
302884178 10 1
302884176 3 3
302884170 22 5
302884163 12 75
302884161 10 2
302884156 2 16
302884152 95 2
302884148 2 8
302884136 5 18
302884129 0 3
302884125 0 0
302884120 7 0
302884119 4 1
302884113 7 0
302884105 2 1
302884104 6 24
302884097 6 92
302884094 24 2
302884092 8 2
302884090 5 0
302884082 8 1
302884074 15 2
302884073 9 3
302884065 47 2
302884051 7 3
302884040 1 3
302884032 6 0
302884027 4 0
302884002 41 8
302883997 5 8
302883988 0 0
302883984 0 1
302883977 6 76
302883973 6 72
302883967 2 3
302883958 1 3
302883954 0 0
302883953 0 0
302883950 1 0
302883945 1 0
302883937 7 4
302883929 0 4
302883905 4 0
302883900 0 0
302883899 0 1
302883893 13 6
302883884 7 0
302883883 3 7
302883873 11 33
302883871 6 4
302883864 4 0
302883862 31 15
302883860 0 0
302883859 13 1
302883858 84 3
302883856 3 0
302883855 0 0
302883854 9 3
302883844 7 4
302883831 0 2
302883830 6 1
302883826 1 0
302883824 8 0
302883823 0 0
302883814 20 2
302883810 0 0
302883807 0 5
302883805 26 2
302883804 0 0
302883796 2 0
302883792 16 18
302883787 6 0
302883785 16 1
302883784 39 9
302883782 10 1
302883776 1 23
302883774 20 56
302883768 31 2
302883753 0 0
302883748 0 2
302883732 15 4
302883719 12 2
302883716 50 25
302883710 6 3
302883705 10 1
302883698 42 3
302883695 80 1
302883691 10 0
302883688 10 17
302883685 14 39
302883681 0 0
302883679 1 2
302883677 3 0
302883676 29 5
302883673 4 0
302883672 2 3
302883670 0 0
302883669 2 2
302883648 1 26
302883638 30 24
302883626 10 16
302883624 13 1
302883619 10 26
302883618 37 3
302883613 8 9
302883602 31 14
302883601 12 2
302883595 13 0
302883592 32 9
302883584 0 0
302883583 3 1
302883578 10 0
302883577 5 0
302883567 23 0
302883563 0 0
302883559 0 0
302883558 2 0
302883554 54 35
302883550 0 0
302883547 4 2
302883545 12 0
302883534 13 10
302883523 33 4
302883522 3 0
302883519 35 4
302883516 52 2
302883511 65 21
302883505 0 0
302883496 6 4
302883489 0 1
302883486 4 22
302883484 14 42
302883473 0 1
302883472 7 1
302883461 3 2
302883460 4 12
302883459 6 2
302883458 2 0
302883453 19 3
302883449 46 40
302883448 35 11
302883426 75 1
302883420 14 7
302883418 26 9
302883412 10 5
302883402 2 1
302883401 5 2
302883397 11 1
302883383 0 0
302883375 2 0
302883370 11 6
302883369 25 6
302883368 7 0
302883366 20 1
302883350 1 0
302883335 36 6
302883328 0 0
302883322 7 1
302883321 2 4
302883313 1 0
302883309 23 3
302883307 40 2
302883306 140 43
302883298 7 1
302883295 0 3
302883290 13 4
302883288 0 0
302883287 17 0
302883284 16 5
302883277 4 1
302883275 4 9
302883272 14 3
302883269 17 2
302883250 19 2
302883248 9 1
302883245 3 2
302883244 6 1
302883236 0 0
302883222 10 10
302883220 30 8
302883218 4 0
302883201 22 20
302883200 0 0
302883199 0 1
302883183 1 1
302883181 18 8
302883179 2 1
302883176 4 1
302883174 0 0
302883167 42 5
302883163 14 1
302883157 0 0
302883156 0 1
302883153 1 2
302883152 1 0
302883151 7 8
302883147 26 4
302883146 6 33
302883144 21 13
302883140 10 0
302883139 0 0
302883122 5 0
302883121 40 4
302883118 8 10
302883117 6 141
302883116 3 1
302883109 2 24
302883107 56 18
302883104 7 28
302883103 0 0
302883102 8 26
302883097 15 28
302883094 10 25
302883091 13 22
302883087 8 21
302883086 11 0
302883085 8 21
302883084 8 23
302883083 7 21
302883082 6 21
302883080 7 19
302883079 5 17
302883078 8 10
302883076 4 18
302883068 22 2
302883055 30 5
302883053 9 0
302883052 4 28
302883035 0 0
302883029 0 0
302883016 0 1
302882999 24 13
302882998 1 16
302882997 1 0
302882992 0 2
302882989 0 0
302882986 13 0
302882985 0 1
302882982 33 13
302882980 3 36
302882976 11 0
302882970 10 0
302882969 15 2
302882968 27 69
302882966 37 7
302882959 0 0
302882955 14 6
302882951 8 2
302882944 3 0
302882943 0 0
302882942 7 0
302882940 1 1
302882933 26 34
302882932 0 0
302882927 5 0
302882923 6 1
302882917 30 8
302882912 68 0
302882911 51 2
302882906 2 2
302882904 27 1
302882894 5 0
302882890 0 0
302882888 5 63
302882880 3 1
302882877 5 0
302882874 3 75
302882872 33 8
302882857 1 1
302882856 16 5
302882852 0 2
302882851 14 8
302882843 4 40
302882838 15 5
302882816 14 2
302882815 31 1
302882792 33 5
302882789 4 0
302882786 12 3
302882780 31 21
302882778 2 11
302882758 2 1
302882755 20 10
302882753 53 6
302882752 4 0
302882744 23 5
302882739 49 2
302882734 20 5
302882732 4 0
302882725 11 0
302882722 6 2
302882721 33 2
302882719 0 0
302882718 0 0
302882705 20 10
302882696 3 23
302882694 8 30
302882691 58 0
302882688 9 9
302882686 19 6
302882682 3 2
302882681 47 32
302882680 25 7
302882678 0 0
302882677 2 0
302882674 45 8
302882673 8 31
302882668 7 1
302882664 24 8
302882663 2 6
302882660 1 0
302882654 10 37
302882653 2 23
302882648 4 1
302882647 22 14
302882642 20 1
302882639 12 17
302882638 10 11
302882636 40 10
302882635 4 0
302882629 6 2
302882628 3 1
302882616 5 1
302882615 6 2
302882612 10 18
302882610 0 1
302882609 18 12
302882607 0 0
302882599 0 0
302882596 2 3
302882595 4 33
302882594 4 2
302882591 38 3
302882589 12 3
302882588 41 2
302882585 9 2
302882582 10 8
302882578 22 2
302882575 1 4
302882574 11 6
302882569 8 6
302882567 7 1
302882566 1 36
302882563 4 2
302882558 11 1
302882552 0 0
302882548 4 30
302882542 7 20
302882541 7 27
302882540 10 76
302882536 5 25
302882529 1 1
302882523 9 21
302882517 16 6
302882516 7 112
302882512 14 1
302882511 10 1
302882510 1 2
302882509 9 2
302882507 33 8
302882506 12 56
302882504 25 5
302882503 9 6
302882501 5 10
302882488 3 20
302882485 0 1
302882483 4 11
302882481 7 23
302882470 22 7
302882461 0 2
302882460 13 1
302882459 17 22
302882449 0 1
302882445 0 19
302882442 9 49
302882436 26 43
302882435 27 2
302882433 49 15
302882432 9 5
302882431 14 3
302882426 4 9
302882423 25 5
302882422 33 8
302882418 28 3
302882417 1 2
302882415 3 1
302882413 3 10
302882410 0 2
302882406 1 18
302882405 23 17
302882403 26 4
302882399 8 2
302882398 0 0
302882397 4 7
302882396 2 30
302882395 14 6
302882393 1 0
302882391 3 3
302882387 6 24
302882385 3 15
302882381 0 0
302882380 0 0
302882377 11 2
302882371 4 11
302882363 8 1
302882361 0 0
302882359 42 1
302882356 0 0
302882355 16 1
302882354 40 0
302882352 72 7
302882351 1 4
302882348 9 0
302882344 21 3
302882343 0 0
302882339 12 1
302882327 0 1
302882326 4 28
302882322 5 1
302882304 14 8
302882303 23 0
302882299 0 1
302882294 14 16
302882291 7 24
302882289 5 1
302882287 16 15
302882285 3 1
302882282 2 20
302882278 20 32
302882274 30 8
302882273 1 2
302882270 9 2
302882268 4 24
302882266 1 3
302882261 16 2
302882257 1 1
302882252 8 7
302882251 14 12
302882249 18 2
302882246 10 19
302882239 0 0
302882237 12 3
302882236 0 0
302882227 0 160
302882226 7 1
302882225 11 30
302882218 0 6
302882215 33 2
302882212 0 0
302882210 2 1
302882197 0 4
302882191 33 4
302882190 10 4
302882189 2 8
302882186 5 181
302882177 1 1
302882174 14 34
302882163 8 1
302882160 7 3
302882157 4 1
302882149 21 20
302882148 15 0
302882147 2 27
302882144 8 13
302882136 32 4
302882130 3 2
302882129 1 0
302882124 3 1
302882120 10 0
302882119 1 0
302882114 0 1
302882111 23 1
302882110 5 37
302882097 11 0
302882095 16 3
302882087 13 4
302882086 15 12
302882084 0 0
302882083 0 0
302882082 0 0
302882080 1 1
302882075 1 5
302882072 2 0
302882071 4 9
302882069 7 10
302882066 11 6
302882062 1 0
302882060 24 7
302882059 0 0
302882055 8 7
302882053 7 7
302882052 8 3
302882047 5 3
302882042 28 15
302882041 0 1
302882040 0 5
302882038 0 85
302882037 5 2
302882036 1 1
302882034 10 0
302882025 21 5
302882022 25 15
302882010 21 4
302882009 0 0
302882005 20 6
302882004 0 0
302882001 7 0
302881989 61 2
302881984 29 1
302881979 2 8
302881977 5 2
302881971 7 2
302881970 17 1
302881968 20 6
302881967 10 3
302881966 5 2
302881965 0 0
302881962 4 1
302881961 47 3
302881957 6 6
302881954 18 11
302881952 15 14
302881951 56 1
302881949 11 14
302881946 1 0
302881944 0 1
302881943 52 1
302881940 0 1
302881930 0 1
302881926 24 2
302881924 15 10
302881921 3 3
302881919 0 1
302881918 17 2
302881917 5 17
302881916 17 7
302881914 0 1
302881911 15 14
302881910 4 2
302881908 3 19
302881904 3 6
302881903 1 1
302881902 21 14
302881900 9 17
302881899 9 1
302881898 6 1
302881897 10 2
302881896 7 1
302881893 38 5
302881892 0 0
302881888 60 78
302881887 17 8
302881885 14 3
302881883 0 5
302881882 9 1
302881878 1 1
302881877 5 23
302881875 6 2
302881874 109 4
302881869 0 1
302881860 0 1
302881855 19 4
302881852 33 5
302881849 1 1
302881845 1 1
302881844 0 1
302881841 1 3
302881838 0 2
302881836 12 33
302881835 6 6
302881832 0 1
302881822 83 4
302881819 20 5
302881817 18 4
302881815 14 10
302881814 24 6
302881813 7 2
302881811 1 1
302881810 2 2
302881803 11 4
302881802 65 17
302881799 45 10
302881793 23 19
302881792 30 3
302881791 18 6
302881788 100 2
302881787 14 13
302881785 9 2
302881784 12 1
302881782 1 67
302881777 13 3
302881776 32 11
302881774 6 2
302881771 11 1
302881769 0 1
302881767 10 5
302881765 16 6
302881763 15 10
302881752 42 4
302881751 8 2
302881748 2 1
302881746 2 7
302881744 2 3
302881743 25 8
302881740 1 4
302881737 6 4
302881736 1 0
302881734 0 0
302881729 2 16
302881725 30 1
302881723 0 8
302881721 0 0
302881720 8 8
302881718 4 0
302881715 1 1
302881712 40 2
302881710 20 10
302881709 9 0
302881708 3 6
302881705 14 1
302881699 20 5
302881694 0 0
302881688 19 20
302881684 11 2
302881680 2 1
302881679 21 9
302881678 4 42
302881677 26 0
302881673 2 0
302881672 14 2
302881668 7 0
302881667 9 5
302881662 17 3
302881657 9 1
302881648 0 0
302881647 4 2
302881643 12 1
302881642 0 0
302881640 13 0
302881638 3 1
302881637 13 28
302881635 6 0
302881633 1 0
302881631 0 0
302881627 17 6
302881619 10 103
302881617 0 1
302881616 20 15
302881614 54 8
302881613 16 42
302881609 9 2
302881608 0 1
302881607 43 8
302881604 6 4
302881597 0 1
302881595 4 2
302881594 32 5
302881591 8 6
302881582 6 0
302881577 8 1
302881574 17 10
302881572 1 0
302881564 4 1
302881562 19 3
302881557 23 7
302881556 9 23
302881551 25 2
302881547 9 6
302881543 25 4
302881542 4 9
302881541 6 3
302881540 7 1
302881535 12 0
302881528 26 4
302881525 6 1
302881520 0 0
302881502 1 6
302881495 32 31
302881479 1 2
302881478 2 2
302881472 1 0
302881467 0 1
302881457 7 29
302881456 0 0
302881450 5 2
302881448 1 3
302881447 8 2
302881445 1 4
302881444 7 2
302881443 11 61
302881442 8 2
302881440 8 79
302881438 10 33
302881436 3 1
302881435 7 18
302881434 4 4
302881431 17 4
302881430 7 0
302881426 13 2
302881424 4 37
302881421 8 4
302881417 1 0
302881416 8 1
302881414 21 5
302881413 1 4
302881412 32 3
302881406 5 36
302881401 1 12
302881399 1 7
302881396 1 8
302881395 37 7
302881394 8 1
302881393 0 6
302881391 275 11
302881390 1 0
302881389 0 1
302881388 12 1
302881384 27 2
302881379 1 0
302881375 6 96
302881372 8 0
302881364 17 4
302881361 30 5
302881359 0 2
302881358 4 0
302881357 4 29
302881356 3 9
302881355 10 0
302881352 4 14
302881350 0 0
302881348 8 9
302881345 22 1
302881343 6 7
302881339 3 40
302881338 28 2
302881332 148 11
302881330 9 1
302881324 63 0
302881322 26 1
302881318 5 54
302881314 10 17
302881309 4 0
302881303 17 18
302881298 20 5
302881296 29 1
302881293 16 9
302881290 12 8
302881286 1 0
302881284 20 18
302881282 0 3
302881263 212 8
302881260 2 86
302881254 76 15
302881251 8 46
302881250 0 5
302881245 3 1
302881243 9 1
302881242 9 3
302881238 1 0
302881234 2 0
302881226 3 3
302881219 7 1
302881214 7 9
302881200 104 35
302881171 9 0
302881156 9 16
302881128 5 3
302881125 39 7
302881122 7 1
302881121 6 0
302881120 0 0
302881119 16 2
302881117 15 0
302881107 15 106
302881103 8 0
302881100 1 0
302881099 4 0
302881095 26 6
302881091 7 1
302881084 7 1
302881083 13 40
302881072 21 5
302881059 5 3
302881054 20 8
302881053 0 0
302881042 0 0
302881032 7 8
302881031 6 4
302881017 22 19
302881002 18 1
302880995 7 1
302880986 28 3
302880977 0 0
302880976 2 9
302880958 28 11
302880956 3 2
302880952 8 30
302880948 0 0
302880942 0 0
302880940 16 10
302880938 8 35
302880934 35 5
302880932 17 0
302880927 0 0
302880926 5 0
302880920 25 3
302880915 0 2
302880914 20 14
302880911 3 23
302880910 7 45
302880900 8 0
302880894 31 4
302880891 3 23
302880865 1 1
302880861 1 0
302880860 20 4
302880856 19 5
302880842 6 0
302880841 23 0
302880837 0 4
302880835 6 34
302880833 277 8
302880822 14 23
302880816 18 11
302880813 0 4
302880807 1 13
302880803 20 11
302880801 8 6
302880799 0 0
302880790 9 1
302880782 16 2
302880780 17 6
302880776 2 0
302880775 10 5
302880773 26 4
302880768 9 9
302880766 30 8
302880760 61 0
302880756 16 6
302880744 15 22
302880736 12 3
302880726 23 7
302880723 0 2
302880719 4 36
302880718 0 6
302880717 1 0
302880715 33 3
302880712 396 2
302880710 0 1
302880706 3 0
302880704 13 2
302880703 0 5
302880695 8 2
302880691 3 3
302880680 8 1
302880671 4 2
302880665 15 13
302880664 19 2
302880658 0 0
302880654 24 2
302880650 0 5
302880648 13 3
302880644 30 0
302880641 8 32
302880640 15 13
302880637 23 4
302880624 20 4
302880623 25 2
302880621 10 37
302880613 13 38
302880609 15 65
302880607 2 30
302880601 44 4
302880599 22 75
302880594 2 2
302880592 2 2
302880591 1 2
302880590 1 1
302880588 17 28
302880587 0 0
302880584 3 2
302880579 53 0
302880577 18 63
302880573 9 2
302880570 7 5
302880569 18 13
302880550 25 6
302880547 24 3
302880544 5 3
302880540 9 2
302880534 6 14
302880526 13 4
302880517 12 2
302880515 34 7
302880504 6 1
302880502 0 2
302880497 21 1
302880496 20 1
302880484 9 28
302880471 9 0
302880470 19 2
302880469 13 11
302880466 16 1
302880464 3 2
302880461 19 1
302880459 6 16
302880454 13 0
302880453 10 2
302880452 2 3
302880451 7 2
302880447 6 0
302880446 29 5
302880444 9 1
302880439 0 0
302880438 0 0
302880437 5 0
302880436 5 2
302880418 1 1
302880417 3 2
302880414 0 0
302880412 0 0
302880409 0 7
302880406 15 5
302880405 26 6
302880402 21 9
302880401 10 0
302880399 12 56
302880398 4 1
302880392 9 38
302880388 5 19
302880384 21 3
302880377 8 50
302880375 4 4
302880372 12 1
302880367 9 4
302880364 18 3
302880357 9 0
302880355 7 0
302880353 7 1
302880344 9 5
302880341 0 0
302880339 26 9
302880337 6 1
302880334 9 2
302880331 2 2
302880314 8 3
302880312 22 1
302880305 0 0
302880303 13 19
302880299 10 39
302880292 35 2
302880290 0 0
302880289 0 1
302880288 8 1
302880286 0 0
302880285 5 3
302880283 3 17
302880279 6 2
302880273 20 6
302880267 5 16
302880266 28 22
302880262 8 0
302880253 8 1
302880247 0 0
302880246 560 19
302880237 24 4
302880234 15 1
302880232 82 3
302880231 50 2
302880230 10 0
302880227 14 26
302880225 4 1
302880220 0 31
302880217 17 3
302880216 21 4
302880214 28 5
302880213 2 1
302880211 11 17
302880208 3 0
302880202 0 0
302880201 5 0
302880200 0 0
302880199 5 2
302880197 6 3
302880193 8 1
302880187 4 1
302880182 11 5
302880175 3 4
302880172 15 4
302880170 28 11
302880168 9 1
302880165 13 1
302880161 12 2
302880160 4 0
302880159 9 1
302880158 6 29
302880151 1 0
302880147 3 8
302880146 2 2
302880145 8 2
302880143 544 10
302880138 8 13
302880135 2 0
302880131 13 2
302880122 6 5
302880121 9 1
302880120 1 0
302880113 15 1
302880107 7 1
302880105 25 1
302880104 23 12
302880099 12 2
302880091 9 1
302880088 5 26
302880083 2 3
302880081 11 2
302880080 9 6
302880079 10 1
302880076 7 5
302880074 0 0
302880071 6 5
302880068 12 7
302880064 5 1
302880061 19 1
302880060 6 4
302880059 9 2
302880056 0 0
302880044 28 4
302880037 26 24
302880023 4 2
302880021 0 1
302880016 1 49
302880015 19 8
302880014 26 25
302880007 2 1
302880002 29 7
302879998 7 4
302879992 11 23
302879988 20 4
302879980 5 1
302879979 7 0
302879977 0 0
302879975 15 26
302879968 3 2
302879964 0 0
302879963 8 1
302879962 1 1
302879958 14 0
302879954 16 13
302879951 293 7
302879940 1 2
302879937 1 2
302879936 12 6
302879934 12 1
302879933 1 0
302879928 10 1
302879924 27 9
302879920 5 0
302879916 7 7
302879913 21 30
302879909 0 0
302879906 4 2
302879896 9 3
302879895 3 0
302879894 4 2
302879892 2 45
302879889 5 2
302879888 5 23
302879883 13 4
302879877 6 31
302879872 3 0
302879870 9 5
302879862 3 24
302879860 17 9
302879859 0 0
302879855 0 0
302879854 1 15
302879846 6 3
302879844 10 23
302879842 2 3
302879837 7 5
302879835 4 47
302879833 7 29
302879827 11 1
302879825 7 32
302879824 4 1
302879817 16 3
302879812 2 9
302879810 5 1
302879808 1 1
302879806 0 0
302879801 46 1
302879800 1 8
302879799 0 0
302879796 2 0
302879795 1 0
302879792 35 0
302879790 0 2
302879781 3 0
302879776 4 0
302879774 3 1
302879772 23 5
302879766 6 0
302879760 16 4
302879759 15 1
302879754 0 6
302879744 4 0
302879742 4 3
302879737 246 3
302879729 11 61
302879723 4 3
302879722 3 1
302879718 13 11
302879716 41 18
302879713 4 1
302879711 7 7
302879709 47 81
302879707 8 35
302879703 1 2
302879698 11 9
302879696 39 5
302879695 2 1
302879692 11 5
302879686 5 2
302879684 44 2
302879683 1 1
302879679 4 11
302879678 1 0
302879671 14 1
302879667 1 1
302879664 16 153
302879663 384 12
302879660 4 9
302879658 2 3
302879657 40 39
302879654 7 0
302879653 39 3
302879650 27 18
302879647 19 13
302879645 8 1
302879644 10 18
302879640 0 2
302879638 32 8
302879635 5 9
302879633 20 6
302879628 21 14
302879625 12 2
302879624 23 7
302879618 6 13
302879611 6 21
302879604 465 7
302879602 1 1
302879598 7 3
302879595 1 3
302879592 10 2
302879591 1 2
302879588 5 2
302879584 4 23
302879578 1 0
302879577 3 2
302879570 15 39
302879569 1 2
302879568 27 18
302879567 9 11
302879563 8 1
302879562 1 1
302879559 5 4
302879555 14 2
302879551 14 39
302879549 33 2
302879548 7 4
302879546 35 0
302879544 7 1
302879541 8 2
302879540 218 4
302879539 0 0
302879537 8 1
302879532 8 3
302879529 7 3
302879528 6 1
302879527 12 5
302879525 27 6
302879524 4 0
302879523 5 28
302879515 3 0
302879512 1 0
302879508 2 25
302879507 16 12
302879505 3 3
302879504 4 57
302879501 0 1
302879499 0 1
302879494 3 5
302879493 5 3
302879492 12 0
302879491 12 1
302879487 0 2
302879484 17 5
302879481 0 1
302879479 2 1
302879477 20 3
302879475 1 8
302879474 2 0
302879469 6 0
302879468 6 1
302879466 3 26
302879462 9 90
302879453 11 3
302879452 9 1
302879451 14 4
302879448 271 38
302879442 4 1
302879441 545 15
302879437 24 10
302879433 24 11
302879431 427 14
302879428 0 1
302879427 9 14
302879426 14 0
302879415 0 1
302879414 3 1
302879409 31 1
302879407 48 0
302879405 8 2
302879402 21 6
302879400 0 1
302879399 7 5
302879395 12 14
302879394 8 3
302879390 23 5
302879387 49 7
302879386 23 57
302879384 431 9
302879382 0 1
302879381 4 4
302879379 19 6
302879378 21 5
302879374 11 0
302879369 18 8
302879367 15 4
302879362 0 1
302879357 19 5
302879354 7 47
302879353 0 2
302879351 17 2
302879348 15 5
302879347 7 1
302879336 22 3
302879335 5 1
302879332 3 2
302879325 8 3
302879323 6 0
302879322 5 7
302879317 1 1
302879314 12 4
302879309 2 11
302879307 4 3
302879305 26 2
302879304 16 8
302879299 1 32
302879295 7 0
302879292 8 2
302879291 16 67
302879290 15 3
302879289 6 1
302879287 7 30
302879284 9 3
302879282 5 3
302879281 8 5
302879278 3 6
302879277 2 1
302879267 1 0
302879265 9 3
302879263 0 0
302879260 8 35
302879259 7 0
302879256 17 5
302879252 15 19
302879240 1 1
302879237 0 1
302879236 3 4
302879234 3 2
302879233 5 62
302879231 5 61
302879227 12 21
302879221 4 3
302879217 4 46
302879215 4 9
302879213 47 17
302879208 6 6
302879201 0 2
302879197 7 67
302879192 374 17
302879189 9 1
302879186 6 3
302879183 1 4
302879182 7 38
302879181 6 3
302879177 12 9
302879165 44 23
302879163 1 14
302879159 12 18
302879155 6 3
302879153 8 1
302879144 0 1
302879138 3 1
302879129 4 0
302879127 32 8
302879125 0 0
302879120 1 2
302879119 44 2
302879118 25 13
302879114 2 1
302879113 0 0
302879110 1 0
302879109 21 3
302879108 11 7
302879102 9 7
302879085 21 55
302879083 47 0
302879075 346 14
302879072 35 8
302879071 4 3
302879066 4 0
302879060 9 0
302879058 4 17
302879056 1 0
302879053 1 3
302879049 5 3
302879047 26 16
302879039 2 1
302879038 312 8
302879035 10 7
302879031 0 2
302879030 11 6
302879029 11 42
302879024 29 7
302879020 18 3
302879019 1 4
302879013 10 26
302879008 4 25
302878998 1 1
302878995 35 11
302878991 8 8
302878981 0 1
302878980 13 0
302878979 0 1
302878975 0 15
302878974 10 3
302878973 5 1
302878972 7 3
302878970 5 1
302878969 1 2
302878968 1 0
302878964 1 0
302878963 187 2
302878955 4 0
302878954 0 2
302878942 42 10
302878939 9 2
302878938 3 0
302878935 1 0
302878934 10 0
302878933 24 14
302878931 4 27
302878930 10 15
302878927 4 0
302878924 9 0
302878923 1 30
302878921 21 8
302878919 61 14
302878912 8 6
302878911 8 1
302878910 0 0
302878906 4 2
302878902 4 2
302878901 1 2
302878899 4 1
302878898 19 6
302878894 4 0
302878893 5 0
302878890 559 119
302878888 5 26
302878881 1 10
302878878 10 2
302878871 7 1
302878870 3 0
302878868 13 0
302878866 0 0
302878863 2 0
302878861 0 0
302878859 8 2
302878857 5 0
302878851 6 0
302878847 3 3
302878846 6 0
302878843 0 23
302878838 3 0
302878835 7 0
302878831 3 28
302878813 1 35
302878812 5 1
302878805 6 8
302878804 52 2
302878800 3 0
302878797 5 1
302878794 18 1
302878792 3 0
302878791 0 5
302878790 4 31
302878789 6 1
302878782 11 0
302878781 0 0
302878777 3 1
302878776 11 4
302878762 7 0
302878761 0 0
302878758 7 1
302878757 5 2
302878754 1 4
302878753 32 10
302878751 0 2
302878749 6 1
302878746 5 1
302878743 12 4
302878740 12 0
302878739 0 0
302878736 0 0
302878731 2 3
302878727 0 0
302878725 5 27
302878723 3 0
302878722 4 0
302878719 7 1
302878717 3 1
302878712 3 0
302878709 1 0
302878708 30 5
302878707 20 6
302878700 6 1
302878691 0 0
302878685 23 8
302878683 3 1
302878680 6 0
302878679 7 0
302878676 4 0
302878675 4 0
302878671 15 2
302878667 8 1
302878664 1 35
302878652 24 31
302878649 612 26
302878647 36 0
302878646 2 24
302878644 6 22
302878643 29 1
302878642 3 0
302878636 4 2
302878633 4 0
302878632 2 1
302878628 0 1
302878627 21 6
302878626 3 0
302878625 1 0
302878624 5 29
302878622 43 3
302878618 4 1
302878616 8 3
302878611 0 0
302878610 6 0
302878607 331 34
302878605 0 0
302878604 0 0
302878599 3 0
302878589 11 0
302878582 0 0
302878570 21 15
302878569 6 1
302878567 14 0
302878566 8 1
302878564 5 0
302878562 2 0
302878548 1 0
302878533 6 0
302878530 8 6
302878529 7 1
302878527 0 1
302878526 0 0
302878525 0 1
302878521 16 4
302878519 1 2
302878518 13 0
302878517 9 0
302878512 5 0
302878511 0 0
302878508 6 36
302878503 3 0
302878500 1 0
302878495 7 0
302878494 7 12
302878488 5 1
302878484 2 0
302878483 308 24
302878477 6 30
302878472 2 2
302878471 4 7
302878470 9 3
302878465 17 2
302878462 3 4
302878461 4 1
302878455 0 0
302878451 8 1
302878447 33 3
302878446 10 2
302878444 0 25
302878441 1 26
302878436 2 4
302878433 447 7
302878429 5 0
302878427 9 2
302878424 2 11
302878423 7 2
302878421 8 0
302878415 11 1
302878409 2 0
302878405 9 1
302878399 30 4
302878398 3 1
302878394 8 2
302878388 2 0
302878382 1 16
302878381 5 2
302878380 0 3
302878371 243 2
302878370 0 0
302878369 2 0
302878367 194 18
302878366 3 14
302878355 8 3
302878352 5 3
302878349 49 1
302878344 13 10
302878340 1 10
302878339 4 6
302878338 7 4
302878337 1 0
302878334 4 0
302878328 5 25
302878327 751 23
302878323 14 1
302878321 0 0
302878316 4 0
302878313 24 1
302878310 1 0
302878308 13 4
302878305 15 1
302878301 4 1
302878293 1 0
302878292 3 2
302878288 10 1
302878285 8 15
302878281 16 2
302878277 10 2
302878270 0 10
302878266 6 1
302878263 7 2
302878262 9 0
302878261 1 0
302878256 0 0
302878251 0 4
302878246 0 0
302878245 5 1
302878244 26 2
302878239 2 2
302878238 3 1
302878235 0 1
302878224 3 0
302878223 3 2
302878221 2 1
302878217 14 4
302878216 9 13
302878213 5 0
302878211 26 7
302878210 2 0
302878208 0 0
302878206 13 1
302878201 3 22
302878195 5 12
302878190 7 3
302878186 2 1
302878185 4 0
302878184 2 1
302878178 9 4
302878174 6 1
302878173 0 0
302878169 13 0
302878167 0 3
302878157 0 0
302878156 1 0
302878155 0 0
302878153 18 3
302878148 25 6
302878145 0 0
302878143 5 4
302878142 2 0
302878133 9 10
302878130 10 2
302878124 4 0
302878118 2 0
302878115 7 1
302878113 2 3
302878110 1 6
302878109 6 0
302878107 4 3
302878106 7 2
302878101 1 4
302878096 0 0
302878085 2 0
302878084 1 0
302878082 32 5
302878081 6 2
302878071 13 5
302878069 4 0
302878061 19 8
302878058 769 11
302878048 5 0
302878047 0 1
302878046 2 0
302878038 1 9
302878037 6 7
302878029 7 0
302878027 8 30
302878020 2 0
302878018 0 0
302878017 15 2
302878016 1 19
302878015 3 1
302878004 617 9
302878000 1 1
302877999 8 0
302877998 5 0
302877992 5 3
302877991 12 0
302877990 5 0
302877987 1 1
302877986 1 5
302877985 4 0
302877982 2 0
302877968 8 1
302877958 9 32
302877957 9 0
302877947 0 2
302877945 10 32
302877942 2 0
302877932 0 0
302877931 0 0
302877926 10 1
302877923 9 1
302877920 6 18
302877918 34 1
302877917 0 0
302877915 1 1
302877914 843 49
302877912 6 1
302877909 20 8
302877901 1 1
302877900 4 29
302877899 1 0
302877893 14 3
302877891 2 1
302877890 642 11
302877886 17 3
302877880 6 2
302877878 7 0
302877873 8 3
302877872 0 0
302877870 5 1
302877865 11 30
302877863 2 6
302877860 19 24
302877859 23 1
302877856 11 7
302877854 1 5
302877852 1 1
302877850 3 18
302877843 0 1
302877833 17 4
302877829 205 12
302877827 6 5
302877822 8 4
302877819 0 1
302877814 9 1
302877808 18 12
302877805 4 14
302877803 6 2
302877800 22 1
302877799 4 16
302877798 10 1
302877787 5 3
302877784 7 2
302877780 6 1
302877778 0 1
302877777 4 2
302877776 5 1
302877760 7 5
302877758 2 1
302877757 2 2
302877755 0 1
302877754 4 3
302877751 2 1
302877746 10 8
302877740 6 3
302877739 1 1
302877733 1 1
302877732 4 1
302877730 4 16
302877726 5 3
302877724 0 1
302877723 8 3
302877719 1 1
302877718 617 94
302877713 13 7
302877712 21 4
302877702 11 1
302877700 10 2
302877697 11 2
302877685 10 4
302877677 20 26
302877676 0 1
302877675 1 5
302877671 5 48
302877663 10 5
302877662 4 2
302877651 1 1
302877650 981 5
302877647 1 1
302877642 7 3
302877639 2 1
302877638 1 1
302877636 5 3
302877633 2 1
302877632 22 5
302877622 14 3
302877613 640 29
302877612 0 0
302877609 4 3
302877608 11 2
302877605 6 5
302877604 0 0
302877603 7 0
302877597 0 2
302877596 0 4
302877595 0 0
302877585 17 3
302877583 6 3
302877580 1 0
302877571 0 0
302877567 0 1
302877566 1 2
302877560 0 0
302877555 2 0
302877549 13 2
302877544 2 13
302877543 1 0
302877540 13 1
302877539 23 9
302877528 2 1
302877522 2 13
302877519 5 2
302877517 8 1
302877513 4 4
302877510 1 3
302877508 2 1
302877497 5 1
302877496 8 5
302877493 3 15
302877490 8 7
302877488 1 1
302877487 9 1
302877478 8 4
302877477 471 6
302877475 0 1
302877465 1 1
302877461 681 35
302877460 14 5
302877455 5 4
302877454 1 1
302877453 15 3
302877452 0 1
302877446 1131 27
302877439 8 2
302877435 934 8
302877432 16 5
302877420 5 4
302877415 9 5
302877408 3 7
302877403 351 9
302877402 0 3
302877401 6 1
302877399 9 6
302877398 18 1
302877388 20 1
302877386 22 7
302877385 15 9
302877381 9 0
302877373 0 0
302877370 18 4
302877369 8 1
302877366 5 1
302877363 11 10
302877361 1 2
302877357 5 1
302877355 12 1
302877352 6 0
302877350 0 0
302877349 0 0
302877347 5 3
302877340 0 0
302877333 0 0
302877331 2 3
302877329 9 1
302877328 22 6
302877326 1 0
302877323 4 5
302877322 6 6
302877320 12 0
302877319 9 0
302877315 1 2
302877314 2 4
302877311 1037 57
302877307 2 1
302877306 4 3
302877304 6 7
302877300 4 3
302877299 5 2
302877298 8 9
302877290 4 5
302877287 5 2
302877285 8 0
302877283 17 3
302877281 6 0
302877280 3 2
302877269 12 1
302877268 10 14
302877260 10 3
302877256 6 0
302877252 4 0
302877250 0 2
302877247 0 0
302877244 0 0
302877239 8 2
302877237 1 0
302877235 4 4
302877233 1 1
302877225 35 2
302877206 25 7
302877203 12 3
302877198 9 1
302877197 29 22
302877196 0 0
302877195 8 10
302877194 9 2
302877191 3 0
302877190 23 5
302877188 6 0
302877186 6 0
302877177 1513 28
302877175 3 1
302877170 949 81
302877162 0 0
302877160 4 0
302877152 0 0
302877151 1 1
302877149 13 7
302877146 26 7
302877138 0 0
302877137 2 0
302877135 9 1
302877134 1 0
302877133 9 1
302877125 24 9
302877123 3 3
302877122 6 0
302877109 1 3
302877108 6 0
302877105 3 3
302877096 8 26
302877095 7 0
302877093 749 8
302877086 6 2
302877074 9 29
302877070 7 1
302877064 0 1
302877059 1 5
302877058 21 7
302877056 2 0
302877052 3 1
302877051 0 0
302877050 16 3
302877049 2 0
302877047 2 3
302877037 342 30
302877015 2 0
302877014 0 0
302877010 7 30
302877008 6 4
302877007 3 0
302877005 6 1
302877003 1 4
302877002 3 3
302877000 1 3
302876993 13 9
302876980 2 2
302876974 689 64
302876970 2 0
302876967 13 1
302876963 0 0
302876960 4 13
302876959 5 3
302876956 13 4
302876950 5 3
302876944 9 1
302876939 5 0
302876936 24 5
302876927 0 6
302876925 443 38
302876914 3 3
302876909 4 0
302876904 275 15
302876898 4 15
302876891 1 0
302876886 5 3
302876885 10 1
302876884 2 1
302876882 1 0
302876873 2 4
302876872 8 8
302876869 7 2
302876868 8 2
302876854 2 0
302876851 0 0
302876850 17 23
302876848 10 2
302876847 3 4
302876846 1 1
302876845 0 0
302876844 8 35
302876836 5 5
302876834 2 1
302876831 2 0
302876829 1 2
302876828 542 20
302876827 2 3
302876820 12 9
302876818 12 2
302876817 7 4
302876816 4 1
302876815 3 1
302876810 2 1
302876807 11 5
302876804 4 12
302876801 2 3
302876800 16 6
302876794 0 0
302876783 12 6
302876773 7 2
302876772 8 6
302876764 12 10
302876761 5 1
302876760 4 0
302876758 3 3
302876755 5 2
302876754 10 24
302876751 6 8
302876748 3 7
302876739 2 1
302876727 1 0
302876722 5 6
302876720 21 8
302876716 18 3
302876715 7 12
302876714 0 0
302876710 0 1
302876708 1 0
302876704 0 0
302876700 0 0
302876693 6 6
302876690 0 1
302876687 12 2
302876685 11 0
302876682 498 43
302876681 6 0
302876674 6 16
302876673 16 6
302876668 25 13
302876663 20 2
302876660 5 1
302876655 8 46
302876649 0 1
302876642 0 1
302876641 8 38
302876637 5 1
302876634 2 19
302876632 2 4
302876624 5 1
302876622 11 1
302876617 9 16
302876614 5 5
302876609 1 4
302876602 5 9
302876598 4 4
302876588 566 12
302876585 2 1
302876584 0 1
302876566 8 5
302876565 2 1
302876561 3 38
302876556 11 9
302876553 1 2
302876551 1 1
302876544 4 3
302876543 8 2
302876534 0 1
302876529 12 6
302876525 17 1
302876521 1 0
302876516 2 0
302876514 807 22
302876505 19 4
302876503 0 2
302876492 12 0
302876489 226 6
302876484 37 25
302876483 0 1
302876482 6 2
302876481 5 9
302876477 6 0
302876476 1 0
302876474 1016 191
302876459 20 11
302876458 0 0
302876455 4 2
302876454 20 4
302876448 5 3
302876441 3 2
302876439 12 1
302876438 7 1
302876436 4 3
302876432 4 0
302876431 4 3
302876416 23 3
302876413 10 4
302876411 705 152
302876405 2 2
302876400 0 0
302876398 1 0
302876397 1123 55
302876393 8 0
302876391 22 6
302876388 0 12
302876382 6 0
302876381 5 0
302876380 5 6
302876378 7 17
302876373 2 1
302876369 1 0
302876367 455 27
302876365 5 1
302876360 0 0
302876358 5 2
302876356 0 1
302876355 1 2
302876353 0 0
302876350 2 28
302876348 0 0
302876347 0 0
302876339 8 2
302876332 3 1
302876325 6 0
302876319 22 44
302876318 1 0
302876305 0 0
302876296 9 42
302876294 1613 30
302876290 18 6
302876288 9 21
302876287 1062 37
302876277 11 3
302876276 739 166
302876274 746 23
302876273 10 8
302876267 11 27
302876263 4 8
302876262 2 0
302876261 44 0
302876259 24 4
302876255 2 6
302876251 20 1
302876250 4 0
302876246 7 0
302876244 16 2
302876242 2 0
302876241 25 17
302876240 5 1
302876238 1 0
302876235 5 4
302876233 10 6
302876232 896 116
302876229 13 8
302876220 3 2
302876214 0 5
302876212 1 6
302876210 4 6
302876208 4 0
302876205 12 10
302876201 2 0
302876199 4 6
302876196 8 7
302876184 6 4
302876182 0 2
302876177 2 2
302876173 1275 269
302876172 2 0
302876166 3 2
302876163 0 2
302876160 4 0
302876155 3 19
302876154 13 4
302876152 8 21
302876142 1263 31
302876139 11 0
302876136 3 0
302876125 13 6
302876119 2 0
302876118 0 2
302876114 12 2
302876107 4 0
302876106 6 0
302876098 4 0
302876090 0 0
302876089 1 2
302876083 1312 15
302876080 0 0
302876075 8 10
302876069 0 0
302876066 3 1
302876061 4 0
302876055 12 4
302876052 5 3
302876049 2 19
302876043 5 7
302876039 9 4
302876038 20 8
302876037 0 0
302876033 14 0
302876032 2 8
302876030 4 0
302876029 1127 218
302876028 2 2
302876026 1 9
302876025 0 0
302876023 7 8
302876020 12 26
302876018 0 0
302876015 4 0
302876008 1 4
302876007 32 0
302876006 1 0
302875999 8 0
302875994 4 4
302875992 1 0
302875984 7 4
302875982 16 12
302875979 6 0
302875978 404 37
302875973 1 5
302875962 7 3
302875961 8 0
302875960 0 0
302875950 0 2
302875948 7 2
302875943 1 3
302875941 4 6
302875931 0 0
302875927 0 0
302875925 2 0
302875922 25 0
302875921 0 5
302875920 2 9
302875911 10 0
302875899 10 4
302875896 710 22
302875895 16 7
302875887 1 11
302875883 573 8
302875882 221 3
302875880 0 0
302875875 0 0
302875873 10 1
302875867 1 0
302875863 0 0
302875859 7 2
302875857 0 1
302875856 293 15
302875852 12 15
302875845 0 1
302875840 39 22
302875839 0 0
302875837 12 1
302875831 2 12
302875828 7 2
302875818 1 15
302875799 8 0
302875781 0 2
302875780 1 1
302875779 0 0
302875778 5 43
302875763 0 0
302875761 0 0
302875759 5 0
302875756 6 0
302875753 8 3
302875747 0 0
302875744 0 0
302875732 0 0
302875729 0 0
302875728 1 0
302875726 0 5
302875720 0 0
302875719 0 7
302875709 28 19
302875706 1 1
302875703 26 0
302875688 4 0
302875686 10 3
302875685 357 6
302875684 3 24
302875680 15 8
302875669 5 4
302875663 0 2
302875658 5 5
302875653 6 4
302875644 3 1
302875637 0 1
302875626 4 6
302875619 0 0
302875605 1 0
302875604 5 0
302875603 1 1
302875602 10 1
302875601 3 1
302875578 3 9
302875574 7 3
302875570 1337 94
302875565 4 7
302875546 0 3
302875540 0 1
302875538 1 2
302875529 4 9
302875528 820 19
302875521 0 1
302875510 1086 58
302875509 7 0
302875504 6 1
302875498 743 33
302875491 5 1
302875487 11 4
302875484 0 1
302875482 9 4
302875479 6 4
302875475 11 9
302875469 5 7
302875458 2 1
302875455 3 1
302875452 0 1
302875439 6 2
302875436 7 3
302875427 6 24
302875424 3 3
302875415 3 0
302875411 10 6
302875405 4 1
302875397 5 3
302875396 1 0
302875386 4 1
302875383 6 5
302875373 26 2
302875367 0 1
302875357 2 2
302875356 429 20
302875353 1 4
302875352 12 5
302875349 7 5
302875342 1 0
302875335 2 1
302875311 13 3
302875302 3 2
302875301 3 0
302875295 1 6
302875292 1 0
302875289 0 0
302875287 6 6
302875282 5 3
302875281 5 1
302875279 3 4
302875273 1071 13
302875270 9 1
302875262 3 4
302875258 2 5
302875257 0 0
302875256 0 0
302875252 5 1
302875250 2 0
302875249 9 6
302875236 2 3
302875235 1 3
302875232 3 0
302875231 0 0
302875220 2 2
302875207 6 0
302875200 719 16
302875198 22 11
302875197 5 1
302875194 8 4
302875193 6 4
302875185 2 3
302875182 9 9
302875166 6 0
302875161 6 5
302875157 4 1
302875155 20 8
302875153 1 0
302875148 4 4
302875145 1330 141
302875142 8 23
302875132 5 0
302875127 11 2
302875126 0 0
302875124 0 0
302875119 3 2
302875117 9 0
302875116 3 0
302875112 317 22
302875099 4 4
302875090 11 0
302875087 9 5
302875086 6 0
302875080 967 39
302875075 3 5
302875072 1 7
302875071 5 0
302875067 2 3
302875065 1 0
302875056 5 0
302875045 3 7
302875036 4 2
302875029 3 7
302875028 5638 138
302875022 5 0
302875017 0 4
302875006 8 15
302874999 3 4
302874996 5 0
302874991 9 7
302874988 2 5
302874985 4 5
302874974 4 1
302874972 0 3
302874967 1 6
302874962 7 1
302874960 1 31
302874959 18 11
302874950 2 18
302874944 10 11
302874943 1 11
302874930 3 4
302874929 1 3
302874927 0 0
302874925 0 3
302874913 0 0
302874905 0 0
302874903 6 1
302874901 15 9
302874899 6 1
302874898 3 23
302874895 9 1
302874893 4 24
302874891 3 23
302874889 3 6
302874887 2 6
302874884 9 1
302874883 0 0
302874878 6 7
302874871 481 6
302874868 7 0
302874863 14 9
302874862 4 9
302874857 9 0
302874856 0 0
302874855 774 37
302874854 0 0
302874851 9 1
302874849 8 0
302874847 8 0
302874846 10 4
302874843 1065 17
302874842 5 1
302874836 0 0
302874835 9 5
302874834 1 0
302874832 8 0
302874831 3 3
302874830 4 0
302874829 9 0
302874828 5 1
302874823 2 0
302874822 4 4
302874821 0 0
302874820 7 0
302874817 5 3
302874816 2615 335
302874813 4 0
302874812 5 5
302874811 4 2
302874810 5 0
302874809 1506 15
302874807 24 15
302874804 3 26
302874803 5 1
302874802 5 0
302874801 0 0
302874799 1 0
302874798 5 7
302874795 458 32
302874792 2 5
302874791 3 25
302874790 1456 18
302874788 5 4
302874787 3 3
302874782 4 1
302874779 3 1
302874778 7 3
302874776 10 16
302874775 2 2
302874772 5 3
302874771 6 2
302874770 3 0
302874769 5 3
302874766 17 3
302874765 4 1
302874763 5 4
302874761 1 0
302874760 10 16
302874759 5 2
302874756 2 0
302874755 0 0
302874753 3 4
302874751 2 4
302874748 5 0
302874747 3 1
302874744 8 5
302874737 654 27
302874734 4 6
302874733 2 4
302874731 3 4
302874730 0 0
302874729 5 4
302874727 2 1
302874726 0 0
302874721 5 0
302874720 10 3
302874717 2 1
302874715 0 0
302874714 445 8
302874713 3 1
302874710 8 5
302874709 12 11
302874707 1 3
302874705 16 4
302874702 2 1
302874699 0 0
302874698 3 1
302874697 4 1
302874696 2 33
302874695 5 0
302874693 11 2
302874691 6 0
302874689 4 11
302874688 1 4
302874687 14 11
302874685 2 2
302874682 14 4
302874681 0 0
302874680 2 0
302874679 2 0
302874678 0 0
302874677 7 3
302874674 7 5
302874673 2 13
302874672 0 0
302874671 0 0
302874668 4 0
302874665 1267 72
302874664 2 0
302874663 17 4
302874662 1 0
302874661 21 7
302874660 5 17
302874658 12 3
302874657 7 11
302874654 4 21
302874651 1381 15
302874650 1 1
302874647 0 0
302874646 10 3
302874644 2 1
302874642 287 4
302874641 3 1
302874634 1 1
302874633 6 9
302874630 2 0
302874629 7 8
302874622 1 3
302874621 3 1
302874620 3 1
302874616 3 1
302874615 6 6
302874614 6 3
302874610 2 0
302874608 4 1
302874606 1978 143
302874605 2 0
302874603 6 3
302874602 1 0
302874601 8 1
302874599 3 3
302874597 4 6
302874595 9 8
302874593 845 56
302874592 0 1
302874591 0 0
302874590 32 17
302874587 4 22
302874586 849 75
302874585 7 3
302874583 3027 230
302874582 6 3
302874581 0 2
302874580 0 0
302874578 9 3
302874577 3 0
302874575 4 2
302874573 2 1
302874572 1 0
302874571 1 0
302874569 27 15
302874567 29 11
302874566 376 16
302874565 6 2
302874563 4 2
302874562 0 0
302874561 2 2
302874560 11 5
302874559 0 1
302874552 5 3
302874551 3 4
302874550 0 0
302874548 3 1
302874547 4 9
302874545 2658 70
302874544 0 0
302874543 9 53
302874541 0 0
302874540 28 14
302874539 1177 26
302874536 6 4
302874534 11 1
302874530 5 4
302874528 9 3
302874527 1961 136
302874525 0 0
302874524 1 1
302874523 4 12
302874522 0 0
302874521 6 21
302874520 4 6
302874519 0 0
302874518 0 0
302874516 2 1
302874514 2 1
302874511 8 47
302874509 7 6
302874508 12 2
302874507 2 3
302874506 4 10
302874505 1 0
302874504 1 0
302874502 5 0
302874501 9 5
302874500 5 1
302874499 9 1
302874498 8 1
302874497 8 4
302874496 1 0
302874495 4 47
302874494 0 0
302874493 0 0
302874491 1 1
302874490 0 0
302874487 2 3
302874484 26 12
302874481 1430 53
302874480 3 9
302874478 0 0
302874475 12 5
302874474 0 3
302874473 7 15
302874471 0 0
302874469 1 1
302874468 14 9
302874467 9 2
302874466 5 57
302874465 2 2
302874460 8 1
302874459 7 0
302874458 0 0
302874453 1 0
302874450 9 8
302874447 16 14
302874444 1 0
302874443 0 11
302874441 6 6
302874439 1 1
302874437 10 4
302874436 3 67
302874432 6 0
302874431 11 6
302874429 11 4
302874428 2 51
302874427 0 2
302874426 16 6
302874425 4 4
302874421 6 1
302874420 0 0
302874415 1 0
302874414 15 16
302874413 7 8
302874410 3 2
302874409 2 5
302874404 1 0
302874403 8 1
302874394 13 9
302874392 9 7
302874389 0 0
302874388 9 9
302874387 4 5
302874386 3 4
302874383 5644 503
302874379 4 4
302874378 8 10
302874373 4971 279
302874372 3 3
302874370 10 5
302874368 14 4
302874366 0 1
302874365 6 62
302874362 8 8
302874359 6 3
302874358 0 0
302874357 615 18
302874355 8 4
302874352 9 0
302874350 11 53
302874347 6 5
302874343 0 0
302874340 8 1
302874339 0 0
302874338 0 0
302874336 0 0
302874332 13 6
302874331 17 4
302874329 0 0
302874328 6 15
302874327 10 8
302874323 4126 169
302874322 5 4
302874319 1 0
302874317 9 57
302874316 1 4
302874315 4 1
302874311 6 7
302874310 10 3
302874309 6 0
302874308 4 4
302874303 4 0
302874302 4 1
302874301 0 0
302874297 6 6
302874294 3 4
302874291 4 5
302874290 7 2
302874289 0 1
302874287 5 2
302874285 0 2
302874284 10 5
302874281 1 0
302874280 4 4
302874279 2 1
302874274 1 2
302874273 3 1
302874271 8 12
302874270 4 7
302874268 8 1
302874263 8 3
302874262 0 0
302874261 1 14
302874256 6 11
302874254 3 1
302874244 2 2
302874242 0 0
302874240 5 6
302874239 13 3
302874237 1 3
302874236 7 3
302874233 2806 95
302874229 28 11
302874228 3 1
302874225 2 1
302874223 0 2
302874222 2 2
302874221 0 1
302874220 1 8
302874217 1 3
302874216 8 2
302874209 17 10
302874207 1 1
302874206 5 4
302874205 6 3
302874200 3 6
302874199 0 2
302874198 3464 70
302874197 6 6
302874196 4 2
302874191 1 4
302874183 2 0
302874178 6 8
302874175 23 21
302874173 7 5
302874172 3 4
302874170 3 2
302874165 1 32
302874164 4 1
302874163 1 2
302874161 943 35
302874160 1 2
302874157 4 1
302874155 0 1
302874153 6 1
302874150 0 0
302874149 1 0
302874146 5 3
302874145 1 3
302874143 0 0
302874142 4 3
302874141 10 43
302874140 1 4
302874139 2 2
302874138 14 8
302874136 0 0
302874133 39 24
302874132 7 4
302874131 23 7
302874129 1 1
302874127 2 2
302874126 2 41
302874124 3 1
302874123 21 7
302874122 9 6
302874121 14 6
302874120 0 2
302874118 5 5
302874117 5 2
302874114 8 1
302874109 7 2
302874108 2 1
302874104 8 2
302874103 2 0
302874101 1 7
302874100 9 1
302874099 1 0
302874098 9 4
302874096 21 9
302874095 0 0
302874094 0 0
302874093 9 6
302874092 6 9
302874091 0 1
302874090 0 0
302874089 6 1
302874087 0 0
302874082 4 3
302874081 13 0
302874080 0 4
302874078 1340 36
302874077 1 10
302874075 0 0
302874074 1 1
302874072 0 0
302874070 0 1
302874069 11 4
302874068 4 1
302874067 0 0
302874066 3684 104
302874065 6 3
302874064 4 1
302874063 1 0
302874062 2173 207
302874061 2 4
302874058 5 1
302874056 4 1
302874055 2 0
302874054 1 2
302874052 1 5
302874047 3 3
302874046 0 0
302874045 4 2
302874044 2033 120
302874043 0 0
302874042 11 3
302874041 0 0
302874039 13 3
302874037 5 3
302874036 4 2
302874035 8 9
302874034 4 1
302874031 2 2
302874030 8 3
302874029 4 4
302874028 1 1
302874025 0 0
302874021 7 1
302874020 0 4
302874019 0 1
302874017 2 3
302874016 0 0
302874015 2 3
302874013 8 0
302874010 1 0
302874009 2 2
302874008 17 5
302874007 4 2
302874006 5 2
302874005 8 2
302874004 3 0
302874003 1187 25
302874002 2 2
302874001 0 0
302874000 0 2
302873998 1 3
302873995 0 0
302873994 5 0
302873993 2 1
302873992 0 3
302873991 8 3
302873988 5 3
302873987 0 2
302873986 1 1
302873985 0 2
302873984 3 2
302873983 8 1
302873982 920 13
302873980 7 3
302873977 2 3
302873975 7 1
302873974 2 1
302873972 0 0
302873969 2 3
302873966 0 1
302873965 1 5
302873964 3 2
302873963 0 2
302873962 8 5
302873961 0 7
302873959 2 4
302873954 0 0
302873953 0 0
302873952 2 5
302873951 2 3
302873949 5 1
302873948 2 1
302873947 1 1
302873946 3 1
302873944 0 3
302873939 0 0
302873938 1 3
302873937 3 4
302873936 7 2
302873933 1 2
302873932 0 3
302873931 1 0
302873929 9 1
302873924 5 0
302873923 0 2
302873922 1 0
302873921 0 1
302873920 432 6
302873919 0 0
302873918 3 1
302873917 4 1
302873916 0 0
302873915 0 0
302873914 1 4
302873913 2 1
302873912 5084 494
302873911 0 0
302873909 2 0
302873908 1 3
302873906 1 0
302873905 7 1
302873904 10 1
302873903 9 4
302873900 3 3
302873899 2 2
302873898 3 0
302873897 2 1
302873896 0 3
302873894 0 0
302873893 0 2
302873892 3 3
302873891 2 4
302873890 1 0
302873888 0 2
302873887 1 1
302873885 1 3
302873884 0 1
302873882 0 1
302873881 6 1
302873880 2 23
302873877 0 0
302873875 6 3
302873873 0 3
302873872 2 1
302873871 5 2
302873870 0 2
302873869 1 0
302873866 0 3
302873865 2 2
302873864 2 2
302873862 0 1
302873861 0 0
302873860 0 1
302873859 0 3
302873857 0 0
302873856 6 0
302873854 0 2
302873853 3 6
302873852 3 3
302873851 0 0
302873848 6 3
302873847 5 0
302873845 0 2
302873844 1 3
302873843 0 2
302873841 3 1
302873839 5 2
302873837 2 2
302873836 0 1
302873835 0 0
302873834 5 0
302873833 0 3
302873832 0 0
302873829 0 4
302873828 3 1
302873827 0 0
302873825 0 4
302873824 0 1
302873822 7 2
302873821 2 1
302873820 0 3
302873817 0 3
302873815 0 0
302873814 1 5
302873813 0 3
302873812 2 2
302873811 1 0
302873810 0 3
302873806 2 3
302873805 0 0
302873803 0 3
302873802 0 3
302873801 0 3
302873800 0 0
302873799 0 0
302873798 0 4
302873797 1 3
