303956220 0 0
303951425 1 0
303948698 0 0
303947957 0 0
303936821 0 0
303890142 0 0
303803753 0 0
303799282 1 0
303799270 0 0
303790572 0 0
303744684 0 0
303738561 3 0
303738550 0 1
303736858 2 0
303729469 0 0
303672018 1 0
303672002 0 0
303671926 0 0
303671592 1 0
303671555 3 0
303671206 0 0
303655981 0 0
303641993 0 0
303607850 3 0
303582122 0 4
303573976 1 1
303494110 3 0
303494068 0 0
303492517 0 0
303456927 1 0
303407782 3 0
303321818 2 0
303298643 8 0
303250975 2 1
303249719 4 0
303248060 5 0
303248010 18 1
303247971 1 3
303246471 7 1
303243110 2 0
303242116 4 4
303242099 9 0
303240801 5 1
303236185 0 0
303226061 0 0
303215153 0 0
303215146 6 1
303188503 0 0
303179709 10 0
303163448 0 0
303162637 0 0
303160753 2 0
303159899 2 28
303159292 0 0
303159012 15 0
303158401 0 0
303156298 3 0
303156011 2 0
303155914 6 4
303155655 6 1
303155481 1 0
303155047 3 0
303155036 1 4
303154653 2 0
303154204 3 8
303153528 13 2
303153479 7 1
303153451 10 2
303152884 8 2
303152769 3 0
303152708 0 0
303152482 0 0
303152392 10 2
303152261 2 0
303152194 0 0
303151487 9 0
303151416 1 3
303151314 2 2
303150546 9 0
303150534 5 3
303149587 0 0
303148613 13 0
303147716 4 0
303147614 5 0
303147537 7 0
303147496 26 1
303147159 1 2
303147121 0 2
303146841 12 0
303146447 4 1
303145280 0 0
303143597 2 29
303140767 8 3
303138732 0 0
303138572 3 26
303138487 15 1
303138477 0 21
303138463 20 8
303138368 9 0
303138248 0 0
303138070 6 3
303137970 1 48
303137962 5 53
303137895 8 1
303137697 1 1
303137558 5 29
303137468 0 0
303137369 2 0
303137362 6 1
303137300 0 1
303137074 1 0
303137066 13 0
303137058 1 0
303137057 5 0
303137045 9 0
303136650 0 0
303136543 6 0
303136277 0 42
303136026 0 0
303135872 11 0
303135492 15 0
303135138 11 0
303135076 15 1
303134931 0 0
303134904 0 2
303134278 7 57
303133057 0 0
303132985 1 63
303132935 1 0
303132350 5 5
303132115 6 68
303129090 5 27
303127956 20 0
303123633 14 18
303123362 0 1
303123319 16 0
303123303 8 0
303123130 7 14
303123102 4 26
303123072 0 0
303123057 3 4
303122611 22 2
303122407 0 1
303122020 15 2
303121673 11 4
303120515 3 3
303120420 9 3
303120400 16 0
303120381 3 0
303120255 6 12
303120248 0 7
303117713 4 13
303116370 3 3
303116330 0 0
303116092 10 0
303116033 6 15
303115954 11 60
303115950 8 55
303115935 7 62
303115856 1 32
303115777 7 2
303115379 0 0
303115348 9 7
303115333 12 38
303115067 1 50
303114961 8 1
303114736 26 24
303114445 13 9
303114015 5 46
303114014 3 59
303114009 3 63
303113951 6 4
303113758 3 20
303113705 0 0
303113668 1 0
303113248 0 1
303113153 4 33
303113121 14 25
303112638 51 3
303111648 0 0
303111425 0 0
303111032 1 5
303109530 6 0
303108695 2 3
303105912 1 6
303105736 4 63
303105697 4 1
303105686 5 1
303105608 1 0
303105202 6 45
303105167 0 4
303104769 4 0
303104731 0 0
303104708 2 1
303104680 5 7
303104578 8 1
303104546 5 0
303104390 0 0
303104032 19 14
303103840 20 5
303103748 7 18
303103048 14 4
303102707 2 0
303102612 1 0
303102450 4 0
303102261 20 1
303102248 13 4
303101824 56 0
303101660 8 0
303101525 0 1
303101298 19 0
303101250 0 0
303101038 17 0
303100388 0 0
303100369 7 6
303099016 1 0
303098894 3 4
303098876 7 0
303098819 10 0
303098783 7 0
303097903 0 0
303097207 4 1
303096514 14 0
303096432 2 35
303096168 9 0
303095400 10 0
303095269 1 33
303095262 13 13
303095184 5 0
303094945 0 0
303093042 0 0
303092712 10 11
303092655 6 29
303091295 27 0
303091201 7 7
303091037 16 1
303090721 5 2
303090459 6 1
303089888 0 9
303089193 8 29
303085863 1 32
303081146 0 0
303080732 19 0
303080642 35 6
303080019 29 0
303080007 19 1
303080003 1 0
303079964 2 47
303079962 4 0
303079959 27 2
303079958 23 6
303079957 25 0
303079939 5 0
303079933 2 2
303079927 5 7
303079926 0 0
303079889 4 55
303079871 3 1
303079860 3 28
303079854 5 1
303079844 1 35
303079842 24 3
303079839 8 13
303079836 3 0
303079823 8 43
303079814 9 33
303079807 74 1
303079787 10 5
303079760 0 4
303079752 1 0
303079751 2 49
303079746 0 8
303079731 1 2
303079728 21 4
303079716 20 40
303079710 9 26
303079709 0 3
303079708 7 0
303079707 0 0
303079705 1 9
303079704 35 0
303079703 8 32
303079701 0 0
303079690 5 0
303079689 5 0
303079684 0 0
303079671 4 0
303079665 1 1
303079661 1 2
303079655 16 10
303079634 7 37
303079631 0 0
303079628 1 2
303079612 10 8
303079611 1 0
303079604 35 8
303079596 15 1
303079592 5 49
303079590 2 0
303079586 8 29
303079581 0 0
303079562 0 3
303079561 0 4
303079559 0 4
303079558 0 4
303079554 0 4
303079553 0 4
303079545 8 0
303079540 1 7
303079539 0 3
303079527 2 7
303079525 0 3
303079523 4 26
303079522 0 0
303079520 0 4
303079503 7 1
303079502 3 13
303079494 23 4
303079488 0 0
303079482 3 0
303079481 0 0
303079468 31 9
303079466 27 7
303079464 2 8
303079463 5 0
303079462 5 0
303079461 1 0
303079458 0 1
303079456 10 0
303079452 5 2
303079449 0 13
303079447 7 0
303079443 4 0
303079434 5 0
303079433 3 9
303079426 1 4
303079415 4 0
303079406 0 0
303079404 0 2
303079401 11 74
303079393 7 1
303079392 0 0
303079390 23 2
303079376 18 8
303079344 0 3
303079341 32 3
303079336 5 2
303079332 33 22
303079329 6 5
303079327 4 11
303079326 0 1
303079324 5 24
303079316 4 0
303079308 11 65
303079304 35 1
303079303 0 0
303079300 6 0
303079297 2 45
303079293 50 4
303079288 19 20
303079280 1 0
303079279 15 1
303079272 1 1
303079258 1 0
303079252 8 40
303079247 21 109
303079244 39 8
303079233 26 1
303079231 7 15
303079229 6 47
303079227 3 1
303079222 17 0
303079221 5 1
303079220 36 8
303079218 16 9
303079213 0 0
303079206 0 1
303079205 4 1
303079200 13 1
303079199 13 66
303079196 19 0
303079194 6 14
303079193 2 19
303079187 2 5
303079184 14 41
303079181 2 36
303079178 2 31
303079173 13 31
303079168 0 1
303079166 6 27
303079161 1 1
303079159 10 1
303079158 27 1
303079156 14 5
303079155 10 1
303079153 1 38
303079152 0 1
303079150 3 1
303079143 28 37
303079141 17 3
303079138 8 0
303079137 16 1
303079130 3 1
303079123 0 0
303079121 6 94
303079116 65 1
303079106 1 40
303079104 34 6
303079099 16 39
303079098 3 0
303079097 12 28
303079093 0 4
303079087 3 3
303079085 21 1
303079082 32 0
303079079 23 0
303079070 30 0
303079069 0 0
303079066 0 0
303079065 24 21
303079063 1 2
303079049 4 1
303079048 13 7
303079044 36 2
303079037 0 0
303079036 4 1
303079035 15 4
303079034 28 42
303079032 0 5
303079030 0 0
303079024 11 42
303079021 32 7
303079017 5 84
303079010 8 1
303079009 40 2
303079008 1 1
303079003 0 6
303078999 16 1
303078995 12 0
303078993 17 0
303078992 58 0
303078968 1 2
303078959 52 0
303078958 0 0
303078956 5 2
303078952 8 0
303078949 3 0
303078944 0 0
303078941 0 0
303078939 13 42
303078934 0 0
303078929 45 6
303078909 0 0
303078903 231 8
303078893 1 1
303078891 0 1
303078886 9 44
303078856 6 77
303078850 0 0
303078848 11 0
303078847 11 0
303078834 40 6
303078828 6 6
303078827 5 23
303078825 3 0
303078824 8 0
303078823 0 0
303078822 0 0
303078820 6 1
303078819 21 7
303078817 5 9
303078816 1 20
303078810 0 0
303078806 7 11
303078805 5 5
303078796 5 9
303078794 16 0
303078793 2 0
303078791 12 2
303078789 2 0
303078780 0 0
303078776 15 0
303078775 8 2
303078772 11 5
303078770 6 0
303078766 7 0
303078765 2 0
303078764 13 0
303078763 1 0
303078762 5 0
303078761 2 1
303078760 1 0
303078755 0 0
303078750 1 0
303078748 4 0
303078746 18 38
303078745 0 0
303078742 8 40
303078741 29 8
303078740 8 6
303078738 6 30
303078737 0 0
303078736 8 19
303078735 0 0
303078730 19 7
303078729 9 7
303078727 0 0
303078726 15 4
303078722 0 0
303078719 2 0
303078717 1 0
303078714 14 1
303078713 5 32
303078702 0 0
303078701 1 9
303078697 0 3
303078695 4 4
303078692 1 5
303078691 14 46
303078690 11 22
303078689 34 14
303078688 18 1
303078687 8 7
303078685 4 0
303078683 9 30
303078682 15 0
303078680 8 42
303078678 0 0
303078677 2 0
303078676 15 5
303078673 10 42
303078669 12 6
303078668 10 4
303078666 0 0
303078665 6 58
303078662 0 0
303078661 9 8
303078660 182 4
303078659 0 2
303078658 25 2
303078652 15 14
303078651 6 1
303078650 26 2
303078646 9 17
303078645 61 8
303078644 13 5
303078643 4 0
303078641 0 2
303078638 5 0
303078635 0 4
303078634 2 83
303078632 15 16
303078630 1 7
303078627 20 5
303078625 2 0
303078623 20 1
303078622 79 1
303078621 10 58
303078618 17 0
303078617 38 5
303078615 0 0
303078614 8 27
303078613 39 2
303078611 1 0
303078608 37 2
303078606 12 48
303078604 13 0
303078603 13 2
303078602 6 0
303078601 2 53
303078600 0 4
303078598 1 0
303078596 0 1
303078593 16 6
303078590 3 57
303078588 10 57
303078587 0 0
303078584 0 0
303078583 3 0
303078582 7 38
303078581 1 44
303078580 2 4
303078579 12 0
303078578 10 0
303078576 11 37
303078575 22 10
303078572 12 14
303078562 2 61
303078556 2 58
303078554 16 8
303078552 4 0
303078551 12 1
303078550 3 1
303078548 231 4
303078547 378 11
303078545 7 42
303078544 6 40
303078540 0 1
303078539 2 0
303078536 2 4
303078533 0 0
303078532 0 0
303078521 7 0
303078515 9 1
303078506 1 0
303078501 0 6
303078498 20 1
303078497 0 11
303078494 7 7
303078492 0 0
303078491 23 6
303078488 22 2
303078487 28 1
303078486 9 1
303078485 1 0
303078484 0 1
303078483 3 0
303078482 13 6
303078481 0 0
303078479 7 3
303078475 0 0
303078474 270 4
303078472 0 0
303078469 0 1
303078467 0 0
303078465 28 1
303078464 0 0
303078462 18 41
303078458 14 3
303078454 26 2
303078452 12 2
303078448 5 4
303078447 8 22
303078444 329 18
303078443 2 2
303078442 133 3
303078439 21 7
303078434 0 1
303078433 6 0
303078431 13 19
303078430 5 1
303078429 3 0
303078428 0 0
303078425 4 28
303078424 0 0
303078422 11 13
303078420 4 0
303078419 0 0
303078413 4 0
303078412 1 0
303078411 0 0
303078410 189 2
303078408 12 1
303078407 0 0
303078406 13 23
303078403 4 30
303078402 20 2
303078400 11 5
303078398 5 5
303078396 59 1
303078395 11 1
303078393 8 3
303078392 220 3
303078386 6 0
303078385 0 5
303078382 9 0
303078379 7 8
303078378 5 8
303078376 41 7
303078375 12 2
303078374 0 5
303078373 25 0
303078372 10 0
303078371 1 13
303078368 0 0
303078367 27 2
303078363 11 4
303078361 261 7
303078355 25 2
303078354 12 0
303078352 8 1
303078351 0 0
303078348 2 14
303078346 9 1
303078341 0 0
303078339 6 2
303078336 4 1
303078334 367 4
303078333 2 4
303078331 7 0
303078330 9 0
303078328 7 1
303078327 2 50
303078325 0 0
303078324 5 59
303078320 10 3
303078314 0 0
303078311 0 0
303078310 204 6
303078307 12 2
303078303 5 1
303078302 0 0
303078299 1 10
303078297 0 0
303078296 8 0
303078295 1 5
303078294 5 1
303078293 17 2
303078289 6 1
303078288 10 8
303078287 4 0
303078286 8 0
303078285 6 0
303078283 9 0
303078282 1 6
303078281 6 1
303078279 2 0
303078277 8 1
303078276 0 0
303078275 18 7
303078269 1 0
303078268 0 5
303078267 2 5
303078264 148 2
303078263 7 0
303078261 15 1
303078260 5 1
303078259 29 5
303078257 7 0
303078256 14 6
303078255 21 5
303078254 0 3
303078253 0 0
303078252 0 0
303078251 5 4
303078250 536 22
303078247 0 2
303078246 0 0
303078245 4 1
303078244 10 3
303078243 0 3
303078242 2 0
303078241 173 3
303078240 20 1
303078237 5 0
303078235 4 15
303078232 11 0
303078231 12 0
303078230 0 7
303078229 2 1
303078225 0 0
303078224 8 0
303078223 5 3
303078222 0 0
303078221 14 3
303078220 3 0
303078217 1 0
303078215 0 0
303078213 0 0
303078211 15 4
303078206 2 0
303078202 2 34
303078200 42 24
303078199 3 2
303078198 12 1
303078197 6 1
303078196 10 1
303078190 533 27
303078188 16 3
303078187 9 0
303078183 12 1
303078181 0 1
303078180 4 0
303078177 0 0
303078176 0 0
303078175 5 2
303078174 1 5
303078173 0 0
303078168 407 3
303078167 310 17
303078166 0 0
303078162 683 23
303078158 2 2
303078156 0 0
303078153 3 0
303078149 3 0
303078148 1 0
303078147 88 6
303078142 13 2
303078141 9 6
303078140 403 26
303078137 3 0
303078136 5 1
303078135 0 0
303078134 9 1
303078133 14 0
303078132 7 0
303078126 2 0
303078124 6 0
303078123 145 27
303078120 2 0
303078119 0 0
303078118 1 0
303078116 1 1
303078115 16 0
303078114 19 8
303078111 0 0
303078110 278 3
303078108 0 9
303078107 310 3
303078106 8 2
303078102 229 40
303078100 235 4
303078098 5 34
303078095 0 2
303078093 0 0
303078091 1 1
303078089 8 0
303078088 11 7
303078086 13 7
303078082 3 1
303078081 4 0
303078079 12 1
303078075 5 0
303078074 5 0
303078073 10 6
303078072 10 1
303078071 242 4
303078069 6 13
303078068 0 1
303078067 1 0
303078066 0 0
303078065 11 2
303078064 5 1
303078061 0 0
303078058 268 5
303078057 206 14
303078056 24 13
303078055 3 4
303078054 2 0
303078053 5 2
303078052 0 0
303078051 161 25
303078049 0 0
303078048 10 6
303078047 13 3
303078040 0 0
303078039 5 7
303078038 4 2
303078037 0 0
303078035 5 9
303078034 6 2
303078032 0 0
303078031 633 5
303078029 0 0
303078028 2 1
303078025 5 0
303078024 12 4
303078022 0 0
303078021 121 3
303078019 5 0
303078018 1 3
303078017 4 0
303078016 3 4
303078015 142 4
303078012 13 2
303078009 1 1
303078008 69 0
303078006 7 1
303078005 28 0
303078003 355 5
303078001 7 0
303077999 9 0
303077998 3 0
303077997 0 0
303077996 0 0
303077995 8 7
303077992 1 0
303077991 4 0
303077990 534 33
303077989 4 38
303077988 7 45
303077986 3 4
303077985 163 1
303077984 399 4
303077983 7 0
303077981 0 0
303077980 2 4
303077979 6 0
303077978 14 5
303077977 1 1
303077975 3 36
303077974 4 7
303077971 5 20
303077970 7 2
303077969 0 0
303077968 0 0
303077963 6 1
303077961 8 2
303077959 2 2
303077956 5 3
303077954 6 1
303077950 0 0
303077948 0 8
303077946 9 8
303077945 8 1
303077943 1 0
303077942 11 3
303077941 0 0
303077940 8 1
303077938 0 0
303077937 3 0
303077936 0 1
303077933 6 0
303077932 3 25
303077931 0 0
303077930 0 0
303077929 8 5
303077927 7 0
303077926 7 0
303077925 289 6
303077924 10 1
303077923 1 2
303077922 212 5
303077921 2 1
303077918 13 3
303077917 3 0
303077916 0 1
303077914 0 0
303077913 10 1
303077912 1 1
303077911 3 0
303077909 5 8
303077907 3 0
303077906 3 30
303077905 3 0
303077904 4 2
303077903 2 5
303077902 169 2
303077901 4 0
303077900 1 5
303077899 4 8
303077898 0 1
303077896 3 3
303077892 6 0
303077891 124 5
303077890 5 10
303077889 12 4
303077888 6 0
303077886 2 4
303077885 0 1
303077884 4 7
303077882 6 0
303077881 5 1
303077880 0 1
303077879 3 8
303077878 3 1
303077876 7 2
303077875 8 1
303077873 5 0
303077872 13 19
303077871 0 2
303077870 1 1
303077869 12 5
303077868 7 1
303077867 1 1
303077866 13 0
303077864 11 5
303077862 0 6
303077861 1 4
303077860 0 4
303077858 0 4
303077857 184 4
303077855 9 3
303077854 0 0
303077853 288 1
303077851 4 2
303077850 3 0
303077848 40 1
303077847 0 0
303077846 353 4
303077845 0 0
303077844 11 4
303077843 2 33
303077842 1 2
303077840 4 0
303077839 3 22
303077838 11 3
303077837 0 1
303077836 9 3
303077835 11 1
303077834 458 6
303077831 2 0
303077829 7 0
303077828 3 1
303077826 8 5
303077824 426 16
303077823 4 4
303077822 517 4
303077821 228 42
303077820 0 0
303077819 10 0
303077818 0 0
303077817 0 0
303077815 2 0
303077814 3 0
303077813 1 0
303077812 32 0
303077811 6 31
303077810 0 0
303077809 3 0
303077808 8 3
303077806 643 5
303077805 9 0
303077804 13 2
303077801 0 0
303077800 0 5
303077799 4 1
303077798 1 0
303077797 1 0
303077796 8 3
303077794 5 12
303077793 6 2
303077791 0 13
303077790 3 0
303077788 1 11
303077787 1 0
303077786 8 1
303077785 0 0
303077784 0 0
303077783 0 0
303077782 1 0
303077780 0 0
303077779 3 1
303077778 145 8
303077777 2 0
303077776 4 0
303077775 2 1
303077774 358 33
303077769 0 0
303077766 3 2
303077765 3 0
303077764 12 1
303077762 0 0
303077761 1 0
303077760 400 44
303077759 2 7
303077758 4 4
303077757 14 3
303077755 8 0
303077754 1 23
303077753 0 2
303077751 228 5
303077750 0 0
303077749 6 0
303077748 10 2
303077747 9 1
303077746 0 0
303077745 15 6
303077744 0 0
303077743 84 16
303077741 1 0
303077739 520 8
303077738 0 0
303077737 168 1
303077736 2 4
303077732 7 2
303077730 8 1
303077729 4 11
303077727 0 0
303077726 23 4
303077725 3 0
303077724 9 1
303077723 7 2
303077720 0 2
303077716 4 0
303077715 50 19
303077714 9 1
303077713 2 19
303077712 8 0
303077711 2 11
303077710 4 2
303077709 27 0
303077708 6 5
303077706 177 18
303077705 0 1
303077704 5 1
303077703 0 1
303077700 1 1
303077699 2 9
303077698 2 2
303077697 2 2
303077696 9 2
303077695 5 4
303077694 6 4
303077693 8 6
303077692 0 2
303077691 3 1
303077690 0 1
303077689 5 2
303077688 5 6
303077687 1 1
303077686 0 7
303077680 1 2
303077678 274 8
303077677 1 12
303077676 13 0
303077675 2 13
303077674 739 12
303077673 0 0
303077671 0 4
303077670 2 6
303077669 2 0
303077668 9 3
303077667 8 1
303077666 2 21
303077665 0 1
303077664 0 5
303077663 1 2
303077662 2 2
303077661 0 0
303077660 7 1
303077659 2 8
303077658 5 0
303077657 0 0
303077656 6 0
303077655 213 1
303077653 0 0
303077652 0 0
303077651 1 0
303077648 3 1
303077647 3 0
303077644 0 2
303077643 90 1
303077642 1 0
303077641 2 26
303077640 0 0
303077639 1 1
303077638 8 1
303077637 5 2
303077636 8 1
303077635 5 1
303077633 0 0
303077631 5 3
303077630 0 0
303077628 4 1
303077627 30 0
303077626 564 9
303077625 2 0
303077624 11 3
303077623 0 0
303077622 7 1
303077621 8 0
303077620 5 0
303077619 6 4
303077618 5 0
303077617 3 3
303077614 981 7
303077612 3 0
303077611 8 0
303077608 310 8
303077607 17 117
303077606 5 2
303077605 2 0
303077604 13 6
303077603 11 2
303077602 1 0
303077601 361 3
303077600 7 1
303077599 28 1
303077598 6 0
303077597 7 0
303077596 3 0
303077595 0 0
303077593 1 0
303077591 2 1
303077590 5 0
303077589 4 0
303077588 1418 17
303077587 9 1
303077586 9 2
303077584 0 0
303077583 264 5
303077582 0 0
303077579 6 0
303077578 10 0
303077577 296 3
303077576 0 0
303077575 3 0
303077574 0 0
303077573 11 26
303077572 5 0
303077571 1 3
303077570 8 0
303077569 4 0
303077568 0 0
303077567 9 0
303077565 0 0
303077564 9 11
303077563 5 0
303077562 2 0
303077561 1 0
303077559 14 2
303077558 42 13
303077556 430 5
303077555 4 3
303077553 10 2
303077552 9 0
303077551 1 1
303077549 1 8
303077548 4 29
303077547 9 2
303077545 4 1
303077544 5 1
303077543 0 0
303077542 2265 162
303077541 2 0
303077539 6 1
303077538 374 2
303077536 5 0
303077535 586 5
303077534 1 0
303077533 6 3
303077532 2 0
303077531 7 7
303077530 1418 44
303077529 1511 20
303077528 0 0
303077527 256 79
303077526 3 0
303077525 4 7
303077524 2 0
303077523 0 1
303077522 0 0
303077520 200 5
303077519 0 0
303077518 1 1
303077517 4 5
303077515 3 0
303077514 1 1
303077513 31 2
303077512 6 14
303077511 4 0
303077510 6 3
303077509 7 1
303077508 3 0
303077507 352 4
303077506 0 0
303077505 11 6
303077504 2 1
303077503 7 2
303077502 0 0
303077501 9 2
303077500 5 0
303077499 5 2
303077498 9 1
303077497 6 2
303077496 1 2
303077495 3 0
303077492 8 0
303077491 1464 319
303077490 4 0
303077489 1 0
303077488 501 5
303077487 2 0
303077486 9 7
303077484 649 9
303077483 0 0
303077482 4 2
303077479 0 0
303077478 855 120
303077477 5 0
303077476 12 7
303077475 0 1
303077474 7 1
303077473 0 0
303077472 2 2
303077471 0 1
303077470 1 1
303077469 4 0
303077468 7 1
303077467 5 0
303077466 6 2
303077465 7 58
303077464 3 2
303077463 8 0
303077462 1 2
303077461 3133 105
303077460 239 60
303077459 3630 193
303077458 0 0
303077457 3 2
303077456 2 0
303077455 4 0
303077454 5 3
303077452 5 10
303077451 0 0
303077450 4 0
303077448 0 1
303077447 1 0
303077446 0 0
303077444 0 0
303077443 0 0
303077442 0 0
303077441 0 0
303077440 6 3
303077439 0 0
303077438 7 1
303077437 0 0
303077436 5 3
303077435 0 0
303077433 0 0
303077432 35 22
303077431 3 0
303077430 5 5
303077429 6 1
303077428 1221 13
303077427 0 0
303077426 4 8
303077425 7 1
303077424 0 0
303077423 1 0
303077422 4 6
303077421 176 9
303077419 3 6
303077418 1 0
303077417 3 1
303077416 13 0
303077415 0 0
303077412 1 1
303077411 0 1
303077410 9 2
303077409 343 3
303077408 4 2
303077407 0 0
303077406 2 0
303077404 4 1
303077403 7 0
303077402 6 0
303077401 5 1
303077400 1136 25
303077399 0 1
303077397 0 1
303077396 8 2
303077395 1 1
303077393 0 0
303077392 13 7
303077391 3 5
303077389 6 0
303077388 0 0
303077387 3 2
303077386 1 0
303077384 1 0
303077383 3 4
303077382 2 0
303077381 5 6
303077380 444 9
303077379 1 0
303077378 5 1
303077376 1 0
303077375 0 0
303077374 11 9
303077373 7 1
303077372 0 1
303077371 1 1
303077370 0 2
303077369 1 0
303077368 0 2
303077366 1 3
303077364 0 1
303077363 9 4
303077362 1352 24
303077361 3 1
303077360 4 40
303077359 5 0
303077358 13 9
303077357 1 2
303077356 2 0
303077355 250 1
303077354 573 5
303077353 1366 412
303077352 8 35
303077351 8 1
303077349 2 1
303077348 0 1
303077347 0 1
303077346 0 7
303077345 1 1
303077342 5 7
303077341 0 2
303077340 9 30
303077337 1 1
303077336 4 10
303077335 0 1
303077334 13 2
303077333 1 1
303077332 1 7
303077330 1 1
303077329 1 1
303077328 2 1
303077327 1 1
303077326 0 3
303077325 2101 78
303077324 0 1
303077322 10 12
303077321 5 1
303077320 3 6
303077319 0 1
303077318 3 1
303077317 4 1
303077316 6 10
303077315 3 2
303077314 0 1
303077313 8 28
303077312 0 2
303077311 9 2
303077310 1 1
303077309 0 1
303077308 1 1
303077307 8 1
303077306 0 1
303077305 5 1
303077304 7 0
303077303 0 0
303077302 1 0
303077301 3 1
303077299 0 0
303077298 0 1
303077296 0 0
303077295 0 1
303077294 0 1
303077293 3 0
303077292 0 0
303077291 6 0
303077290 0 1
303077289 10 0
303077288 1 2
303077287 2 0
303077285 17 13
303077284 8 0
303077283 4520 24
303077282 3 7
303077281 7 8
303077280 300 90
303077279 1 2
303077278 2 29
303077276 0 0
303077274 2 1
303077273 1 1
303077272 10 5
303077270 7 3
303077269 2 6
303077268 0 0
303077267 4 10
303077266 0 0
303077265 3 0
303077264 2 0
303077262 4 0
303077261 0 0
303077260 2 0
303077259 0 1
303077258 2 2
303077256 2 2
303077255 7 1
303077254 0 0
303077252 2 3
303077251 0 0
303077250 3 8
303077249 0 0
303077248 2 7
303077247 0 2
303077246 0 0
303077244 0 0
303077243 0 0
303077242 0 0
303077241 1 0
303077240 0 0
303077239 0 0
303077237 7 4
303077236 5 1
303077234 1 2
303077233 3 6
303077232 1 2
303077231 0 3
303077230 2 12
303077229 2 3
303077228 3 5
303077227 1790 37
303077226 0 24
303077225 0 1
303077224 1 2
303077223 3 3
303077222 0 0
303077221 1 0
303077220 1 0
303077219 0 2
303077218 2 2
303077217 6 3
303077216 0 0
303077215 5 0
303077214 1 3
303077213 5 3
303077212 0 0
303077210 0 0
303077209 0 0
303077208 0 0
303077207 0 2
303077206 1 3
303077204 3 3
303077203 0 0
303077202 2 7
303077201 0 2
303077199 0 0
303077198 0 0
303077197 0 2
303077196 1 8
303077195 0 2
303077194 2 6
303077193 0 1
303077192 1 0
303077191 0 0
303077190 2 1
303077189 0 0
303077188 0 0
303077187 2 1
303077186 1 1
303077185 2 1
303077184 2 1
303077182 7 8
303077181 2 6
303077180 1 3
303077179 1 1
303077178 6 3
303077177 1 0
303077176 1 0
303077175 0 0
303077174 0 5
303077172 1 2
303077171 8 7
303077170 4 1
303077168 0 3
303077167 0 0
303077166 0 3
303077165 0 0
303077164 0 0
303077163 0 3
303077162 0 1
303077161 0 1
303077159 0 0
303077157 2 0
303077156 0 0
303077155 0 3
303077154 0 3
303077153 1 2
303077151 0 0
303077150 1 2
303077149 0 0
303077148 1 2
303077147 0 0
303077146 0 4
303077145 5 1
303077143 0 0
303077140 2 3
303077139 0 1
303077138 0 1
303077135 2 5
303077133 2 2
303077132 0 3
303077131 0 18
303077130 1 6
