303956545 0 0
303941940 0 0
303941873 0 0
303939669 0 0
303937593 0 1
303937587 1 0
303935586 1 0
303804921 4 1
303799221 2 0
303797678 0 1
303797643 1 0
303754535 0 0
303754529 0 0
303751121 0 0
303745023 1 1
303745020 0 0
303745012 5 2
303745008 0 0
303745006 1 0
303745005 4 0
303744965 0 0
303744963 0 0
303744956 0 0
303744612 0 0
303743954 1 0
303680300 0 0
303671695 1 0
303643130 0 0
303601531 0 1
303601254 2 0
303587542 2 0
303581948 2 9
303579621 0 0
303571154 8 0
303569514 19 0
303504472 4 5
303498573 0 0
303496518 5 0
303317674 10 0
303317182 5 0
303251215 6 0
303250846 1 1
303250838 1 1
303236093 0 1
303235603 1 0
303194135 0 3
303194123 5 2
303180897 3 0
303180734 1 0
303180699 3 2
303163341 2 0
303163072 3 8
303163068 3 0
303162638 3 1
303162628 0 0
303162437 3 0
303162435 1 1
303161207 6 0
303158351 0 2
303156007 10 0
303155385 3 0
303155382 0 0
303155260 3 1
303153085 1 0
303150903 0 9
303146885 16 1
303138304 3 0
303103781 2 7
303100005 1 1
303081599 7 1
303081204 2 1
303079863 4 0
303079354 3 1
303079320 7 1
303079185 3 0
303078894 1 0
303078693 3 0
303078626 11 0
303078343 0 0
303076858 1 8
303076855 1 5
303076852 13 19
303076558 23 0
303076541 4 0
303072289 3 0
303072285 5 0
303070597 14 2
303070402 5 0
303070399 3 0
303069977 0 0
303069484 0 0
303069420 18 2
303069392 2 0
303069379 0 3
303068971 7 0
303058289 1 1
303058232 1 0
303046879 4 0
303032697 1 4
303032677 10 9
303020515 3 0
303007923 8 6
303000167 0 0
302989632 1 1
302987830 6 1
302987786 0 0
302987690 0 0
302987137 0 0
302987107 0 0
302987060 2 32
302987019 1 1
302986854 1 9
302986843 7 0
302986641 3 0
302986638 1 11
302986444 1 0
302986019 1 0
302985955 9 0
302985470 0 2
302984382 4 1
302984328 0 1
302984325 1 8
302984009 0 0
302983830 8 1
302983806 25 6
302982326 10 3
302981962 1 32
302981896 6 2
302980991 2 1
302980770 5 0
302980327 5 3
302980224 7 17
302979858 8 29
302979771 0 0
302979660 0 0
302979231 1 13
302979065 14 2
302978831 8 0
302978789 0 0
302978698 5 18
302978681 8 1
302978677 6 0
302978563 2 1
302978489 0 0
302978441 0 0
302978071 13 0
302978034 2 0
302978025 5 1
302977993 4 4
302977983 9 1
302977981 1 2
302977972 7 0
302977894 10 5
302977735 1 0
302977731 1 1
302977383 0 13
302977214 2 0
302977067 0 0
302976777 4 0
302976591 3 1
302976529 7 6
302976207 15 0
302976184 5 0
302976101 2 0
302975788 0 0
302975431 5 2
302975322 4 1
302975156 12 6
302975043 4 17
302974446 3 3
302974427 4 0
302974376 3 0
302974366 1 2
302974345 8 12
302974311 1 0
302974273 0 0
302973552 2 13
302973550 4 3
302973269 0 0
302973079 3 36
302972854 2 0
302972539 0 1
302972397 9 0
302972390 13 1
302972058 16 0
302971602 15 2
302971367 0 0
302970707 6 0
302970115 1 8
302969203 1 1
302968645 6 0
302968137 54 2
302967997 8 1
302967892 48 1
302967703 4 1
302967470 3 0
302967286 1 1
302967183 6 2
302966804 42 3
302966619 1 5
302964792 4 0
302963755 1 2
302962128 27 2
302961859 3 9
302960517 23 41
302959432 0 0
302954722 4 0
302953521 16 0
302953038 0 0
302952898 5 4
302952789 0 0
302952786 0 0
302952603 1 4
302952498 5 1
302952446 40 7
302952356 0 0
302952045 8 1
302951984 1 0
302951797 3 2
302951565 0 1
302951530 0 1
302951370 0 1
302951170 1 3
302950709 8 6
302948636 6 2
302948630 3 74
302948566 16 4
302948543 9 3
302948484 12 2
302947852 5 32
302947849 3 38
302947128 2 1
302946027 0 0
302944616 2 1
302937899 3 41
302935825 0 49
302935742 0 1
302935603 6 2
302935519 1 0
302935499 19 5
302935461 1 24
302935425 2 4
302935347 3 3
302934840 17 1
302934329 4 0
302934279 0 2
302934143 12 2
302933870 7 43
302933336 8 4
302927928 2 2
302927881 0 32
302927000 119 3
302926995 10 4
302926742 2 0
302926690 4 15
302926522 11 9
302926395 1 0
302925017 3 2
302924843 3 3
302924842 17 1
302924574 8 3
302924431 5 18
302923641 7 18
302923276 5 0
302923258 4 4
302922901 9 2
302921578 0 0
302913947 1 34
302913927 6 1
302913841 0 0
302913838 11 2
302913836 1 5
302913806 9 2
302913790 0 1
302913700 5 41
302913576 1 1
302913503 0 2
302913448 2 1
302913295 37 1
302913160 4 0
302913121 19 2
302913086 9 1
302912985 0 2
302912783 18 4
302912749 3 4
302912733 7 31
302912722 2 10
302912342 0 3
302912225 0 1
302912045 2 9
302911948 9 96
302911873 4 0
302911860 0 9
302911857 0 1
302911856 0 1
302911853 0 1
302911840 1 2
302911550 0 4
302911460 5 1
302911457 4 3
302911257 1 0
302911159 4 0
302911122 49 2
302911078 3 0
302910846 10 2
302910806 0 0
302910203 17 1
302910172 0 0
302910129 6 55
302909425 16 0
302909062 7 0
302909017 9 2
302908938 21 5
302908822 2 59
302908746 14 0
302908692 147 4
302908621 1 1
302908520 3 0
302908343 1 5
302908310 46 0
302908099 20 13
302907914 6 4
302907878 0 6
302907682 20 1
302907664 30 2
302907614 6 0
302907521 6 1
302906771 15 1
302906539 6 0
302906268 0 0
302905721 6 0
302905605 0 0
302905491 10 0
302905411 29 2
302905110 9 1
302904955 17 3
302904947 4 1
302904936 1 0
302904680 7 0
302904614 5 33
302904602 4 1
302904570 0 1
302904451 27 1
302903774 13 7
302903735 6 0
302903712 4 2
302903495 25 22
302903454 0 0
302901524 0 0
302901314 0 0
302901161 0 0
302900932 17 0
302900726 5 73
302900695 8 2
302900554 26 1
302899172 6 17
302898951 59 7
302898857 1 2
302897512 0 0
302896666 12 0
302896134 7 3
302894939 0 0
302894756 4 55
302894611 5 50
302894579 10 1
302894525 13 10
302894400 5 0
302894320 9 21
302894313 2 1
302894292 4 1
302894287 0 0
302894256 3 2
302894246 9 0
302894245 22 6
302894243 1 1
302894238 8 1
302894231 4 0
302894221 23 1
302894218 23 10
302894215 15 2
302894212 4 1
302894208 7 0
302894205 9 0
302894200 23 4
302894199 10 7
302894196 12 0
302894190 0 58
302894189 3 1
302894187 10 25
302894182 19 3
302894178 6 1
302894158 12 46
302894157 3 11
302894152 1 0
302894144 3 0
302894131 0 2
302894125 7 0
302894121 69 3
302894107 6 1
302894100 0 1
302894098 7 0
302894094 26 2
302894092 0 1
302894090 3 21
302894089 5 0
302894084 0 1
302894083 18 0
302894082 4 0
302894080 2 1
302894078 4 0
302894077 7 0
302894071 18 4
302894070 0 0
302894069 0 0
302894068 10 54
302894067 7 1
302894066 6 21
302894065 1 2
302894062 2 0
302894061 3 0
302894060 4 0
302894058 4 0
302894057 26 14
302894053 5 0
302894051 1 0
302894049 8 12
302894048 13 1
302894043 8 27
302894041 0 0
302894037 0 0
302894034 25 1
302894022 8 66
302894012 31 53
302894011 19 3
302894010 2 2
302894009 13 1
302894006 5 31
302894004 13 1
302894000 18 1
302893998 0 0
302893997 135 2
302893993 1 1
302893989 61 1
302893988 0 0
302893987 11 0
302893986 0 5
302893985 3 3
302893984 5 51
302893983 1 7
302893980 9 0
302893979 0 5
302893977 5 3
302893975 29 21
302893974 5 0
302893973 3 2
302893971 7 2
302893969 1 2
302893962 2 9
302893960 0 0
302893959 0 0
302893954 9 0
302893952 34 3
302893947 39 3
302893946 8 0
302893936 26 5
302893928 7 1
302893926 0 0
302893925 1 0
302893918 3 0
302893917 5 0
302893916 4 45
302893909 136 3
302893908 20 1
302893907 11 0
302893904 7 34
302893903 3 1
302893896 7 0
302893895 152 6
302893894 2 2
302893884 0 0
302893883 0 0
302893880 7 1
302893870 13 0
302893866 36 2
302893863 0 27
302893861 0 0
302893858 2 39
302893857 6 45
302893856 129 2
302893851 1 97
302893842 10 19
302893841 0 0
302893838 6 55
302893837 2 1
302893836 47 2
302893834 6 2
302893828 49 1
302893821 0 0
302893816 0 0
302893815 6 0
302893810 0 7
302893808 2 32
302893806 9 3
302893805 210 2
302893804 8 0
302893802 34 6
302893799 9 0
302893798 0 0
302893793 0 0
302893788 31 32
302893783 0 0
302893782 10 0
302893776 12 0
302893773 13 0
302893772 0 1
302893770 1 0
302893759 12 1
302893757 2 2
302893750 6 7
302893749 9 18
302893748 5 107
302893746 0 0
302893737 7 43
302893734 16 1
302893726 12 5
302893725 0 0
302893724 6 69
302893718 7 2
302893711 0 0
302893709 253 1
302893708 21 3
302893707 0 2
302893705 10 85
302893699 9 1
302893694 1 4
302893693 1 2
302893683 6 0
302893682 32 7
302893681 5 71
302893679 5 11
302893675 5 1
302893674 0 4
302893672 7 1
302893671 3 3
302893669 5 1
302893668 7 1
302893665 9 7
302893662 8 1
302893660 6 83
302893659 2 0
302893648 1 1
302893643 1 0
302893635 18 5
302893634 6 54
302893633 74 8
302893632 0 8
302893630 5 1
302893629 2 32
302893627 2 2
302893626 2 38
302893622 4 0
302893621 5 0
302893614 5 1
302893612 0 1
302893611 13 48
302893607 16 2
302893604 7 1
302893603 38 5
302893601 35 15
302893600 42 12
302893597 7 1
302893596 4 0
302893595 12 3
302893593 174 5
302893592 4 0
302893588 0 3
302893586 3 76
302893583 6 0
302893582 8 65
302893581 7 25
302893577 0 3
302893572 144 9
302893571 0 5
302893569 7 64
302893567 4 0
302893565 19 1
302893559 0 1
302893558 0 5
302893555 14 3
302893554 13 6
302893552 16 1
302893551 307 7
302893547 3 1
302893546 0 2
302893542 3 0
302893535 0 2
302893531 3 31
302893529 4 93
302893528 1 0
302893525 0 2
302893523 39 19
302893521 12 1
302893520 5 1
302893512 17 1
302893508 0 4
302893503 0 0
302893502 3 0
302893499 2 0
302893498 24 3
302893496 36 4
302893495 13 3
302893489 0 0
302893484 2 0
302893483 6 73
302893481 10 4
302893479 12 45
302893478 6 1
302893477 2 0
302893462 78 12
302893459 28 4
302893456 0 0
302893455 37 5
302893449 1 0
302893447 0 0
302893443 8 70
302893442 26 5
302893441 3 68
302893438 16 1
302893436 0 0
302893434 2 0
302893432 1 1
302893428 4 0
302893427 8 0
302893426 244 12
302893425 19 4
302893417 29 4
302893413 0 0
302893411 8 2
302893410 8 79
302893409 1 0
302893408 5 4
302893407 1 0
302893405 7 1
302893404 9 0
302893403 9 1
302893402 0 0
302893401 5 1
302893400 9 12
302893393 10 0
302893389 0 0
302893388 5 28
302893386 2 1
302893383 13 97
302893374 25 4
302893370 22 2
302893360 4 2
302893359 3 69
302893358 0 1
302893357 0 1
302893353 8 2
302893352 12 48
302893351 11 13
302893350 11 1
302893349 9 14
302893346 22 4
302893344 0 0
302893335 0 0
302893334 0 0
302893328 28 5
302893321 6 76
302893316 0 0
302893313 3 5
302893310 10 3
302893309 142 7
302893308 5 0
302893307 4 1
302893306 4 1
302893305 6 1
302893302 15 3
302893297 5 1
302893296 0 0
302893293 9 4
302893292 62 3
302893277 0 0
302893275 0 0
302893266 6 38
302893262 0 0
302893261 0 0
302893259 0 0
302893257 0 0
302893256 0 0
302893255 8 3
302893253 21 5
302893252 17 0
302893250 14 1
302893243 2 1
302893242 3 1
302893237 158 6
302893235 7 2
302893233 69 10
302893231 4 1
302893230 11 1
302893229 188 13
302893216 7 1
302893214 9 1
302893213 292 13
302893210 2 0
302893208 2 30
302893204 16 1
302893202 6 51
302893200 9 2
302893199 6 72
302893198 11 44
302893197 0 1
302893196 23 5
302893186 30 5
302893182 8 1
302893181 1 0
302893179 6 1
302893178 1 0
302893177 5 0
302893173 7 1
302893169 6 65
302893166 1 0
302893164 21 18
302893158 21 2
302893156 0 0
302893155 0 0
302893154 7 88
302893152 3 1
302893151 27 3
302893145 6 75
302893141 7 1
302893140 198 15
302893139 10 36
302893138 4 1
302893135 22 0
302893134 1 1
302893133 26 52
302893129 2 2
302893127 4 66
302893125 17 31
302893124 1 0
302893123 1 0
302893122 4 0
302893121 12 0
302893120 2 0
302893119 0 0
302893117 22 9
302893116 0 0
302893115 20 3
302893113 2 0
302893112 13 1
302893111 2 1
302893110 73 2
302893109 8 0
302893108 1 0
302893107 0 2
302893106 6 1
302893105 7 2
302893104 4 3
302893103 4 6
302893102 13 0
302893101 2 0
302893100 4 0
302893098 7 1
302893097 2 0
302893096 20 6
302893095 1 0
302893093 0 2
302893092 7 0
302893091 0 1
302893090 20 2
302893089 3 8
302893086 0 0
302893083 18 8
302893082 4 2
302893078 6 46
302893077 7 16
302893076 1 1
302893075 16 1
302893073 7 3
302893072 1 1
302893071 4 2
302893070 1 1
302893064 0 1
302893062 40 52
302893059 32 9
302893056 3 34
302893055 7 1
302893054 0 2
302893053 0 0
302893051 26 4
302893050 3 0
302893049 0 0
302893048 16 2
302893047 619 5
302893046 1 2
302893045 2 2
302893042 7 2
302893041 85 1
302893039 1 6
302893037 3 1
302893033 9 2
302893032 3 1
302893031 1 1
302893030 9 3
302893029 6 0
302893025 39 2
302893024 0 0
302893023 9 1
302893021 14 1
302893018 5 1
302893014 0 0
302893009 0 0
302893006 18 1
302893005 6 0
302893004 3 0
302893000 0 0
302892998 3 4
302892996 5 1
302892995 2 2
302892972 0 0
302892971 2 0
302892970 10 1
302892969 9 3
302892968 24 1
302892965 1 0
302892964 4 1
302892962 1 1
302892959 1 41
302892958 1 0
302892956 13 33
302892954 6 1
302892953 16 0
302892952 2 0
302892947 6 59
302892946 20 0
302892945 0 0
302892943 11 3
302892941 15 2
302892937 4 2
302892935 71 3
302892933 244 6
302892932 4 1
302892931 27 3
302892929 3 0
302892926 18 5
302892923 3 1
302892921 2 0
302892920 2 0
302892919 2 0
302892914 0 0
302892913 10 1
302892911 0 0
302892902 2 2
302892897 0 0
302892896 39 17
302892895 20 3
302892894 0 0
302892893 1 1
302892891 0 0
302892890 8 0
302892888 0 1
302892885 1 1
302892884 1 0
302892882 1 1
302892881 11 1
302892880 7 0
302892879 2 1
302892878 3 0
302892873 3 0
302892872 1 0
302892868 4 0
302892867 2 0
302892866 0 0
302892865 0 0
302892863 6 3
302892862 2 0
302892861 9 2
302892860 3 0
302892858 13 1
302892857 1 0
302892856 6 3
302892854 202 3
302892853 1 0
302892850 6 0
302892847 9 0
302892845 12 6
302892841 6 0
302892835 7 0
302892832 28 1
302892830 12 2
302892829 0 0
302892828 11 17
302892827 8 0
302892826 5 0
302892825 0 0
302892824 17 1
302892823 15 1
302892822 4 0
302892819 4 11
302892818 0 0
302892817 3 0
302892813 25 1
302892811 0 0
302892808 21 5
302892807 0 0
302892805 14 4
302892798 0 0
302892795 2 1
302892794 0 1
302892793 0 0
302892790 8 0
302892784 10 0
302892783 2 0
302892780 0 0
302892779 18 0
302892778 1 0
302892777 3 0
302892776 0 0
302892775 3 0
302892774 4 1
302892772 4 0
302892771 0 0
302892770 1 0
302892768 0 2
302892767 0 0
302892764 2 1
302892763 4 13
302892762 0 3
302892761 0 0
302892760 10 69
302892757 2 1
302892756 274 10
302892754 7 23
302892753 9 0
302892752 1 0
302892751 0 0
302892750 8 1
302892748 5 3
302892747 9 5
302892746 8 0
302892745 3 0
302892744 1 1
302892743 5 7
302892742 2 0
302892741 5 27
302892740 1 3
302892737 12 3
302892735 9 0
302892734 1 0
302892731 3 0
302892730 0 0
302892729 6 0
302892728 1 53
302892727 3 10
302892723 22 7
302892719 1 4
302892718 262 10
302892716 8 6
302892715 7 1
302892714 2 0
302892713 4 0
302892712 5 1
302892710 8 2
302892709 3 1
302892707 5 0
302892706 3 0
302892703 2 1
302892702 4 0
302892701 18 0
302892699 0 1
302892698 8 0
302892696 1 0
302892695 0 0
302892694 1 1
302892692 6 1
302892689 1 0
302892687 340 2
302892685 198 16
302892684 30 3
302892683 6 3
302892682 3 0
302892680 216 4
302892679 5 0
302892678 1 1
302892677 0 0
302892676 2 0
302892675 2 40
302892674 1 0
302892673 2 0
302892670 1 0
302892669 176 3
302892668 0 0
302892665 4 50
302892663 7 0
302892662 0 0
302892661 0 0
302892660 0 0
302892658 0 0
302892657 2 0
302892655 0 0
302892654 7 0
302892653 3 0
302892651 12 24
302892650 2 42
302892649 2 1
302892648 5 0
302892647 13 2
302892645 25 1
302892644 1 0
302892643 1 0
302892642 2 1
302892639 3 15
302892637 0 15
302892636 0 0
302892634 12 0
302892631 7 1
302892630 3 24
302892629 4 0
302892628 3 3
302892627 11 0
302892626 0 0
302892625 0 0
302892623 1 0
302892622 1 0
302892619 3 0
302892618 1 0
302892617 239 6
302892616 1 4
302892611 0 0
302892609 2 2
302892608 3 9
302892606 4 1
302892604 1 0
302892602 5 11
302892600 0 0
302892599 7 14
302892597 2 0
302892595 4 0
302892594 8 0
302892591 0 0
302892586 1 0
302892585 4 0
302892584 10 2
302892583 0 0
302892582 2 0
302892581 24 2
302892579 7 7
302892578 0 2
302892577 2 0
302892575 2 0
302892574 219 1
302892573 4 1
302892572 8 2
302892571 33 0
302892570 2 0
302892568 1 0
302892567 8 4
302892565 1 0
302892563 0 0
302892560 382 5
302892559 5 39
302892557 406 3
302892556 1 2
302892553 0 1
302892552 31 3
302892551 4 4
302892550 9 0
302892547 11 48
302892546 2 35
302892543 0 0
302892542 2 3
302892541 6 4
302892540 27 10
302892539 17 4
302892537 0 0
302892536 14 0
302892534 16 7
302892533 5 0
302892532 4 21
302892531 2 0
302892530 6 0
302892529 0 0
302892528 5 2
302892527 0 0
302892526 5 0
302892525 1 0
302892522 0 5
302892521 21 7
302892520 8 0
302892518 4 0
302892517 27 3
302892516 65 1
302892515 7 1
302892514 144 2
302892512 9 0
302892511 3 0
302892509 1 0
302892505 23 2
302892504 42 2
302892502 34 0
302892501 1112 13
302892499 0 0
302892498 0 0
302892496 167 7
302892495 14 0
302892491 4 1
302892490 10 2
302892487 8 0
302892486 5 1
302892485 19 4
302892483 450 3
302892482 1 0
302892481 32 14
302892480 1 3
302892479 7 1
302892477 5 3
302892476 2 21
302892474 4 1
302892473 1 0
302892472 465 3
302892471 1 5
302892470 0 0
302892466 243 9
302892463 2 0
302892460 6 1
302892458 3 50
302892457 22 4
302892454 2 0
302892453 4 0
302892452 4 0
302892450 46 1
302892448 1 8
302892446 3 0
302892445 2 0
302892443 7 0
302892440 366 3
302892439 1 1
302892438 4 1
302892437 24 1
302892436 16 0
302892435 4 0
302892434 6 0
302892433 3 1
302892432 9 0
302892430 11 0
302892428 0 1
302892427 1 21
302892426 271 4
302892425 18 0
302892424 10 0
302892422 2 0
302892421 6 2
302892420 1 1
302892419 0 0
302892418 0 0
302892417 26 0
302892415 0 0
302892414 0 0
302892413 13 8
302892411 217 4
302892409 0 0
302892408 0 0
302892407 4 0
302892406 3 0
302892405 4 1
302892404 2 23
302892403 2 1
302892399 472 12
302892398 3 13
302892397 6 0
302892396 1 1
302892394 3 1
302892393 2 1
302892392 1 0
302892391 1 0
302892389 1 0
302892388 8 38
302892387 2 0
302892386 3 0
302892385 13 0
302892384 1 1
302892382 4 0
302892381 17 11
302892379 346 19
302892375 1 0
302892374 0 0
302892373 0 0
302892372 2 1
302892370 0 0
302892368 293 5
302892367 10 2
302892364 4 0
302892362 9 4
302892360 4 55
302892359 5 50
302892358 10 2
302892357 2 0
302892356 0 0
302892355 0 0
302892354 0 3
302892351 4 18
302892350 0 0
302892349 611 8
302892348 5 5
302892347 206 2
302892346 4 2
302892345 21 1
302892343 14 1
302892342 263 4
302892340 7 0
302892339 2 0
302892338 2 0
302892336 451 5
302892334 5 0
302892331 2 0
302892330 8 0
302892328 12 1
302892327 4 0
302892326 0 0
302892325 6 0
302892324 0 0
302892323 4 0
302892320 1 1
302892319 8 0
302892317 2 0
302892315 5 0
302892314 10 3
302892311 0 0
302892310 1177 87
302892309 5 1
302892308 6 0
302892305 0 31
302892303 19 1
302892298 882 20
302892295 0 0
302892294 0 0
302892293 3 7
302892291 1 0
302892290 0 0
302892289 1 1
302892288 23 15
302892287 10 1
302892286 560 6
302892282 0 0
302892280 0 0
302892279 1 1
302892278 2814 26
302892277 4 0
302892275 0 0
302892269 1 2
302892268 2 25
302892265 4 0
302892263 9 0
302892262 0 28
302892261 6 0
302892260 12 1
302892259 19 10
302892258 9 4
302892257 0 0
302892255 171 22
302892253 11 1
302892250 5 0
302892248 3 2
302892245 5 13
302892244 1 0
302892242 255 17
302892240 0 0
302892237 6 0
302892234 666 34
302892233 0 0
302892232 0 0
302892231 6 3
302892230 4 47
302892229 490 11
302892228 0 1
302892226 0 0
302892225 0 0
302892224 1 0
302892223 1 3
302892222 6 63
302892221 3 19
302892220 2 0
302892218 3 0
302892217 0 0
302892216 5 0
302892215 3 0
302892214 7 1
302892213 0 0
302892212 16 4
302892211 0 0
302892209 627 28
302892208 7 0
302892207 0 0
302892206 4 1
302892205 1 0
302892204 3 0
302892201 3 0
302892200 5 0
302892197 1 0
302892196 6 0
302892195 6 28
302892194 14 0
302892191 18 2
302892190 17 0
302892189 0 3
302892188 3 0
302892187 0 3
302892186 1 19
302892184 1 0
302892183 1 1
302892182 0 1
302892181 30 19
302892180 1 1
302892178 12 0
302892177 2 0
302892175 0 0
302892174 0 0
302892173 1 0
302892172 0 0
302892171 284 2
302892170 1 0
302892169 0 0
302892168 5 0
302892167 0 3
302892166 0 9
302892165 7 0
302892164 2 1
302892163 0 0
302892162 0 0
302892161 0 0
302892160 0 0
302892159 0 0
302892158 8 1
302892156 3 0
302892155 6 0
302892152 2 1
302892151 1 0
302892150 9 0
302892149 0 1
302892147 0 0
302892146 395 2
302892145 1 1
302892140 5 0
302892139 14 36
302892138 0 1
302892137 23 0
302892136 1 6
302892135 3 0
302892134 18 7
302892132 0 0
302892131 8 13
302892129 0 0
302892128 14 1
302892125 881 5
302892124 0 0
302892123 11 32
302892121 0 0
302892120 2 0
302892118 9 0
302892116 5 26
302892114 0 1
302892113 1 0
302892111 1 0
302892109 6 0
302892108 7 1
302892107 23 42
302892105 3 0
302892104 0 0
302892100 12 2
302892098 1001 18
302892097 723 4
302892094 128 4
302892093 2 0
302892092 26 15
302892090 0 2
302892088 1 0
302892086 0 0
302892085 7 1
302892084 0 0
302892083 2 0
302892082 1 1
302892078 1 0
302892077 722 97
302892074 2 0
302892073 14 3
302892071 0 2
302892070 0 1
302892069 24 0
302892067 5 0
302892066 2 1
302892065 3 11
302892064 13 0
302892063 2 0
302892062 0 1
302892060 184 4
302892059 0 0
302892057 2 2
302892056 4 1
302892054 4 16
302892053 0 0
302892052 1 0
302892051 5 0
302892050 8 0
302892049 1 30
302892048 0 0
302892047 14 1
302892045 6 1
302892044 0 1
302892041 0 1
302892039 219 2
302892038 3 0
302892037 1 0
302892036 21 0
302892034 2 0
302892033 14 0
302892032 5 1
302892029 287 5
302892026 0 0
302892025 1 0
302892024 8 0
302892023 0 34
302892021 0 1
302892020 4 65
302892018 8 0
302892015 2 0
302892013 4 3
302892012 7 0
302892011 0 0
302892010 5 0
302892009 5 0
302892008 1 0
302892006 2 3
302892004 6 0
302892003 0 0
302892002 0 0
302892001 1 0
302892000 13 10
302891999 4 0
302891998 0 0
302891997 3 3
302891996 2 0
302891994 2 0
302891993 0 0
302891992 0 0
302891991 2428 180
302891988 0 0
302891987 15 0
302891985 9 1
302891984 2 10
302891983 1929 23
302891981 5 60
302891980 5 2
302891979 1 2
302891978 8 1
302891976 7 2
302891975 4 0
302891973 4 0
302891972 10 9
302891971 13 2
302891970 2 2
302891969 4 1
302891967 0 1
302891966 1 1
302891965 7 0
302891964 6 2
302891962 0 0
302891960 8 2
302891959 0 0
302891958 2 0
302891955 0 0
302891954 4 0
302891953 0 0
302891952 0 0
302891951 3 1
302891950 12 0
302891949 0 0
302891948 2 0
302891947 3 1
302891946 1 0
302891945 26 2
302891944 1 0
302891942 5 0
302891940 853 16
302891939 1 0
302891937 1 1
302891936 6 1
302891935 0 2
302891934 1 40
302891933 12 1
302891931 2 0
302891930 8 1
302891927 4 0
302891925 9 2
302891924 0 1
302891921 2 4
302891919 4 2
302891918 1 0
302891917 4 1
302891916 1 1
302891915 15 1
302891914 9 2
302891913 7 2
302891910 2 0
302891909 9 5
302891908 0 2
302891907 0 0
302891906 0 0
302891905 4 1
302891903 0 0
302891902 0 0
302891901 2 0
302891900 7 3
302891899 16 6
302891898 3 3
302891896 0 1
302891894 5 0
302891893 0 1
302891892 11 0
302891891 1 1
302891889 2 3
302891888 13 1
302891887 2 1
302891886 0 0
302891885 1 0
302891884 6 1
302891883 4 45
302891882 116 4
302891881 2 0
302891880 4 2
302891879 0 2
302891878 6 0
302891877 1 0
302891876 0 0
302891875 5 0
302891874 1 0
302891873 5 2
302891872 4 1
302891869 10 0
302891868 4 42
302891867 0 0
302891865 458 14
302891864 3 0
302891863 299 18
302891862 9 0
302891860 280 9
302891859 1 0
302891858 3 44
302891857 4 0
302891856 385 8
302891855 7 0
302891854 5 0
302891853 6 1
302891852 0 2
302891851 0 0
302891850 3 0
302891849 7 1
302891848 0 0
302891846 1 3
302891844 0 0
302891843 0 0
302891842 6 5
302891841 544 6
302891840 2 0
302891838 1 3
302891837 4 0
302891836 4 6
302891834 29 1
302891833 10 1
302891832 6 1
302891830 0 1
302891829 13 10
302891828 9 1
302891827 0 0
302891825 1729 15
302891824 1 0
302891823 1 1
302891822 3 0
302891821 2 36
302891820 5 0
302891819 4 1
302891818 0 0
302891817 7 1
302891815 3 1
302891814 1 0
302891812 9 1
302891811 0 0
302891809 1 0
302891808 3 1
302891807 2 1
302891806 1 1
302891804 1 1
302891803 7 0
302891801 1 0
302891800 2 1
302891799 2 0
302891798 4 1
302891797 0 0
302891796 600 9
302891794 2 0
302891793 1 0
302891791 1 0
302891790 566 18
302891789 4 3
302891787 372 10
302891786 5 0
302891785 1 1
302891784 0 1
302891783 10 0
302891781 5 2
302891778 5 4
302891777 3 0
302891776 1 0
302891775 54 1
302891774 1 0
302891773 0 0
302891772 598 11
302891771 0 0
302891770 793 7
302891769 4030 128
302891768 6 1
302891767 0 0
302891766 3 1
302891765 7 1
302891764 0 0
302891763 4 1
302891762 15 0
302891761 2 2
302891760 0 0
302891759 1527 30
302891757 4 2
302891756 6 2
302891755 0 1
302891754 8 1
302891753 2 2
302891752 5 0
302891751 3 0
302891749 498 14
302891747 0 0
302891746 23 1
302891745 0 0
302891744 1 0
302891743 0 0
302891742 1 1
302891740 3 1
302891739 4 2
302891738 3 2
302891737 0 2
302891736 0 0
302891735 0 0
302891733 0 0
302891731 0 1
302891730 0 0
302891729 1 2
302891728 4 0
302891727 0 0
302891726 247 15
302891725 2 3
302891723 3 0
302891722 0 0
302891721 0 0
302891719 5 6
302891718 5 2
302891717 1 5
302891716 2026 49
302891715 2 0
302891714 3165 41
302891713 2 0
302891712 8 1
302891711 2 30
302891710 2 7
302891709 4 1
302891708 1 1
302891707 4 4
302891706 0 0
302891705 0 0
302891703 6 2
302891702 758 14
302891701 0 0
302891699 0 1
302891697 1 1
302891695 3 0
302891694 1 6
302891693 0 0
302891691 0 0
302891690 7 4
302891689 0 0
302891688 0 0
302891687 6 26
302891686 0 0
302891685 5 25
302891684 15 11
302891682 1 2
302891678 14 7
302891676 3 0
302891674 0 6
302891673 5 3
302891671 6 2
302891670 9 3
302891669 5 0
302891668 4 35
302891664 12 2
302891663 2 0
302891662 9 0
302891658 3 4
302891657 10 0
302891656 0 0
302891654 5 4
302891652 4 2
302891651 8 1
302891650 0 1
302891649 2 3
302891648 7 0
302891647 0 1
302891646 8 0
302891645 9 1
302891644 5 1
302891643 2 0
302891642 0 2
302891641 10 1
302891640 1223 24
302891639 5 2
302891638 5 2
302891637 0 0
302891634 1 0
302891633 6 0
302891632 3 0
302891631 0 4
302891629 1 0
302891628 1 0
302891627 1 0
302891626 15 0
302891624 4 0
302891623 2 2
302891621 2 0
302891620 3 14
302891619 4 0
302891618 9 1
302891616 2 2
302891615 1 1
302891614 0 1
302891612 3 2
302891611 1 1
302891610 0 2
302891608 0 0
302891607 1 0
302891606 9 2
302891605 0 0
302891604 4 1
302891603 5 0
302891601 1 1
302891600 0 0
302891599 2 1
302891598 4278 58
302891597 9 2
302891596 0 0
302891595 1 1
302891594 0 0
302891593 6 3
302891592 1 1
302891590 0 0
302891588 0 2
302891587 1 0
302891586 5 0
302891585 1 0
302891584 1 2
302891583 0 0
302891581 8 0
302891580 0 0
302891578 0 0
302891577 2 0
302891574 1 0
302891573 0 0
302891572 8 2
302891571 2 0
302891570 0 2
302891569 7 2
302891568 2 7
302891567 1 0
302891566 1 0
302891565 8 0
302891564 2 1
302891563 3 1
302891562 2 2
302891561 6 6
302891560 10 3
302891559 0 0
302891558 0 3
302891557 1 0
302891556 1 0
302891554 5 0
302891553 1 0
302891551 2 3
302891550 2 0
302891549 3 0
302891548 4 3
302891547 2 2
302891546 2 2
302891545 7 1
302891544 0 0
302891543 0 0
302891542 4 1
302891541 15 5
302891540 3 0
302891539 0 0
302891538 2 0
302891537 0 0
302891535 0 1
302891534 1 0
302891533 4 2
302891532 3 0
302891531 0 2
302891530 2 0
302891529 10 3
302891528 0 0
302891527 902 10
302891526 1 0
302891525 2 0
302891524 4 2
302891522 0 0
302891521 0 0
302891520 2 0
302891519 4 0
302891518 1 1
302891517 2 0
302891515 0 0
302891514 2 1
302891513 1006 11
302891511 4 0
302891509 1 0
302891508 4 0
302891506 2 0
302891505 5408 44
302891504 213 7
302891503 4 1
302891502 0 0
302891501 0 0
302891500 0 0
302891499 4 1
302891498 2 0
302891497 3 2
302891496 4 0
302891495 3 0
302891494 0 0
302891493 5 0
302891492 0 0
302891491 0 0
302891490 0 0
302891489 3 2
302891487 2 0
302891486 2 2
302891485 0 0
302891484 1 0
302891483 1 1
302891482 1 2
302891481 0 0
302891480 0 0
302891479 1 0
302891478 1 1
302891477 6 1
302891475 2 0
302891474 1 4
302891473 1 0
302891472 0 0
302891471 1 1
302891470 1 0
302891469 3 3
302891468 2 0
302891467 0 0
302891466 4 9
302891465 2 0
302891464 0 0
302891461 4 1
302891460 1 1
302891459 2 2
302891458 4 0
302891457 0 1
302891456 3 0
302891455 0 2
302891454 811 4
302891453 3 0
302891452 2 0
302891450 636 32
302891449 0 0
302891448 0 0
302891447 0 0
302891446 1 1
302891445 0 0
302891444 1 0
302891443 0 1
302891442 5 3
302891441 4 1
302891440 2 0
302891438 8 1
302891437 0 0
302891436 2 0
302891435 0 1
302891432 1 2
302891430 3 2
302891429 4 0
302891428 0 0
302891427 1 2
302891426 4 0
302891425 3 0
302891424 1 0
302891422 0 1
302891421 0 0
302891420 0 0
302891419 0 0
302891418 0 0
302891417 4 0
302891416 0 0
302891415 0 0
302891414 0 1
302891413 3 1
302891412 2 1
302891411 1005 87
302891410 7 0
302891409 0 0
302891407 0 0
302891406 0 1
302891405 0 0
302891404 2 1
302891403 0 0
302891402 3 1
302891400 1 0
302891399 0 0
302891398 0 0
302891397 0 1
302891396 0 0
302891395 1 1
302891394 0 0
302891393 2 1
302891392 3 3
302891391 0 1
302891390 4156 75
302891389 0 0
302891387 7 0
302891386 0 0
302891385 1 1
302891384 6 0
302891383 0 0
302891382 2 1
302891381 0 1
302891380 7 1
302891379 12 4
302891377 0 0
302891376 2730 20
302891375 1 1
302891374 2 1
302891372 7 1
302891371 0 0
302891370 0 0
302891369 0 0
302891367 3 0
302891366 0 0
302891365 1 0
302891364 2 0
302891363 10 0
302891362 0 0
302891361 3 1
302891360 3 2
302891359 4 1
302891358 0 0
302891357 2 1
302891356 3 7
302891355 4 0
302891354 5 1
302891353 0 1
302891352 1 1
302891351 0 0
302891350 1 1
302891349 0 1
302891348 0 0
302891347 594 8
302891345 1 0
302891344 1 1
302891343 0 0
302891342 0 1
302891341 4 0
302891340 0 1
302891339 0 0
302891338 1 0
302891337 6237 120
302891336 3 2
302891335 2 1
302891334 0 0
302891333 0 0
302891331 0 0
302891330 0 0
302891329 0 0
302891328 0 0
302891327 569 6
302891326 6 0
302891325 0 7
302891324 0 0
302891323 1 0
302891322 5 1
302891321 1 0
302891319 6 5
302891318 0 0
302891317 0 0
302891316 4 0
302891315 0 0
302891314 2 1
302891312 0 0
302891311 6 1
302891308 3 0
302891307 0 1
302891306 0 2
302891305 0 0
302891304 0 0
302891303 0 0
302891302 0 1
302891301 2 10
302891300 0 4
302891299 0 0
302891298 0 0
302891296 0 0
302891295 0 1
302891294 0 0
302891293 0 0
302891292 1 0
302891291 3 0
302891290 2 0
302891288 2 0
302891287 4 3
302891286 2 3
302891285 9 1
302891284 0 1
302891283 1 0
302891282 4 0
302891281 0 0
302891280 0 0
302891279 2 1
302891278 7 0
302891277 2 2
302891276 487 8
302891275 3 0
302891274 4 0
302891272 0 1
302891271 3 0
302891270 8 0
302891269 5 2
302891268 0 0
302891267 1 0
302891266 2 6
302891265 0 0
302891264 0 1
302891263 0 1
302891261 5 0
302891260 0 0
302891259 1 0
302891258 710 9
302891257 6 7
302891256 0 2
302891255 0 0
302891254 0 0
302891253 1 0
302891252 0 0
302891251 1 0
302891250 0 0
302891249 0 0
302891248 0 0
302891246 1 0
302891245 3 0
302891244 1 4
302891243 1 0
302891242 0 1
302891241 0 0
302891240 0 1
302891239 1 0
302891238 2 0
302891237 3 0
302891236 0 0
302891235 0 0
302891234 2 1
302891233 0 0
302891232 10 5
302891231 0 0
302891230 1 0
302891228 0 0
302891225 0 0
302891222 0 0
302891221 0 0
302891220 0 0
302891219 2 0
302891218 0 1
302891216 1 0
302891215 0 0
302891213 0 0
302891212 0 1
302891211 0 0
302891210 0 0
302891209 0 1
302891208 8 2
302891207 1 2
302891205 7 2
302891204 0 0
302891202 1 0
302891201 0 0
302891200 1 0
302891199 1 5
302891198 0 2
302891196 1 0
302891194 2 0
302891193 1 1
302891192 0 2
302891191 0 0
302891189 1 0
302891188 0 0
302891187 2 0
302891186 0 0
302891185 0 0
302891184 0 5
302891183 0 0
302891182 0 0
302891181 0 0
302891180 0 1
302891179 0 0
302891177 0 5
302891173 0 0
302891172 1 0
302891171 0 0
302891169 0 0
302891168 0 0
302891167 0 0
302891166 0 0
302891165 0 0
302891164 0 0
302891163 1 0
302891162 0 0
302891161 0 0
302891160 2 2
302891158 0 0
302891157 2 1
302891156 2 0
302891155 0 0
302891153 0 0
302891152 0 0
302891151 0 0
302891146 1 1
302891144 1 1
