303956513 0 0
303949380 1 0
303949378 0 0
303948351 1 0
303931742 0 1
303931730 1 0
303928844 2 0
303862634 1 1
303862628 0 0
303862623 0 0
303862618 4 0
303862615 1 0
303862606 0 0
303862601 1 0
303861187 0 0
303859846 0 0
303805231 7 0
303802325 0 2
303775888 0 0
303764347 0 0
303754335 7 1
303743977 0 3
303737527 1 0
303734331 2 0
303734327 12 1
303732131 6 0
303732099 2 0
303732077 1 0
303732070 1 0
303732058 0 0
303732045 4 0
303732021 0 1
303731993 6 0
303708701 9 0
303682188 0 0
303672345 6 0
303671992 6 0
303664959 3 0
303661445 2 0
303641891 0 0
303634725 11 0
303622761 3 0
303622738 7 0
303607647 18 0
303583992 0 0
303568257 5 2
303545831 0 0
303507371 16 0
303506959 3 1
303506396 2 0
303506390 1 0
303506382 8 0
303503383 12 0
303503076 7 0
303497272 4 0
303497030 5 0
303482934 3 0
303479844 17 1
303479620 5 5
303456744 6 0
303446868 3 0
303412588 9 0
303411445 7 0
303411282 2 0
303407582 1 0
303407403 3 0
303405679 3 0
303402517 8 1
303398391 0 15
303385485 1 0
303355806 3 0
303325499 28 0
303325493 19 0
303322501 0 0
303319107 11 4
303313604 0 3
303297407 15 0
303283037 5 0
303280742 6 1
303278803 5 0
303278802 0 0
303278595 10 5
303267110 6 0
303246376 10 0
303243183 2 0
303242349 0 0
303242278 1 0
303242267 6 0
303242261 11 0
303242251 4 0
303236920 15 1
303234498 5 0
303230430 7 0
303226913 4 0
303218580 15 6
303200908 0 0
303163593 9 3
303163364 4 0
303158334 40 5
303153086 15 1
303151298 21 0
303151167 8 1
303149739 21 1
303140921 2 1
303138256 3 0
303138249 21 0
303134941 10 1
303121008 13 2
303120936 6 0
303071012 0 1
303071003 25 1
303069027 16 1
303069013 2 0
303067250 5 0
303066275 15 2
303063255 4 0
303063170 7 7
303062974 28 0
303052368 1 0
303047116 15 0
303002889 11 2
302987580 5 7
302987206 8 0
302986088 0 0
302985608 31 46
302984465 46 1
302984092 5 0
302984078 21 0
302979599 11 1
302979586 16 10
302979577 4 19
302976613 20 0
302975902 7 0
302972427 6 15
302972215 3 0
302972153 1 0
302970561 4 1
302970482 18 12
302966715 44 1
302964611 7 3
302956822 4 8
302947677 7 0
302943264 21 6
302935405 13 0
302934588 0 0
302934537 6 0
302926393 3 0
302926380 7 1
302921416 5 5
302913030 4 0
302910286 2 0
302907463 4 4
302907193 4 0
302906890 15 1
302904762 69 2
302903784 2 20
302900094 6 4
302894174 4 0
302893927 4 3
302893915 4 3
302893888 0 0
302893887 8 5
302893762 38 0
302893730 0 0
302893606 15 0
302893175 5 3
302892739 11 0
302892717 26 1
302892641 1 0
302892566 5 0
302891968 9 0
302890901 3 1
302889033 7 0
302888274 15 3
302885821 41 1
302884988 2 1
302884819 14 0
302884801 3 2
302883915 33 2
302883849 3 0
302883571 10 2
302883570 1 0
302883566 4 6
302883561 7 0
302883136 15 0
302882831 12 0
302882812 6 1
302882808 7 4
302882804 10 1
302882614 24 4
302882428 19 3
302881730 7 1
302881727 5 0
302881719 7 0
302881713 11 0
302881463 2 9
302881455 43 0
302881137 20 1
302880987 26 0
302880770 2 0
302880753 12 6
302880689 4 0
302880688 3 0
302880672 2 0
302880585 0 1
302880245 14 16
302880150 52 6
302879012 22 6
302878403 9 19
302877935 16 1
302877358 27 0
302875379 19 0
302874909 0 15
302873551 7 0
302873365 26 0
302873204 36 0
302871913 17 7
302870750 9 0
302870741 4 0
302869717 10 0
302869047 0 0
302868907 11 5
302868900 16 3
302861027 11 0
302850744 14 0
302849771 39 1
302841861 20 3
302839721 11 7
302836678 8 1
302836030 6 1
302833704 15 0
302832788 16 0
302832224 0 0
302832212 5 2
302832208 41 2
302832202 5 0
302832188 9 0
302832175 6 0
302832167 16 0
302832159 3 0
302832143 36 1
302832116 6 6
302831525 6 0
302830719 2 0
302830711 3 0
302830595 10 0
302829699 10 0
302829697 0 0
302829472 27 0
302829335 0 0
302829244 7 1
302829239 16 7
302829210 10 0
302828664 25 0
302825022 0 0
302819048 5 0
302818995 0 0
302818934 14 4
302818915 15 2
302818865 8 0
302818810 11 3
302818807 17 0
302818802 15 2
302818791 79 2
302818790 3 0
302818788 17 1
302818787 5 9
302818778 2 1
302818773 1 4
302818769 1 3
302818766 0 0
302818764 4 0
302818763 1 6
302818733 0 0
302818711 16 4
302818662 3 0
302818644 1 0
302818631 1 6
302818516 9 1
302818513 11 0
302818512 11 1
302818417 0 0
302818415 42 0
302818413 54 0
302818362 6 1
302818353 16 0
302818320 16 4
302818298 9 8
302818291 14 0
302818179 12 12
302818089 10 3
302818081 1 1
302818069 10 2
302818038 2 1
302818013 0 0
302817963 6 1
302817952 0 2
302817949 3 0
302817948 20 0
302817944 31 2
302817938 67 2
302817920 30 0
302817911 13 3
302817910 3 1
302817909 4 7
302817897 4 0
302817878 17 4
302817843 8 1
302817832 0 0
302817814 16 6
302817813 16 1
302817794 0 0
302817771 5 0
302817740 3 0
302817636 26 0
302817553 6 20
302817551 4 16
302817509 6 3
302817487 79 0
302817419 3 3
302817408 17 3
302817406 3 11
302817378 56 0
302817373 1 0
302817217 4 2
302817212 1 0
302817211 2 0
302817205 3 0
302817202 2 4
302817170 36 0
302817127 2 6
302817005 1 13
302817001 18 1
302816978 19 1
302816975 0 0
302816971 0 0
302816960 2 3
302816938 18 8
302816896 4 1
302816895 1 0
302816737 3 5
302816719 27 1
302816709 3 0
302816700 2 3
302816692 1 1
302816687 1 0
302816686 5 0
302816682 18 1
302816676 0 0
302816669 13 1
302816666 1 1
302816663 2 0
302816596 12 17
302816574 16 1
302816537 8 0
302816531 32 0
302816499 32 1
302816498 12 1
302816401 5 0
302816391 8 0
302816386 33 4
302816324 5 3
302816289 16 1
302816263 9 2
302816236 0 8
302816216 1 3
302816180 7 0
302816162 27 16
302816087 6 1
302816034 1 0
302816003 43 0
302815956 17 0
302815953 5 3
302815952 3 1
302815933 14 0
302815920 27 0
302815908 0 0
302815883 21 1
302815773 13 2
302815669 1 1
302815663 5 2
302815524 0 0
302815517 5 2
302815495 1 0
302815488 21 0
302815441 4 1
302815415 4 1
302815410 0 0
302815400 0 0
302815388 9 7
302815226 0 0
302815187 1 0
302815180 12 0
302815171 3 0
302815162 22 1
302815144 0 0
302815137 3 0
302815100 93 5
302815099 17 0
302815078 5 1
302815033 1 1
302814875 6 1
302814615 15 2
302814562 3 1
302814520 2 1
302814483 13 0
302814456 4 3
302814293 0 0
302814254 1 0
302814224 0 0
302814155 37 3
302814105 18 0
302814051 5 2
302813516 4 0
302813503 0 1
302813489 0 0
302813488 0 0
302813485 2 7
302813479 2 0
302813432 5 0
302813414 4 13
302813409 19 0
302813376 5 52
302813358 19 2
302813355 12 0
302813343 1 0
302813341 6 17
302813332 0 0
302813317 15 0
302813308 1 0
302813305 0 0
302813302 4 4
302813260 2 0
302813255 13 18
302813247 12 2
302813244 22 4
302813218 5 2
302813217 24 4
302813213 7 3
302813210 18 2
302813207 3 1
302813205 5 1
302813198 5 3
302813062 14 1
302813041 5 4
302813036 21 0
302813035 7 0
302812881 1 0
302812860 1 2
302812844 0 0
302812829 0 0
302812828 11 0
302812799 0 1
302812790 6 19
302812767 0 0
302812740 1 1
302812728 5 1
302812692 2 2
302812688 13 2
302812685 3 2
302812682 8 1
302812680 1 2
302812679 34 6
302812677 1 1
302812675 15 1
302812664 1 0
302812644 9 0
302812641 11 0
302812620 0 0
302812599 1 1
302812577 6 12
302812564 22 0
302812553 11 4
302812552 7 3
302812549 1 0
302812528 2 4
302812522 3 22
302812505 1 0
302812486 4 4
302812484 26 1
302812483 13 1
302812457 1 10
302812453 7 14
302812451 0 3
302812447 31 19
302812444 3 0
302812436 13 7
302812431 35 2
302812426 3 2
302812419 27 2
302812403 2 1
302812399 6 2
302812393 19 1
302812355 17 1
302812347 33 1
302812338 15 4
302812331 25 1
302812319 1 9
302812318 1 8
302812317 1 7
302812314 0 0
302812313 1 0
302812312 0 0
302812311 1 8
302812310 3 3
302812309 0 0
302812308 4 2
302812306 0 2
302812284 0 0
302812283 3 5
302812276 6 14
302812270 0 1
302812248 12 1
302812242 6 0
302812240 9 4
302812239 8 0
302812237 8 0
302812225 1 1
302812220 0 0
302812204 8 2
302812172 3 2
302812167 0 2
302812158 6 0
302812131 12 32
302812125 43 0
302812099 7 1
302812094 7 27
302812076 6 46
302812073 34 1
302812072 9 15
302812045 44 1
302812039 2 2
302812017 2 4
302812013 7 2
302812005 17 0
302812001 2 2
302811998 8 4
302811992 7 1
302811986 1 1
302811984 0 0
302811976 18 1
302811967 18 4
302811953 4 1
302811939 0 1
302811934 13 1
302811916 18 0
302811912 36 6
302811900 5 3
302811898 2 3
302811882 0 0
302811881 2 1
302811878 9 0
302811866 8 0
302811865 2 1
302811853 5 0
302811843 3 1
302811839 9 0
302811836 5 0
302811792 11 4
302811788 53 0
302811787 22 1
302811777 0 0
302811773 1 3
302811772 32 2
302811757 6 1
302811743 0 0
302811739 5 2
302811732 1 3
302811731 7 0
302811728 0 1
302811727 3 1
302811724 0 0
302811721 1 1
302811688 5 0
302811670 40 21
302811664 6 39
302811658 1 1
302811655 4 1
302811649 13 5
302811644 20 1
302811641 5 3
302811619 1 3
302811617 17 10
302811615 7 1
302811614 30 5
302811612 3 1
302811607 53 3
302811597 10 13
302811589 3 1
302811587 8 1
302811586 5 1
302811584 8 20
302811581 1 3
302811578 6 2
302811574 3 0
302811572 1 1
302811565 39 0
302811563 0 0
302811541 6 1
302811491 0 0
302811471 19 2
302811470 1 1
302811467 3 16
302811465 9 14
302811450 19 0
302811448 2 2
302811447 2 15
302811443 67 0
302811434 0 11
302811433 27 0
302811426 4 0
302811416 14 7
302811406 15 1
302811403 6 0
302811392 0 0
302811389 10 0
302811385 24 7
302811380 36 0
302811379 26 0
302811378 0 0
302811375 2 1
302811364 2 1
302811357 5 2
302811331 11 2
302811330 6 1
302811306 3 1
302811297 0 1
302811295 45 0
302811292 6 3
302811282 18 0
302811280 5 30
302811253 38 1
302811251 0 0
302811248 27 6
302811230 0 0
302811227 1 0
302811224 25 4
302811223 11 0
302811222 3 33
302811215 0 2
302811211 14 2
302811209 4 4
302811208 7 1
302811204 0 0
302811166 12 3
302811159 5 0
302811149 1 0
302811142 29 3
302811139 12 0
302811137 3 2
302811134 2 11
302811133 5 7
302811132 3 2
302811129 0 0
302811125 0 1
302811124 2 5
302811123 2 0
302811118 6 1
302811111 0 3
302811104 6 4
302811069 12 0
302811056 9 1
302811055 6 0
302811053 7 3
302811030 8 0
302811015 0 2
302811014 3 1
302810988 10 9
302810971 12 1
302810960 15 0
302810951 4 6
302810943 0 0
302810934 1 2
302810932 5 2
302810928 8 1
302810918 2 3
302810915 1 2
302810900 4 1
302810882 2 0
302810857 3 2
302810856 26 3
302810846 2 0
302810842 2 3
302810830 8 0
302810829 2 3
302810826 6 0
302810818 39 5
302810802 2 0
302810796 17 99
302810795 8 89
302810792 44 1
302810788 63 1
302810774 8 1
302810773 14 1
302810771 13 2
302810758 1 2
302810751 3 0
302810739 1 0
302810738 1 2
302810734 10 1
302810733 0 0
302810732 0 1
302810727 5 1
302810720 14 0
302810719 20 2
302810715 2 7
302810700 7 3
302810697 29 1
302810693 36 0
302810690 11 27
302810689 24 3
302810687 1 0
302810682 10 0
302810668 1 1
302810664 5 0
302810662 9 1
302810658 2 0
302810648 14 4
302810642 22 10
302810618 4 2
302810617 50 5
302810612 7 24
302810605 13 2
302810599 69 1
302810598 0 0
302810594 2 5
302810593 19 0
302810587 1 1
302810586 6 2
302810585 7 0
302810581 8 5
302810573 7 0
302810559 8 4
302810558 0 8
302810546 10 0
302810544 0 0
302810543 9 0
302810541 9 1
302810539 14 1
302810536 0 1
302810533 5 0
302810525 1 44
302810523 22 0
302810522 6 1
302810517 4 1
302810516 0 0
302810511 4 0
302810480 1 1
302810474 0 0
302810470 6 53
302810469 18 1
302810465 11 1
302810456 8 11
302810453 3 2
302810438 15 2
302810409 0 0
302810394 1 0
302810392 65 2
302810388 2 3
302810386 0 13
302810384 10 2
302810376 16 1
302810369 3 1
302810367 0 3
302810365 24 1
302810361 56 6
302810358 7 3
302810354 8 97
302810353 25 1
302810347 3 3
302810334 29 6
302810331 3 3
302810325 16 0
302810321 16 7
302810315 51 7
302810311 0 3
302810310 1 2
302810301 51 2
302810299 44 5
302810293 10 5
302810281 10 2
302810261 2 3
302810249 4 1
302810245 7 1
302810244 15 1
302810238 38 1
302810237 15 0
302810234 4 37
302810211 17 5
302810207 12 4
302810205 7 1
302810203 3 0
302810202 4 2
302810199 2 1
302810198 29 18
302810187 25 2
302810185 5 1
302810172 2 22
302810167 4 2
302810161 58 0
302810147 6 2
302810141 2 1
302810138 21 29
302810130 0 1
302810129 2 41
302810125 23 5
302810120 54 1
302810118 5 0
302810116 1 0
302810114 19 0
302810113 17 7
302810111 29 0
302810106 25 37
302810103 27 3
302810098 25 1
302810097 4 1
302810095 0 1
302810077 0 0
302810075 8 1
302810072 15 0
302810068 9 2
302810066 6 2
302810063 9 13
302810061 9 0
302810049 44 0
302810044 1 12
302810033 9 2
302810025 48 0
302810024 0 0
302810023 16 0
302810022 6 2
302810019 5 18
302810014 0 0
302810013 13 0
302810012 2 1
302810007 14 1
302809998 34 9
302809996 2 11
302809993 14 1
302809992 27 1
302809991 13 1
302809989 12 49
302809988 19 0
302809987 8 1
302809986 21 0
302809979 4 3
302809978 20 0
302809977 25 0
302809976 13 0
302809974 4 1
302809967 7 1
302809963 6 36
302809961 6 0
302809960 15 2
302809957 13 6
302809955 3 0
302809936 25 1
302809924 13 0
302809921 4 1
302809919 4 0
302809912 1 16
302809904 27 0
302809902 23 3
302809896 36 7
302809884 25 0
302809880 22 0
302809878 3 0
302809877 11 2
302809874 1 2
302809871 18 1
302809870 9 0
302809844 13 0
302809830 1 2
302809816 1 1
302809807 20 1
302809797 35 4
302809791 42 11
302809783 17 0
302809776 9 0
302809768 0 4
302809759 1 20
302809757 9 1
302809756 8 5
302809754 7 0
302809752 0 2
302809750 2 2
302809735 1 0
302809731 22 0
302809728 2 2
302809727 3 0
302809726 12 3
302809723 1 0
302809721 18 0
302809717 13 0
302809714 2 41
302809713 36 9
302809711 1 0
302809707 2 0
302809697 42 5
302809691 8 0
302809688 17 0
302809679 4 3
302809672 2 0
302809659 5 0
302809634 7 1
302809630 12 6
302809629 12 0
302809626 19 0
302809623 10 2
302809622 17 7
302809616 9 0
302809615 12 0
302809613 0 0
302809612 6 1
302809609 15 0
302809608 9 28
302809605 314 2
302809601 10 1
302809600 12 0
302809593 22 2
302809591 1 15
302809587 8 1
302809586 3 0
302809585 2 0
302809583 8 1
302809578 8 0
302809576 14 5
302809575 0 2
302809571 2 0
302809569 23 0
302809568 0 0
302809567 6 10
302809566 3 0
302809565 3 2
302809560 10 0
302809558 26 0
302809557 30 0
302809556 13 1
302809551 11 2
302809548 6 1
302809542 49 4
302809532 0 0
302809527 12 1
302809517 14 0
302809514 27 0
302809510 6 4
302809502 24 7
302809501 22 0
302809498 5 1
302809486 8 9
302809480 0 0
302809477 11 1
302809475 0 0
302809469 4 0
302809468 1 0
302809466 11 2
302809463 1 0
302809460 8 1
302809458 3 10
302809453 3 3
302809452 1 0
302809446 120 2
302809440 3 1
302809439 7 1
302809436 47 4
302809432 5 1
302809430 8 7
302809427 0 0
302809420 258 7
302809413 39 4
302809410 4 0
302809409 27 0
302809404 29 7
302809402 12 1
302809401 6 1
302809398 1 7
302809397 9 0
302809395 6 0
302809393 32 7
302809392 6 1
302809388 3 1
302809387 12 3
302809386 6 1
302809385 12 1
302809379 16 0
302809377 8 0
302809376 9 0
302809370 7 1
302809362 3 0
302809355 17 0
302809350 5 2
302809348 4 0
302809343 17 0
302809327 21 4
302809318 0 4
302809313 4 0
302809312 25 0
302809302 9 3
302809301 32 12
302809299 13 1
302809296 23 5
302809295 10 0
302809294 9 1
302809291 23 42
302809290 4 0
302809286 2 1
302809285 37 6
302809256 20 0
302809253 23 48
302809248 9 0
302809235 36 1
302809230 6 1
302809220 29 1
302809213 12 2
302809211 6 1
302809200 5 0
302809196 10 0
302809194 8 1
302809186 18 0
302809183 5 1
302809180 6 0
302809176 17 2
302809175 0 0
302809169 22 2
302809162 13 2
302809154 1 0
302809145 10 1
302809144 0 1
302809142 3 0
302809136 34 1
302809133 9 3
302809132 16 2
302809130 17 1
302809128 11 1
302809119 5 1
302809114 0 1
302809112 31 2
302809111 19 8
302809104 22 2
302809103 17 1
302809101 1 2
302809100 39 11
302809089 18 4
302809087 7 2
302809085 20 1
302809084 14 3
302809082 4 1
302809079 13 5
302809078 23 1
302809054 6 0
302809046 10 2
302809044 8 2
302809042 7 8
302809036 0 1
302809029 36 1
302809026 3 1
302809025 21 7
302809021 1 1
302809017 10 0
302809014 8 0
302808998 17 5
302808996 5 3
302808991 6 8
302808990 3 30
302808982 0 2
302808974 32 1
302808967 52 5
302808963 1 1
302808954 3 48
302808950 0 0
302808949 5 1
302808908 1 1
302808902 7 1
302808900 8 1
302808898 33 9
302808896 74 0
302808894 47 7
302808892 11 0
302808889 13 4
302808869 4 81
302808866 15 2
302808865 26 0
302808858 4 0
302808849 14 0
302808847 28 7
302808842 24 1
302808840 11 0
302808834 19 3
302808831 16 2
302808826 9 2
302808824 0 1
302808819 3 3
302808818 7 1
302808813 3 1
302808805 17 3
302808801 0 2
302808799 4 1
302808798 6 17
302808796 1 1
302808793 1 2
302808791 6 1
302808788 15 13
302808783 40 3
302808779 7 1
302808777 10 2
302808775 19 0
302808773 6 1
302808772 1 2
302808769 1 2
302808765 3 1
302808760 15 0
302808754 2 1
302808753 30 4
302808752 20 3
302808741 5 0
302808738 1 0
302808735 12 1
302808734 20 5
302808732 21 4
302808731 32 0
302808728 23 0
302808727 6 3
302808723 7 4
302808721 22 2
302808719 3 1
302808715 15 0
302808713 23 1
302808709 1 1
302808708 9 1
302808703 51 5
302808698 2 0
302808697 0 0
302808696 23 6
302808690 0 0
302808689 4 34
302808687 0 0
302808686 11 0
302808684 884 28
302808680 1 6
302808666 9 0
302808664 3 2
302808659 11 1
302808657 0 0
302808654 13 1
302808653 2 0
302808652 4 1
302808646 7 0
302808643 6 0
302808640 0 0
302808638 0 2
302808635 6 0
302808630 11 0
302808628 8 0
302808625 6 2
302808622 15 21
302808620 9 0
302808618 5 0
302808617 0 0
302808612 7 1
302808609 0 0
302808608 2 0
302808599 19 2
302808596 2 9
302808593 9 1
302808591 10 0
302808587 8 48
302808585 7 5
302808583 5 4
302808579 1 0
302808578 5 1
302808577 1 2
302808575 12 1
302808570 2 43
302808567 22 7
302808565 13 1
302808555 7 0
302808554 6 1
302808543 7 0
302808540 7 21
302808537 22 2
302808530 5 0
302808528 1 3
302808517 21 4
302808515 0 24
302808511 50 4
302808507 234 13
302808506 28 13
302808503 15 0
302808498 14 4
302808494 0 0
302808476 29 2
302808474 14 2
302808470 16 0
302808468 1 7
302808464 7 5
302808463 25 4
302808462 10 2
302808457 6 1
302808452 17 2
302808440 18 1
302808439 44 3
302808435 5 1
302808434 5 0
302808429 0 1
302808426 14 1
302808423 24 2
302808421 18 2
302808419 17 0
302808417 10 2
302808415 316 10
302808410 6 0
302808404 0 1
302808403 5 0
302808398 39 2
302808397 8 0
302808396 2 6
302808389 20 3
302808387 24 8
302808378 9 0
302808371 3 44
302808369 0 7
302808368 6 1
302808367 25 1
302808365 0 6
302808362 6 0
302808360 3 0
302808358 2 0
302808357 0 0
302808353 1 0
302808351 11 2
302808347 0 1
302808343 9 1
302808337 9 2
302808335 1 38
302808333 18 0
302808325 10 7
302808323 15 3
302808319 14 2
302808311 1 0
302808308 9 3
302808302 1 3
302808295 11 2
302808288 10 3
302808277 5 5
302808273 0 1
302808267 28 9
302808264 12 0
302808258 1 0
302808256 12 3
302808255 5 1
302808254 12 2
302808252 0 20
302808244 0 0
302808243 11 0
302808242 8 2
302808241 15 8
302808240 0 0
302808238 10 0
302808235 5 2
302808234 11 0
302808228 14 0
302808224 4 48
302808213 3 51
302808212 2 0
302808207 22 5
302808181 16 1
302808180 1 0
302808177 0 1
302808174 4 0
302808171 6 0
302808170 6 17
302808164 6 3
302808153 8 1
302808152 37 3
302808144 5 0
302808135 8 0
302808133 0 2
302808130 2 11
302808129 0 0
302808128 0 3
302808127 0 0
302808125 2 0
302808124 10 0
302808122 219 7
302808121 9 0
302808119 7 1
302808118 0 3
302808116 5 3
302808115 11 6
302808091 8 2
302808089 63 0
302808076 44 4
302808074 8 1
302808073 28 1
302808057 2 26
302808055 21 2
302808054 0 0
302808050 1 4
302808048 0 15
302808043 1 0
302808039 7 6
302808024 0 1
302808021 7 2
302808009 17 0
302808008 0 0
302807996 0 2
302807995 12 49
302807990 3 0
302807988 11 1
302807984 4 1
302807983 4 3
302807982 334 7
302807968 4 55
302807961 0 61
302807959 11 2
302807934 8 0
302807924 9 2
302807919 273 6
302807916 25 3
302807914 5 2
302807908 2 0
302807899 9 3
302807895 0 0
302807894 409 5
302807893 0 5
302807880 19 12
302807877 8 0
302807875 14 1
302807868 2 6
302807867 22 41
302807865 0 0
302807862 14 1
302807860 11 1
302807859 5 1
302807857 30 0
302807853 2 0
302807849 8 0
302807848 0 0
302807846 22 1
302807845 8 5
302807843 273 4
302807839 552 11
302807838 13 1
302807835 6 0
302807834 5 1
302807833 25 3
302807832 0 0
302807831 5 0
302807827 11 3
302807823 0 0
302807820 3 2
302807817 2 2
302807816 8 3
302807813 30 1
302807805 12 0
302807801 5 1
302807799 4 0
302807798 3 60
302807793 9 41
302807791 6 0
302807786 20 0
302807771 10 1
302807770 27 0
302807768 4 0
302807764 14 6
302807758 271 9
302807752 38 1
302807745 284 6
302807735 2 2
302807729 11 1
302807722 16 9
302807717 4 3
302807703 6 1
302807677 3 0
302807669 34 1
302807655 11 1
302807654 4 0
302807652 11 0
302807648 8 0
302807647 29 1
302807643 8 2
302807640 35 0
302807625 3 2
302807619 11 2
302807607 23 0
302807606 28 0
302807603 3 4
302807598 4 1
302807594 201 7
302807589 14 0
302807588 4 17
302807582 10 0
302807560 20 0
302807557 15 1
302807540 8 2
302807537 5 0
302807536 6 1
302807534 8 1
302807532 7 1
302807528 8 0
302807527 3 2
302807526 41 1
302807525 6 0
302807523 13 1
302807522 14 0
302807508 6 0
302807507 12 0
302807506 3 0
302807503 17 2
302807501 8 0
302807489 10 0
302807480 1 1
302807473 13 30
302807467 8 0
302807464 0 0
302807448 18 2
302807445 6 0
302807438 1 1
302807433 621 7
302807431 8 1
302807427 0 0
302807425 3 6
302807424 1 20
302807422 0 0
302807418 32 0
302807417 0 5
302807415 9 0
302807414 1 1
302807408 5 0
302807386 0 1
302807385 0 6
302807371 6 1
302807363 18 6
302807346 2 16
302807345 3 1
302807342 389 44
302807341 7 6
302807334 4 3
302807326 33 1
302807322 1 2
302807317 5 3
302807315 23 8
302807314 942 20
302807313 0 0
302807304 6 0
302807290 11 3
302807288 33 1
302807286 9 0
302807285 933 6
302807279 11 2
302807274 36 23
302807269 25 5
302807265 12 24
302807261 2 1
302807260 2 21
302807255 5 1
302807254 11 3
302807246 3 51
302807241 4 1
302807238 7 38
302807223 0 0
302807219 0 0
302807218 0 0
302807217 15 13
302807212 1 0
302807206 9 2
302807204 1 4
302807200 10 22
302807197 7 0
302807196 41 2
302807195 0 0
302807185 6 0
302807175 3 1
302807170 1 5
302807164 18 0
302807163 1 0
302807161 4 1
302807158 10 0
302807155 0 0
302807154 6 1
302807152 7 55
302807150 35 4
302807148 4 0
302807143 23 0
302807142 18 3
302807139 5 0
302807131 3 0
302807122 33 2
302807120 0 0
302807117 10 3
302807114 4 0
302807113 4 3
302807109 6 1
302807104 14 0
302807101 14 1
302807098 8 2
302807097 285 12
302807094 2 0
302807092 28 0
302807091 1 0
302807090 8 0
302807086 0 0
302807084 7 1
302807083 16 1
302807080 1 5
302807078 10 3
302807076 10 1
302807074 38 3
302807071 0 1
302807069 1 0
302807068 1 1
302807065 40 0
302807063 25 2
302807059 0 0
302807052 23 0
302807049 22 2
302807047 5 1
302807040 2 1
302807039 33 4
302807038 4 0
302807037 4 32
302807036 1 1
302807035 8 3
302807031 2 8
302807028 4 0
302807027 1 0
302807026 3 0
302807025 2 1
302807022 4 0
302807017 1 1
302807015 1 1
302807011 11 1
302807009 4 1
302807006 0 0
302807004 8 8
302807002 2 1
302806993 9 0
302806990 5 0
302806989 22 0
302806983 0 0
302806979 23 1
302806978 0 0
302806976 16 4
302806975 3 0
302806973 12 1
302806971 13 4
302806969 4 0
302806963 4 2
302806961 1 1
302806960 3 0
302806958 0 0
302806956 1 2
302806947 11 0
302806940 31 0
302806939 0 1
302806935 0 0
302806932 4 1
302806928 3 2
302806927 34 0
302806926 7 3
302806922 1 1
302806917 30 0
302806900 3 2
302806899 4 0
302806895 4 1
302806892 1 0
302806877 1 0
302806875 1 0
302806873 2 0
302806861 20 1
302806856 4 0
302806853 7 1
302806850 2 2
302806849 8 1
302806847 3 2
302806830 2 2
302806828 3 0
302806823 1 42
302806819 4 1
302806812 6 0
302806810 24 0
302806807 2 1
302806802 2 0
302806800 5 1
302806797 1 1
302806791 6 0
302806788 6 2
302806786 9 2
302806785 0 1
302806782 2 0
302806780 5 0
302806778 0 0
302806777 3 0
302806774 14 24
302806770 13 1
302806769 0 1
302806766 0 1
302806759 0 0
302806756 9 7
302806752 41 2
302806742 4 0
302806738 23 3
302806736 14 3
302806734 4 0
302806730 4 0
302806727 1 0
302806721 2 0
302806701 1 0
302806700 8 1
302806699 1 0
302806698 0 0
302806695 1 1
302806693 19 1
302806690 12 0
302806689 7 0
302806687 0 1
302806685 1 0
302806679 8 0
302806678 4 0
302806675 1 0
302806674 1 4
302806670 0 0
302806669 9 0
302806664 1 15
302806663 1 0
302806659 6 6
302806657 3 2
302806650 1 2
302806646 5 4
302806645 1 0
302806643 0 0
302806642 0 0
302806639 3 0
302806637 39 0
302806636 1 0
302806630 1 1
302806626 5 10
302806625 0 0
302806624 3 53
302806623 23 9
302806621 2 0
302806618 1 0
302806615 0 0
302806610 16 36
302806609 10 0
302806607 4 2
302806602 10 0
302806601 7 1
302806598 8 1
302806586 0 0
302806584 918 22
302806582 6 1
302806581 7 6
302806580 1 0
302806572 18 0
302806567 18 8
302806565 12 1
302806563 8 1
302806554 23 22
302806549 3 1
302806548 17 0
302806545 9 1
302806542 30 1
302806535 18 0
302806529 0 0
302806528 2 0
302806525 41 3
302806522 5 2
302806513 3 0
302806510 14 25
302806504 5 2
302806502 0 0
302806500 8 11
302806498 23 5
302806496 5 0
302806494 4 1
302806493 1 60
302806488 1 1
302806487 2 0
302806483 1 58
302806482 3 0
302806481 4 64
302806477 7 0
302806468 8 0
302806464 13 13
302806457 2 1
302806450 2 1
302806444 7 1
302806443 4 0
302806442 5 6
302806433 0 1
302806432 2 2
302806429 11 0
302806423 4 2
302806417 9 2
302806416 23 4
302806415 3 2
302806411 26 13
302806410 5 1
302806409 29 2
302806408 15 1
302806405 8 9
302806404 3 1
302806400 51 11
302806397 0 0
302806395 0 0
302806393 5 1
302806387 25 2
302806386 10 2
302806378 0 1
302806377 14 1
302806376 531 11
302806375 29 15
302806372 3 0
302806371 387 10
302806367 0 7
302806352 1 1
302806331 3 1
302806328 3 0
302806324 1 5
302806318 2 1
302806317 21 0
302806310 0 0
302806309 4 65
302806307 15 2
302806305 17 0
302806303 3 0
302806302 5 67
302806292 6 1
302806286 23 5
302806285 3 2
302806277 12 0
302806274 23 6
302806273 1 0
302806270 7 1
302806267 12 4
302806265 0 0
302806263 11 7
302806261 9 2
302806259 3 0
302806256 0 3
302806254 1 2
302806250 2 0
302806248 0 1
302806247 1 0
302806246 6 2
302806235 1 1
302806226 13 3
302806225 13 15
302806208 282 3
302806201 5 6
302806200 2 1
302806197 0 0
302806195 22 0
302806187 0 0
302806182 15 0
302806181 15 1
302806180 5 5
302806179 10 0
302806165 2 0
302806161 6 15
302806152 8 1
302806150 2 1
302806147 21 2
302806142 3 0
302806141 0 0
302806139 1 2
302806135 2 0
302806133 2 2
302806132 2 0
302806115 6 15
302806102 1 2
302806098 2 1
302806097 0 0
302806095 1 1
302806094 2 0
302806081 2 0
302806074 2 1
302806072 2 1
302806067 3 3
302806065 5 1
302806062 1 1
302806061 7 1
302806057 3 3
302806052 1 1
302806049 3 3
302806047 0 0
302806046 0 2
302806042 14 3
302806034 2 0
302806032 26 3
302806031 7 4
302806028 17 1
302806026 3 3
302806020 1 0
302806018 4 1
302806013 1 0
302806012 0 0
302806005 2 3
302806003 14 1
302806000 9 1
302805996 4 0
302805993 0 0
302805991 2 3
302805988 28 0
302805983 4 10
302805979 5 3
302805964 0 3
302805963 4 4
302805960 8 3
302805936 7 1
302805933 7 1
302805929 9 0
302805927 6 0
302805923 6 10
302805919 2 0
302805917 4 0
302805914 1 1
302805902 25 4
302805900 2 7
302805898 0 0
302805897 11 2
302805894 1 3
302805891 4 18
302805886 0 1
302805883 1 1
302805880 12 4
302805874 1 0
302805869 2 1
302805865 10 0
302805864 10 0
302805858 5 0
302805855 0 0
302805843 3 12
302805842 37 3
302805838 13 0
302805836 3 0
302805834 8 1
302805833 11 1
302805829 4 0
302805822 7 0
302805820 3 0
302805817 9 0
302805816 0 1
302805808 4 0
302805806 15 0
302805805 10 2
302805804 1 1
302805803 11 31
302805802 732 5
302805798 10 1
302805794 6 3
302805791 19 7
302805784 19 3
302805781 4 1
302805779 6 0
302805769 16 3
302805767 4 0
302805766 143 4
302805763 35 2
302805758 1 7
302805757 5 3
302805753 1 3
302805750 1 1
302805749 15 1
302805739 1 1
302805736 1 1
302805734 3 1
302805728 1 0
302805725 2 1
302805720 14 1
302805719 5 0
302805714 8 0
302805704 7 0
302805698 4 0
302805697 2 0
302805694 10 2
302805693 3 1
302805689 16 5
302805687 14 2
302805682 3 0
302805681 1 0
302805676 2 0
302805675 3 4
302805674 0 0
302805672 0 0
302805662 4 3
302805661 7 0
302805660 25 2
302805659 3 0
302805658 1 0
302805648 663 9
302805647 0 0
302805645 25 2
302805643 16 5
302805620 534 15
302805617 0 0
302805615 4 3
302805607 5 61
302805601 7 1
302805599 1 0
302805598 5 59
302805589 0 0
302805586 1368 50
302805581 31 0
302805580 0 2
302805578 6 11
302805576 0 0
302805573 7 4
302805569 1 0
302805566 9 1
302805558 6 0
302805545 2 0
302805542 5 6
302805541 8 6
302805540 10 0
302805536 488 15
302805530 21 0
302805528 1 0
302805527 6 0
302805502 21 1
302805495 14 6
302805492 3 0
302805489 45 2
302805486 2 0
302805473 6 0
302805471 2 0
302805465 2 0
302805462 2 2
302805461 2 6
302805453 3 1
302805450 7 65
302805448 1 2
302805442 3 0
302805437 6 0
302805436 22 0
302805429 13 1
302805419 0 0
302805416 16 3
302805410 14 2
302805409 6 0
302805395 0 0
302805384 1 0
302805377 7 0
302805375 25 1
302805370 0 0
302805355 4 0
302805353 5 8
302805351 9 1
302805338 8 3
302805336 3 5
302805335 17 1
302805331 27 6
302805327 2 4
302805322 1 1
302805316 5 0
302805312 2 1
302805311 6 4
302805310 3 0
302805309 4 1
302805304 1 0
302805302 9 0
302805296 13 0
302805295 5 1
302805285 3 1
302805283 6 1
302805282 0 1
302805281 0 0
302805280 7 0
302805278 10 0
302805276 2 0
302805272 893 13
302805271 1 0
302805270 0 0
302805268 10 13
302805258 0 0
302805254 7 0
302805251 0 0
302805246 1 0
302805243 3 0
302805241 0 0
302805238 0 0
302805236 33 0
302805222 4 0
302805220 3 0
302805218 13 0
302805207 12 0
302805204 6 0
302805199 5 8
302805197 7 76
302805190 3 1
302805189 4 2
302805188 14 1
302805187 6 10
302805182 23 4
302805177 16 5
302805176 8 1
302805170 17 6
302805163 2 1
302805160 9 53
302805154 3 0
302805153 1 3
302805151 0 2
302805144 2 0
302805142 3 0
302805139 10 0
302805138 0 0
302805126 0 0
302805124 7 2
302805113 17 1
302805110 8 3
302805103 2 0
302805102 13 1
302805097 0 0
302805094 10 0
302805092 0 3
302805090 2 2
302805088 5 0
302805087 11 2
302805086 5 0
302805085 0 1
302805075 0 0
302805068 5 3
302805058 9 1
302805057 10 0
302805052 8 0
302805051 5 1
302805046 3 0
302805045 6 1
302805042 0 0
302805040 6 0
302805034 5 1
302805023 7 0
302805017 3 0
302805014 9 1
302805006 12 4
302805004 3 1
302805001 1 0
302804994 13 2
302804992 11 4
302804981 4 1
302804975 7 2
302804963 2 1
302804954 3 0
302804947 1 0
302804943 11 2
302804942 0 0
302804934 8 1
302804932 0 1
302804914 16 3
302804908 3 0
302804897 0 1
302804894 0 0
302804891 16 0
302804882 0 0
302804873 35 3
302804868 9 10
302804855 3 0
302804854 6 0
302804849 18 2
302804845 0 0
302804843 35 1
302804841 8 19
302804838 0 0
302804836 9 1
302804825 19 4
302804820 3 0
302804811 0 0
302804810 3 18
302804802 8 1
302804796 0 0
302804791 14 0
302804789 7 2
302804780 7 1
302804779 7 1
302804778 675 114
302804776 2 0
302804771 1 1
302804770 3 1
302804767 1 0
302804766 1 1
302804760 3 7
302804754 0 1
302804752 2 0
302804750 2 0
302804747 34 0
302804745 5 0
302804741 16 1
302804734 8 0
302804727 1 0
302804721 1 1
302804710 834 19
302804704 21 0
302804698 6 2
302804697 1266 13
302804693 2 0
302804692 8 0
302804691 10 4
302804682 5 0
302804678 3 0
302804667 2 1
302804666 4 1
302804665 5 0
302804659 0 0
302804652 7 1
302804649 3 1
302804640 4 0
302804634 929 14
302804630 3 0
302804627 25 0
302804626 1 1
302804625 1 0
302804624 1 8
302804623 0 0
302804613 0 0
302804612 8 3
302804611 5 2
302804609 9 0
302804595 2 17
302804593 6 0
302804590 3 0
302804586 2 0
302804585 14 1
302804584 0 0
302804582 4 6
302804576 14 0
302804573 9 1
302804565 9 0
302804559 6 4
302804557 2 1
302804551 0 0
302804550 6 1
302804548 3 6
302804545 1 1
302804543 17 1
302804540 3 8
302804525 6 0
302804522 0 1
302804515 11 10
302804514 18 1
302804509 10 0
302804508 1 0
302804507 0 2
302804503 0 0
302804498 5 64
302804497 2 2
302804495 3 73
302804490 6 0
302804489 5 0
302804482 8 1
302804480 5 1
302804478 5 3
302804475 9 0
302804471 0 0
302804467 0 0
302804465 2 3
302804462 2 7
302804454 2 1
302804452 1 0
302804451 7 1
302804448 2 0
302804447 3 1
302804446 0 0
302804444 4 0
302804439 2 40
302804437 7 0
302804435 0 0
302804431 1 0
302804430 822 12
302804427 1435 11
302804412 1 0
302804410 0 0
302804408 0 0
302804407 11 0
302804402 13 15
302804396 4 20
302804393 7 20
302804388 3 1
302804386 701 13
302804384 4 1
302804380 6 0
302804363 0 0
302804362 13 4
302804361 1 0
302804358 8 0
302804355 5 4
302804352 3 0
302804347 3 0
302804344 12 1
302804343 4 0
302804333 7 1
302804332 3 0
302804330 50 2
302804323 1 0
302804320 0 0
302804311 8 1
302804305 5 0
302804289 9 0
302804287 3 1
302804282 8 2
302804275 6 1
302804274 2 0
302804271 15 0
302804261 0 0
302804257 1108 50
302804255 7 1
302804251 0 0
302804248 0 1
302804245 51 2
302804244 6 2
302804239 2 0
302804236 3 3
302804224 1 1
302804218 10 2
302804204 2 0
302804197 4 3
302804192 1 1
302804190 1 0
302804187 574 39
302804181 0 0
302804179 0 0
302804174 2 2
302804166 0 0
302804164 10 1
302804163 6 1
302804154 11 6
302804151 16 5
302804148 0 1
302804138 4 0
302804136 0 0
302804135 1 1
302804133 7 0
302804114 12 0
302804107 4 1
302804106 4 0
302804104 950 26
302804097 15 11
302804095 0 0
302804092 0 1
302804090 4 1
302804078 13 2
302804076 15 0
302804071 31 16
302804070 1 0
302804069 14 0
302804065 10 0
302804049 2208 13
302804047 2 1
302804039 1249 60
302804038 0 0
302804032 0 0
302804031 4 1
302804023 3 0
302804015 2 4
302804011 5 1
302804010 6 0
302804005 4 0
302804004 1 0
302804003 893 20
302804001 19 1
302803997 4 1
302803994 3 3
302803982 4 0
302803976 8 0
302803975 3 0
302803966 0 0
302803961 11 0
302803957 2 0
302803955 5 0
302803954 7 0
302803933 8 14
302803932 1 1
302803928 33 14
302803921 8 0
302803914 5 4
302803911 0 0
302803909 8 1
302803906 11 0
302803899 9 1
302803896 5 8
302803895 1 1
302803878 5 7
302803876 5 0
302803873 7 0
302803867 7 0
302803866 0 0
302803864 0 0
302803862 11 1
302803856 0 0
302803854 0 0
302803852 5 0
302803844 6 0
302803843 3 8
302803838 7 1
302803836 4 3
302803832 17 8
302803830 0 0
302803828 2 0
302803825 3 1
302803820 0 0
302803805 0 1
302803799 5 0
302803795 21 0
302803793 3 1
302803791 690 40
302803789 16 16
302803778 5 1
302803775 1066 9
302803770 1 2
302803769 1 0
302803768 2 1
302803745 0 0
302803736 5 0
302803735 6 0
302803724 0 0
302803723 23 0
302803717 3 7
302803707 6 1
302803697 3 4
302803696 1 0
302803690 11 13
302803688 0 0
302803682 12 1
302803678 14 0
302803677 101 32
302803672 4 0
302803657 0 0
302803649 10 0
302803646 6 1
302803638 1 0
302803635 7 0
302803633 1 1
302803622 3 0
302803619 6 0
302803604 8 1
302803601 1 0
302803590 1 0
302803586 17 8
302803575 1 0
302803571 0 0
302803564 812 9
302803556 6 0
302803553 6 1
302803550 5 2
302803549 7 0
302803537 17 0
302803528 9 7
302803524 18 0
302803507 2 0
302803500 3 0
302803489 16 5
302803484 1 5
302803479 2 0
302803477 3 1
302803474 10 6
302803467 2 0
302803466 7 1
302803464 8 7
302803463 1 0
302803462 17 2
302803448 4 2
302803429 6 3
302803421 4 1
302803412 22 0
302803411 3 4
302803410 3 1
302803409 24 0
302803406 0 0
302803404 3 2
302803391 2 2
302803388 8 2
302803385 2 1
302803373 8 0
302803372 0 0
302803368 3 3
302803364 3 1
302803361 8 0
302803360 10 0
302803354 5 0
302803352 39 3
302803350 7 0
302803346 3 1
302803344 12 3
302803342 6 0
302803338 2 2
302803337 4 1
302803334 1 1
302803327 788 39
302803326 761 22
302803320 1 0
302803319 527 44
302803317 0 0
302803316 15 0
302803315 3 0
302803310 6 1
302803309 5 3
302803305 0 0
302803295 1212 18
302803287 9 3
302803285 401 6
302803276 6 5
302803272 5 3
302803267 2 3
302803260 5 0
302803257 33 0
302803256 6 19
302803255 6 1
302803251 11 1
302803246 3 0
302803245 29 10
302803238 4 0
302803235 7 2
302803230 5 1
302803229 11 0
302803228 4 0
302803227 11 2
302803226 4 0
302803220 2 0
302803217 14 0
302803216 2 0
302803215 11 0
302803214 1 0
302803199 13 0
302803187 1 1
302803186 5 0
302803173 3 3
302803164 4 1
302803161 6 0
302803159 7 2
302803153 2 0
302803152 2 0
302803149 5 2
302803144 7 0
302803139 5 2
302803138 2 0
302803132 4 0
302803130 11 0
302803129 3 3
302803128 8 2
302803123 4 2
302803122 3 0
302803118 5 3
302803115 30 1
302803114 0 0
302803108 9 2
302803106 7 1
302803104 1 0
302803099 1 0
302803091 4 2
302803089 6 3
302803086 2 0
302803085 24 0
302803082 1 2
302803078 3 10
302803072 7 0
302803069 0 2
302803066 0 0
302803065 0 0
302803062 10 5
302803059 5 0
302803052 922 29
302803049 4 1
302803047 0 0
302803042 2 0
302803038 0 1
302803034 0 0
302803033 4 3
302803025 2 3
302803018 0 0
302803014 8 4
302803004 15 1
302803002 2 0
302803001 7 0
302803000 7 3
302802997 11 4
302802994 39 1
302802992 3 2
302802984 3 0
302802982 20 1
302802981 8 3
302802977 3 0
302802970 2 0
302802967 1 0
302802966 3 4
302802960 14 2
302802955 2 2
302802953 5 1
302802948 17 0
302802947 19 0
302802945 10 0
302802939 3 0
302802928 3 18
302802926 0 0
302802919 5 0
302802916 5 0
302802914 17 0
302802909 1 2
302802901 16 0
302802896 11 2
302802895 23 1
302802892 633 9
302802890 32 2
302802888 1698 97
302802886 0 3
302802885 1323 63
302802884 5 0
302802878 9 2
302802872 2 1
302802864 3 15
302802859 0 0
302802856 5 2
302802851 6 0
302802842 774 15
302802837 1 0
302802836 9 1
302802835 5 0
302802830 10 0
302802821 6 4
302802809 3 1
302802807 2 0
302802805 452 5
302802803 1 0
302802802 0 0
302802794 14 8
302802792 1212 55
302802776 7 1
302802775 7 0
302802772 2 0
302802770 10 1
302802765 18 0
302802756 3 0
302802754 6 0
302802743 8 0
302802739 5 0
302802732 4 0
302802731 1 0
302802726 945 32
302802724 4 1
302802715 9 2
302802713 5 1
302802709 13 5
302802704 8 6
302802689 0 0
302802687 3 0
302802684 4 1
302802683 938 55
302802666 0 0
302802663 0 1
302802660 6 0
302802653 9 4
302802650 2 1
302802644 3 0
302802629 20 2
302802628 10 3
302802624 6 1
302802618 26 0
302802607 4 0
302802605 1286 36
302802599 9 3
302802595 4 1
302802589 0 0
302802580 12 0
302802578 1171 72
302802576 0 0
302802574 4 1
302802572 6 0
302802563 312 41
302802551 8 0
302802538 4 0
302802535 5 1
302802533 2 0
302802532 12 0
302802524 0 1
302802522 4 33
302802508 4 16
302802505 5 0
302802504 16 5
302802496 13 2
302802491 10 1
302802486 6 72
302802485 7 63
302802483 2 1
302802476 169 19
302802463 2 0
302802459 4 2
302802455 17 0
302802450 410 9
302802425 2 0
302802419 1192 15
302802417 0 0
302802416 10 3
302802408 1175 58
302802406 9 1
302802405 0 0
302802394 0 0
302802392 0 0
302802391 2 22
302802386 3 0
302802385 15 1
302802381 4 0
302802380 1672 61
302802370 4 1
302802368 2 1
302802365 5 0
302802362 3 1
302802354 6 1
302802350 7 1
302802342 1 1
302802339 4 1
302802332 5 13
302802325 10 1
302802318 6 0
302802317 0 0
302802312 1 1
302802311 3 1
302802307 6 4
302802306 4 1
302802305 3 8
302802301 2 1
302802291 5 5
302802288 8 0
302802280 376 13
302802278 4 0
302802277 2 1
302802267 8 4
302802266 0 0
302802264 1 2
302802260 4 1
302802256 302 27
302802247 23 0
302802239 3 2
302802236 3 2
302802233 0 0
302802228 5 0
302802226 4 0
302802220 4 12
302802215 3 1
302802211 4 1
302802209 3 0
302802207 2 3
302802193 2 0
302802192 1162 19
302802168 3 2
302802167 1541 19
302802155 13 4
302802154 5 1
302802152 7 1
302802147 0 0
302802145 3 1
302802140 0 1
302802138 3 44
302802137 10 6
302802127 6 2
302802119 2 1
302802084 1 0
302802076 1 1
302802051 3 1
302802049 7 0
302802046 8 0
302802041 2 4
302802028 5 1
302802023 4 4
302802022 6 1
302802020 0 0
302802013 537 25
302802011 0 0
302802006 8 0
302802000 8 0
302801998 10 6
302801993 6 2
302801974 8 1
302801960 1 1
302801958 4 0
302801956 0 0
302801953 8 3
302801949 13 1
302801943 1 0
302801942 226 21
302801924 6 1
302801921 1 1
302801917 2 12
302801906 5 66
302801903 0 1
302801901 4 3
302801886 3 1
302801884 690 27
302801882 4 2
302801879 5 0
302801877 0 0
302801874 1 0
302801869 0 0
302801854 1 10
302801848 5 0
302801846 6 10
302801845 2 1
302801840 4 1
302801834 4 1
302801831 0 1
302801817 12 2
302801816 0 4
302801806 1 1
302801800 1 1
302801783 1 0
302801760 7 0
302801755 0 1
302801749 0 6
302801740 27 2
302801734 3 0
302801703 11 1
302801701 3 1
302801686 4 0
302801684 0 3
302801680 3 1
302801678 5 2
302801674 2 1
302801670 8 0
302801665 2 1
302801660 1 0
302801650 1 0
302801649 0 1
302801631 0 0
302801625 2 0
302801608 2 1
302801603 2 0
302801602 8 7
302801587 9 1
302801563 9 0
302801558 16 1
302801557 4 0
302801556 4 0
302801553 9 0
302801546 0 1
302801532 9 1
302801530 1 2
302801528 1 2
302801516 1 0
302801515 186 35
302801492 1 2
302801490 0 1
302801483 2 1
302801462 1 1
302801453 4 1
302801450 6 2
302801438 6 1
302801424 0 0
302801421 0 0
302801419 13 3
302801404 2 1
302801398 1 0
302801394 1 0
302801376 5 12
302801371 7 12
302801357 1 0
302801356 3 2
302801350 18 0
302801346 955 92
302801340 5 0
302801320 2 1
302801318 2 1
302801308 5 4
302801301 0 0
302801279 0 1
302801267 0 0
302801255 1845 29
302801242 1 0
302801241 17 3
302801240 6 3
302801233 7 0
302801224 8 2
302801222 15 0
302801219 657 14
302801218 5 1
302801198 2 5
302801197 0 0
302801196 7 0
302801195 8 5
302801193 1 0
302801192 753 68
302801184 2 0
302801181 2 1
302801179 0 0
302801178 0 1
302801177 2 1
302801176 0 1
302801173 9 0
302801172 1 39
302801169 0 0
302801167 1876 17
302801165 10 2
302801164 8 0
302801162 0 1
302801161 4 0
302801160 2 0
302801157 3 1
302801156 2 1
302801154 0 1
302801152 1 1
302801151 1 6
302801149 6 1
302801144 6 2
302801142 0 0
302801140 7 0
302801139 9 1
302801138 3 0
302801137 6 0
302801134 0 0
302801132 2 1
302801130 2 1
302801128 6 0
302801126 7 0
302801125 8 2
302801124 2 37
302801123 1 1
302801122 4 0
302801121 0 1
302801120 9 6
302801119 8 3
302801116 9 1
302801112 11 5
302801111 7 0
302801107 5 1
302801104 1048 40
302801103 5 1
302801101 1 0
302801099 0 0
302801095 0 0
302801094 7 4
302801093 6 1
302801091 1578 102
302801087 4 0
302801085 8 1
302801084 1443 112
302801083 9 0
302801079 5 0
302801078 0 0
302801076 2 1
302801072 9 1
302801071 7 2
302801070 6 1
302801067 2 3
302801064 1 1
302801063 4 0
302801062 886 96
302801060 3 1
302801058 922 176
302801057 0 2
302801056 3 2
302801053 5 1
302801051 1 14
302801050 0 0
302801049 0 1
302801046 8 1
302801045 5 1
302801044 2 1
302801043 1393 97
302801042 2566 25
302801036 1 1
302801034 0 1
302801033 2 2
302801029 1 1
302801028 0 0
302801027 0 0
302801025 8 7
302801023 0 0
302801022 2 1
302801020 7 2
302801018 621 92
302801017 1 1
302801013 9 0
302801012 3 0
302801009 0 0
302801008 0 0
302801007 3 1
302801002 0 0
302800997 2 6
302800996 1 2
302800994 5 2
302800993 16 0
302800992 0 0
302800991 0 0
302800990 959 185
302800989 6 0
302800987 2 1
302800986 2764 67
302800984 1 2
302800982 4 0
302800981 3 0
302800976 0 0
302800975 0 0
302800974 1 1
302800970 1 1
302800969 0 0
302800968 2 0
302800967 0 16
302800965 4 1
302800964 8 1
302800962 4 0
302800961 1 0
302800959 1332 98
302800958 6 0
302800951 3 9
302800948 0 0
302800947 12 9
302800946 0 1
302800945 4 0
302800944 0 2
302800942 1 6
302800941 2 1
302800934 8 0
302800931 0 0
302800930 10 0
302800928 0 0
302800927 0 0
302800923 5 0
302800919 0 0
302800917 3 0
302800915 2 0
302800914 0 0
302800912 7 1
302800911 18 1
302800910 0 1
302800906 0 0
302800902 1556 176
302800900 0 0
302800899 3 1
302800898 2 0
302800897 0 0
302800895 19 1
302800894 0 0
302800891 2 0
302800889 0 0
302800887 5 0
302800883 2 1
302800876 5 1
302800875 3 0
302800871 649 6
302800869 9 0
302800868 4 1
302800867 0 0
302800864 7 0
302800862 7 3
302800861 1 0
302800860 0 0
302800858 1 1
302800855 4 1
302800853 2 1
302800852 8 7
302800850 5 0
302800848 0 1
302800847 4 3
302800840 1 0
302800836 8 3
302800835 0 0
302800833 1 11
302800832 4 0
302800831 8 1
302800830 8 0
302800829 5 0
302800828 4 0
302800827 1 0
302800826 8 11
302800824 4 0
302800823 2 0
302800822 0 1
302800820 1 0
302800819 3 0
302800812 4 1
302800810 0 3
302800809 0 1
302800808 1 0
302800804 0 0
302800802 0 0
302800801 3 2
302800800 1 2
302800798 4 0
302800797 0 0
302800792 2 3
302800791 9 0
302800789 0 0
302800788 0 4
302800787 3 1
302800786 1 0
302800785 8 0
302800784 5 0
302800782 2 1
302800779 0 0
302800778 7 0
302800775 1 1
302800774 287 8
302800773 4 0
302800771 1 0
302800762 13 1
302800761 4 4
302800759 0 0
302800757 3 0
302800756 0 0
302800752 7 27
302800750 5 1
302800749 2 1
302800747 9 0
302800743 947 12
302800740 17 7
302800739 3 1
302800738 2 0
302800737 2 0
302800736 1 1
302800730 2 0
302800729 5 1
302800728 5 0
302800727 5 1
302800725 1 0
302800724 4 0
302800723 2 0
302800721 11 2
302800720 2 0
302800716 12 0
302800713 1543 37
302800712 5 4
302800709 8 4
302800707 3 3
302800705 9 0
302800703 0 0
302800701 4 0
302800700 0 1
302800699 1 0
302800695 570 18
302800694 4 2
302800693 8 2
302800690 4 1
302800688 23 9
302800686 1 1
302800685 4 0
302800684 14 2
302800680 4 0
302800679 496 15
302800678 1 0
302800677 952 39
302800671 2 0
302800668 1 0
302800667 4 0
302800666 0 0
302800665 0 2
302800662 8 8
302800660 0 0
302800655 1 0
302800654 0 0
302800652 11 0
302800651 0 0
302800650 20 2
302800649 0 0
302800647 1 0
302800646 3242 34
302800645 0 1
302800643 0 2
302800642 5 1
302800641 0 2
302800640 2 1
302800636 6 3
302800635 3 3
302800634 8 3
302800633 4 1
302800632 0 0
302800630 1 1
302800629 4 2
302800627 7 0
302800624 12 0
302800623 6 0
302800622 0 0
302800620 7 0
302800618 1 3
302800616 1348 183
302800615 10 0
302800614 1 0
302800604 2 0
302800602 3 1
302800601 0 2
302800597 0 0
302800596 4 0
302800594 1165 9
302800593 0 0
302800590 6 1
302800589 757 14
302800587 5 2
302800586 3 0
302800585 14 3
302800581 7 2
302800579 6 3
302800576 6 0
302800575 14 5
302800572 0 0
302800571 1 2
302800567 1 0
302800566 1 0
302800563 0 0
302800559 2 2
302800558 6 0
302800557 11 1
302800555 17 8
302800554 5 3
302800552 5783 48
302800551 2 1
302800549 2 1
302800548 4 2
302800544 2 1
302800543 8 0
302800542 0 0
302800538 0 0
302800536 2 6
302800533 3 2
302800532 0 0
302800531 5 0
302800530 8 1
302800529 5930 128
302800528 4 1
302800524 3 0
302800523 572 19
302800521 2 3
302800518 4 3
302800517 13 1
302800516 6 2
302800511 6 2
302800510 2 1
302800509 0 0
302800506 1 0
302800504 2 2
302800502 5 2
302800500 3 0
302800499 1 1
302800496 8 7
302800494 1 4
302800493 7 3
302800492 6 3
302800491 3 0
302800489 3 1
302800488 4 4
302800487 1 0
302800485 0 1
302800484 2 3
302800482 1 0
302800481 7 3
302800479 13 2
302800478 4102 106
302800474 4 0
302800472 3 4
302800470 7 0
302800469 8 0
302800467 8 6
302800466 2 14
302800464 2 1
302800461 0 4
302800460 4 2
302800459 13 1
302800458 2 0
302800457 3 2
302800454 5 6
302800450 3 2
302800448 1721 9
302800446 0 0
302800444 1 0
302800442 2490 34
302800440 2 4
302800439 2 2
302800438 1 2
302800437 4 2
302800436 1 0
302800433 3096 34
302800430 1566 5
302800429 2 2
302800428 8 0
302800427 1 1
302800425 0 0
302800417 12 2
302800414 3 3
302800413 0 1
302800412 6 1
302800411 2 1
302800408 6 1
302800407 2 1
302800405 1 2
302800404 5 2
302800403 2 0
302800400 0 0
302800397 1 2
302800396 6 4
302800395 2 1
302800394 6 3
302800393 0 1
302800392 0 1
302800391 4 0
302800390 1359 16
302800388 3 2
302800386 3 2
302800381 1121 16
302800379 0 2
302800378 3 1
302800376 0 0
302800375 5 1
302800374 0 1
302800373 3 12
302800371 1 1
302800370 3 1
302800367 16 18
302800366 4 3
302800365 0 0
302800364 0 3
302800363 1 1
302800360 4 4
302800357 1 1
302800355 4 2
302800354 4422 71
302800352 1 1
302800351 0 2
302800344 0 2
302800343 1 3
302800340 6 13
302800338 2120 80
302800336 1 2
302800335 8 4
302800334 5 2
302800330 0 2
302800328 4 1
302800326 1 1
302800324 0 2
302800323 9 3
302800322 3 1
302800318 7 0
302800317 3 1
302800316 2 0
302800315 19 19
302800313 3 1
302800312 5 6
302800308 1 8
302800304 6 0
302800303 6 3
302800302 1 2
302800300 1 5
302800299 1151 70
302800297 749 30
302800293 4 1
302800292 3 3
302800290 3 1
302800288 0 0
302800287 2 1
302800285 7 0
302800278 2 2
302800277 7 3
302800276 6 2
302800275 0 1
302800274 0 2
302800272 3 2
302800271 0 1
302800270 0 1
302800265 3 1
302800263 1 2
302800262 0 0
302800259 2 1
302800258 2130 178
302800252 0 2
302800251 2 5
302800247 7 2
302800246 0 0
302800245 4 1
302800243 2 0
302800240 1 3
302800239 0 3
302800238 2 1
302800236 5 3
302800235 3 2
302800234 4 1
302800228 11 5
302800227 0 1
302800224 4 2
302800223 2 1
302800222 22 23
302800221 4 1
302800220 0 0
302800219 2 2
302800217 2 2
302800210 0 1
302800208 28 10
302800206 1 2
302800205 0 0
302800204 0 0
302800203 4383 196
302800196 28 22
302800192 2 3
302800191 4 5
302800188 6858 55
302800183 9 3
302800182 0 3
302800179 0 0
302800178 5 0
302800174 9 0
302800170 0 0
302800164 3 0
302800163 906 11
302800162 2 0
302800161 1 2
302800160 3 2
302800158 4 4
302800155 2 2
302800154 0 0
302800151 7 3
302800150 2 0
302800147 5 1
302800146 2 2
302800145 2 2
302800144 1 1
302800143 5 4
302800142 0 0
302800141 4 5
302800138 0 0
302800137 0 1
302800136 0 0
302800135 2 3
302800133 2 2
302800130 5 1
302800129 5 2
302800128 13 1
302800124 3 2
302800122 2 3
302800121 1 7
302800120 0 0
302800119 0 0
302800118 6 2
302800117 981 77
302800116 1 3
302800115 1 0
302800114 5 5
302800113 2 0
302800110 3 2
302800109 1 2
302800107 2 6
302800105 12 3
302800104 5 3
302800103 4 5
302800102 0 0
302800101 5 2
302800097 0 2
302800095 0 0
302800093 2 3
302800091 0 0
302800089 1 2
302800088 1 1
302800086 0 0
302800085 6 40
302800084 10 2
302800082 0 0
302800081 7 3
302800080 0 1
302800079 6 2
302800078 0 0
302800077 0 1
302800076 0 1
302800075 4 3
302800073 0 0
302800072 3 2
302800071 2 7
302800067 18 12
302800065 0 1
302800064 0 0
302800061 9 1
302800060 2 2
302800059 0 0
302800058 6 3
302800056 3 0
302800055 1 2
302800054 1 1
302800053 1 0
302800052 0 0
302800051 9 2
302800049 4 3
302800048 3 0
302800047 9 7
302800046 0 2
302800045 3 2
302800043 3 3
302800042 1 0
302800041 1 0
302800040 5 4
302800039 6 2
302800038 3 1
302800035 3 2
302800034 1 2
302800033 3 2
302800031 0 0
302800030 2 2
302800029 3 2
302800024 6 1
302800021 4 2
302800020 8 2
302800019 5 3
302800018 4 2
302800014 0 1
302800012 10 3
302800010 7 1
302800008 7 2
302800007 0 0
302800006 0 0
302800005 5 3
302800004 4 2
302800003 5 3
302799998 0 0
302799997 0 1
302799996 0 0
302799995 0 0
302799994 0 1
302799993 3 0
302799992 0 2
302799991 0 1
302799990 2 4
302799989 7 5
302799988 1 0
302799986 0 2
302799984 9 2
302799982 5 0
302799981 0 6
302799980 2 1
302799979 0 6
302799978 0 0
302799977 3 2
302799976 1 2
302799975 5 4
302799974 0 2
302799973 0 1
302799972 4 2
302799971 6 4
302799969 3 3
302799968 4663 63
302799967 0 1
302799965 0 0
302799964 1 1
302799963 11 2
302799962 8 2
302799961 1 3
302799960 0 3
302799959 1 1
302799958 2 4
302799955 3 1
302799954 0 2
302799953 2 2
302799952 4 3
302799951 4 1
302799949 15 3
302799948 6 3
302799947 0 2
302799945 0 0
302799944 1384 54
302799943 2 0
302799942 0 4
302799940 4 3
302799939 0 0
302799938 5 3
302799937 0 2
302799936 2 2
302799935 0 0
302799931 7 7
302799930 5 1
302799929 5 0
302799928 6 4
302799927 1 1
302799926 3 0
302799924 0 1
302799923 0 5
302799922 0 3
302799921 7 10
302799919 7 3
302799917 5 3
302799916 3 6
302799913 0 0
302799911 3499 38
302799910 1 0
302799909 1 1
302799908 2 0
302799907 3 2
302799906 9 0
302799905 2 1
302799904 0 0
302799903 2 1
302799902 1 2
302799897 7 0
302799896 0 3
302799895 4 0
302799894 1 0
302799893 0 1
302799892 5 3
302799891 5 3
302799890 1 2
302799887 3 2
302799886 4 4
302799884 1 4
302799883 0 0
302799881 3 3
302799880 2 0
302799879 1 5
302799878 3 0
302799877 7 2
302799876 2 7
302799874 3 2
302799873 1 6
302799871 2 4
302799869 0 0
302799868 4 8
302799867 1 1
302799866 7 2
302799865 0 5
302799864 1 3
302799862 1 12
302799861 1 3
302799860 3 2
302799859 3 0
302799857 1 1
302799853 2 5
302799852 4 0
302799851 0 6
302799849 1 1
302799847 9 2
302799846 1 0
302799845 4 5
302799842 0 5
302799841 0 5
302799839 2 0
302799838 4 23
302799837 3 0
302799836 4 23
302799835 1 0
302799832 7679 61
302799831 2 34
302799829 3 2
302799828 1 29
302799826 0 0
302799825 5 0
302799822 1 4
302799821 1 0
302799820 1 1
302799818 1 0
302799817 4 2
302799816 4 3
302799815 0 3
302799814 3 0
302799813 0 4
302799812 1 0
302799811 0 0
302799809 0 0
302799807 3 2
302799806 0 0
302799805 1 1
302799804 4 0
302799803 0 2
302799802 1 0
302799801 0 3
302799799 4125 39
302799798 0 2
302799797 0 3
302799796 0 3
302799794 0 1
302799792 1 0
302799791 21 7
302799790 10 3
302799789 0 3
302799788 0 2
302799786 2 3
302799785 1 1
302799784 0 1
302799783 0 8
302799780 3 2
302799779 2 2
302799777 0 2
302799775 3 8
302799774 0 6
302799772 0 0
302799770 2 1
302799768 0 3
302799767 0 0
302799765 0 0
302799764 0 0
302799763 2 3
302799762 1 1
302799761 3 4
302799760 0 3
302799759 0 0
302799758 1 1
302799757 5 6
302799756 0 1
302799755 2 1
302799754 0 3
302799753 1 2
302799751 0 2
302799750 1 5
302799749 0 0
302799748 2 1
302799747 0 5
