303956527 0 0
303952408 0 0
303942557 2 0
303936792 0 0
303930040 1 0
303916772 0 0
303901964 0 0
303871152 2 2
303863932 2 0
303863909 0 0
303863899 3 0
303863886 0 0
303857374 0 0
303855648 0 0
303834428 0 0
303814080 0 0
303804270 1 1
303803300 8 0
303801749 3 0
303799014 5 0
303791681 11 0
303743488 7 1
303743483 0 0
303738750 0 0
303738744 5 0
303738739 3 0
303737638 14 0
303737637 11 0
303737624 0 0
303737476 7 0
303733488 2 0
303728033 0 3
303670047 12 1
303670005 13 0
303669653 9 0
303669629 12 0
303668521 1 0
303665829 0 1
303656387 1 0
303642813 1 0
303641659 9 0
303641657 10 0
303641648 2 0
303641643 1 0
303641641 2 0
303587178 6 0
303573479 3 0
303573003 0 0
303570458 12 0
303538600 7 0
303521871 12 0
303511492 5 2
303506436 1 0
303506161 9 0
303506142 12 0
303503828 3 15
303497500 1 7
303447663 4 0
303308582 20 0
303241538 17 1
303240823 14 0
303219841 23 8
303180709 6 0
303164314 2 0
303162861 3 0
303161660 3 2
303158424 4 0
303133487 10 0
303122990 6 1
303122986 27 1
303122972 51 0
303122960 27 0
303103081 9 0
303103043 1 0
303074390 23 0
303071785 1 0
303071779 1 0
303052923 18 0
303033249 11 1
302987289 17 6
302987193 1 14
302980227 32 2
302979377 11 3
302961524 35 1
302950997 11 0
302950980 4 2
302950965 12 1
302935224 11 0
302935216 19 0
302893970 5 0
302892766 2 0
302892545 9 0
302882016 5 3
302880482 12 3
302839129 24 1
302830593 0 4
302818916 4 15
302818354 20 0
302817919 6 0
302817885 21 0
302817846 2 0
302817524 14 0
302817368 12 1
302816602 9 0
302815714 4 7
302809574 5 0
302808716 3 0
302796838 1 0
302788365 4 0
302763359 6 0
302761783 1 0
302745606 6 1
302745233 13 0
302744963 14 0
302743836 8 2
302742251 7 1
302742242 20 1
302742233 8 1
302742201 24 3
302742193 25 1
302742159 20 2
302742083 63 4
302742033 53 3
302741982 7 1
302734878 12 6
302731015 33 1
302730646 3 1
302730528 6 1
302729781 0 1
302729324 2 19
302726681 0 0
302726286 7 2
302724898 10 2
302724441 0 1
302723612 0 1
302722915 9 1
302722168 0 0
302721450 8 2
302721444 6 1
302720846 6 2
302720472 3 1
302719849 7 2
302716944 6 1
302709187 7 1
302700822 12 2
302693077 0 1
302688685 0 1
302687046 33 1
302679225 8 1
302662963 3 1
302662925 4 12
302662814 24 1
302662804 46 2
302660192 7 1
302645165 6 32
302644873 1 0
302644477 5 3
302644011 6 1
302643987 8 2
302643513 35 1
302643278 36 1
302643274 1 5
302642258 8 65
302642107 3 5
302641904 13 2
302640640 0 3
302640064 1 4
302638860 7 7
302638646 12 1
302638595 1 2
302638389 13 1
302638198 8 1
302637904 3 16
302637187 37 1
302636884 11 1
302635786 10 1
302634915 5 1
302634305 9 2
302634115 12 2
302633194 7 1
302633173 18 2
302627262 0 1
302626514 0 1
302623765 62 2
302610421 5 22
302610048 8 1
302610022 5 1
302609904 7 32
302609900 6 2
302609798 8 1
302609255 35 2
302608877 5 1
302607402 7 1
302596578 24 1
302589711 12 1
302584907 6 1
302584523 29 2
302583437 11 1
302571325 5 3
302571232 2 6
302571231 0 3
302571228 9 1
302571057 8 33
302570968 4 1
302570905 3 3
302570333 22 2
302570241 2 10
302570237 4 4
302570236 0 17
302569638 18 0
302569460 47 2
302569145 8 1
302569126 4 6
302568774 6 1
302568283 1 9
302568276 8 1
302567273 0 1
302567271 5 1
302566954 1 1
302566724 0 1
302565946 14 6
302565773 18 7
302565689 14 1
302565496 5 1
302565308 39 1
302565266 32 1
302565260 31 2
302565210 12 1
302565172 11 4
302565028 18 1
302564628 6 2
302564535 14 4
302564407 26 5
302563890 3 6
302563647 9 3
302563640 3 1
302563609 9 1
302563534 14 3
302563530 7 1
302563342 25 1
302563315 0 0
302563208 8 0
302563189 21 2
302563183 2 0
302563158 12 4
302563133 11 1
302562844 27 3
302562696 3 45
302562396 12 25
302562099 7 0
302562093 0 0
302562035 4 17
302561663 6 1
302561066 1 4
302560798 21 6
302560711 11 1
302560434 7 3
302560370 2 6
302560362 4 14
302560238 8 2
302559827 14 4
302559429 17 15
302558198 11 4
302557659 9 4
302554103 5 1
302552947 9 3
302550382 1 1
302550057 20 2
302549980 6 1
302548630 19 3
302548562 6 1
302548532 52 1
302547440 21 3
302535665 20 2
302535468 7 2
302535464 16 7
302535399 3 19
302535397 19 11
302535395 14 0
302534403 11 1
302534335 9 5
302532622 11 5
302532617 7 2
302523987 12 5
302523969 13 0
302522329 6 3
302521939 14 4
302521806 5 1
302519620 9 0
302516895 0 1
302515653 16 2
302510269 9 1
302510065 5 1
302509707 0 1
302509329 23 2
302509325 14 1
302509287 9 2
302508443 27 1
302507986 4 8
302507057 17 1
302506309 28 1
302506043 38 4
302506017 9 1
302505541 5 0
302500775 22 0
302500244 9 3
302500173 14 3
302498084 8 0
302497914 14 0
302497906 10 0
302497902 12 0
302497885 6 0
302497867 5 1
302497852 11 2
302497790 1 1
302497784 0 0
302497688 17 3
302497682 27 2
302497678 13 7
302497672 11 5
302497621 9 1
302497597 0 1
302497596 9 1
302497590 18 1
302497564 38 4
302497557 26 1
302497537 3 1
302497533 17 2
302497522 17 18
302497514 0 1
302497400 7 1
302497331 19 1
302497325 11 1
302497319 3 1
302497310 0 1
302497245 26 6
302497237 4 1
302497229 3 2
302497226 4 1
302497203 9 6
302497076 0 2
302497072 14 1
302497030 1 2
302496980 5 3
302496970 4 2
302496949 4 1
302496913 0 3
302496877 5 4
302496866 1 3
302496860 51 1
302496855 9 1
302496852 12 1
302496849 9 1
302496844 18 1
302496841 1 5
302496822 7 1
302496819 0 0
302496766 2 8
302496654 0 1
302496607 2 1
302496596 16 3
302496518 31 1
302496516 34 1
302496514 45 1
302496480 14 2
302496439 12 1
302496424 28 1
302496374 14 7
302496364 0 1
302496352 2 4
302496309 24 0
302496266 2 3
302496260 14 3
302496226 5 2
302496206 18 4
302496180 45 1
302496171 17 1
302496168 24 1
302496162 8 3
302496159 7 1
302496155 30 1
302496152 3 1
302496149 22 1
302496136 16 3
302496134 17 3
302496126 19 0
302496112 3 2
302496095 1 1
302496083 15 2
302496078 14 2
302496076 1 1
302496072 19 0
302496070 29 1
302496024 3 4
302496019 32 2
302496007 0 1
302495990 2 2
302495942 0 5
302495807 1 4
302495799 17 1
302495710 18 2
302495678 6 1
302495675 10 1
302495621 9 3
302495600 10 3
302495531 17 1
302495487 10 1
302495469 33 1
302495375 7 28
302495367 13 2
302495362 30 2
302495295 19 1
302495292 9 2
302495272 8 1
302495270 3 6
302495239 20 1
302495197 11 6
302495189 0 1
302495128 16 2
302495085 9 3
302494936 45 1
302494932 0 1
302494898 13 2
302494888 12 2
302494829 25 2
302494789 13 3
302494725 0 3
302494717 5 1
302494622 16 11
302494620 7 1
302494562 0 1
302494523 6 0
302494461 8 2
302494455 7 2
302494443 4 1
302494343 25 1
302494319 10 1
302494275 0 1
302494270 6 3
302494185 5 1
302494182 1 5
302494156 1 1
302494074 0 1
302494020 1 1
302493944 4 1
302493929 3 3
302493832 0 1
302493787 15 2
302493605 5 1
302493590 16 1
302493589 4 2
302493493 17 1
302493013 0 0
302492882 7 1
302492830 17 9
302492769 9 1
302492620 10 1
302492507 0 1
302492455 7 16
302492403 7 1
302492367 3 30
302492343 30 2
302492341 10 3
302492331 7 2
302492330 1 1
302492307 1 26
302492299 15 3
302492280 12 2
302492248 11 3
302492219 12 5
302492211 13 3
302492208 3 1
302492206 12 2
302492202 3 1
302492198 1 1
302492197 1 1
302492185 2 2
302492169 7 7
302492153 1 2
302492130 33 2
302492111 17 12
302492102 9 2
302492100 10 3
302492095 30 5
302492091 18 2
302492090 3 1
302492067 1 1
302492059 1 1
302492057 6 2
302492047 2 1
302492043 19 4
302492037 10 2
302492030 10 4
302492023 4 7
302492015 2 1
302492010 20 3
302492007 20 3
302492001 0 12
302491995 30 2
302491994 1 1
302491988 12 1
302491984 1 2
302491953 14 5
302491952 14 2
302491950 6 48
302491949 0 18
302491943 11 2
302491936 1 1
302491934 5 33
302491933 7 3
302491929 12 1
302491928 5 6
302491927 26 1
302491925 3 32
302491920 25 1
302491916 18 1
302491914 3 1
302491913 16 8
302491903 11 1
302491885 0 4
302491831 11 1
302491824 1 3
302491816 5 2
302491804 17 1
302491794 12 2
302491792 0 1
302491787 21 5
302491777 0 1
302491771 0 4
302491769 16 2
302491759 3 13
302491757 20 2
302491734 1 4
302491727 13 12
302491720 1 1
302491711 9 1
302491702 31 5
302491701 10 2
302491700 12 4
302491699 9 1
302491691 0 1
302491684 1 1
302491679 0 1
302491678 0 1
302491660 14 4
302491644 6 1
302491641 2 1
302491635 16 11
302491626 15 5
302491625 14 2
302491618 8 2
302491612 20 15
302491611 10 33
302491609 16 2
302491607 8 4
302491589 8 1
302491587 9 3
302491585 5 3
302491578 7 1
302491577 9 4
302491576 6 1
302491570 25 1
302491564 7 2
302491556 8 12
302491553 7 11
302491550 13 2
302491549 8 2
302491536 10 1
302491526 2 1
302491523 14 1
302491522 8 2
302491521 7 3
302491520 8 3
302491518 11 3
302491516 4 1
302491513 0 1
302491495 20 3
302491490 4 1
302491487 11 2
302491483 7 1
302491474 19 2
302491468 18 1
302491466 5 1
302491465 17 1
302491462 9 2
302491459 5 1
302491458 6 4
302491455 10 1
302491454 3 1
302491452 17 1
302491451 5 1
302491447 9 3
302491446 2 1
302491444 2 1
302491439 15 1
302491438 7 2
302491437 6 2
302491436 1 1
302491435 4 0
302491434 9 3
302491432 11 1
302491431 9 1
302491430 2 1
302491429 2 0
302491428 5 1
302491427 4 0
302491425 10 3
302491424 9 0
302491423 23 0
302491422 16 2
302491420 1 0
302491418 1 0
302491416 2 0
302491415 3 0
302491414 9 1
302491413 2 0
302491411 0 0
302491410 18 2
302491399 18 0
302491393 8 1
302491389 14 1
302491388 1 0
302491379 4 1
302491377 0 1
302491374 0 0
302491371 2 3
302491370 5 1
302491369 4 2
302491366 7 0
302491365 10 0
302491345 6 1
302491338 1 0
302491337 15 1
302491333 8 0
302491329 1 0
302491324 14 4
302491319 30 0
302491317 8 0
302491314 14 0
302491302 7 1
302491301 8 1
302491288 20 0
302491287 11 0
302491285 0 4
302491283 3 0
302491278 14 1
302491274 22 3
302491273 8 1
302491271 11 0
302491256 8 48
302491252 0 4
302491243 9 1
302491233 0 1
302491229 0 4
302491224 11 1
302491218 7 1
302491212 18 3
302491208 4 1
302491207 8 1
302491206 6 0
302491205 7 0
302491204 0 1
302491203 2 1
302491188 14 1
302491178 7 0
302491175 3 0
302491173 1 0
302491166 2 0
302491165 2 0
302491159 7 1
302491156 1 0
302491155 12 0
302491153 7 29
302491140 11 2
302491130 1 0
302491125 17 0
302491118 10 0
302491106 8 0
302491102 1 0
302491099 2 1
302491086 3 1
302491075 12 2
302491069 21 2
302491063 6 40
302491062 8 1
302491061 0 2
302491059 8 0
302491058 6 0
302491046 20 3
302491037 18 4
302491030 1 0
302491029 0 2
302491019 9 0
302491018 14 0
302491017 0 0
302491013 9 19
302491011 4 30
302491009 0 1
302491005 10 1
302491000 10 0
302490999 2 13
302490984 203 3
302490980 30 0
302490974 21 0
302490973 25 4
302490968 8 1
302490966 27 0
302490963 19 2
302490962 7 0
302490955 3 0
302490953 0 0
302490950 0 0
302490945 3 0
302490938 7 20
302490936 6 33
302490935 1 0
302490934 6 0
302490933 6 28
302490931 3 0
302490928 16 5
302490924 2 0
302490922 27 0
302490907 1 40
302490906 5 0
302490905 21 4
302490904 14 4
302490899 22 4
302490896 9 0
302490895 20 5
302490892 12 3
302490891 17 4
302490889 9 0
302490881 7 0
302490875 6 10
302490873 18 0
302490866 12 5
302490860 0 4
302490857 17 0
302490854 8 0
302490852 3 7
302490851 4 29
302490847 1 0
302490844 12 1
302490843 16 4
302490840 8 0
302490838 1 0
302490835 13 1
302490831 4 29
302490829 5 0
302490828 6 3
302490827 16 3
302490816 4 0
302490814 10 0
302490807 17 0
302490799 0 3
302490797 12 0
302490792 9 1
302490790 17 3
302490786 25 11
302490783 0 1
302490781 0 1
302490780 12 0
302490779 21 0
302490777 0 2
302490770 14 1
302490765 2 0
302490759 6 5
302490753 6 21
302490747 9 5
302490741 0 0
302490722 13 4
302490719 3 4
302490712 3 0
302490702 1 0
302490698 15 0
302490693 17 0
302490687 3 0
302490686 7 1
302490685 2 1
302490681 33 3
302490679 16 2
302490674 20 2
302490668 3 0
302490665 13 24
302490648 7 4
302490638 1 0
302490637 6 1
302490636 14 1
302490633 20 0
302490631 3 16
302490630 2 1
302490623 5 44
302490622 0 1
302490615 6 8
302490611 14 0
302490607 2 0
302490603 16 0
302490601 6 5
302490600 7 0
302490596 31 0
302490592 19 1
302490586 11 2
302490584 12 4
302490583 2 0
302490580 16 3
302490579 22 3
302490577 13 6
302490573 12 0
302490570 22 3
302490559 5 2
302490551 15 0
302490550 3 33
302490547 11 5
302490544 2 0
302490541 24 4
302490537 2 0
302490533 6 21
302490532 1 1
302490525 6 0
302490524 11 1
302490521 5 6
302490518 2 0
302490510 6 0
302490507 19 0
302490504 0 41
302490501 5 21
302490499 11 0
302490494 0 4
302490493 1 2
302490489 4 17
302490488 11 0
302490487 1 0
302490482 20 5
302490479 7 1
302490476 4 39
302490474 4 31
302490471 15 1
302490470 2 31
302490468 40 1
302490454 15 0
302490453 0 0
302490450 2 0
302490441 13 0
302490435 0 0
302490423 12 2
302490419 9 1
302490418 0 5
302490412 27 1
302490411 2 0
302490400 4 0
302490398 13 1
302490397 8 0
302490396 16 1
302490387 9 7
302490382 10 2
302490377 38 0
302490375 2 0
302490371 2 0
302490370 6 1
302490367 10 1
302490365 30 0
302490364 8 0
302490363 14 1
302490361 8 0
302490359 11 0
302490358 13 0
302490356 6 0
302490350 1 0
302490348 4 42
302490346 6 0
302490342 12 2
302490340 13 3
302490338 12 10
302490335 0 0
302490332 15 4
302490329 7 0
302490328 6 26
302490325 1 0
302490322 0 0
302490320 0 0
302490316 15 2
302490310 17 1
302490305 12 0
302490300 5 0
302490298 5 0
302490294 22 2
302490292 45 0
302490290 8 0
302490289 3 0
302490285 11 5
302490283 17 2
302490274 10 0
302490272 2 0
302490269 10 0
302490266 0 0
302490264 2 47
302490261 0 3
302490258 20 1
302490255 2 0
302490254 34 1
302490250 10 1
302490248 0 0
302490244 15 0
302490243 6 0
302490242 11 1
302490241 13 0
302490239 0 0
302490238 12 0
302490237 1 0
302490236 4 0
302490234 1 0
302490230 16 1
302490229 29 2
302490228 1 0
302490223 17 4
302490221 4 0
302490219 0 3
302490216 8 0
302490213 1 0
302490212 9 3
302490209 2 0
302490208 12 18
302490199 1 0
302490198 0 0
302490193 1 0
302490192 1 2
302490190 3 0
302490187 13 6
302490186 1 0
302490185 1 0
302490182 1 0
302490180 4 4
302490179 12 0
302490163 0 0
302490160 1 0
302490151 4 38
302490146 1 1
302490145 3 0
302490143 1 0
302490134 11 1
302490120 1 0
302490119 8 0
302490118 9 1
302490117 1 0
302490110 2 1
302490109 25 8
302490107 1 0
302490105 4 0
302490103 3 1
302490099 9 2
302490096 12 3
302490092 20 0
302490087 15 4
302490085 0 35
302490083 50 0
302490078 17 0
302490077 6 3
302490075 0 0
302490067 14 16
302490062 3 0
302490059 4 0
302490040 38 4
302490033 3 0
302490031 4 0
302490030 23 4
302490029 14 2
302490028 14 1
302490027 2 36
302490023 4 0
302490021 15 2
302490018 0 4
302490015 0 11
302490010 62 2
302490006 10 1
302490004 10 1
302490003 14 0
302489991 22 1
302489986 10 0
302489984 4 0
302489981 9 1
302489975 6 0
302489974 7 1
302489971 15 1
302489970 15 3
302489966 12 1
302489957 18 13
302489952 3 43
302489950 12 0
302489942 10 51
302489930 9 21
302489929 54 4
302489917 7 0
302489904 10 0
302489897 9 0
302489896 19 1
302489895 9 0
302489893 22 1
302489892 47 3
302489888 29 2
302489881 11 1
302489879 19 4
302489870 5 47
302489864 23 3
302489841 12 1
302489832 7 0
302489829 30 3
302489826 17 1
302489820 26 5
302489818 8 0
302489814 0 2
302489812 2 0
302489810 10 1
302489806 7 0
302489797 26 2
302489791 3 0
302489787 2 0
302489785 9 3
302489768 38 1
302489760 0 4
302489750 6 0
302489746 1 0
302489744 20 2
302489739 13 0
302489736 9 7
302489733 5 10
302489716 11 1
302489712 7 43
302489707 7 0
302489692 8 0
302489690 12 1
302489688 27 6
302489686 6 2
302489681 16 3
302489678 39 2
302489676 15 2
302489674 4 0
302489669 3 0
302489668 14 0
302489666 29 2
302489664 4 0
302489659 5 0
302489656 40 0
302489654 11 1
302489644 12 0
302489643 0 0
302489642 24 2
302489640 5 0
302489639 21 1
302489638 15 1
302489631 2 0
302489624 2 0
302489611 12 2
302489609 1 0
302489608 2 0
302489606 2 0
302489605 8 0
302489603 1 0
302489602 2 0
302489601 14 1
302489600 0 0
302489599 0 7
302489598 2 0
302489593 24 18
302489591 6 43
302489590 12 37
302489584 31 0
302489583 15 3
302489581 3 0
302489575 4 0
302489574 3 0
302489569 15 1
302489566 8 6
302489564 22 1
302489561 30 2
302489559 2 0
302489557 13 0
302489556 0 1
302489555 18 0
302489553 1 0
302489550 0 0
302489549 36 6
302489546 29 2
302489545 10 1
302489541 14 0
302489539 11 1
302489537 3 0
302489530 16 12
302489527 17 0
302489523 36 3
302489520 35 1
302489516 45 0
302489514 13 24
302489505 18 4
302489504 5 0
302489501 35 2
302489499 23 1
302489495 19 1
302489492 2 0
302489491 14 0
302489486 1 1
302489484 13 1
302489480 3 0
302489478 29 6
302489472 1 10
302489467 4 0
302489462 12 0
302489450 16 27
302489443 17 0
302489437 3 1
302489429 25 14
302489428 4 1
302489427 17 2
302489424 20 4
302489420 4 0
302489417 22 2
302489416 4 0
302489415 15 0
302489414 17 1
302489413 27 1
302489411 56 2
302489406 22 1
302489405 2 0
302489404 19 3
302489403 1 0
302489402 14 1
302489401 24 3
302489399 11 1
302489397 1 0
302489396 19 4
302489395 16 4
302489392 15 4
302489391 1 0
302489389 8 12
302489386 13 2
302489384 15 0
302489383 27 2
302489380 11 2
302489379 8 2
302489373 29 0
302489371 26 3
302489369 3 0
302489366 14 1
302489363 122 0
302489357 7 2
302489356 44 0
302489354 9 0
302489353 1 3
302489352 7 1
302489351 1 0
302489350 20 1
302489349 1 0
302489348 13 0
302489347 0 0
302489346 4 0
302489345 10 0
302489344 19 0
302489342 20 0
302489341 22 2
302489340 24 3
302489337 25 0
302489335 20 1
302489334 27 2
302489332 39 2
302489331 10 1
302489329 1 0
302489328 10 0
302489323 15 2
302489321 13 0
302489318 1 0
302489316 0 1
302489315 3 0
302489312 9 0
302489311 15 6
302489309 9 28
302489306 2 0
302489305 0 1
302489302 24 0
302489301 0 0
302489300 6 0
302489297 0 2
302489295 9 1
302489294 4 0
302489293 4 0
302489290 32 1
302489288 14 2
302489287 12 1
302489286 2 0
302489281 3 0
302489280 9 1
302489278 20 1
302489277 3 0
302489275 15 1
302489274 28 1
302489272 14 3
302489269 6 3
302489266 31 0
302489264 28 2
302489262 21 1
302489259 8 0
302489256 10 0
302489255 23 5
302489254 3 1
302489247 15 0
302489246 8 0
302489243 15 0
302489240 32 1
302489239 13 1
302489235 2 0
302489234 17 2
302489231 8 0
302489228 21 0
302489224 18 0
302489223 10 0
302489220 10 0
302489218 11 0
302489213 16 0
302489209 34 2
302489203 8 25
302489198 24 1
302489197 31 2
302489193 18 1
302489190 12 1
302489189 34 1
302489187 14 0
302489185 12 3
302489184 1 1
302489183 27 0
302489182 6 0
302489180 2 0
302489177 14 0
302489175 5 5
302489173 28 1
302489172 13 0
302489171 15 1
302489169 16 1
302489168 11 2
302489167 24 0
302489166 24 1
302489164 31 0
302489159 18 0
302489158 5 38
302489156 10 0
302489154 21 2
302489153 1 0
302489152 1 0
302489150 16 2
302489148 16 1
302489145 22 2
302489143 25 1
302489142 1 0
302489141 1 0
302489140 1 0
302489139 12 0
302489138 14 2
302489134 18 0
302489133 14 4
302489132 1 0
302489131 1 0
302489130 20 0
302489129 13 0
302489128 1 0
302489127 22 2
302489123 4 20
302489121 2 7
302489120 11 1
302489119 19 6
302489118 28 1
302489115 3 0
302489114 2 0
302489113 31 0
302489111 27 0
302489107 8 0
302489106 1 0
302489105 3 0
302489104 13 0
302489098 15 0
302489090 2 0
302489088 2 0
302489085 0 0
302489083 21 1
302489082 8 3
302489080 6 0
302489079 10 0
302489078 10 0
302489076 14 0
302489075 9 1
302489072 16 1
302489070 17 0
302489065 1 2
302489062 14 1
302489060 4 37
302489057 22 2
302489056 10 1
302489051 2 0
302489050 7 2
302489049 11 2
302489046 3 18
302489045 22 0
302489044 13 1
302489043 2 0
302489040 7 1
302489038 21 1
302489037 11 1
302489033 0 2
302489032 1 0
302489031 4 18
302489030 25 2
302489028 0 3
302489026 12 0
302489025 23 3
302489022 21 0
302489020 7 1
302489018 3 14
302489016 9 2
302489015 5 0
302489012 3 12
302489011 6 1
302489010 0 4
302489008 1 0
302489007 2 4
302489005 23 0
302489004 11 0
302488999 1 0
302488998 11 1
302488996 2 23
302488995 13 2
302488993 1 0
302488991 2 0
302488990 9 1
302488988 6 0
302488986 1 0
302488982 9 0
302488981 1 1
302488980 3 0
302488979 4 0
302488976 7 1
302488975 0 1
302488973 18 0
302488972 9 0
302488971 5 0
302488964 5 1
302488963 8 0
302488961 6 1
302488960 7 1
302488959 10 2
302488958 11 0
302488954 10 1
302488952 12 0
302488951 3 0
302488949 16 0
302488948 1 0
302488946 10 0
302488944 8 0
302488943 14 0
302488942 11 0
302488940 4 1
302488938 1 0
302488935 9 0
302488933 32 0
302488932 16 2
302488928 7 0
302488927 10 0
302488926 14 0
302488924 3 0
302488923 7 0
302488921 1 0
302488917 1 0
302488916 3 0
302488915 7 0
302488914 9 2
302488913 6 0
302488910 0 1
302488906 3 0
302488905 9 1
302488903 16 2
302488902 21 2
302488901 14 0
302488900 5 1
302488897 3 1
302488893 8 5
302488889 1 0
302488888 2 0
302488886 0 0
302488884 6 0
302488881 2 0
302488879 15 1
302488877 1 0
302488876 6 1
302488870 1 0
302488869 14 1
302488868 31 2
302488867 4 0
302488866 2 0
302488864 18 1
302488863 5 1
302488862 10 0
302488859 11 1
302488858 3 1
302488857 3 1
302488852 2 1
302488851 13 2
302488849 2 1
302488846 16 1
302488843 2 1
302488841 3 1
302488839 2 0
302488838 0 1
302488835 11 0
302488832 3 23
302488829 1 0
302488827 2 0
302488826 3 0
302488825 22 2
302488824 15 0
302488822 1 0
302488821 30 2
302488820 8 2
302488819 11 2
302488818 3 16
302488817 2 0
302488813 2 15
302488812 14 2
302488809 2 0
302488807 6 1
302488802 6 1
302488801 0 0
302488799 10 0
302488791 9 0
302488790 5 0
302488788 12 1
302488786 10 1
302488784 8 2
302488782 9 43
302488779 10 1
302488778 0 7
302488775 5 24
302488773 10 1
302488766 15 0
302488761 15 0
302488760 8 0
302488758 12 0
302488756 8 0
302488754 9 0
302488751 10 0
302488749 26 1
302488748 22 4
302488747 23 1
302488746 12 1
302488734 1 0
302488732 13 2
302488731 18 1
302488728 1 0
302488726 17 0
302488724 14 0
302488722 8 2
302488721 12 1
302488720 13 0
302488719 15 0
302488715 8 1
302488714 11 0
302488713 4 4
302488712 12 0
302488711 20 0
302488710 9 0
302488709 14 1
302488706 32 2
302488705 18 0
302488704 9 0
302488703 32 0
302488701 2 0
302488700 16 0
302488699 13 0
302488697 18 2
302488696 5 13
302488695 18 1
302488693 6 0
302488692 2 0
302488689 29 0
302488688 14 2
302488685 2 0
302488682 24 0
302488679 43 2
302488678 11 29
302488675 5 5
302488670 6 0
302488669 13 1
302488666 2 0
302488664 17 1
302488663 3 0
302488662 4 0
302488659 10 3
302488657 11 20
302488655 2 0
302488653 48 0
302488648 18 1
302488646 16 1
302488645 3 0
302488642 0 0
302488640 20 0
302488639 0 0
302488638 22 3
302488637 25 1
302488636 2 0
302488633 2 0
302488629 5 0
302488627 20 0
302488625 3 53
302488624 2 0
302488621 27 0
302488618 23 7
302488615 17 0
302488611 6 2
302488608 3 0
302488606 22 1
302488604 11 0
302488603 3 41
302488597 2 2
302488594 7 0
302488592 5 0
302488591 3 0
302488586 57 3
302488578 39 2
302488574 16 4
302488567 13 12
302488566 29 8
302488563 51 1
302488562 4 0
302488559 21 0
302488554 5 0
302488551 42 1
302488546 2 6
302488542 5 0
302488539 5 0
302488530 14 5
302488528 22 2
302488524 26 5
302488511 5 34
302488503 10 3
302488500 6 0
302488498 7 2
302488493 12 5
302488490 1 3
302488485 7 0
302488479 1 0
302488477 9 4
302488473 0 5
302488469 30 1
302488468 13 0
302488467 2 8
302488465 15 11
302488457 2 4
302488455 12 0
302488452 22 0
302488450 20 3
302488444 3 0
302488443 0 0
302488435 1 0
302488432 10 0
302488428 18 0
302488425 28 1
302488423 8 0
302488421 0 0
302488420 16 3
302488415 8 1
302488414 7 4
302488413 0 12
302488409 16 7
302488408 8 7
302488406 17 1
302488405 7 0
302488402 11 0
302488400 10 2
302488399 5 1
302488398 0 0
302488397 1 27
302488395 28 1
302488393 6 4
302488392 19 0
302488389 5 1
302488385 3 27
302488382 0 0
302488379 6 1
302488377 2 2
302488375 2 0
302488374 3 0
302488372 14 3
302488371 0 0
302488370 10 42
302488369 2 0
302488367 4 0
302488365 29 0
302488364 16 0
302488361 1 8
302488359 0 1
302488357 0 0
302488355 0 0
302488350 0 0
302488349 3 27
302488348 15 1
302488347 9 12
302488340 12 0
302488331 24 0
302488322 25 3
302488320 1 0
302488317 15 0
302488313 58 2
302488311 1 0
302488309 20 6
302488306 22 6
302488305 3 84
302488300 1 0
302488297 27 3
302488295 17 2
302488291 17 1
302488290 17 0
302488288 10 0
302488286 18 5
302488282 1 0
302488272 18 1
302488271 0 0
302488269 0 0
302488268 13 3
302488263 11 3
302488262 17 10
302488261 15 2
302488258 12 4
302488251 4 0
302488250 19 3
302488249 21 0
302488246 22 0
302488245 14 3
302488244 15 3
302488243 16 1
302488240 22 0
302488239 2 0
302488238 16 2
302488235 14 0
302488234 15 21
302488233 5 59
302488227 5 2
302488224 13 4
302488223 14 1
302488221 13 6
302488220 17 6
302488219 39 0
302488218 23 5
302488217 25 0
302488213 19 0
302488211 2 8
302488209 31 1
302488207 9 17
302488206 12 0
302488201 28 4
302488198 1 0
302488196 22 0
302488194 5 1
302488193 32 0
302488191 14 0
302488190 0 0
302488188 0 0
302488187 0 0
302488186 2 38
302488184 4 0
302488183 13 1
302488179 11 0
302488174 0 0
302488170 22 1
302488168 0 0
302488166 14 1
302488162 1 15
302488161 4 2
302488156 2 0
302488155 2 38
302488154 23 0
302488151 14 0
302488150 0 0
302488147 26 4
302488145 3 18
302488143 33 2
302488141 18 0
302488140 14 0
302488133 22 7
302488132 16 3
302488128 12 5
302488127 14 0
302488123 6 0
302488121 17 8
302488117 17 5
302488114 31 2
302488113 36 0
302488112 9 30
302488108 17 4
302488104 20 0
302488100 13 3
302488098 7 1
302488097 23 0
302488095 0 1
302488094 11 1
302488093 22 2
302488088 0 0
302488086 1 13
302488082 7 0
302488081 1 0
302488079 31 0
302488078 11 22
302488077 7 1
302488076 21 6
302488075 20 9
302488074 16 0
302488073 0 0
302488072 47 5
302488071 10 5
302488070 9 56
302488068 0 0
302488065 1 0
302488063 0 0
302488059 0 0
302488058 10 1
302488057 15 0
302488056 8 0
302488052 6 2
302488050 30 0
302488046 18 2
302488044 3 1
302488040 9 2
302488037 12 0
302488028 0 3
302488026 9 1
302488025 17 5
302488023 9 2
302488022 0 0
302488020 33 1
302488019 0 0
302488018 10 0
302488014 10 31
302488013 43 0
302488012 11 2
302488010 13 5
302488001 13 0
302488000 13 4
302487999 25 0
302487997 4 31
302487993 25 1
302487987 20 1
302487984 9 12
302487983 38 0
302487977 0 0
302487974 13 0
302487965 13 0
302487957 0 0
302487955 23 0
302487953 2 12
302487949 0 0
302487946 23 0
302487943 588 12
302487941 17 25
302487936 0 0
302487935 0 0
302487931 0 1
302487930 9 0
302487929 15 3
302487921 11 3
302487920 24 0
302487919 16 6
302487916 5 34
302487915 8 1
302487910 13 3
302487908 14 0
302487907 0 0
302487905 13 0
302487904 35 1
302487901 13 0
302487895 0 31
302487894 40 0
302487892 10 0
302487890 9 3
302487888 11 0
302487886 2 0
302487884 16 0
302487883 12 1
302487880 26 2
302487877 14 0
302487875 2 80
302487873 0 0
302487870 12 3
302487868 7 1
302487865 5 1
302487864 0 0
302487863 70 2
302487861 12 0
302487859 19 0
302487855 43 1
302487852 12 3
302487851 5 2
302487850 1 0
302487848 22 0
302487846 15 0
302487845 13 0
302487842 12 1
302487840 10 1
302487839 2 0
302487837 12 0
302487835 40 0
302487833 9 0
302487832 0 2
302487831 35 0
302487830 6 2
302487829 12 0
302487828 3 1
302487825 2 0
302487824 0 2
302487823 0 0
302487821 5 50
302487811 5 1
302487800 55 1
302487797 2 15
302487791 0 0
302487790 17 0
302487782 29 2
302487780 4 1
302487778 28 0
302487777 25 0
302487774 2 0
302487770 11 4
302487769 12 4
302487762 6 2
302487756 7 14
302487755 0 6
302487743 29 0
302487738 17 0
302487734 51 4
302487733 11 23
302487731 1 0
302487728 9 0
302487726 17 8
302487725 6 0
302487724 46 4
302487723 5 1
302487721 27 2
302487719 12 2
302487716 13 30
302487713 11 3
302487712 19 2
302487706 13 1
302487705 30 2
302487704 15 0
302487700 20 0
302487695 13 1
302487693 14 0
302487692 6 0
302487691 21 1
302487690 21 3
302487689 16 3
302487688 11 0
302487686 10 1
302487685 22 4
302487683 8 0
302487682 16 4
302487681 1 0
302487677 9 2
302487676 8 1
302487675 9 0
302487670 10 0
302487668 0 0
302487666 0 0
302487665 12 1
302487658 1 0
302487653 1 0
302487650 8 1
302487648 13 0
302487644 3 0
302487639 1 0
302487635 12 2
302487632 0 1
302487631 12 0
302487629 18 3
302487625 17 0
302487624 0 37
302487623 4 2
302487618 8 31
302487617 29 3
302487616 1 0
302487613 0 1
302487607 14 0
302487606 16 0
302487603 13 1
302487600 16 12
302487597 3 30
302487594 6 26
302487586 1 0
302487580 13 0
302487579 1 1
302487577 7 0
302487574 14 1
302487569 17 2
302487568 9 1
302487564 12 0
302487558 6 0
302487557 0 0
302487555 0 4
302487553 0 0
302487551 14 1
302487549 19 0
302487548 5 2
302487547 3 29
302487545 0 0
302487542 14 1
302487541 9 15
302487538 5 14
302487537 8 6
302487536 17 0
302487535 1 49
302487532 1 0
302487531 8 1
302487528 3 1
302487520 14 1
302487518 3 74
302487515 19 4
302487514 15 0
302487513 11 0
302487512 15 0
302487510 10 0
302487508 17 0
302487506 3 1
302487501 22 1
302487499 17 2
302487496 5 0
302487491 2 42
302487490 18 3
302487486 12 1
302487484 0 0
302487480 20 4
302487478 2 0
302487472 7 7
302487469 0 0
302487466 2 0
302487461 1 0
302487459 7 1
302487456 3 41
302487453 1 0
302487446 20 2
302487443 0 0
302487428 45 5
302487421 18 7
302487418 0 0
302487417 55 5
302487415 2 1
302487413 15 2
302487411 9 0
302487407 10 2
302487404 15 2
302487403 10 1
302487402 10 3
302487396 10 0
302487393 3 0
302487385 27 3
302487383 0 0
302487381 0 1
302487379 0 0
302487378 12 3
302487377 6 2
302487375 14 0
302487374 531 6
302487373 9 1
302487372 0 3
302487368 11 0
302487364 5 22
302487363 3 4
302487360 13 1
302487359 15 1
302487358 11 0
302487357 2 0
302487356 13 2
302487353 1 0
302487351 0 0
302487345 16 1
302487344 4 1
302487338 0 1
302487334 20 1
302487333 1 0
302487332 4 12
302487323 22 1
302487322 2 0
302487321 4 0
302487320 13 15
302487316 2 0
302487314 2 0
302487310 12 4
302487309 16 0
302487308 20 0
302487307 1 0
302487304 13 0
302487302 45 2
302487301 16 0
302487300 13 0
302487295 6 2
302487292 8 1
302487280 3 6
302487272 15 0
302487264 6 25
302487263 1 0
302487259 3 0
302487256 33 0
302487247 19 4
302487228 3 12
302487211 12 23
302487208 1 0
302487187 18 3
302487183 10 54
302487182 8 29
302487155 6 2
302487153 21 1
302487152 7 2
302487149 13 2
302487147 11 1
302487144 6 1
302487143 10 15
302487139 26 4
302487134 17 2
302487127 11 5
302487125 11 0
302487123 15 0
302487120 11 1
302487118 14 3
302487098 1 0
302487094 9 14
302487088 6 2
302487085 10 4
302487082 21 2
302487079 3 1
302487074 10 5
302487072 1 10
302487068 2 0
302487066 1 0
302487059 44 11
302487057 7 4
302487056 17 0
302487055 2 8
302487054 1 0
302487052 17 0
302487048 16 1
302487047 25 2
302487045 3 0
302487044 14 0
302487043 0 3
302487031 21 1
302487024 31 0
302487020 0 2
302487018 0 3
302487017 17 0
302487011 6 1
302487007 11 0
302487002 7 1
302487001 5 1
302486996 12 1
302486995 0 0
302486993 6 2
302486988 15 1
302486984 9 1
302486982 13 0
302486981 0 0
302486980 8 2
302486979 24 4
302486976 2 0
302486973 6 0
302486972 14 7
302486971 6 1
302486969 6 0
302486966 27 4
302486962 0 2
302486956 5 1
302486955 6 1
302486954 25 0
302486950 0 2
302486949 2 0
302486948 25 1
302486947 8 1
302486945 11 0
302486943 15 0
302486942 5 2
302486939 1 0
302486938 2 0
302486933 17 1
302486927 4 2
302486925 4 2
302486921 0 0
302486919 16 0
302486916 26 1
302486911 0 0
302486903 22 1
302486898 0 0
302486897 26 25
302486884 18 0
302486879 15 0
302486875 7 0
302486874 0 4
302486873 22 0
302486869 18 0
302486864 25 1
302486863 13 6
302486861 13 0
302486859 0 0
302486858 22 0
302486849 1 0
302486848 26 1
302486847 6 0
302486846 24 0
302486843 48 2
302486840 6 2
302486837 20 1
302486833 116 1
302486832 17 1
302486828 13 2
302486823 5 0
302486822 1 0
302486819 16 0
302486816 10 0
302486812 22 0
302486810 9 0
302486808 5 2
302486793 21 2
302486789 6 8
302486775 1 0
302486772 19 0
302486770 0 0
302486769 13 8
302486767 13 0
302486766 3 42
302486765 11 2
302486764 1 0
302486757 12 6
302486751 45 0
302486749 19 4
302486747 1 2
302486741 4 0
302486739 0 0
302486734 0 2
302486728 2 1
302486727 2 1
302486724 6 2
302486721 0 0
302486715 9 2
302486714 17 4
302486710 19 0
302486708 1 1
302486704 11 0
302486703 20 5
302486698 1 0
302486694 14 0
302486689 184 6
302486688 7 2
302486685 8 0
302486684 16 2
302486683 2 0
302486680 14 0
302486679 19 0
302486678 9 0
302486675 15 3
302486671 17 0
302486670 12 1
302486660 5 0
302486659 1 1
302486656 4 3
302486654 0 51
302486653 1 0
302486650 0 0
302486649 0 0
302486648 23 1
302486647 10 0
302486641 6 2
302486639 2 1
302486637 20 0
302486635 0 0
302486634 17 1
302486633 5 16
302486630 7 1
302486625 3 2
302486622 12 1
302486619 0 0
302486618 0 0
302486616 6 1
302486615 5 0
302486614 3 3
302486606 0 2
302486605 0 0
302486603 2 3
302486601 6 0
302486596 8 0
302486588 7 0
302486586 5 1
302486585 15 1
302486584 10 0
302486580 6 0
302486578 7 1
302486577 23 1
302486575 6 0
302486567 2 30
302486566 1 0
302486565 13 0
302486564 9 1
302486560 1 0
302486559 73 1
302486556 1 0
302486555 15 1
302486554 0 22
302486552 9 0
302486551 12 0
302486550 5 1
302486547 15 1
302486546 0 0
302486544 7 0
302486543 7 1
302486542 0 0
302486541 3 0
302486540 4 0
302486539 1 0
302486538 5 1
302486536 10 0
302486532 31 3
302486526 14 1
302486525 9 1
302486523 10 2
302486521 15 0
302486518 1 0
302486517 8 27
302486515 4 0
302486512 1 0
302486511 13 1
302486504 3 0
302486503 23 0
302486501 1 3
302486499 13 1
302486498 24 0
302486490 9 0
302486488 4 0
302486485 0 0
302486483 43 2
302486480 9 0
302486478 0 0
302486475 25 0
302486473 0 0
302486471 6 0
302486468 22 0
302486467 28 0
302486466 8 0
302486465 7 0
302486462 18 1
302486461 18 0
302486459 1 1
302486455 9 0
302486453 7 0
302486451 12 2
302486450 9 2
302486447 11 1
302486446 9 0
302486445 10 0
302486444 0 1
302486442 6 2
302486438 2 1
302486437 25 2
302486436 2 0
302486433 15 1
302486432 1 1
302486426 1 43
302486425 13 3
302486424 5 2
302486423 17 0
302486418 13 2
302486415 0 49
302486414 16 1
302486412 2 17
302486408 10 2
302486406 1 63
302486405 10 0
302486402 9 0
302486399 0 0
302486397 2 27
302486396 2 28
302486395 10 0
302486394 5 0
302486393 1 78
302486391 9 2
302486388 40 1
302486382 1 2
302486378 2 0
302486376 0 0
302486375 18 2
302486374 18 0
302486367 13 0
302486365 18 3
302486364 4 0
302486363 4 3
302486362 9 8
302486355 2 0
302486354 14 1
302486350 13 1
302486349 1 0
302486348 55 2
302486344 18 0
302486341 1 4
302486339 13 5
302486338 4 0
302486337 9 2
302486336 4 56
302486335 3 0
302486333 13 0
302486330 5 0
302486326 6 0
302486323 24 2
302486322 3 3
302486319 14 0
302486318 14 1
302486315 11 0
302486313 18 0
302486309 3 1
302486306 10 2
302486302 16 0
302486301 0 0
302486299 2 13
302486297 10 0
302486295 6 1
302486294 31 1
302486288 6 0
302486287 1 0
302486286 12 0
302486283 0 0
302486282 1 0
302486280 3 0
302486278 34 0
302486277 11 0
302486276 2 1
302486275 2 0
302486273 0 1
302486272 2 0
302486266 0 0
302486265 7 3
302486259 10 0
302486254 13 0
302486253 30 1
302486252 12 0
302486249 1 0
302486248 26 0
302486246 15 2
302486245 9 2
302486243 1 0
302486240 8 0
302486238 4 2
302486235 4 3
302486230 35 1
302486227 13 0
302486222 14 2
302486221 18 2
302486219 11 0
302486218 8 0
302486216 8 0
302486212 19 0
302486208 21 0
302486206 4 1
302486205 0 0
302486204 7 0
302486203 0 0
302486202 20 1
302486199 20 0
302486198 13 1
302486197 32 3
302486195 38 0
302486193 3 1
302486192 9 0
302486188 8 3
302486186 3 7
302486185 0 2
302486183 17 3
302486182 9 1
302486180 0 0
302486178 26 19
302486175 0 0
302486174 0 0
302486171 1 0
302486170 8 0
302486168 0 0
302486165 13 1
302486164 16 0
302486163 26 0
302486159 0 8
302486157 13 0
302486150 6 3
302486143 19 0
302486142 6 1
302486139 3 0
302486136 0 0
302486131 20 2
302486129 21 0
302486128 22 1
302486127 0 2
302486126 1 0
302486122 4 0
302486121 6 5
302486120 2 0
302486116 5 2
302486114 5 0
302486113 1 0
302486109 9 0
302486108 18 0
302486103 3 16
302486101 124 2
302486100 9 0
302486097 7 0
302486095 6 0
302486094 22 0
302486093 1 0
302486088 10 0
302486087 13 0
302486086 0 0
302486083 4 0
302486082 37 1
302486080 8 2
302486078 12 0
302486077 0 0
302486076 13 0
302486075 14 0
302486072 6 0
302486069 0 0
302486068 11 0
302486066 25 0
302486065 17 2
302486063 34 0
302486059 8 2
302486058 1 0
302486053 13 0
302486049 12 2
302486047 0 0
302486045 10 0
302486043 8 1
302486041 18 0
302486039 7 0
302486038 9 1
302486037 5 0
302486034 2 0
302486033 12 2
302486031 13 2
302486029 25 0
302486028 9 2
302486027 4 0
302486020 9 1
302486018 12 0
302486017 0 3
302486015 5 0
302486013 2 1
302486012 5 0
302486008 11 3
302486005 7 0
302486002 0 32
302486000 1 0
302485996 15 0
302485994 12 2
302485993 0 0
302485992 7 0
302485991 12 0
302485989 9 0
302485987 1 0
302485986 26 0
302485984 14 1
302485982 5 1
302485981 1 1
302485980 4 26
302485978 6 17
302485977 0 0
302485974 13 0
302485973 1 0
302485972 12 2
302485966 1 0
302485964 0 0
302485962 3 14
302485959 9 16
302485958 20 0
302485957 14 0
302485955 14 0
302485954 2 0
302485946 9 0
302485945 0 0
302485943 15 0
302485942 0 0
302485938 36 1
302485937 0 0
302485935 28 0
302485934 2 1
302485932 0 0
302485929 2 0
302485927 2 0
302485922 31 1
302485921 1 0
302485916 13 12
302485914 5 4
302485911 18 1
302485909 9 2
302485906 1 0
302485905 8 2
302485902 11 1
302485901 11 0
302485900 3 0
302485899 14 0
302485898 3 1
302485895 4 2
302485894 17 0
302485892 17 0
302485891 15 0
302485890 14 0
302485886 8 0
302485885 0 2
302485881 11 5
302485876 8 5
302485875 16 0
302485873 9 0
302485872 2 16
302485869 11 1
302485866 8 0
302485865 6 1
302485864 23 1
302485863 2 2
302485861 10 4
302485860 31 2
302485853 7 1
302485852 10 0
302485848 12 0
302485845 0 3
302485844 9 0
302485841 19 0
302485840 3 1
302485833 6 0
302485832 14 0
302485829 19 1
302485827 42 1
302485823 1 0
302485811 3 1
302485810 10 0
302485809 10 29
302485806 6 0
302485805 2 2
302485803 17 1
302485800 14 1
302485799 2 0
302485795 4 0
302485794 25 0
302485791 17 0
302485790 11 0
302485787 15 0
302485786 9 1
302485784 0 0
302485783 1 0
302485782 5 3
302485781 18 0
302485780 11 1
302485778 13 4
302485777 12 1
302485773 1 0
302485771 1 0
302485768 7 1
302485767 2 7
302485765 5 6
302485761 6 12
302485760 11 0
302485759 19 1
302485758 11 2
302485757 7 1
302485755 21 0
302485751 13 1
302485747 17 0
302485746 4 0
302485745 26 3
302485743 16 0
302485740 1 0
302485733 8 1
302485730 1 0
302485729 7 1
302485728 9 0
302485727 1 1
302485718 20 0
302485713 9 0
302485711 1 0
302485709 27 5
302485708 26 0
302485707 4 2
302485705 11 0
302485704 17 0
302485700 1 0
302485699 15 0
302485698 8 3
302485697 4 0
302485695 10 0
302485693 20 1
302485689 0 0
302485687 7 1
302485685 27 0
302485684 29 1
302485680 0 0
302485678 16 0
302485675 5 0
302485674 21 0
302485672 6 0
302485671 0 0
302485670 12 0
302485668 7 1
302485667 7 3
302485666 13 0
302485665 2 0
302485663 14 0
302485661 12 2
302485659 8 0
302485654 0 1
302485653 15 5
302485651 12 5
302485650 15 0
302485647 4 7
302485642 36 0
302485640 1 0
302485634 10 0
302485633 4 2
302485632 4 2
302485631 4 2
302485630 21 0
302485628 14 0
302485621 23 0
302485618 19 6
302485617 24 1
302485616 3 1
302485613 2 1
302485607 19 0
302485604 4 0
302485598 20 3
302485597 17 2
302485593 3 0
302485589 11 0
302485586 24 4
302485585 2 0
302485584 12 1
302485582 21 1
302485581 29 2
302485577 16 0
302485571 17 0
302485560 4 5
302485559 3 0
302485555 3 0
302485554 1 0
302485551 12 2
302485546 0 0
302485545 28 3
302485543 21 0
302485540 17 2
302485539 1 0
302485538 18 2
302485537 14 0
302485535 11 1
302485532 2 0
302485531 13 1
302485527 25 0
302485526 14 0
302485525 3 0
302485524 19 0
302485523 0 0
302485522 19 0
302485519 3 0
302485518 10 0
302485514 16 2
302485512 11 0
302485511 17 21
302485510 23 0
302485506 4 2
302485505 7 0
302485501 7 28
302485500 2 0
302485493 14 1
302485485 9 0
302485484 6 2
302485483 24 1
302485481 4 1
302485479 12 0
302485478 16 0
302485477 1 2
302485473 20 2
302485467 15 0
302485459 6 0
302485457 16 0
302485453 14 0
302485452 19 0
302485450 8 5
302485449 18 0
302485448 1 0
302485442 14 1
302485441 3 3
302485440 8 3
302485435 6 0
302485434 0 0
302485430 3 0
302485428 16 1
302485427 1 1
302485425 9 3
302485418 1 0
302485417 0 0
302485412 13 0
302485411 1 2
302485405 1 0
302485404 0 0
302485400 4 0
302485399 2 0
302485398 4 22
302485397 0 0
302485396 1 0
302485394 23 1
302485389 19 3
302485387 12 1
302485385 10 0
302485384 22 1
302485382 0 0
302485377 20 0
302485376 19 0
302485375 1 0
302485369 10 0
302485365 0 0
302485364 15 0
302485363 11 0
302485362 1 0
302485361 21 2
302485360 0 2
302485359 1 2
302485357 6 19
302485355 17 2
302485353 18 2
302485349 3 2
302485346 2 0
302485343 0 3
302485341 17 2
302485339 15 1
302485337 16 2
302485335 1 0
302485334 45 0
302485330 8 0
302485329 14 1
302485325 1 0
302485324 17 0
302485323 5 0
302485320 15 1
302485319 8 2
302485315 1 0
302485313 24 0
302485312 22 4
302485311 6 0
302485302 10 0
302485300 12 2
302485296 17 0
302485294 2 0
302485293 23 0
302485289 10 2
302485287 6 7
302485285 7 0
302485284 12 0
302485278 8 3
302485275 1 0
302485273 14 1
302485268 9 4
302485266 8 0
302485265 1 1
302485264 6 3
302485263 14 2
302485262 11 2
302485261 13 2
302485257 4 0
302485252 25 1
302485250 15 2
302485249 14 0
302485243 27 0
302485241 2 0
302485238 10 0
302485237 566 51
302485236 22 1
302485231 3 0
302485228 2 0
302485226 13 2
302485225 11 1
302485222 6 0
302485220 13 1
302485219 16 0
302485215 1 0
302485213 14 1
302485207 28 2
302485203 13 0
302485202 1 2
302485201 0 2
302485198 15 2
302485196 19 0
302485195 11 1
302485193 0 1
302485192 12 1
302485190 18 1
302485189 1 0
302485187 18 2
302485184 5 0
302485181 5 0
302485176 17 3
302485172 2 0
302485171 18 25
302485167 4 0
302485159 15 0
302485158 15 0
302485147 5 20
302485146 20 2
302485145 7 5
302485143 20 6
302485141 45 0
302485140 3 0
302485138 2 0
302485137 13 0
302485134 17 2
302485129 21 2
302485122 1 0
302485119 13 2
302485118 23 1
302485116 10 3
302485115 0 0
302485113 2 0
302485112 4 0
302485109 25 0
302485108 2 0
302485106 0 7
302485105 2 0
302485100 1 0
302485099 2 0
302485098 12 1
302485096 16 0
302485094 2 0
302485092 1 0
302485091 0 0
302485090 14 11
302485087 0 0
302485078 10 2
302485073 7 0
302485072 12 2
302485071 14 2
302485068 15 2
302485067 4 2
302485066 12 0
302485060 5 5
302485058 8 2
302485057 2 0
302485056 11 3
302485053 15 3
302485051 14 4
302485050 13 0
302485048 0 0
302485047 10 0
302485043 2 0
302485042 14 1
302485039 7 2
302485033 18 3
302485032 22 0
302485029 17 1
302485027 8 1
302485018 8 2
302485015 0 0
302485010 4 2
302485008 1 0
302485007 15 4
302485003 12 0
302485002 6 2
302484996 0 1
302484988 11 0
302484984 0 0
302484983 29 0
302484982 0 0
302484978 9 0
302484974 7 2
302484973 19 0
302484971 16 0
302484970 26 0
302484966 0 0
302484965 10 2
302484963 1 0
302484959 26 3
302484955 27 0
302484954 7 1
302484952 3 50
302484951 28 0
302484950 12 0
302484949 19 0
302484948 15 0
302484946 3 0
302484945 3 0
302484943 7 2
302484941 12 5
302484938 15 1
302484937 4 43
302484934 22 1
302484933 21 0
302484931 9 13
302484930 12 0
302484921 4 0
302484919 22 0
302484918 25 0
302484912 0 1
302484907 16 0
302484905 13 5
302484902 2 0
302484898 2 0
302484892 0 1
302484891 22 3
302484890 15 5
302484886 10 2
302484882 56 15
302484878 18 0
302484871 13 0
302484868 12 3
302484863 16 2
302484860 21 0
302484858 15 0
302484856 19 0
302484855 19 5
302484851 12 0
302484850 16 0
302484848 15 0
302484845 14 0
302484842 18 2
302484841 24 3
302484840 7 0
302484839 5 0
302484835 18 0
302484834 13 16
302484833 4 0
302484826 2 0
302484825 32 3
302484824 25 2
302484823 490 6
302484821 6 0
302484820 20 2
302484817 5 0
302484813 0 1
302484812 17 3
302484810 11 0
302484809 11 1
302484806 9 3
302484797 7 0
302484796 262 25
302484794 3 22
302484793 9 3
302484792 0 0
302484791 1 45
302484790 0 1
302484785 2 0
302484784 32 3
302484783 169 3
302484782 1 0
302484781 22 0
302484780 23 4
302484768 14 2
302484762 17 26
302484760 17 1
302484756 1 62
302484755 31 1
302484752 0 0
302484751 26 1
302484748 0 2
302484746 27 0
302484743 23 1
302484742 5 0
302484740 0 0
302484739 2 0
302484733 6 80
302484731 4 2
302484726 21 1
302484720 14 0
302484718 20 0
302484712 23 6
302484710 19 0
302484709 3 2
302484707 31 1
302484706 15 1
302484703 29 1
302484702 27 0
302484699 12 2
302484697 9 2
302484694 4 6
302484692 0 54
302484687 18 1
302484686 4 0
302484685 21 1
302484684 4 0
302484683 27 0
302484680 3 0
302484679 1 0
302484678 19 0
302484674 7 0
302484673 14 18
302484672 52 1
302484671 0 0
302484670 13 0
302484661 0 0
302484658 23 0
302484654 17 3
302484652 2 41
302484651 3 0
302484650 13 0
302484648 14 0
302484646 15 0
302484639 2 0
302484638 20 3
302484633 12 0
302484630 2 0
302484625 4 0
302484623 23 1
302484622 4 1
302484621 5 0
302484617 14 1
302484611 5 0
302484609 0 0
302484608 20 1
302484606 4 63
302484603 17 4
302484601 11 1
302484600 462 56
302484598 17 5
302484597 3 0
302484595 1 32
302484594 13 1
302484588 4 0
302484587 20 0
302484584 3 0
302484578 35 2
302484577 10 0
302484576 33 2
302484575 4 55
302484574 29 1
302484571 11 1
302484568 20 2
302484565 23 0
302484563 14 2
302484561 26 0
302484558 22 0
302484556 4 0
302484552 7 2
302484550 19 5
302484546 2 1
302484544 2 2
302484541 0 54
302484533 19 1
302484532 1 0
302484531 11 1
302484529 31 8
302484526 9 1
302484525 18 0
302484522 12 0
302484520 4 38
302484515 7 2
302484512 2 69
302484511 27 1
302484508 1 93
302484504 20 2
302484502 21 5
302484501 10 0
302484499 19 2
302484498 19 0
302484494 3 1
302484478 5 0
302484473 10 1
302484472 19 0
302484470 6 0
302484468 14 0
302484463 11 1
302484458 18 0
302484456 5 0
302484454 23 0
302484443 19 3
302484438 24 0
302484436 2 0
302484435 23 3
302484433 27 2
302484432 24 0
302484429 23 3
302484425 3 0
302484421 4 0
302484419 13 1
302484418 1 58
302484417 25 0
302484410 4 0
302484403 15 0
302484402 5 0
302484401 27 1
302484399 33 1
302484396 16 3
302484392 13 1
302484385 3 0
302484384 14 3
302484383 20 0
302484382 8 0
302484380 13 2
302484379 41 1
302484376 3 0
302484375 7 28
302484372 7 0
302484371 22 0
302484366 0 0
302484365 14 4
302484364 4 0
302484362 15 0
302484361 2 0
302484354 10 1
302484351 0 51
302484348 2 0
302484346 9 2
302484345 19 1
302484343 13 6
302484342 18 0
302484339 30 0
302484338 14 1
302484336 21 2
302484331 1435 12
302484329 1 0
302484326 12 5
302484325 3 1
302484324 41 1
302484323 3 8
302484322 8 0
302484318 9 5
302484317 18 2
302484316 26 2
302484315 8 8
302484308 28 1
302484307 27 1
302484306 8 4
302484301 7 0
302484299 1 45
302484289 28 1
302484288 2 1
302484287 16 1
302484285 24 5
302484282 21 2
302484281 24 0
302484280 12 1
302484279 2 53
302484274 13 2
302484273 6 0
302484271 9 6
302484269 5 52
302484265 21 4
302484263 19 1
302484257 23 1
302484254 9 1
302484252 12 3
302484250 28 2
302484249 1 2
302484242 5 53
302484241 26 2
302484236 6 1
302484233 2 1
302484230 9 1
302484228 18 0
302484227 11 4
302484224 25 1
302484221 4 1
302484219 6 55
302484217 14 0
302484212 13 0
302484211 37 0
302484209 7 2
302484208 6 3
302484202 18 2
302484197 1 47
302484192 4 1
302484191 5 0
302484189 7 2
302484187 5 2
302484186 11 0
302484184 17 4
302484182 2 1
302484180 205 3
302484178 16 1
302484171 2 0
302484167 35 2
302484165 4 0
302484159 2 2
302484158 6 4
302484153 18 3
302484149 15 2
302484142 3 1
302484138 7 1
302484134 36 2
302484133 4 1
302484126 6 40
302484120 30 9
302484119 4 0
302484118 14 1
302484117 10 5
302484115 8 41
302484110 34 2
302484109 4 1
302484102 13 1
302484101 20 1
302484100 10 5
302484098 1 1
302484093 32 2
302484092 6 34
302484084 6 0
302484080 4 0
302484078 5 110
302484076 19 1
302484070 13 22
302484069 25 3
302484068 15 3
302484067 5 1
302484061 40 1
302484060 4 58
302484059 9 46
302484058 3 1
302484056 19 2
302484053 12 0
302484052 10 2
302484049 4 1
302484047 7 1
302484043 2 1
302484042 11 0
302484040 37 1
302484034 0 0
302484033 16 2
302484032 1 1
302484031 11 2
302484029 6 2
302484028 30 0
302484025 4 0
302484024 15 0
302484023 17 2
302484019 35 0
302484018 10 0
302484015 20 0
302484014 1 6
302484013 21 2
302484012 15 6
302484009 25 0
302484007 20 0
302484006 26 1
302484005 10 3
302484004 12 0
302484000 5 0
302483999 29 13
302483998 21 1
302483996 8 2
302483995 320 14
302483989 17 18
302483985 8 1
302483983 11 1
302483981 18 1
302483979 14 0
302483974 13 2
302483973 5 51
302483971 4 62
302483970 16 1
302483969 2 4
302483967 9 3
302483963 24 0
302483960 8 2
302483959 13 3
302483955 21 2
302483954 7 3
302483952 25 3
302483951 354 16
302483950 11 0
302483949 6 3
302483946 3 0
302483945 7 47
302483944 2 1
302483943 9 2
302483941 8 1
302483938 8 1
302483935 13 2
302483932 2 13
302483930 26 3
302483925 8 1
302483924 11 1
302483923 14 1
302483921 15 0
302483919 4 0
302483918 6 0
302483916 1 0
302483915 4 0
302483914 0 0
302483913 2 34
302483910 3 1
302483909 1 0
302483907 0 2
302483906 2 0
302483901 3 18
302483898 2 1
302483896 10 1
302483895 2 0
302483894 19 1
302483892 30 2
302483890 8 2
302483889 4 0
302483887 14 0
302483883 4 2
302483882 2 0
302483881 8 1
302483880 6 0
302483875 2 0
302483874 3 8
302483873 8 1
302483872 11 0
302483867 4 1
302483862 11 0
302483859 15 1
302483857 1 1
302483855 14 2
302483851 0 0
302483850 22 3
302483847 2 0
302483846 3 1
302483844 25 1
302483841 8 1
302483840 11 1
302483837 0 0
302483831 4 51
302483830 0 0
302483825 2 1
302483823 0 1
302483822 24 1
302483811 20 1
302483810 16 0
302483804 1 1
302483803 24 0
302483801 5 0
302483799 0 2
302483794 9 42
302483792 9 0
302483789 21 1
302483788 5 149
302483784 13 0
302483782 14 0
302483781 16 2
302483776 10 2
302483772 10 2
302483771 4 0
302483767 3 1
302483766 3 61
302483765 18 0
302483762 21 0
302483760 10 0
302483758 1 28
302483757 432 44
302483754 23 3
302483751 1 1
302483749 18 5
302483747 17 0
302483746 25 0
302483744 1 0
302483741 18 6
302483740 7 14
302483738 21 2
302483737 27 3
302483736 1 1
302483731 5 1
302483729 3 1
302483728 3 0
302483724 1 71
302483723 3 1
302483722 0 0
302483721 12 3
302483720 13 1
302483719 14 1
302483716 12 0
302483709 22 0
302483708 23 1
302483706 4 33
302483705 4 2
302483704 22 1
302483703 14 0
302483701 18 2
302483699 2 1
302483697 37 6
302483696 1 4
302483694 10 1
302483693 13 2
302483692 1 1
302483690 26 5
302483688 22 5
302483687 17 1
302483686 2 0
302483684 16 2
302483683 13 1
302483681 10 2
302483678 4 77
302483676 3 88
302483672 0 0
302483670 2 0
302483666 10 2
302483660 6 4
302483659 61 47
302483656 14 0
302483654 20 3
302483651 3 1
302483647 1 0
302483646 11 1
302483644 20 1
302483643 5 119
302483642 11 5
302483638 23 1
302483636 9 1
302483635 4 1
302483631 10 4
302483630 36 1
302483629 3 1
302483624 9 2
302483623 24 1
302483621 9 0
302483617 18 0
302483616 13 0
302483615 2 0
302483608 9 2
302483606 6 35
302483600 14 0
302483599 8 0
302483598 204 10
302483596 15 0
302483587 13 1
302483585 10 1
302483584 13 0
302483583 2 0
302483580 10 2
302483576 21 0
302483573 3 0
302483570 4 217
302483569 3 27
302483565 5 1
302483564 6 1
302483563 16 1
302483561 11 1
302483557 26 0
302483556 1 0
302483554 12 1
302483551 3 0
302483550 4 6
302483549 2 0
302483548 3 0
302483547 0 0
302483543 2 34
302483542 18 2
302483538 3 0
302483536 5 10
302483533 3 0
302483531 16 1
302483528 0 0
302483527 18 2
302483525 7 1
302483523 3 0
302483520 19 1
302483518 0 28
302483515 24 4
302483514 4 0
302483507 6 1
302483505 11 0
302483504 9 1
302483500 11 27
302483499 1 0
302483496 4 3
302483495 13 0
302483494 7 1
302483493 6 2
302483491 33 0
302483489 16 0
302483486 18 0
302483484 2 0
302483483 18 5
302483482 10 0
302483481 0 1
302483480 13 0
302483471 17 0
302483470 14 0
302483467 3 5
302483464 13 0
302483461 17 3
302483460 16 0
302483457 0 4
302483456 11 0
302483454 2 49
302483452 11 0
302483451 2 0
302483449 20 0
302483448 12 0
302483447 2 2
302483444 0 0
302483443 3 0
302483442 1 6
302483438 2 4
302483434 10 0
302483430 19 8
302483428 2 5
302483425 13 0
302483424 17 2
302483420 15 0
302483417 0 0
302483416 8 1
302483415 3 84
302483412 2 0
302483410 24 5
302483407 9 0
302483405 0 0
302483404 7 1
302483402 3 1
302483401 1 45
302483400 2 1
302483396 16 0
302483393 4 30
302483391 5 0
302483389 16 1
302483386 1 0
302483384 3 2
302483380 9 0
302483379 17 1
302483378 17 0
302483377 367 30
302483376 3 24
302483375 1 3
302483371 4 2
302483368 16 0
302483363 0 1
302483359 9 0
302483357 1 8
302483354 12 0
302483353 16 0
302483352 10 1
302483347 19 0
302483346 38 0
302483345 10 0
302483341 670 6
302483337 7 1
302483336 1 0
302483335 10 0
302483334 1 31
302483331 12 0
302483329 0 2
302483328 18 4
302483327 7 279
302483326 12 1
302483324 24 1
302483323 5 2
302483317 21 0
302483316 1 0
302483308 8 0
302483301 9 0
302483297 15 0
302483295 9 1
302483294 2 0
302483292 12 0
302483291 15 2
302483287 1 33
302483285 10 0
302483277 10 0
302483273 16 0
302483272 4 0
302483266 5 21
302483263 11 2
302483261 3 19
302483260 9 3
302483259 10 2
302483253 1 0
302483251 18 2
302483250 14 1
302483248 33 1
302483247 12 1
302483244 30 2
302483243 1 50
302483242 9 1
302483241 7 2
302483237 19 1
302483235 9 2
302483232 4 2
302483228 11 0
302483227 13 0
302483226 9 2
302483219 1 1
302483216 11 2
302483209 14 0
302483204 15 5
302483201 14 0
302483196 2 43
302483193 3 0
302483191 8 330
302483189 13 0
302483188 8 1
302483185 2 0
302483182 2 0
302483181 124 4
302483176 6 1
302483175 7 1
302483174 17 1
302483173 0 0
302483172 33 1
302483169 3 21
302483168 17 2
302483166 1 40
302483163 0 13
302483158 7 1
302483157 7 0
302483156 7 0
302483153 9 2
302483151 0 0
302483147 1 38
302483146 15 0
302483145 2 2
302483140 35 1
302483139 146 3
302483138 127 6
302483133 8 1
302483131 23 0
302483129 1 36
302483128 7 1
302483126 14 0
302483125 2 0
302483121 10 0
302483119 11 0
302483117 0 34
302483114 5 1
302483109 1 39
302483108 3 17
302483107 11 2
302483106 2 0
302483104 6 0
302483103 0 3
302483101 0 2
302483100 20 0
302483099 19 0
302483096 2 69
302483094 4 0
302483092 2 0
302483091 9 1
302483081 17 2
302483076 2 0
302483074 5 0
302483072 11 0
302483070 19 0
302483067 18 0
302483063 10 1
302483060 0 24
302483059 12 0
302483058 3 0
302483057 1 34
302483055 10 2
302483050 10 2
302483049 3 1
302483048 2 52
302483039 4 0
302483034 10 0
302483032 9 0
302483030 9 0
302483029 0 28
302483025 11 0
302483020 3 0
302483016 5 3
302483015 5 16
302483014 12 0
302483013 14 1
302483012 5 1
302483008 14 0
302483007 0 50
302483006 9 2
302483005 8 2
302483003 2 1
302483001 5 0
302482997 1 0
302482995 1 0
302482994 1 0
302482992 0 23
302482989 11 0
302482988 1 0
302482983 2 1
302482980 15 0
302482978 0 3
302482977 15 0
302482975 6 9
302482972 2 0
302482970 16 3
302482967 3 2
302482965 0 1
302482952 9 0
302482951 6 2
302482950 0 0
302482948 11 0
302482946 1 0
302482942 9 3
302482940 8 1
302482938 0 2
302482937 1 0
302482936 2 0
302482929 0 4
302482928 13 0
302482925 1 0
302482920 19 0
302482919 13 0
302482915 2 1
302482914 1 0
302482913 0 0
302482907 2 0
302482906 10 0
302482903 5 1
302482902 9 1
302482899 2 0
302482895 21 0
302482891 10 0
302482880 1 0
302482879 1 0
302482876 6 1
302482870 5 0
302482861 33 0
302482860 9 0
302482858 17 1
302482852 12 1
302482849 4 144
302482847 1 0
302482841 10 0
302482840 18 0
302482838 2 0
302482835 25 0
302482834 2 0
302482821 2 0
302482818 1 1
302482816 1 0
302482815 32 2
302482813 24 1
302482810 9 1
302482809 10 0
302482807 2 0
302482805 1 0
302482799 8 0
302482798 19 0
302482797 11 2
302482796 724 13
302482792 5 0
302482790 1 0
302482786 5 0
302482785 11 0
302482780 2 0
302482779 3 0
302482776 1 5
302482772 20 0
302482769 9 0
302482763 5 174
302482762 1 0
302482756 1 0
302482754 1 0
302482753 7 1
302482750 11 2
302482748 1 6
302482744 25 0
302482741 6 0
302482740 9 0
302482739 6 0
302482738 8 0
302482737 2 0
302482733 0 0
302482730 6 1
302482727 18 0
302482725 14 0
302482722 1 0
302482721 5 0
302482719 6 0
302482717 10 1
302482716 0 0
302482712 17 0
302482711 1 0
302482710 6 0
302482709 1 0
302482708 9 0
302482704 18 0
302482703 1 0
302482702 0 0
302482692 7 1
302482691 7 0
302482690 8 0
302482685 2 0
302482684 1 0
302482683 683 34
302482682 0 0
302482678 9 0
302482675 0 0
302482674 4 54
302482673 0 0
302482670 1 0
302482668 0 2
302482664 7 1
302482663 1 0
302482661 617 9
302482657 0 0
302482656 20 0
302482652 2 0
302482650 16 0
302482637 13 1
302482634 0 0
302482633 0 0
302482631 16 0
302482629 10 0
302482628 2 10
302482625 8 0
302482615 16 1
302482609 8 0
302482607 10 0
302482603 2 8
302482601 3 1
302482597 1 0
302482596 4 0
302482591 13 1
302482587 13 0
302482586 2 6
302482583 9 3
302482581 7 1
302482577 1 0
302482576 11 1
302482574 1 0
302482572 14 0
302482569 5 0
302482564 4 9
302482562 2 9
302482557 1 5
302482556 2 0
302482553 0 1
302482550 1 0
302482547 11 0
302482546 7 1
302482545 15 1
302482540 3 0
302482535 7 1
302482533 6 1
302482532 10 1
302482530 31 0
302482529 5 1
302482524 7 12
302482522 3 0
302482519 8 1
302482508 0 0
302482501 2 0
302482500 10 1
302482492 0 0
302482491 0 0
302482479 18 0
302482476 9 1
302482469 2 0
302482468 3 1
302482465 2 0
302482460 35 9
302482458 6 11
302482456 19 1
302482455 0 3
302482451 3 1
302482449 14 1
302482448 14 0
302482447 21 0
302482446 5 1
302482444 7 5
302482443 10 0
302482438 27 13
302482433 3 0
302482426 12 0
302482424 22 0
302482423 0 0
302482421 2 0
302482420 978 18
302482418 1 0
302482417 9 0
302482415 0 0
302482413 9 2
302482411 7 1
302482410 1 0
302482405 2 0
302482400 0 0
302482398 1 0
302482394 91 7
302482393 2 0
302482392 948 70
302482390 5 0
302482374 13 0
302482372 14 1
302482368 5 0
302482361 0 0
302482359 2 0
302482358 11 1
302482354 209 3
302482350 1 1
302482339 16 0
302482338 8 1
302482337 0 0
302482336 0 0
302482334 2 0
302482327 1 0
302482322 0 3
302482315 2 0
302482314 14 2
302482311 7 4
302482309 828 9
302482308 8 1
302482306 2 1
302482303 19 2
302482301 305 2
302482290 1 0
302482289 1 0
302482288 5 0
302482287 4 3
302482285 6 3
302482274 1 0
302482273 20 0
302482271 1 2
302482270 379 2
302482269 1 0
302482257 1373 54
302482252 1 7
302482250 5 2
302482249 10 0
302482248 13 0
302482245 20 1
302482244 0 0
302482235 0 0
302482233 4 22
302482231 9 0
302482228 7 2
302482227 234 57
302482224 965 16
302482222 17 0
302482220 3 0
302482212 1 0
302482206 3 0
302482204 10 0
302482203 12 19
302482200 9 2
302482199 97 0
302482197 10 0
302482193 2 0
302482191 6 1
302482190 14 0
302482185 4 1
302482184 4 0
302482168 41 2
302482166 2 2
302482163 2 0
302482152 1 0
302482150 20 0
302482146 12 2
302482145 13 0
302482142 8 2
302482140 1 0
302482134 6 1
302482132 12 2
302482124 31 1
302482123 2 0
302482121 5 0
302482119 2 0
302482117 689 8
302482116 6 1
302482113 4 2
302482108 8 1
302482106 5 2
302482101 3 0
302482099 19 0
302482094 3 0
302482091 3 2
302482090 8 1
302482089 5 0
302482078 0 0
302482075 9 1
302482073 12 2
302482071 13 0
302482070 10 2
302482068 27 0
302482064 2 0
302482062 14 1
302482057 5 55
302482056 3 0
302482055 2 24
302482051 26 2
302482046 2 0
302482039 6 1
302482037 8 0
302482036 19 0
302482033 408 5
302482032 7 1
302482031 3 97
302482030 6 1
302482028 1 0
302482027 5 4
302482016 5 0
302482015 0 0
302482009 766 9
302481999 1 0
302481987 1 5
302481986 16 0
302481985 1 2
302481980 7 2
302481976 24 0
302481973 14 0
302481967 28 2
302481964 19 0
302481963 15 2
302481962 3 1
302481959 0 22
302481958 1 0
302481954 2 0
302481952 10 1
302481945 582 6
302481944 1 0
302481943 7 0
302481938 0 0
302481937 24 1
302481936 489 5
302481933 1 59
302481932 0 0
302481929 0 0
302481928 13 0
302481926 12 1
302481924 4 1
302481920 16 2
302481913 462 6
302481911 599 6
302481909 13 1
302481904 1 0
302481902 7 1
302481899 2 0
302481894 9 0
302481893 15 0
302481890 0 0
302481889 1 0
302481886 0 1
302481883 0 0
302481882 0 0
302481875 13 0
302481871 11 0
302481869 0 0
302481866 8 5
302481864 4 0
302481859 1 3
302481857 17 1
302481854 5 0
302481852 13 2
302481851 5 0
302481850 11 0
302481849 0 0
302481847 4 1
302481842 0 0
302481840 13 1
302481836 14 7
302481835 12 0
302481830 1 0
302481827 13 0
302481826 23 0
302481823 1 0
302481820 0 0
302481815 12 0
302481813 18 0
302481811 3 9
302481807 17 0
302481805 0 0
302481803 7 0
302481798 23 1
302481794 0 3
302481787 0 0
302481781 0 0
302481779 8 2
302481778 18 0
302481776 2 0
302481774 7 0
302481772 0 0
302481771 5 2
302481770 4 1
302481768 4 1
302481765 4 1
302481762 0 0
302481760 10 0
302481759 20 0
302481752 46 1
302481746 5 0
302481745 4 1
302481744 0 0
302481742 1 0
302481740 7 2
302481738 5 20
302481737 12 0
302481734 15 0
302481733 0 0
302481731 4 0
302481722 38 11
302481717 0 0
302481712 12 0
302481711 4 0
302481710 0 0
302481709 5 1
302481705 9 1
302481700 11 3
302481699 0 1
302481697 12 2
302481693 15 1
302481691 12 1
302481688 1441 115
302481687 0 0
302481686 1 27
302481685 0 1
302481683 0 0
302481682 0 0
302481681 23 1
302481680 8 1
302481675 0 0
302481673 3 1
302481671 22 2
302481667 0 35
302481666 5 1
302481664 12 1
302481663 11 0
302481662 5 1
302481661 0 2
302481659 39 1
302481658 12 0
302481655 1 0
302481654 14 1
302481653 6 0
302481651 2 8
302481647 13 1
302481646 8 0
302481645 14 0
302481644 4 6
302481643 5 0
302481636 12 1
302481631 3 0
302481630 6 0
302481629 0 2
302481625 15 4
302481622 11 1
302481617 7 0
302481608 507 3
302481604 1207 15
302481598 6 1
302481596 12 1
302481593 5 0
302481592 725 12
302481591 5 4
302481588 0 5
302481586 10 2
302481583 0 0
302481582 10 1
302481580 10 0
302481579 18 1
302481578 7 0
302481577 2 0
302481575 9 0
302481574 2 0
302481572 6 0
302481570 9 0
302481567 7 1
302481566 33 1
302481562 16 0
302481559 9 0
302481558 14 1
302481552 11 0
302481551 6 1
302481550 2 0
302481546 9 1
302481540 0 0
302481539 5 0
302481538 4 1
302481536 8 3
302481534 9 0
302481531 2 0
302481529 9 0
302481528 4 1
302481521 7 0
302481519 12 3
302481517 15 1
302481515 2 0
302481512 29 0
302481511 3 1
302481506 7 0
302481503 0 0
302481501 9 0
302481500 2 0
302481498 6 3
302481497 0 0
302481495 6 25
302481494 14 1
302481493 1 0
302481490 9 2
302481489 16 0
302481488 2 0
302481487 0 2
302481485 1 6
302481481 13 1
302481480 7 0
302481479 0 0
302481477 12 0
302481476 9 2
302481475 881 14
302481474 9 1
302481471 0 0
302481470 9 0
302481469 16 10
302481468 1 0
302481467 5 6
302481465 8 2
302481462 8 1
302481461 11 3
302481459 8 1
302481458 8 0
302481455 11 2
302481454 18 0
302481452 6 15
302481447 778 13
302481446 2 0
302481443 1 14
302481441 2 1
302481440 17 2
302481439 16 1
302481436 8 0
302481433 15 2
302481428 23 3
302481426 2 1
302481425 8 2
302481424 15 1
302481423 3 0
302481421 0 0
302481420 13 1
302481418 5 0
302481417 13 1
302481415 0 2
302481413 5 1
302481412 18 1
302481410 0 0
302481409 5 0
302481408 0 2
302481404 9 2
302481403 0 0
302481402 8 0
302481400 10 1
302481393 3 0
302481392 1 0
302481389 17 1
302481388 1 1
302481387 1 0
302481385 7 2
302481381 0 1
302481379 7 0
302481378 1 0
302481373 2 0
302481372 12 0
302481371 17 0
302481369 8 1
302481367 991 11
302481366 16 1
302481363 8 0
302481362 15 1
302481361 2 2
302481360 0 2
302481357 1902 80
302481356 437 7
302481355 1 0
302481354 8 1
302481351 1 1
302481349 2 1
302481347 15 2
302481345 0 1
302481344 10 0
302481343 7 2
302481334 14 1
302481323 12 0
302481321 0 0
302481320 13 0
302481319 6 1
302481312 9 1
302481308 6 2
302481307 24 9
302481305 3 0
302481304 7 39
302481302 9 0
302481300 1 0
302481298 13 1
302481296 1 2
302481292 0 32
302481291 20 0
302481290 6 1
302481289 0 2
302481288 1 0
302481287 3 2
302481283 5 0
302481282 2 2
302481280 1 0
302481279 0 2
302481276 15 1
302481275 3 0
302481273 1 1
302481271 2 0
302481268 16 0
302481264 15 0
302481260 2 0
302481259 30 11
302481258 0 3
302481256 6 0
302481255 9 1
302481250 8 1
302481248 1 1
302481245 0 0
302481242 11 0
302481241 3 1
302481240 10 0
302481238 13 1
302481234 3 1
302481232 7 0
302481231 6 0
302481230 0 1
302481229 6 0
302481224 189 11
302481222 7 0
302481220 6 6
302481218 0 0
302481217 8 3
302481215 14 0
302481212 0 0
302481203 5 1
302481201 3 0
302481199 7 1
302481198 7 0
302481192 1 1
302481191 0 0
302481188 3 1
302481187 0 0
302481186 24 1
302481185 7 1
302481184 0 1
302481183 1 1
302481182 0 1
302481181 26 1
302481178 0 0
302481174 11 0
302481169 0 0
302481166 6 0
302481165 2 0
302481163 0 1
302481161 3 1
302481157 12 0
302481154 0 0
302481153 3 2
302481152 5 0
302481151 0 0
302481150 8 0
302481149 14 5
302481145 0 0
302481144 1 0
302481141 8 4
302481140 4 0
302481136 1 0
302481133 3 1
302481130 17 6
302481127 5 1
302481124 15 1
302481123 18 0
302481121 0 1
302481120 7 2
302481118 1 0
302481117 8 0
302481113 0 1
302481112 6 0
302481108 1 0
302481107 2 2
302481105 0 0
302481097 0 0
302481093 9 2
302481089 4 0
302481087 8 1
302481085 0 1
302481083 0 0
302481082 4 0
302481081 14 2
302481080 6 0
302481078 14 2
302481077 12 0
302481073 744 3
302481072 6 0
302481070 7 3
302481063 7 0
302481061 9 0
302481060 5 0
302481058 0 0
302481056 2 0
302481054 5 1
302481052 4 1
302481050 6 1
302481048 3 1
302481047 8 0
302481044 3 0
302481042 12 1
302481038 4 0
302481037 0 1
302481034 14 2
302481031 0 2
302481030 3 0
302481029 5 6
302481028 7 1
302481026 3 0
302481019 13 2
302481017 4 0
302481015 0 1
302481014 7 0
302481012 1953 44
302481007 12 1
302481006 1 2
302481003 2 3
302481002 6 0
302480998 1 0
302480997 3 0
302480996 9 1
302480995 1 0
302480987 1042 9
302480985 17 1
302480984 0 0
302480979 5 0
302480977 5 3
302480976 13 1
302480975 7 1
302480974 3 0
302480971 6 1
302480964 6 1
302480962 0 1
302480957 12 0
302480956 6 3
302480955 3 0
302480954 7 2
302480952 309 3
302480950 600 7
302480949 5 4
302480948 0 0
302480946 11 1
302480945 9 1
302480944 0 0
302480942 0 0
302480930 1 0
302480929 6 0
302480925 1 0
302480924 4 1
302480923 10 1
302480918 3 0
302480917 11 5
302480910 0 0
302480908 0 1
302480907 0 1
302480903 7 1
302480900 1 1
302480890 0 1
302480889 2 0
302480886 8 2
302480884 11 0
302480879 2 0
302480877 5 0
302480874 472 21
302480869 12 0
302480866 1 0
302480864 5 0
302480863 12 0
302480862 10 0
302480857 2 1
302480856 1 3
302480855 11 0
302480852 7 0
302480849 6 0
302480847 5 20
302480843 7 1
302480841 0 3
302480840 13 3
302480839 7 0
302480831 13 1
302480830 5 2
302480825 8 2
302480823 4 1
302480822 6 4
302480821 7 0
302480818 6 4
302480816 9 0
302480812 1 1
302480809 11 1
302480805 0 0
302480804 0 0
302480803 0 0
302480800 5 0
302480793 0 0
302480792 4 3
302480784 798 10
302480781 9 1
302480780 11 8
302480779 3 0
302480774 6 0
302480772 20 1
302480771 1 1
302480770 5 1
302480767 1056 8
302480765 9 2
302480764 3 1
302480763 1 3
302480762 4 0
302480759 11 0
302480754 2 0
302480752 7 1
302480749 5 1
302480746 17 0
302480745 8 0
302480736 17 2
302480735 7 0
302480734 21 1
302480732 6 1
302480727 1 0
302480726 2 1
302480725 14 1
302480722 12 0
302480719 7 1
302480717 9 1
302480714 4 1
302480711 14 0
302480709 8 3
302480705 0 0
302480704 11 10
302480700 16 3
302480697 6 0
302480691 7 1
302480690 6 1
302480689 8 0
302480687 4 1
302480686 10 2
302480683 2158 28
302480680 8 2
302480678 7 0
302480676 6 0
302480672 0 0
302480671 6 0
302480670 922 48
302480669 6 0
302480667 5 2
302480665 9 0
302480663 0 1
302480662 0 0
302480661 5 2
302480659 9 2
302480651 4 1
302480649 3 1
302480648 1 0
302480647 4 1
302480645 8 0
302480644 1 0
302480642 3 2
302480641 4 2
302480638 10 0
302480637 9 0
302480636 4 0
302480631 2 0
302480630 1551 92
302480628 2 0
302480627 6 0
302480622 8 1
302480620 0 2
302480616 2 10
302480614 7 0
302480608 0 2
302480606 4 1
302480604 12 1
302480600 4 1
302480599 24 4
302480594 4 0
302480592 2 0
302480591 2 0
302480589 3 0
302480587 4 7
302480586 8 0
302480571 12 1
302480566 5 2
302480556 670 15
302480554 6 0
302480553 6 10
302480551 3 0
302480550 0 0
302480549 1339 33
302480546 3 2
302480545 6 0
302480542 5 2
302480540 4 20
302480539 2 1
302480537 684 5
302480532 0 0
302480528 12 4
302480527 0 0
302480526 9 2
302480525 4 0
302480521 9 0
302480518 1 0
302480517 4 0
302480511 11 0
302480508 7 1
302480506 14 1
302480505 13 0
302480504 1 1
302480500 1123 11
302480496 13 1
302480490 1 0
302480489 669 2
302480488 2 0
302480487 8 0
302480485 14 5
302480483 3 1
302480482 9 0
302480481 9 0
302480479 8 2
302480478 3 17
302480476 12 1
302480471 268 44
302480470 0 0
302480469 8 0
302480466 0 0
302480465 3 1
302480464 0 2
302480463 2 16
302480462 6 1
302480459 2 0
302480455 5 0
302480451 4 3
302480447 9 0
302480444 12 2
302480442 1 0
302480440 655 4
302480437 7 1
302480434 10 1
302480433 9 1
302480432 5 1
302480430 0 1
302480426 9 1
302480423 6 0
302480422 8 0
302480421 958 8
302480416 9 4
302480410 9 0
302480408 5 0
302480405 12 2
302480402 7 0
302480399 6 1
302480398 11 0
302480391 12 0
302480390 8 1
302480389 8 0
302480386 1 0
302480385 10 0
302480384 1 0
302480381 2 2
302480374 12 4
302480371 1 1
302480370 9 3
302480367 0 0
302480363 4 0
302480362 1 0
302480359 8 0
302480356 7 0
302480349 0 1
302480348 6 0
302480347 7 3
302480342 1 0
302480337 29 2
302480336 1 0
302480335 8 0
302480333 491 4
302480330 13 1
302480329 6 2
302480325 1206 9
302480324 1151 14
302480323 11 3
302480322 0 2
302480321 149 10
302480313 8 0
302480308 690 29
302480307 31 2
302480306 1 1
302480303 8 1
302480297 1 0
302480294 1156 12
302480291 1 1
302480289 2996 428
302480288 5 0
302480286 4 1
302480280 7 2
302480279 8 0
302480278 5 0
302480276 8 2
302480268 11 0
302480263 1 1
302480262 1 0
302480261 1288 39
302480258 4 0
302480255 1 2
302480254 6 0
302480252 2 0
302480251 8 1
302480249 9 0
302480247 2 0
302480245 0 1
302480242 7 1
302480241 11 2
302480238 0 0
302480237 2 0
302480235 0 0
302480228 1 2
302480227 11 0
302480221 6 2
302480214 4800 166
302480212 5 1
302480211 2 0
302480210 1559 9
302480208 8 0
302480207 2 0
302480200 4 1
302480199 5 1
302480198 0 1
302480197 1 0
302480194 1 0
302480193 4 1
302480190 7 0
302480188 0 1
302480187 6 1
302480185 7 0
302480180 4 0
302480179 3 0
302480178 1870 26
302480166 10 0
302480162 4 1
302480159 725 3
302480158 31 1
302480157 9 0
302480148 6 2
302480144 1 0
302480141 10 0
302480138 1 0
302480135 7 3
302480133 0 0
302480126 2 0
302480123 8 1
302480122 9 0
302480120 1 2
302480119 8 0
302480118 9 0
302480113 5 1
302480105 8 0
302480102 6 1
302480098 7 2
302480097 8 4
302480096 7 0
302480095 1 0
302480094 0 0
302480091 0 0
302480083 0 1
302480081 5 0
302480080 4 3
302480079 1 0
302480077 7 0
302480073 4 2
302480071 47 2
302480069 9 1
302480066 0 0
302480061 821 2
302480058 6 0
302480051 1 1
302480049 10 0
302480048 2 2
302480047 6 0
302480046 5 0
302480045 6 1
302480044 16 4
302480041 13 2
302480039 4 2
302480035 2 0
302480032 0 0
302480027 5 2
302480019 10 0
302480017 0 2
302480010 1 0
302480008 9 1
302480006 4 1
302480005 12 2
302480003 3 0
302480001 446 25
302480000 4 2
302479996 6 0
302479994 3 0
302479989 10 0
302479986 3 1
302479981 0 1
302479980 2 6
302479978 3 2
302479976 8 0
302479974 0 1
302479973 9 2
302479968 6 2
302479965 7 0
302479963 16 0
302479962 10 1
302479961 0 0
302479957 1308 4
302479954 4 2
302479953 13 1
302479951 6 0
302479948 4 4
302479945 14 1
302479941 6 2
302479936 0 0
302479933 3 0
302479930 8 2
302479928 2 2
302479925 9 0
302479924 11 0
302479922 9 1
302479919 2136 8
302479918 5 0
302479917 489 5
302479916 4 0
302479896 6 1
302479893 7 0
302479891 3 0
302479888 6 0
302479882 1132 3
302479881 1 0
302479880 9 2
302479877 4 1
302479873 6 0
302479871 2 7
302479869 5 0
302479868 0 0
302479866 6 1
302479864 940 53
302479857 6 0
302479856 0 0
302479847 0 0
302479845 9 2
302479841 6 2
302479832 7 0
302479824 1797 104
302479819 1201 25
302479813 2 0
302479810 3 1
302479809 4 8
302479808 7 0
302479806 13 1
302479805 1276 26
302479804 5 2
302479800 0 1
302479797 7 0
302479796 8 0
302479795 367 20
302479793 7 2
302479789 11 0
302479782 14 1
302479781 8 1
302479779 7 0
302479775 12 0
302479774 6 0
302479768 9 3
302479766 4 1
302479764 9 1
302479761 5 0
302479758 3865 198
302479748 11 1
302479747 7 1
302479746 565 4
302479744 529 11
302479741 484 45
302479736 4 0
302479730 0 2
302479722 5 0
302479720 15 2
302479717 5 1
302479715 9 1
302479713 14 0
302479709 9 0
302479708 6 1
302479707 8 0
302479706 7 1
302479703 6 1
302479702 2547 124
302479697 28 3
302479693 11 2
302479689 5 1
302479688 0 0
302479684 6 1
302479683 4 6
302479681 22 4
302479679 9 0
302479676 5 0
302479673 403 7
302479668 0 1
302479662 6 3
302479652 1200 12
302479645 3 0
302479643 8 2
302479642 1255 27
302479641 0 0
302479636 4 3
302479631 6 1
302479630 5 1
302479626 0 0
302479624 5 0
302479621 6 1
302479617 1 0
302479614 1 0
302479606 5 1
302479602 12 0
302479601 5 1
302479599 6 0
302479598 3 0
302479596 12 0
302479593 6 2
302479592 2 0
302479591 3628 29
302479590 0 0
302479583 9 2
302479578 2 0
302479576 12 2
302479574 7 2
302479572 2 0
302479571 5 1
302479568 8 1
302479565 5 2
302479564 996 5
302479561 8 1
302479557 7 1
302479555 18 0
302479544 10 0
302479542 3 2
302479540 6 2
302479539 3 2
302479538 7 2
302479536 2 1
302479528 5484 146
302479527 1 0
302479524 4 1
302479523 11 1
302479522 5 0
302479520 1 7
302479519 5 0
302479518 7 0
302479515 4 2
302479512 5 2
302479511 860 11
302479506 1848 78
302479504 6 1
302479502 8 0
302479498 1 0
302479495 8 2
302479489 13 0
302479480 4676 349
302479479 10 0
302479474 16 0
302479473 5 0
302479468 4 1
302479467 6 0
302479464 3 6
302479462 7 2
302479460 0 0
302479450 443 25
302479448 1 0
302479439 9 8
302479433 7 1
302479428 14 2
302479419 4 0
302479417 2 2
302479416 23 2
302479415 5 0
302479413 1 0
302479412 9 1
302479407 17 0
302479404 0 0
302479396 1 0
302479395 10 0
302479394 1 0
302479393 11 2
302479387 7 0
302479385 3 12
302479384 4 0
302479383 2 0
302479382 1 0
302479379 7 9
302479378 1335 49
302479377 7 0
302479373 7 0
302479363 5 4
302479362 8 1
302479360 7 0
302479359 3 0
302479354 5 1
302479353 8 1
302479352 779 8
302479351 1 0
302479350 9 0
302479340 0 0
302479339 2 12
302479335 0 1
302479334 6 1
302479333 10 0
302479331 11 0
302479330 4 2
302479328 2 1
302479327 3 2
302479322 0 22
302479320 1 0
302479318 288 7
302479310 0 0
302479309 5 1
302479306 0 0
302479305 7 0
302479301 0 0
302479299 3 0
302479297 4 0
302479294 2 0
302479293 10 0
302479292 9 0
302479290 6 2
302479287 11 4
302479285 5 12
302479284 3 2
302479277 5 1
302479270 776 9
302479266 13 1
302479265 5 2
302479264 6 1
302479263 9 0
302479262 0 0
302479261 0 0
302479260 12 0
302479259 2 0
302479258 0 0
302479257 4 0
302479250 10 1
302479248 6 2
302479247 1 0
302479246 0 0
302479245 4 0
302479240 8 1
302479239 0 0
302479237 1 0
302479236 1520 13
302479234 937 3
302479233 0 0
302479231 13 14
302479228 9 1
302479227 0 0
302479226 0 0
302479225 6 1
302479224 0 0
302479221 7 2
302479218 8 0
302479214 3 0
302479213 5 2
302479212 1 0
302479211 1 0
302479210 7 1
302479209 4549 52
302479208 6 2
302479206 1 4
302479204 6991 164
302479202 4 1
302479201 6 0
302479197 0 4
302479196 0 0
302479195 6 0
302479193 2 2
302479191 0 0
302479190 0 0
302479189 8 1
302479188 7 0
302479187 605 5
302479184 240 26
302479183 10 2
302479181 6 2
302479180 9 0
302479179 4 0
302479176 6 0
302479175 9 0
302479174 10 1
302479172 9 0
302479171 7 2
302479169 1 0
302479167 7 2
302479163 0 0
302479162 6 1
302479159 1 0
302479158 0 0
302479156 0 1
302479155 1 0
302479151 3357 50
302479150 6 0
302479149 1194 13
302479148 4 1
302479147 1 0
302479145 10 2
302479143 7 1
302479142 11 1
302479140 5 1
302479138 2 0
302479137 2 1
302479136 0 4
302479135 7 2
302479133 2 0
302479132 0 0
302479131 6 0
302479130 2 1
302479129 7 1
302479128 0 0
302479126 12 25
302479125 0 0
302479124 1 0
302479120 7 0
302479118 9 2
302479117 9 0
302479116 5 1
302479114 6 1
302479111 6 0
302479108 4 1
302479106 5 0
302479102 1 0
302479101 0 2
302479100 2 0
302479095 1 4
302479092 0 3
302479091 1 0
302479089 9 3
302479087 5 3
302479086 10 1
302479085 4 1
302479084 9 0
302479083 2 0
302479082 1 0
302479081 3930 139
302479080 6 0
302479079 0 0
302479077 9 2
302479076 2 0
302479075 7 0
302479074 4 1
302479073 4 1
302479072 6 2
302479070 0 0
302479069 0 0
302479068 3869 175
302479066 5 0
302479065 7 0
302479063 2 2
302479062 6 0
302479061 0 0
302479060 0 0
302479058 5 1
302479057 0 0
302479056 1 0
302479055 4 1
302479054 3 1
302479053 0 0
302479052 5 0
302479051 5 1
302479047 5510 138
302479046 6 1
302479045 6 0
302479044 5 2
302479042 4 0
302479039 4 0
302479038 9 0
302479037 2 0
302479036 5 1
302479035 0 0
302479034 5 2
302479033 7 1
302479032 0 0
302479031 0 0
302479030 1 2
302479027 0 0
302479026 2 2
302479025 1 0
302479024 4 0
302479023 0 4
302479022 4 0
302479021 0 3
302479019 0 1
302479015 7 0
302479014 6 1
302479013 2 0
302479012 1 1
302479011 1 0
302479010 6 1
302479009 1975 303
302479008 1 1
302479006 1 3
302479005 7 1
302479004 4 2
302479003 4 1
302479002 0 0
302479001 7289 76
302478999 4 0
302478997 0 0
302478996 0 1
302478995 6 1
302478993 23 4
302478992 2 0
302478991 0 0
302478990 0 0
302478989 6 0
302478987 0 0
302478985 0 0
302478984 7 1
302478981 10 2
302478980 13 3
302478979 5 1
302478978 5 1
302478977 5244 491
302478976 8 0
302478975 5 0
302478974 0 4
302478973 4 1
302478972 0 0
302478971 3206 75
302478969 1 3
302478967 0 3
302478966 9 2
302478965 0 3
302478964 7 2
302478961 1 0
302478960 1 7
302478959 0 4
302478958 1 1
302478956 1 5
302478955 0 0
302478953 0 1
302478951 0 7
302478950 5 1
302478948 0 0
302478947 5 1
302478946 13 1
302478943 1 0
302478942 0 7
302478941 0 3
302478940 0 2
302478939 940 22
302478937 0 2
302478936 1 2
302478935 0 0
302478934 3 1
302478933 0 0
302478932 0 3
302478931 0 0
302478930 5 1
302478928 0 7
302478927 0 3
302478925 0 4
302478924 0 0
