303957692 0 0
303957215 0 0
303956366 0 0
303956365 0 0
303929986 2 0
303895938 0 3
303872257 0 0
303865494 1 1
303865492 0 2
303864949 0 1
303861805 3 1
303861216 0 0
303859366 4 1
303857942 1 0
303856602 5 1
303855803 0 1
303854711 1 0
303836226 0 0
303822081 1 1
303804795 1 0
303804768 1 2
303803675 8 0
303803622 2 0
303803615 3 0
303803608 3 0
303803583 1 0
303800332 0 1
303800311 1 1
303800309 3 0
303799269 0 0
303799265 0 0
303764286 0 5
303753220 0 0
303745026 1 3
303738955 0 0
303738185 2 0
303738159 3 0
303737566 0 0
303736539 0 0
303735971 5 0
303733414 0 0
303733400 2 0
303732551 0 0
303732515 2 1
303732429 0 1
303732420 0 2
303730385 2 0
303721948 6 0
303693120 6 0
303671772 0 0
303668078 2 0
303658261 1 0
303622410 7 0
303622130 1 0
303607393 6 0
303600521 5 19
303586711 1 0
303584130 17 0
303538845 6 0
303522233 1 2
303507052 4 3
303504493 11 3
303502940 6 0
303500921 3 12
303496534 2 0
303493611 2 3
303472358 19 5
303412457 11 0
303412448 11 0
303412439 8 12
303410137 48 0
303409432 0 0
303409325 1 0
303407067 15 0
303399929 11 5
303399055 3 1
303370868 0 9
303345883 12 0
303336682 15 5
303323963 0 0
303321121 3 0
303316402 21 2
303316385 2 0
303298796 14 6
303266393 5 7
303263488 7 0
303250383 4 1
303250276 0 0
303248229 0 3
303248172 11 3
303248008 2 0
303241983 13 0
303237622 13 3
303182013 14 1
303164142 12 4
303162524 13 1
303147603 13 67
303145882 5 0
303137815 5 0
303137811 4 12
303136873 4 0
303123051 2 2
303121960 15 1
303120978 4 0
303078457 1 34
303078450 2 4
303076447 4 2
303076399 9 0
303075137 0 0
303072095 10 59
303071387 12 1
303068251 2 1
303067624 5 0
303060715 6 10
303060036 6 1
303045733 1 0
303045375 4 0
302987391 9 46
302987320 8 1
302986804 2 22
302986492 7 1
302986422 10 1
302984206 15 1
302982205 18 6
302982184 7 2
302982167 10 2
302970163 10 2
302970147 3 2
302970055 2 0
302927322 7 3
302926525 8 0
302893736 16 32
302893663 2 0
302893518 1 5
302892903 7 12
302884924 0 0
302883525 12 2
302883524 9 1
302883520 9 2
302883184 12 2
302883173 5 0
302882043 19 5
302881174 6 4
302881167 4 2
302880387 9 0
302832578 11 2
302831639 3 2
302818475 2 21
302818157 18 4
302818009 26 22
302817694 13 0
302817597 21 7
302816753 62 4
302816693 35 4
302816681 23 8
302816202 10 0
302816125 10 0
302813394 12 1
302812157 27 20
302812154 16 0
302811888 5 3
302811686 23 1
302810824 38 2
302810575 38 8
302810119 4 0
302809528 24 0
302807871 27 5
302807639 4 0
302805958 0 0
302804552 3 1
302803011 3 0
302802943 1 1
302802840 4 8
302802815 5 1
302802571 23 0
302800319 36 6
302797389 0 0
302794299 4 0
302776222 0 0
302774955 6 4
302774941 0 0
302774931 29 8
302774907 5 1
302774901 10 0
302771508 28 2
302763290 13 2
302763117 8 1
302744474 6 11
302731546 15 1
302731205 6 0
302730141 1 1
302730093 24 7
302729443 22 0
302729434 14 1
302729422 20 2
302728890 8 0
302728860 3 0
302728820 65 6
302728788 0 5
302728089 19 1
302728030 2 1
302726524 23 8
302726521 6 1
302726519 3 0
302726517 8 1
302726189 6 0
302726188 45 0
302726182 6 8
302725961 27 1
302724741 10 0
302723539 10 3
302723483 3 0
302723371 3 4
302723187 38 3
302722351 26 2
302721979 13 1
302721912 5 0
302721103 3 0
302719929 1 2
302719894 6 18
302719093 0 0
302718482 10 0
302718440 0 0
302709570 4 0
302709562 9 0
302709558 16 0
302688237 1 0
302675351 2 11
302674714 63 6
302662341 15 1
302662240 36 14
302644263 7 0
302643937 3 6
302642862 3 0
302639900 0 0
302639330 25 2
302639125 13 1
302639117 7 0
302637345 12 3
302636886 5 0
302632721 4 21
302627426 9 7
302585212 0 0
302571426 0 0
302570511 4 0
302570328 5 1
302570320 2 0
302570268 25 2
302570133 0 4
302569595 0 0
302567461 8 0
302566506 7 20
302566504 13 3
302565957 6 0
302565409 5 0
302564542 7 20
302563598 13 6
302563335 3 3
302561877 4 1
302553635 8 0
302553619 9 1
302553612 20 8
302553603 25 2
302553595 12 0
302534967 107 0
302534423 6 2
302534277 31 0
302531986 19 3
302510017 12 1
302509971 33 1
302509785 6 0
302497899 10 2
302497071 7 0
302496792 3 0
302496274 2 0
302496270 4 9
302496096 2 0
302495975 3 1
302495420 7 1
302495316 17 13
302492082 41 19
302492071 4 2
302492068 7 0
302492064 8 2
302491841 15 3
302491827 24 1
302491822 18 8
302491284 2 0
302491003 8 1
302490990 5 0
302487659 5 1
302482014 2 0
302464606 22 9
302456409 30 8
302441663 43 3
302441642 23 3
302427106 0 1
302425460 20 9
302412895 6 36
302412715 10 1
302412657 17 0
302412421 0 1
302411698 11 0
302411253 0 31
302410863 15 3
302409150 30 2
302409031 3 0
302405799 2 0
302403610 0 0
302403160 21 1
302401300 7 3
302401157 0 0
302400505 6 31
302399950 32 1
302397641 2 1
302397384 33 2
302394762 11 18
302394362 0 0
302391445 14 0
302347514 0 0
302346451 28 1
302346440 15 0
302328806 7 0
302327379 20 7
302320468 12 0
302316766 12 2
302316530 30 4
302316001 11 1
302311908 67 2
302310658 14 53
302310321 20 1
302310269 28 37
302308496 38 2
302304898 11 0
302304723 9 6
302298902 40 7
302298842 3 11
302298232 6 22
302293918 14 0
302293916 18 68
302293913 6 28
302293912 4 3
302293911 8 1
302293909 6 2
302265130 10 0
302261356 8 0
302250281 22 3
302250080 14 0
302238772 12 0
302238347 10 2
302238183 0 0
302238098 3 21
302237812 10 12
302237744 5 2
302237740 5 3
302237693 31 3
302237447 20 2
302234930 25 7
302232390 17 0
302232388 19 61
302231324 30 2
302230543 11 7
302230016 6 1
302230003 9 2
302229399 24 7
302229382 20 6
302228277 18 6
302228032 14 1
302228013 20 2
302227229 4 11
302226687 4 44
302224239 14 2
302203028 23 2
302202832 35 3
302201235 7 1
302200552 16 0
302195113 19 4
302193070 3 7
302192418 13 1
302192389 13 3
302192176 26 4
302191466 0 0
302191411 41 3
302189415 28 1
302189329 12 0
302188587 15 4
302181710 9 15
302181647 9 17
302181390 56 1
302181039 8 0
302181036 16 0
302181024 13 0
302181022 6 12
302180999 29 1
302180662 4 4
302180572 2 9
302179702 7 1
302179288 15 2
302179095 0 1
302176236 4 1
302176154 25 41
302176142 26 0
302176140 24 2
302176134 11 1
302176022 35 0
302176019 5 13
302175689 2 0
302175688 4 0
302175538 5 1
302175528 23 4
302175345 8 1
302175260 10 1
302175161 29 1
302175148 37 3
302175107 8 3
302175036 0 0
302174845 0 0
302174512 24 0
302174394 14 1
302174260 1 2
302174166 0 0
302174069 7 1
302174061 7 1
302174055 4 1
302174054 11 0
302174047 31 7
302173992 20 15
302173958 3 8
302173391 5 3
302173081 12 3
302172914 0 0
302172800 20 6
302172733 0 0
302169222 12 3
302157918 11 1
302145379 92 4
302145301 10 3
302145189 50 3
302138872 22 2
302138868 40 0
302138224 12 4
302138125 9 5
302138120 15 1
302137517 36 1
302134554 19 0
302134054 45 1
302133225 3 6
302133098 12 2
302133095 26 2
302132286 6 0
302131118 3 1
302125921 2 2
302125902 0 0
302125806 0 0
302125680 12 2
302125639 2 1
302125636 4 0
302125404 36 3
302125139 3 10
302124959 7 1
302124623 4 1
302124617 7 0
302124614 12 0
302124612 25 2
302124608 29 3
302124604 15 5
302124487 26 17
302124479 1 14
302124443 1 0
302124231 10 3
302124227 14 4
302124124 0 0
302123979 3 2
302123890 5 7
302123838 33 8
302123756 9 3
302120711 46 4
302120398 7 3
302120304 19 2
302120030 14 2
302120027 40 17
302119605 0 2
302119405 6 3
302119240 3 2
302118719 16 6
302118637 9 0
302118078 9 4
302118036 2 0
302117902 7 1
302117123 20 0
302116857 1 3
302116617 14 6
302115899 2 10
302115460 1 12
302115359 39 2
302115015 15 1
302113972 13 1
302113873 1 0
302113866 3 1
302113233 0 6
302110748 22 3
302107125 21 21
302094273 0 0
302091063 27 2
302091053 34 1
302091036 19 0
302091016 13 0
302085676 5 0
302085673 3 0
302085440 17 0
302084010 18 0
302082633 10 7
302082620 6 1
302082618 0 0
302081726 8 1
302081578 1 0
302081177 22 1
302080931 56 16
302080424 32 3
302079770 2 0
302078619 6 0
302078577 13 1
302078567 5 1
302078557 43 14
302078538 3 0
302078506 3 3
302078442 16 1
302078315 28 5
302078220 11 2
302078214 15 1
302078207 35 0
302078136 5 0
302078130 8 1
302078117 10 0
302078018 25 20
302077732 5 0
302077665 36 5
302077572 5 11
302077571 11 1
302077570 16 0
302077520 6 0
302077441 0 0
302077351 8 0
302077345 3 1
302077322 46 2
302077320 30 10
302077287 22 1
302077262 18 18
302077099 32 0
302077045 13 0
302076809 13 12
302076485 13 2
302075734 73 5
302075212 14 38
302075138 11 1
302075129 16 0
302075104 0 0
302075083 1 0
302075059 0 0
302075054 5 1
302075051 14 0
302075048 16 0
302075046 20 3
302074932 10 1
302074925 3 3
302074923 31 2
302074922 20 4
302074921 3 3
302074909 5 0
302074908 5 1
302074895 25 0
302074847 7 22
302074822 13 2
302074821 14 1
302074820 7 1
302074818 8 0
302074661 58 0
302074622 6 0
302074570 34 4
302074565 14 1
302074549 0 0
302074517 2 1
302074516 3 1
302074505 5 1
302074415 19 1
302074382 15 0
302074321 1 2
302074202 5 0
302074196 26 0
302074181 11 2
302074170 7 1
302074092 0 0
302073982 36 0
302073911 9 3
302073909 6 6
302073893 17 0
302073887 13 4
302073861 28 7
302073860 3 0
302073853 45 1
302073833 12 1
302073787 15 0
302073739 20 1
302073704 8 3
302073677 8 2
302073634 17 1
302073631 40 0
302073626 0 15
302073603 44 31
302073498 17 2
302073476 0 4
302073468 0 11
302073464 8 0
302073449 18 1
302073430 29 7
302073380 86 2
302073343 9 0
302073301 13 29
302073287 11 0
302073282 4 10
302073238 1 0
302073231 7 0
302073229 32 0
302073168 0 0
302073166 7 0
302073165 4 7
302073155 7 0
302073082 13 4
302073076 38 3
302073034 33 11
302072980 6 2
302072906 11 3
302072905 8 4
302072903 5 4
302072892 7 27
302072859 42 5
302072854 6 8
302072852 23 35
302072846 28 5
302072833 11 2
302072820 46 14
302072811 5 3
302072810 8 1
302072791 0 0
302072778 5 0
302072753 27 0
302072713 17 3
302072696 0 0
302072693 13 0
302072675 2 0
302072611 6 0
302072608 4 2
302072606 24 9
302072599 5 3
302072520 4 0
302072496 21 6
302072476 6 1
302072382 6 0
302072379 2 0
302072349 6 2
302072332 8 0
302072306 1 1
302072304 5 1
302072284 21 1
302072262 4 1
302072250 12 0
302072248 30 2
302072244 16 9
302072243 38 5
302072238 21 4
302072212 16 10
302072210 7 0
302072204 18 2
302072199 0 0
302072179 32 9
302072177 42 3
302072095 0 1
302072070 0 0
302072056 5 0
302071970 9 2
302071917 6 6
302071878 2 0
302071877 3 1
302071876 3 0
302071873 10 4
302071863 11 22
302071858 7 1
302071857 46 0
302071853 9 0
302071840 3 0
302071838 2 0
302071836 2 1
302071830 13 0
302071825 3 2
302071818 6 4
302071812 2 0
302071803 7 2
302071800 26 0
302071792 23 2
302071791 4 0
302071790 9 1
302071788 10 4
302071787 1 0
302071766 3 2
302071746 14 2
302071744 4 1
302071717 6 3
302071712 1 0
302071706 20 0
302071592 4 3
302071590 17 0
302071535 4 2
302071501 13 0
302071460 3 25
302071425 2 6
302071394 0 0
302071381 21 3
302071380 14 1
302071317 12 0
302071308 31 0
302071254 1 3
302071249 4 2
302070994 4 2
302070985 1 1
302070974 4 2
302070894 3 0
302070838 4 0
302070793 2 0
302070655 1 0
302070560 2 1
302070553 11 4
302070542 18 0
302070398 3 0
302070351 19 26
302070304 0 4
302070283 3 3
302070268 38 23
302070267 13 0
302070253 3 2
302070243 10 0
302070236 8 5
302070222 0 0
302070212 2 4
302070178 3 4
302070088 27 8
302070005 4 0
302069954 13 0
302069813 6 6
302069758 28 0
302069737 0 0
302069723 4 1
302069610 19 0
302069605 3 1
302069586 5 3
302069485 14 3
302069316 9 0
302069176 0 1
302069030 3 0
302068936 16 4
302068934 4 0
302068033 26 2
302067815 8 2
302067782 0 0
302067624 9 2
302066557 10 5
302066176 11 0
302065987 9 22
302065876 12 1
302065535 5 11
302065112 0 0
302065107 1 1
302065093 14 3
302065091 11 0
302065089 7 3
302064969 15 1
302064933 2 0
302064887 4 0
302064789 9 6
302064784 3 1
302064676 7 15
302064630 23 1
302064562 4 1
302064539 0 13
302064384 1 1
302064367 16 6
302064261 2 1
302064254 4 3
302064196 1 1
302064031 2 1
302063913 8 1
302063750 0 1
302063723 4 4
302063275 1 4
302063244 13 1
302063235 2 2
302063232 4 1
302063230 6 3
302063183 1 3
302063147 1 1
302063010 0 0
302062925 4 22
302062364 3 0
302061940 4 4
302061916 0 0
302061737 2 3
302061714 0 1
302061659 36 3
302061648 4 0
302061616 11 0
302061463 13 4
302061287 11 1
302061271 2 0
302061240 13 3
302061228 7 0
302061215 5 3
302061202 1 1
302061184 5 1
302061122 49 1
302061105 9 2
302061090 0 0
302060983 1 0
302060590 0 0
302060507 1 0
302059811 4 36
302058988 2 2
302058838 1 0
302055835 2 1
302055811 2 0
302055801 10 11
302055781 10 0
302055726 0 17
302055622 11 2
302055442 0 0
302055373 4 8
302055313 2 26
302055196 0 1
302054509 30 65
302054034 18 0
302053999 25 1
302053929 4 0
302052822 32 1
302052518 21 3
302049970 19 5
302049888 2 14
302049848 18 3
302049819 9 7
302049797 2 0
302049792 1 0
302049725 0 2
302049685 0 7
302049647 0 1
302049644 28 5
302049643 14 1
302049466 24 1
302049385 69 2
302049310 1 0
302049283 8 3
302049181 13 6
302049107 2 16
302049063 21 0
302049055 1 0
302048946 9 10
302048659 0 0
302048608 27 4
302048517 0 0
302048329 3 24
302048327 9 25
302047491 16 2
302047301 41 4
302047282 8 0
302046925 1 9
302046060 18 1
302045684 6 3
302045675 5 19
302045625 1 2
302044574 10 15
302044346 32 4
302044261 5 0
302044194 11 5
302043032 12 1
302042422 0 0
302041538 31 1
302041041 9 0
302040981 0 2
302040955 42 3
302040862 26 0
302040855 20 0
302040851 23 4
302040849 5 5
302040847 28 0
302040830 8 2
302040829 11 0
302040826 49 1
302040821 6 4
302040814 22 0
302040809 0 0
302040807 0 0
302040786 11 9
302040779 2 0
302040732 23 5
302040706 13 0
302040681 11 0
302040661 21 1
302040655 0 0
302040647 13 0
302040638 15 2
302040627 7 0
302040625 22 1
302040617 21 7
302040616 9 0
302040609 17 24
302040554 3 0
302040537 5 1
302040536 2 4
302040516 24 2
302040514 4 6
302040507 15 28
302040494 22 39
302040481 0 0
302040473 5 2
302040445 0 0
302040443 16 5
302040418 6 0
302040348 2 0
302040326 31 6
302040293 6 0
302040250 4 3
302040240 6 4
302040229 1 2
302040221 18 27
302040209 16 0
302040182 0 0
302040161 0 0
302040149 0 0
302040142 6 2
302040099 0 0
302040057 24 1
302040041 10 11
302040025 2 11
302040003 0 0
302039980 33 0
302039967 21 49
302039962 7 1
302039918 19 59
302039915 6 3
302039910 11 0
302039908 25 1
302039907 3 3
302039906 4 0
302039897 1 1
302039889 5 18
302039887 0 0
302039865 9 1
302039864 2 1
302039862 4 2
302039855 27 0
302039839 0 0
302039781 9 53
302039779 11 21
302039734 24 52
302039704 26 37
302039702 1 0
302039687 32 23
302039686 5 0
302039672 6 20
302039656 26 1
302039615 0 4
302039485 25 25
302039451 15 38
302039344 14 2
302039289 11 44
302039263 12 2
302039246 26 2
302039239 13 3
302039213 2 0
302039203 19 0
302039182 13 5
302039180 17 12
302039179 14 2
302039174 5 0
302039168 5 0
302039150 15 2
302039139 2 0
302039114 8 0
302039110 5 0
302039016 0 0
302039004 0 0
302038928 3 3
302038897 0 1
302038831 86 3
302038793 1 0
302038765 1 0
302038753 29 3
302038735 0 0
302038657 11 2
302038607 5 20
302038605 0 1
302038599 26 4
302038578 18 1
302038564 15 0
302038539 29 12
302038507 24 2
302038499 49 30
302038491 39 2
302038439 6 3
302038427 6 9
302038401 41 2
302038399 10 3
302038234 4 4
302038147 2 8
302038092 0 0
302037998 0 0
302037923 0 0
302037922 9 4
302037825 32 0
302037731 0 0
302037669 2 3
302037546 1 42
302037520 0 1
302037349 4 6
302037293 28 2
302037285 13 0
302037255 35 0
302037247 1 1
302037229 6 1
302037140 4 3
302037088 10 6
302037061 19 0
302037041 20 6
302037033 10 5
302037029 22 0
302036995 26 0
302036990 2 1
302036926 4 0
302036877 41 3
302036818 5 1
302036726 3 8
302036685 22 38
302036652 19 36
302036633 17 4
302036488 2 0
302036245 3 3
302036002 5 7
302035975 18 3
302035931 7 0
302035930 18 2
302035925 0 0
302035922 0 65
302035921 13 0
302035920 17 0
302035918 1 8
302035915 3 49
302035912 8 2
302035909 7 2
302035906 25 1
302035905 0 1
302035900 2 0
302035883 17 0
302035880 16 0
302035879 12 5
302035875 1 0
302035869 13 7
302035867 53 2
302035866 0 2
302035861 38 16
302035860 1 0
302035857 0 0
302035852 0 1
302035841 2 1
302035836 9 0
302035833 0 1
302035831 15 0
302035828 8 1
302035824 13 19
302035808 24 1
302035805 1 1
302035801 2 0
302035799 1 2
302035798 14 21
302035796 2 0
302035794 10 3
302035791 5 0
302035789 12 2
302035788 65 10
302035787 9 57
302035784 0 0
302035781 57 10
302035780 10 36
302035779 1 0
302035775 13 54
302035771 0 0
302035769 1 0
302035766 2 0
302035765 74 2
302035763 9 4
302035758 11 12
302035757 17 2
302035755 2 0
302035754 10 0
302035753 9 0
302035751 0 6
302035750 4 0
302035745 13 3
302035742 37 7
302035738 0 0
302035733 34 2
302035731 4 0
302035730 14 1
302035729 17 2
302035727 17 0
302035723 8 3
302035719 1 0
302035718 8 2
302035717 5 1
302035715 1 1
302035710 2 12
302035706 2 1
302035699 15 2
302035697 15 7
302035696 20 4
302035695 2 2
302035693 9 0
302035692 18 9
302035688 0 1
302035687 5 3
302035686 32 16
302035680 15 4
302035677 14 2
302035675 17 0
302035674 34 1
302035672 12 0
302035671 11 3
302035670 13 0
302035669 0 0
302035668 14 0
302035667 20 2
302035662 0 5
302035660 1 0
302035656 18 4
302035655 3 5
302035653 41 9
302035650 0 0
302035648 11 0
302035647 40 2
302035643 8 2
302035642 0 0
302035641 5 32
302035635 7 0
302035634 8 4
302035632 4 1
302035631 0 0
302035630 34 11
302035627 13 0
302035625 0 0
302035620 26 3
302035619 0 0
302035616 13 2
302035612 34 4
302035611 10 7
302035610 24 3
302035608 22 7
302035603 31 1
302035601 49 0
302035600 10 3
302035597 20 12
302035594 38 7
302035583 99 3
302035582 33 9
302035580 20 5
302035579 2 0
302035577 18 28
302035576 0 0
302035574 4 0
302035573 0 1
302035572 0 0
302035571 3 1
302035560 2 31
302035554 9 4
302035549 17 8
302035547 3 4
302035546 4 41
302035545 2 5
302035542 21 4
302035541 15 6
302035540 39 2
302035539 38 1
302035537 15 3
302035533 4 7
302035529 0 0
302035525 26 2
302035522 12 5
302035518 50 1
302035517 2 1
302035515 15 2
302035513 15 5
302035512 23 7
302035510 15 3
302035509 0 0
302035508 1 4
302035504 0 0
302035500 9 50
302035499 2 0
302035496 5 0
302035495 0 0
302035494 50 7
302035493 10 1
302035492 5 10
302035490 0 0
302035489 1 0
302035487 6 0
302035486 10 1
302035485 43 1
302035481 39 0
302035479 11 8
302035475 7 1
302035471 21 2
302035470 38 4
302035469 21 5
302035464 52 2
302035459 3 35
302035458 33 3
302035455 15 1
302035454 30 1
302035441 14 0
302035439 4 25
302035436 0 0
302035432 11 1
302035430 18 8
302035429 5 0
302035427 6 45
302035426 11 1
302035425 3 1
302035424 0 0
302035423 43 7
302035418 0 0
302035413 6 3
302035410 1 0
302035409 14 34
302035408 17 1
302035406 12 0
302035402 12 2
302035398 5 3
302035397 8 11
302035393 2 0
302035391 11 1
302035388 4 0
302035384 24 1
302035383 18 2
302035382 0 0
302035377 17 8
302035373 19 5
302035370 16 7
302035367 0 0
302035366 9 4
302035365 37 1
302035364 6 5
302035362 6 2
302035360 11 2
302035356 10 1
302035355 12 0
302035354 3 1
302035353 11 0
302035352 11 1
302035350 17 3
302035349 11 0
302035348 28 35
302035347 4 11
302035346 3 1
302035345 27 2
302035344 13 1
302035341 4 0
302035340 0 1
302035338 0 0
302035330 0 0
302035329 0 1
302035328 7 0
302035324 6 1
302035320 37 0
302035316 11 8
302035315 0 1
302035312 16 0
302035310 25 5
302035309 40 2
302035308 4 5
302035305 1 0
302035304 7 0
302035303 4 1
302035302 7 1
302035301 0 0
302035300 2 0
302035296 7 5
302035293 73 5
302035291 6 0
302035289 0 3
302035288 8 1
302035282 1 2
302035280 2 0
302035276 54 1
302035273 15 0
302035272 5 1
302035266 16 1
302035261 61 2
302035260 19 4
302035259 5 6
302035253 4 1
302035248 4 0
302035247 12 0
302035243 13 0
302035240 10 12
302035238 1 0
302035237 0 1
302035236 0 1
302035234 3 54
302035233 7 8
302035232 44 3
302035231 10 4
302035230 16 5
302035229 15 1
302035228 5 0
302035227 7 2
302035224 5 4
302035222 22 5
302035221 3 2
302035219 31 1
302035215 13 54
302035210 7 1
302035209 7 5
302035208 89 113
302035207 29 4
302035206 6 0
302035202 11 2
302035200 19 7
302035199 10 3
302035195 6 54
302035194 12 5
302035193 6 2
302035192 17 5
302035188 17 2
302035187 8 4
302035186 20 0
302035183 2 0
302035182 12 32
302035181 51 2
302035180 9 21
302035178 2 5
302035176 3 6
302035174 34 12
302035173 26 10
302035172 28 7
302035171 44 7
302035169 1 5
302035168 0 0
302035167 50 4
302035163 4 1
302035162 31 6
302035159 8 2
302035158 1 0
302035156 3 1
302035155 16 1
302035153 31 7
302035150 7 0
302035149 42 6
302035147 2 0
302035144 5 1
302035143 16 105
302035142 5 2
302035141 0 0
302035140 43 3
302035139 0 0
302035138 2 0
302035137 0 1
302035135 13 2
302035134 38 6
302035133 9 7
302035130 6 2
302035127 28 16
302035125 12 4
302035123 8 0
302035120 6 9
302035119 43 4
302035118 14 8
302035114 5 2
302035112 3 7
302035111 6 1
302035110 10 4
302035108 17 4
302035107 16 3
302035106 6 25
302035105 63 2
302035104 3 34
302035102 65 1
302035099 1 1
302035097 36 11
302035096 17 6
302035095 13 0
302035093 4 4
302035092 8 10
302035088 3 6
302035086 41 2
302035083 12 1
302035079 13 0
302035078 45 2
302035077 29 12
302035076 3 1
302035067 6 24
302035066 8 3
302035065 2 0
302035064 31 37
302035062 0 0
302035061 31 21
302035056 2 0
302035052 26 7
302035051 0 0
302035050 31 7
302035049 1 4
302035048 10 1
302035046 0 0
302035045 1 0
302035044 24 1
302035043 32 1
302035042 0 4
302035041 0 0
302035039 24 1
302035038 43 1
302035037 1 2
302035033 19 4
302035032 7 1
302035031 0 2
302035029 16 9
302035027 8 60
302035025 2 0
302035023 32 2
302035022 6 0
302035021 8 3
302035020 15 10
302035018 6 0
302035017 33 15
302035016 1 9
302035014 7 1
302035013 7 1
302035011 4 4
302035010 1 0
302035009 14 8
302035004 124 4
302035002 20 2
302035000 10 6
302034999 8 5
302034993 3 5
302034992 5 0
302034991 30 3
302034990 23 45
302034987 6 7
302034986 4 1
302034984 12 0
302034983 8 4
302034981 6 1
302034979 27 8
302034978 1 2
302034977 2 48
302034974 8 5
302034971 12 3
302034970 3 2
302034969 13 5
302034967 20 5
302034966 7 1
302034962 6 4
302034961 3 4
302034960 0 1
302034958 3 0
302034957 67 7
302034953 0 0
302034951 0 0
302034950 9 7
302034949 5 52
302034948 0 0
302034947 18 3
302034946 10 2
302034945 4 14
302034943 0 1
302034942 7 36
302034941 10 66
302034937 4 4
302034936 16 5
302034935 1 0
302034930 14 68
302034929 1 0
302034928 6 1
302034927 11 0
302034926 2 0
302034925 0 0
302034915 1 2
302034914 6 1
302034910 1 0
302034908 19 5
302034907 43 3
302034906 0 0
302034905 18 3
302034903 2 0
302034897 4 0
302034896 8 3
302034890 8 1
302034889 26 35
302034886 0 57
302034882 0 0
302034881 51 2
302034877 4 1
302034876 3 1
302034875 38 1
302034873 14 5
302034871 5 5
302034868 50 0
302034864 13 59
302034862 0 3
302034857 26 6
302034856 5 2
302034851 10 4
302034848 21 1
302034844 8 1
302034842 38 0
302034840 0 1
302034839 5 1
302034834 7 1
302034833 0 0
302034829 7 1
302034828 33 13
302034827 36 3
302034826 31 8
302034825 8 1
302034824 1 1
302034823 13 4
302034822 5 0
302034821 3 0
302034820 45 6
302034819 5 1
302034818 4 0
302034817 1 0
302034816 8 100
302034815 22 11
302034814 16 43
302034813 25 17
302034812 17 38
302034811 2 3
302034810 45 5
302034809 1 0
302034808 0 0
302034806 0 11
302034805 7 8
302034795 22 0
302034792 22 32
302034779 0 0
302034778 28 5
302034773 7 37
302034771 5 1
302034767 14 2
302034765 16 1
302034763 5 3
302034757 5 5
302034756 5 1
302034755 3 16
302034754 17 0
302034753 0 0
302034752 3 1
302034751 14 12
302034749 19 5
302034747 17 1
302034745 24 13
302034744 24 5
302034743 11 1
302034742 3 2
302034741 1 0
302034739 1 0
302034737 8 7
302034735 4 15
302034734 6 1
302034733 1 0
302034732 0 1
302034731 1 0
302034726 7 2
302034725 1 0
302034724 1 0
302034722 9 0
302034720 0 0
302034715 2 1
302034714 105 24
302034713 1 1
302034712 16 16
302034711 0 0
302034710 30 62
302034707 2 1
302034705 22 12
302034703 5 20
302034702 0 2
302034701 20 0
302034700 1 0
302034698 8 29
302034697 4 0
302034696 6 2
302034695 21 2
302034693 7 0
302034692 2 1
302034691 0 0
302034688 7 0
302034686 15 3
302034685 4 1
302034684 54 12
302034683 11 0
302034682 0 0
302034680 10 1
302034679 20 8
302034678 25 1
302034677 0 0
302034676 35 2
302034675 9 4
302034674 5 1
302034673 13 0
302034671 3 4
302034670 3 0
302034669 13 0
302034668 16 0
302034666 10 0
302034665 17 8
302034663 2 5
302034662 11 1
302034661 4 0
302034660 14 1
302034658 12 0
302034657 1 1
302034656 4 1
302034654 0 0
302034652 4 7
302034651 8 2
302034649 13 2
302034648 7 0
302034647 5 2
302034646 9 70
302034645 2 0
302034643 12 9
302034640 17 1
302034639 0 1
302034638 7 9
302034637 0 3
302034635 10 0
302034634 8 3
302034633 14 1
302034632 0 0
302034631 41 0
302034630 5 0
302034629 15 0
302034628 1 0
302034626 6 25
302034624 2 6
302034623 2 4
302034622 18 1
302034621 3 3
302034620 0 0
302034619 7 2
302034617 0 0
302034616 9 0
302034615 2 0
302034614 16 2
302034612 3 10
302034611 2 2
302034609 8 2
302034608 4 13
302034607 48 1
302034606 7 3
302034605 14 11
302034604 9 1
302034603 12 1
302034602 1 1
302034601 25 1
302034600 10 1
302034597 17 2
302034596 5 2
302034595 14 19
302034594 6 5
302034592 18 0
302034591 5 2
302034590 9 0
302034589 10 5
302034588 16 6
302034585 8 42
302034584 0 8
302034582 12 10
302034581 7 0
302034578 20 4
302034577 0 0
302034575 7 0
302034574 32 0
302034571 10 0
302034569 1 5
302034568 1 3
302034566 21 0
302034565 0 0
302034564 8 2
302034562 3 2
302034560 0 0
302034559 9 0
302034557 22 1
302034556 28 3
302034555 8 6
302034554 18 1
302034552 55 1
302034550 5 1
302034549 12 0
302034548 14 25
302034547 18 2
302034542 5 0
302034540 40 32
302034539 8 1
302034538 2 0
302034534 5 1
302034532 7 1
302034531 12 0
302034529 9 21
302034527 4 0
302034526 26 1
302034524 3 0
302034523 3 11
302034521 6 0
302034520 0 0
302034519 8 0
302034517 2 0
302034516 3 0
302034515 2 0
302034514 19 2
302034513 39 0
302034512 0 0
302034510 8 2
302034509 14 15
302034508 0 0
302034507 2 0
302034506 5 0
302034505 8 1
302034504 0 3
302034503 6 1
302034502 5 0
302034501 4 0
302034500 49 2
302034499 3 3
302034498 10 0
302034497 15 0
302034493 6 0
302034492 7 1
302034491 46 0
302034489 0 0
302034488 0 0
302034487 3 0
302034484 11 2
302034482 0 0
302034481 410 33
302034479 19 3
302034478 2 0
302034477 0 0
302034476 25 2
302034475 19 0
302034474 13 1
302034473 25 2
302034472 233 10
302034471 721 8
302034468 0 0
302034467 8 5
302034465 6 2
302034464 20 0
302034463 35 0
302034462 7 4
302034461 372 14
302034460 23 1
302034458 5 0
302034455 1 0
302034454 1 27
302034453 15 13
302034451 15 2
302034450 1 0
302034448 0 0
302034447 2 30
302034446 6 6
302034445 6 3
302034444 13 0
302034441 19 1
302034440 5 2
302034439 3 4
302034438 1 0
302034437 22 0
302034436 17 2
302034434 1 1
302034433 6 0
302034432 9 0
302034431 6 2
302034430 7 20
302034429 0 0
302034427 147 1
302034426 9 0
302034425 36 0
302034424 19 0
302034423 12 3
302034422 0 0
302034421 4 4
302034419 20 6
302034417 23 6
302034416 1 1
302034415 15 4
302034414 5 2
302034413 7 3
302034412 18 2
302034411 0 0
302034408 12 5
302034400 10 1
302034398 7 67
302034397 0 0
302034394 0 0
302034393 6 2
302034390 1 1
302034388 1 0
302034387 5 1
302034386 28 19
302034382 0 0
302034377 52 15
302034373 3 0
302034370 0 0
302034367 4 0
302034366 0 0
302034363 596 25
302034362 6 7
302034360 20 1
302034358 3 0
302034357 0 0
302034355 8 0
302034352 0 0
302034351 18 46
302034349 11 6
302034345 14 0
302034344 38 4
302034343 9 3
302034341 5 0
302034340 43 4
302034338 3 2
302034337 0 0
302034335 12 1
302034334 6 1
302034333 2 0
302034332 7 1
302034331 16 3
302034330 9 0
302034329 0 1
302034328 18 3
302034327 118 13
302034326 7 9
302034325 17 22
302034324 0 0
302034323 4 0
302034319 1 2
302034318 0 0
302034316 4 78
302034315 1 1
302034314 0 0
302034311 6 1
302034310 27 2
302034309 0 2
302034308 5 7
302034307 4 7
302034305 496 8
302034304 12 0
302034302 13 1
302034301 9 5
302034298 21 64
302034296 11 1
302034295 14 2
302034294 10 0
302034293 16 5
302034292 4 2
302034290 1 0
302034289 0 0
302034287 4 6
302034285 7 9
302034284 38 1
302034282 13 5
302034281 36 2
302034280 13 6
302034279 19 3
302034278 181 5
302034277 9 0
302034275 3 0
302034274 15 1
302034273 4 4
302034272 10 1
302034271 5 4
302034270 9 0
302034269 6 2
302034267 8 4
302034266 14 2
302034264 20 2
302034263 12 5
302034262 1 0
302034261 21 8
302034260 5 0
302034257 80 4
302034256 16 1
302034255 10 1
302034254 2 0
302034251 2 3
302034250 8 2
302034247 7 0
302034245 9 1
302034244 0 0
302034243 7 1
302034242 1 0
302034241 17 2
302034240 14 1
302034239 6 4
302034234 162 5
302034233 0 0
302034232 5 2
302034231 461 14
302034230 4 8
302034229 12 0
302034225 11 1
302034224 31 2
302034222 4 0
302034221 13 1
302034220 14 4
302034219 13 9
302034218 2 1
302034217 4 0
302034215 3 1
302034213 0 1
302034210 14 5
302034208 14 1
302034206 6 1
302034205 1 1
302034204 6 0
302034203 0 0
302034201 7 4
302034200 42 1
302034199 5 0
302034196 5 2
302034195 10 1
302034194 1 7
302034193 7 0
302034192 7 0
302034191 29 13
302034190 1 10
302034189 6 1
302034187 9 1
302034186 40 3
302034184 0 0
302034183 4 0
302034182 6 64
302034181 14 2
302034179 2 1
302034178 15 0
302034177 8 1
302034175 11 5
302034173 568 28
302034172 24 2
302034170 14 9
302034169 15 3
302034168 3 1
302034167 9 5
302034165 0 0
302034163 19 5
302034162 6 1
302034161 0 0
302034159 0 0
302034158 10 1
302034157 17 2
302034156 8 109
302034155 388 38
302034154 12 2
302034153 4 2
302034152 0 1
302034148 8 8
302034147 6 0
302034146 15 1
302034145 0 0
302034144 813 32
302034143 10 0
302034141 0 0
302034139 5 2
302034138 3 0
302034135 1 5
302034134 2 53
302034133 6 3
302034132 0 0
302034131 5 1
302034129 4 0
302034128 9 2
302034126 11 3
302034125 4 82
302034124 1 7
302034123 27 0
302034122 5 1
302034121 11 0
302034120 4 1
302034119 30 3
302034117 12 0
302034116 19 0
302034113 11 78
302034112 7 1
302034111 29 0
302034110 0 2
302034108 4 0
302034107 920 103
302034105 1 1
302034104 1 1
302034103 1 52
302034101 9 0
302034099 4 9
302034097 155 13
302034096 13 2
302034095 1 0
302034094 8 0
302034092 7 0
302034091 4 0
302034090 2 54
302034088 8 1
302034085 4 1
302034084 2 7
302034082 1 54
302034079 11 4
302034077 10 1
302034074 30 1
302034073 9 1
302034071 6 5
302034070 2 1
302034064 3 61
302034063 315 4
302034062 3 0
302034061 13 0
302034060 929 100
302034059 5 63
302034058 778 12
302034057 1 5
302034056 0 0
302034055 0 0
302034054 5 1
302034052 0 0
302034051 1205 40
302034050 1637 13
302034049 13 1
302034048 19 3
302034047 10 3
302034045 1 0
302034044 8 2
302034043 10 0
302034042 2 0
302034041 0 0
302034036 9 0
302034035 3 0
302034033 2 48
302034032 9 0
302034031 18 1
302034030 11 134
302034026 13 1
302034025 39 1
302034024 24 2
302034023 1 71
302034022 1 0
302034020 0 0
302034019 9 55
302034018 20 0
302034017 7 0
302034015 10 28
302034014 22 3
302034013 80 8
302034012 4 2
302034011 8 0
302034010 2 1
302034009 8 1
302034008 6 33
302034007 12 29
302034006 3 2
302034005 36 2
302034003 14 31
302034002 5 1
302034001 3 244
302034000 4 0
302033999 25 5
302033998 12 29
302033997 6 0
302033996 0 0
302033994 16 1
302033992 9 0
302033991 13 62
302033990 5 2
302033988 1071 45
302033987 8 1
302033985 3 164
302033984 0 0
302033983 5 1
302033982 1 0
302033981 3 0
302033980 4 0
302033979 19 0
302033978 1 0
302033977 3 1
302033976 9 4
302033975 403 42
302033974 30 0
302033973 3 0
302033972 10 1
302033971 8 2
302033968 26 3
302033966 12 0
302033965 663 6
302033964 0 1
302033962 14 0
302033960 6 0
302033958 641 21
302033956 0 1
302033953 6 3
302033952 9 1
302033950 12 1
302033949 16 1
302033948 1 1
302033947 4 3
302033946 5 2
302033944 4 4
302033942 978 23
302033941 8 3
302033940 304 24
302033939 0 0
302033938 6 1
302033937 0 0
302033936 13 4
302033935 0 0
302033934 17 1
302033933 1075 22
302033932 24 0
302033930 11 0
302033929 0 0
302033927 31 1
302033926 8 0
302033925 0 0
302033924 10 0
302033923 11 5
302033922 5 0
302033921 2 3
302033920 40 3
302033919 5 2
302033916 9 2
302033915 5 37
302033913 14 5
302033912 2 43
302033911 10 1
302033910 1 0
302033909 0 0
302033908 11 0
302033907 0 0
302033905 10 1
302033904 14 6
302033902 9 0
302033901 9 30
302033900 6 0
302033899 12 1
302033898 15 1
302033896 0 1
302033894 10 1
302033891 10 1
302033890 177 11
302033889 0 0
302033888 1 0
302033887 898 66
302033886 1 3
302033885 10 2
302033884 10 0
302033883 7 0
302033882 5 0
302033881 1 1
302033880 18 0
302033879 5 0
302033878 0 0
302033875 19 1
302033874 12 2
302033873 6 0
302033872 0 0
302033871 1 0
302033870 4 26
302033869 5 2
302033867 773 14
302033866 638 11
302033865 13 1
302033863 5 2
302033862 8 5
302033861 0 0
302033860 7 1
302033859 0 0
302033858 0 0
302033857 2 5
302033855 5 0
302033854 36 3
302033853 19 1
302033852 2 1
302033851 5 0
302033850 6 1
302033849 8 3
302033848 12 1
302033847 5 2
302033846 4 4
302033845 9 3
302033842 6 0
302033841 9 0
302033840 0 0
302033839 8 14
302033838 0 0
302033837 52 3
302033836 0 0
302033835 0 0
302033834 10 8
302033833 31 2
302033832 1 0
302033831 0 0
302033830 9 1
302033829 158 3
302033827 9 0
302033826 8 1
302033823 9 1
302033822 8 0
302033821 1 0
302033820 2 0
302033819 7 46
302033818 5 1
302033817 9 1
302033816 8 0
302033815 17 7
302033814 4 3
302033813 1 0
302033811 3 3
302033809 32 9
302033808 7 1
302033807 1296 21
302033806 17 0
302033805 6 0
302033803 40 5
302033802 12 5
302033801 4 0
302033800 4 13
302033799 4 0
302033798 785 52
302033797 7 3
302033796 27 2
302033795 277 4
302033793 1 8
302033792 0 0
302033791 1 0
302033789 0 2
302033787 0 0
302033786 5 1
302033785 27 1
302033784 0 0
302033783 14 0
302033782 9 1
302033781 3 1
302033780 9 4
302033778 0 2
302033777 0 1
302033776 10 1
302033775 16 2
302033774 6 0
302033772 10 2
302033771 2 1
302033770 3 53
302033769 8 3
302033767 2 2
302033766 2 1
302033765 5 1
302033764 0 0
302033763 3 10
302033761 0 2
302033760 7 5
302033759 0 0
302033758 5 3
302033757 3 1
302033756 3 7
302033755 1 1
302033752 6 1
302033751 17 0
302033750 13 1
302033749 9 5
302033747 2 0
302033746 0 1
302033745 14 6
302033744 1 1
302033743 4 5
302033742 0 0
302033740 7 1
302033738 0 0
302033737 16 3
302033736 3 0
302033735 14 0
302033734 13 6
302033733 4 0
302033732 5 2
302033731 4 0
302033730 26 1
302033729 3 2
302033728 1 0
302033727 1659 143
302033726 6 4
302033725 8 0
302033724 3 0
302033722 7 8
302033721 0 0
302033720 5 0
302033719 5 0
302033716 5 28
302033715 5 0
302033714 0 4
302033711 3 1
302033710 4 0
302033709 5 1
302033708 7 2
302033707 5 7
302033704 9 0
302033703 3 0
302033702 5 1
302033701 17 2
302033699 0 31
302033698 46 8
302033697 5 0
302033696 5 0
302033695 1 0
302033694 28 3
302033693 4 0
302033692 2 0
302033691 1 2
302033689 5 0
302033688 1 0
302033687 7 0
302033686 11 0
302033685 9 1
302033684 10 0
302033683 0 0
302033682 9 0
302033681 7 0
302033680 8 3
302033679 20 0
302033678 23 1
302033677 4 1
302033675 3 2
302033674 0 0
302033673 24 4
302033671 5 1
302033670 5 0
302033669 0 0
302033668 3 1
302033667 4 0
302033666 0 0
302033665 7 0
302033664 3 0
302033663 4 1
302033662 4 0
302033660 2 1
302033658 4 1
302033656 4 0
302033655 1 0
302033654 42 3
302033653 4 0
302033652 1 0
302033651 5 4
302033649 1 0
302033648 6 2
302033647 7 1
302033645 5 2
302033644 3 1
302033643 7 8
302033641 869 77
302033640 4 0
302033639 10 3
302033638 1 7
302033637 6 2
302033636 10 2
302033635 1 0
302033634 5 3
302033632 657 51
302033630 5 1
302033629 449 33
302033628 9 5
302033627 0 0
302033624 1 0
302033623 0 0
302033622 3 0
302033621 6 9
302033620 0 1
302033619 4 2
302033618 3 0
302033617 1 4
302033616 1 17
302033615 3 2
302033614 14 0
302033612 7 1
302033611 1 0
302033610 9 0
302033609 2 0
302033608 5 3
302033607 5 0
302033606 5 1
302033605 1 0
302033604 23 4
302033600 14 5
302033599 10 0
302033598 16 3
302033597 2 0
302033596 871 45
302033594 7 0
302033593 1 0
302033592 14 23
302033591 11 1
302033590 6 1
302033589 3 5
302033588 11 8
302033587 0 0
302033586 18 1
302033585 7 24
302033584 1 2
302033582 4 1
302033581 2 8
302033580 3 1
302033579 5 0
302033578 11 0
302033577 5 1
302033576 3 2
302033575 10 6
302033574 5 45
302033572 3 1
302033571 4 2
302033570 1 1
302033569 3 2
302033568 13 0
302033567 4 1
302033566 2 2
302033565 0 1
302033564 2 1
302033561 23 12
302033560 2 0
302033559 4 4
302033558 8 1
302033557 2 0
302033556 9 0
302033555 6 0
302033554 0 2
302033552 1 0
302033551 0 0
302033550 7 1
302033549 4 1
302033548 2 8
302033547 3 0
302033545 10 0
302033544 9 53
302033542 11 3
302033541 20 10
302033540 0 7
302033539 6 2
302033538 0 0
302033537 2 1
302033535 9 1
302033534 0 2
302033533 8 4
302033530 5 0
302033528 9 4
302033526 0 0
302033524 477 5
302033523 14 3
302033522 16 2
302033521 2 0
302033519 4 1
302033517 7 1
302033516 15 1
302033515 453 2
302033514 1 0
302033513 0 8
302033511 16 0
302033510 10 0
302033509 3 0
302033508 22 11
302033507 1 3
302033506 4 0
302033505 4 0
302033504 308 23
302033503 5 0
302033501 31 11
302033500 17 9
302033499 3 1
302033497 3 15
302033496 11 1
302033495 2 0
302033494 1 1
302033493 1 1
302033491 8 1
302033490 9 2
302033489 1 0
302033487 3 0
302033486 6 1
302033485 17 1
302033483 5 2
302033482 4 1
302033481 26 7
302033480 14 4
302033479 804 16
302033478 2 1
302033477 9 0
302033476 966 30
302033475 4 3
302033474 14 0
302033473 8 0
302033472 7 0
302033471 30 3
302033470 8 6
302033469 7 4
302033468 0 0
302033467 9 1
302033466 3 1
302033464 1461 14
302033463 0 3
302033462 4 2
302033461 11 1
302033460 7 2
302033457 2 5
302033455 7 4
302033454 0 1
302033453 16 2
302033452 1 1
302033451 0 1
302033449 0 1
302033448 8 2
302033447 6 1
302033446 9 1
302033444 9 3
302033443 2 1
302033442 0 6
302033441 10 1
302033440 11 2
302033439 6 8
302033436 8 2
302033434 5 4
302033433 1 3
302033432 738 44
302033431 9 1
302033430 0 9
302033429 3 3
302033428 9 4
302033427 5 24
302033426 3 3
302033425 0 1
302033424 2 3
302033423 13 1
302033422 2 0
302033421 0 1
302033420 5 1
302033419 0 15
302033417 3 0
302033416 2 1
302033414 6 1
302033413 6 0
302033412 2 5
302033410 14 15
302033408 0 0
302033406 10 11
302033405 1504 18
302033403 15 6
302033402 2 0
302033400 0 1
302033399 860 11
302033398 6 0
302033396 2 1
302033395 1289 35
302033394 613 16
302033392 14 0
302033390 11 5
302033389 2 0
302033388 6 85
302033387 8 1
302033386 3 0
302033384 2 7
302033380 2 0
302033379 4 1
302033378 3 0
302033377 5 0
302033376 3 0
302033375 1 0
302033374 2 2
302033373 8 7
302033372 10 0
302033371 1 7
302033369 12 1
302033368 1 0
302033367 9 1
302033366 0 0
302033365 6 0
302033364 1 0
302033363 0 0
302033362 9 0
302033361 3 2
302033360 4 3
302033358 3 0
302033357 0 0
302033356 1383 54
302033355 12 0
302033354 4 6
302033351 3 0
302033350 0 1
302033348 0 0
302033347 0 0
302033345 0 1
302033344 0 0
302033343 3 0
302033340 362 4
302033339 705 45
302033338 5 3
302033337 611 6
302033336 0 0
302033335 3 0
302033333 0 0
302033332 2 0
302033331 0 1
302033329 2 2
302033328 3 1
302033327 11 2
302033326 15 13
302033325 8 2
302033324 7 0
302033323 15 3
302033322 2 1
302033321 831 29
302033320 9 37
302033319 3 2
302033318 2 0
302033315 13 15
302033314 7 3
302033313 13 0
302033312 2 2
302033311 2 0
302033310 1292 31
302033309 6 0
302033307 0 0
302033306 8 4
302033305 4 2
302033304 3 6
302033303 10 0
302033302 2 0
302033301 6 2
302033300 7 0
302033299 4 3
302033298 0 3
302033297 510 10
302033296 1514 66
302033295 1 0
302033294 6 1
302033293 4 0
302033292 1 8
302033290 6 1
302033289 1065 31
302033288 7 0
302033286 8 1
302033285 3 4
302033283 0 0
302033282 9 0
302033280 0 1
302033279 10 2
302033278 32 22
302033277 1 9
302033276 1 2
302033273 6 0
302033272 8 0
302033270 6 3
302033269 17 1
302033268 3 4
302033267 0 0
302033266 5 1
302033264 0 0
302033263 9 0
302033262 0 1
302033261 7 0
302033260 573 44
302033259 10 66
302033258 2 0
302033256 859 104
302033250 24 1
302033249 27 11
302033248 0 0
302033247 3 0
302033246 13 9
302033245 0 0
302033244 7 1
302033243 1 0
302033241 15 1
302033240 8 4
302033239 0 0
302033238 0 0
302033237 9 5
302033236 11 2
302033235 7 0
302033234 9 1
302033233 0 1
302033232 0 0
302033231 364 7
302033230 0 0
302033229 9 6
302033228 5 3
302033226 2 1
302033225 1 0
302033224 0 3
302033223 0 0
302033221 4 6
302033220 0 0
302033219 1 0
302033218 8 3
302033217 7 1
302033216 7 2
302033215 1 0
302033214 1 6
302033213 2 0
302033211 5 0
302033210 2077 42
302033208 9 7
302033206 3 2
302033205 1 0
302033204 2 0
302033202 5 2
302033201 2 1
302033200 1 0
302033199 5 3
302033198 8 2
302033197 7 4
302033196 4 0
302033195 1 0
302033194 1133 31
302033193 8 40
302033192 0 0
302033191 1928 41
302033189 655 15
302033188 3 2
302033187 6 10
302033186 3 0
302033185 5 3
302033184 0 0
302033181 5 0
302033180 1 1
302033179 1 0
302033178 3 2
302033177 1 0
302033176 11 2
302033175 0 0
302033174 1 2
302033173 1 0
302033172 10 3
302033171 7 4
302033169 3 0
302033168 2 0
302033167 2 0
302033166 14 5
302033165 2 0
302033163 9 0
302033162 5 5
302033161 4 1
302033160 3310 73
302033158 1 1
302033157 9 0
302033156 8 3
302033155 1620 21
302033154 25 19
302033153 6 3
302033151 3 1
302033150 4 3
302033149 4 0
302033147 2 0
302033146 15 3
302033145 2 5
302033144 2 0
302033143 9 2
302033142 10 2
302033141 2 11
302033139 4 4
302033138 1 0
302033137 4 0
302033136 13 0
302033135 3 1
302033134 1 0
302033132 5 1
302033131 1564 67
302033130 2 0
302033129 2580 135
302033128 0 0
302033127 1 0
302033126 1 0
302033125 8 3
302033124 3 1
302033123 5 0
302033122 10 4
302033121 782 18
302033120 4 2
302033119 0 1
302033118 2 1
302033117 7 3
302033116 9 0
302033114 0 0
302033113 0 0
302033112 2 2
302033111 2 0
302033110 27 27
302033109 2 0
302033106 4 2
302033105 10 3
302033103 4 0
302033102 2 0
302033101 7 0
302033100 2 4
302033098 4 1
302033097 3 0
302033096 1 1
302033095 583 11
302033094 2 2
302033093 2 1
302033092 1 3
302033091 1 0
302033090 0 2
302033089 0 2
302033087 1252 24
302033086 779 12
302033084 7 1
302033083 12 1
302033082 2 0
302033081 3 2
302033080 17 22
302033079 21 21
302033077 0 1
302033076 5 0
302033075 3 1
302033074 400 50
302033073 4 1
302033072 0 0
302033070 831 51
302033068 4 0
302033067 7 7
302033066 2 2
302033064 1 0
302033062 2 2
302033061 3 0
302033060 6 0
302033059 6 0
302033058 6 1
302033057 0 1
302033056 2 1
302033055 8 2
302033052 0 0
302033051 5 0
302033050 8 0
302033049 1 49
302033048 983 5
302033047 1 0
302033045 12 2
302033044 1 0
302033043 869 10
302033042 9 1
302033041 0 0
302033040 0 0
302033039 3 1
302033038 1 1
302033037 1 0
302033036 0 2
302033035 1591 45
302033034 6 2
302033033 19 12
302033032 4 0
302033031 2 4
302033030 6 0
302033029 2 1
302033028 5 0
302033027 8 13
302033026 2 1
302033024 2 6
302033023 2 1
302033022 3 1
302033021 17 10
302033020 15 7
302033018 0 0
302033017 9 1
302033016 1 0
302033015 2 2
302033014 18 40
302033013 11 1
302033011 9 5
302033010 2 2
302033009 528 37
302033008 1 0
302033007 6 1
302033006 5 1
302033005 0 15
302033004 4 0
302033003 6 0
302033002 0 0
302033001 0 0
302033000 8 2
302032999 457 8
302032998 8 2
302032997 6 7
302032996 935 57
302032995 3 1
302032994 8 4
302032993 2 1
302032992 1 0
302032991 3 0
302032990 3 1
302032989 6 0
302032988 480 10
302032987 0 0
302032986 1162 47
302032985 4 5
302032984 1804 15
302032983 26 13
302032982 2 1
302032980 0 0
302032979 4 1
302032977 13 1
302032976 8 1
302032975 14 0
302032974 2 2
302032973 0 0
302032971 13 7
302032970 10 2
302032969 7 5
302032968 3 0
302032967 18 1
302032966 6 2
302032965 0 0
302032963 5 10
302032962 0 0
302032961 9 4
302032960 1 5
302032959 3 1
302032958 1 0
302032957 17 1
302032956 2 0
302032955 0 0
302032954 2 0
302032953 0 0
302032952 7 8
302032949 17 5
302032948 6 0
302032947 8 4
302032946 8 0
302032944 1 4
302032943 0 0
302032942 3 0
302032941 0 1
302032940 4 0
302032939 0 4
302032938 1 1
302032937 8 4
302032935 4 3
302032934 1 0
302032933 1 0
302032931 4 0
302032930 9 1
302032929 6 3
302032928 4 2
302032927 0 0
302032926 4 4
302032925 0 0
302032924 5 2
302032923 7 0
302032922 3 0
302032921 2 0
302032920 6 1
302032919 5 1
302032918 3 34
302032917 13 1
302032916 2 1
302032915 6 1
302032914 5 6
302032913 2 1
302032912 3 3
302032911 11 1
302032910 13 0
302032909 2 3
302032908 3 8
302032907 7 0
302032906 5 0
302032905 4 2
302032904 4 1
302032903 13 4
302032901 3 1
302032900 1370 35
302032899 6 0
302032898 10 1
302032897 11 1
302032895 1 0
302032894 0 0
302032893 7 0
302032892 0 0
302032891 12 3
302032890 1 1
302032888 4 0
302032887 0 1
302032886 1883 11
302032885 3 1
302032884 4 0
302032883 1 6
302032882 1 1
302032881 1 0
302032880 5 0
302032879 4 1
302032878 9 1
302032877 6 1
302032876 8 6
302032875 4 4
302032874 3 2
302032873 4 0
302032872 1 1
302032871 2 0
302032870 6 3
302032869 3 4
302032867 7 2
302032866 3 1
302032865 1137 21
302032864 0 0
302032863 6 2
302032861 5 2
302032860 5 2
302032859 2 1
302032858 3 0
302032854 935 94
302032853 1 1
302032852 11 0
302032851 0 3
302032850 3 1
302032848 3 0
302032847 1 0
302032845 0 2
302032844 6 0
302032842 3 1
302032841 9 1
302032840 1386 40
302032838 6 0
302032837 0 1
302032836 1353 5
302032835 3 3
302032834 25 24
302032833 7 3
302032832 6 0
302032831 4 0
302032830 10 0
302032829 6 11
302032828 10 6
302032827 1 0
302032826 9 4
302032825 8 0
302032824 2 0
302032823 832 2
302032822 5 0
302032821 24 7
302032820 2 0
302032819 4 1
302032817 2 4
302032816 8 1
302032815 11 0
302032814 3 2
302032813 1808 36
302032811 2 4
302032809 3 0
302032807 12 1
302032806 0 6
302032804 0 0
302032803 8 3
302032802 0 0
302032801 7 3
302032800 11 0
302032798 2 3
302032797 4806 546
302032796 4 0
302032795 9 0
302032794 0 0
302032793 6 5
302032792 0 0
302032791 4 1
302032790 6 0
302032789 9 0
302032788 7 0
302032787 0 0
302032786 3 0
302032784 4 1
302032782 0 1
302032781 2 3
302032780 0 0
302032779 8 5
302032778 0 2
302032777 3204 66
302032776 0 0
302032775 2 2
302032774 5891 78
302032773 1 3
302032772 7 3
302032771 1 0
302032770 0 0
302032769 2 3
302032768 6 0
302032767 3 6
302032766 10 0
302032765 6 4
302032764 0 0
302032763 293 3
302032762 8 1
302032761 8 11
302032760 0 0
302032759 4 2
302032757 0 0
302032756 5 5
302032754 0 0
302032753 0 0
302032752 4 0
302032750 2 0
302032749 1 1
302032748 5 1
302032746 17 16
302032745 6 0
302032744 0 0
302032743 6 1
302032742 1469 43
302032741 2 0
302032740 4 5
302032739 8 3
302032738 4 6
302032737 4 3
302032736 2 2
302032735 1032 9
302032734 9 1
302032733 3 1
302032732 6 3
302032731 1 0
302032729 5 6
302032728 7 1
302032726 3 0
302032725 1 0
302032724 4 6
302032723 16 0
302032722 0 0
302032721 8 0
302032719 4 0
302032718 1 1
302032717 3 0
302032716 1 0
302032715 2 1
302032713 0 0
302032712 780 106
302032711 2 1
302032710 1 0
302032709 1 0
302032708 1942 13
302032707 624 60
302032706 4278 183
302032705 2 2
302032704 1 0
302032703 8 2
302032702 5 8
302032701 2 2
302032700 0 0
302032699 7 0
302032698 6 4
302032697 2 1
302032696 2 0
302032694 0 0
302032693 8 16
302032692 3 7
302032691 1 0
302032690 523 15
302032689 4 8
302032688 11 12
302032687 2462 268
302032686 31 28
302032685 4 0
302032684 0 1
302032683 6 0
302032682 12 2
302032681 1 1
302032680 7 2
302032678 5 6
302032676 1304 54
302032674 7 2
302032673 1053 5
302032672 8 1
302032669 2593 48
302032668 2 0
302032667 3 0
302032666 5 4
302032665 8 0
302032664 5 9
302032663 0 0
302032661 1 4
302032660 4 0
302032659 3 1
302032658 1 18
302032657 8 1
302032656 2 1
302032655 8 1
302032653 3891 93
302032651 944 37
302032650 2 0
302032649 1 0
302032648 1628 27
302032645 119 17
302032643 6 0
302032642 6 3
302032639 6 1
302032637 1 0
302032636 0 0
302032635 0 0
302032634 6683 237
302032633 2 1
302032632 11 6
302032631 13 9
302032630 2 3
302032629 1 1
302032628 0 0
302032627 0 1
302032626 4 2
302032624 0 0
302032623 2 1
302032622 3 4
302032621 0 0
302032620 0 4
302032619 3 1
302032618 615 30
302032617 5 1
302032616 0 0
302032615 0 0
302032613 3 1
302032612 5 8
302032611 5 1
302032610 27 25
302032609 3 1
302032608 0 0
302032606 3 0
302032605 7 9
302032604 3 2
302032603 5 3
302032602 1 0
302032601 2 3
302032599 2 1
302032598 2 1
302032597 0 0
302032596 2 0
302032595 2 2
302032594 2 1
302032593 0 0
302032590 16 8
302032589 0 0
302032587 9 14
302032585 1 0
302032583 2 1
302032582 4 3
302032581 8 2
302032580 2 3
302032579 11 0
302032578 3 4
302032577 4 1
302032576 1 1
302032575 3 1
302032574 1 1
302032573 12 1
302032572 2 3
302032571 1 0
302032570 4220 68
302032569 0 0
302032568 3 0
302032567 3 0
302032566 6 0
302032564 0 0
302032563 5 2
302032562 2 1
302032561 4 1
302032560 4 8
302032559 2577 516
302032557 1 0
302032556 3 3
302032555 0 0
302032554 8 1
302032553 3 1
302032550 2 0
302032548 5 1
302032547 7 3
302032546 388 20
302032545 5022 73
302032544 2 1
302032543 1 2
302032542 4 1
302032541 2 1
302032540 4 4
302032539 2 1
302032537 1 3
302032536 0 0
302032535 1 0
302032534 8 1
302032533 3 2
302032532 3 1
302032531 3 0
302032530 1 3
302032529 0 1
302032528 4 8
302032527 2 0
302032526 0 0
302032525 4290 43
302032523 5 1
302032522 3 0
302032521 3 1
302032520 7 5
302032519 7 0
302032518 2 1
302032517 1 1
302032516 3 2
302032515 4 1
302032514 1 1
302032513 5 1
302032512 0 0
302032511 0 29
302032510 1 3
302032509 8 1
302032508 1221 15
302032507 2 3
302032506 0 1
302032504 1 4
302032503 0 0
302032502 1 0
302032501 4 1
302032500 4 1
302032499 0 0
302032498 1057 62
302032497 5 1
302032496 2 1
302032495 6724 73
302032494 0 0
302032493 3 0
302032492 4 3
302032491 3 0
302032490 1 0
302032489 11 2
302032488 10 1
302032487 4 1
302032486 5 23
302032485 1 0
302032484 4 1
302032483 3 0
302032481 2 1
302032480 0 0
302032479 5 3
302032478 0 2
302032477 1 2
302032476 0 0
302032475 4 2
302032473 16 7
302032472 2 0
302032471 0 2
302032470 8 5
302032469 3 0
302032468 8 1
302032463 3 0
302032461 4776 80
302032460 1 0
302032459 4 0
302032458 3 1
302032457 4 1
302032456 0 0
302032455 1 1
302032454 2 0
302032452 9 1
302032450 10 0
302032449 7 6
302032448 0 0
302032447 3 1
302032446 7 1
302032444 2 3
302032443 1 0
302032442 5 1
302032441 2 1
302032440 0 1
302032438 1 1
302032437 1 0
302032436 2 2
302032435 0 2
302032434 1 0
302032433 0 0
302032432 0 0
302032431 5 7
302032430 0 0
302032429 1 1
302032428 5 5
302032427 3 0
302032426 8 0
302032425 5 6
302032424 1 1
302032423 0 0
302032422 1 1
302032421 2414 51
302032420 4 1
302032418 0 0
302032417 3 1
302032416 2 0
302032415 1 3
302032414 1 1
302032413 4 1
302032412 0 1
302032411 3 2
302032410 2 1
302032409 1 1
302032408 2 1
302032407 884 39
302032406 0 0
302032404 3 3
302032403 3 1
302032402 0 0
302032401 0 3
302032400 0 0
302032399 2 0
302032398 0 0
302032397 2 1
302032396 6 9
302032395 0 0
302032394 2 3
302032393 3 1
302032392 4 0
302032391 2 4
302032390 1 1
302032389 3 4
302032388 0 0
302032387 0 0
302032385 1 1
302032384 1 0
302032382 0 0
302032381 4 0
302032379 0 3
302032378 0 0
302032377 0 0
302032376 2 1
302032375 1 1
302032374 0 0
302032373 4 1
302032372 0 0
302032371 0 1
302032370 2 1
302032369 1 0
302032368 5 1
302032367 2 1
302032366 0 0
302032365 2 4
302032363 1 1
302032362 0 0
302032361 8 0
302032358 0 0
302032357 1831 26
302032356 0 0
302032355 0 0
302032354 0 0
302032353 2 2
302032352 1 2
302032351 4 1
302032350 6 1
302032349 1 0
302032348 0 0
302032347 6 1
302032345 2 2
302032343 0 1
302032342 2 0
302032341 1 2
302032340 1 0
302032339 1 2
302032338 1 1
302032337 5 0
302032335 5 2
302032334 2 1
302032333 0 0
302032332 2 0
302032331 6 0
302032330 17 13
302032329 1 0
302032327 1 0
302032326 2 0
302032325 0 1
302032324 0 1
302032323 0 1
302032322 2 0
302032321 0 1
302032320 0 0
302032319 0 0
302032318 2 0
302032316 4 3
302032315 0 0
302032314 0 0
302032313 0 1
302032311 4 0
302032309 0 0
302032308 0 0
302032307 0 0
302032305 1 2
302032302 3 0
302032301 0 2
302032300 3 0
302032298 0 1
302032297 5 1
302032295 0 1
302032294 0 0
302032293 0 0
302032291 0 0
302032290 1 0
302032289 2 0
302032288 0 0
302032287 1 1
302032286 7 0
302032285 0 0
302032283 0 0
302032282 0 2
302032281 1 0
302032280 1 2
302032279 0 1
302032278 0 1
302032277 0 2
302032276 0 1
302032275 1 2
302032274 1 2
302032271 1 1
302032269 4 1
302032268 0 1
302032267 0 1
302032266 0 2
302032265 0 1
302032264 0 1
302032262 2 4
302032261 0 1
302032260 0 1
302032259 11 1
302032258 0 2
302032257 0 1
302032256 0 1
302032255 1 1
302032254 2 2
302032252 0 2
302032251 0 3
302032250 1 1
302032249 0 1
302032248 4 1
302032247 0 1
302032246 1 2
302032245 0 1
302032244 5 3
302032243 1 2
302032242 1 1
302032241 1 1
302032239 1 1
302032238 0 1
302032237 0 1
302032236 4 4
302032235 0 1
302032234 0 1
302032232 0 1
302032231 0 1
302032229 0 1
302032228 2 2
302032227 0 0
302032226 0 0
302032225 1 0
302032221 0 1
302032220 2 1
