303957729 0 0
303957665 0 0
303957186 0 0
303956871 0 0
303956631 2 0
303955994 0 0
303955989 0 0
303940700 0 0
303940684 4 0
303938370 0 0
303938026 1 0
303938013 0 0
303938009 3 0
303937992 0 0
303937671 0 22
303936263 4 0
303865507 0 0
303863732 5 0
303859579 1 0
303855089 7 0
303851493 0 0
303849931 1 0
303814466 9 0
303804138 15 0
303797847 10 0
303797840 6 0
303793288 5 0
303793202 6 1
303791690 1 0
303790503 0 0
303790500 1 0
303790494 13 1
303790482 1 0
303777609 8 0
303777604 1 0
303777600 17 0
303777596 2 0
303777592 7 0
303777568 7 0
303777557 7 1
303777528 2 0
303754025 5 1
303744960 0 0
303744913 0 0
303744911 9 0
303744901 0 3
303744566 0 0
303744565 0 0
303744077 1 0
303740842 6 0
303738946 1 0
303738925 1 0
303738031 1 10
303737510 3 0
303737503 5 0
303735969 1 0
303734870 1 0
303734728 0 0
303731509 5 0
303731425 6 0
303731401 11 0
303731310 4 0
303730475 2 0
303728818 2 0
303723791 8 0
303698111 2 0
303698093 11 0
303682173 0 0
303672532 8 2
303672181 2 0
303671970 1 0
303667670 2 0
303667638 6 0
303667614 0 0
303666379 3 1
303661552 0 0
303661541 13 0
303587173 1 0
303587124 11 1
303580421 1 0
303580415 0 0
303578375 0 0
303574063 15 0
303523725 0 0
303507196 18 0
303507193 24 1
303507061 8 1
303507044 4 0
303506735 0 0
303504206 8 0
303502694 1 1
303502689 3 1
303497150 6 1
303493368 4 5
303493282 11 0
303493275 26 0
303491205 12 0
303490052 3 0
303486317 3 0
303412351 4 0
303412249 0 0
303411717 2 4
303411600 1 0
303407505 2 0
303407482 7 1
303403587 8 1
303399977 34 0
303399737 38 0
303399644 30 0
303399540 18 0
303399488 67 0
303376010 4 0
303360559 4 0
303325262 11 0
303325046 1 0
303324705 5 1
303324350 22 0
303324335 17 1
303324330 12 1
303324305 17 0
303324286 21 0
303323750 1 6
303318316 0 0
303317175 21 1
303306449 11 6
303298662 15 0
303281775 0 0
303281774 0 0
303279766 0 0
303250468 13 0
303250188 0 0
303248336 3 1
303246867 4 5
303246186 7 2
303242511 2 1
303237397 8 0
303234169 6 0
303233473 9 0
303202371 8 1
303201237 6 0
303201236 5 0
303179684 10 0
303177496 16 0
303163070 12 67
303162420 23 1
303162417 7 0
303162414 21 0
303156356 9 0
303156132 5 3
303156051 3 8
303155926 34 0
303153108 1 0
303136570 0 0
303134688 17 7
303134678 4 1
303132687 5 7
303101235 2 19
303080009 6 0
303077893 18 0
303069364 7 0
303069136 0 0
303069128 0 0
303067578 21 1
303063260 31 1
303022708 6 2
303008004 1 0
303008001 3 0
302988076 24 1
302986813 7 0
302986811 13 0
302986809 27 0
302986807 18 0
302982756 2 2
302979439 10 1
302979426 16 2
302979388 0 0
302978320 10 0
302978269 8 0
302977641 7 24
302977076 6 0
302976138 62 0
302969963 17 0
302969921 13 0
302969908 32 1
302963933 2 0
302951043 16 1
302949326 22 0
302949286 12 0
302933987 1 1
302909245 13 1
302893536 0 2
302883857 4 0
302883636 2 0
302883528 0 1
302882990 4 0
302882651 5 0
302882633 9 1
302882358 22 2
302882349 12 0
302881169 11 1
302880983 25 2
302880945 8 0
302878497 4 1
302874152 21 1
302872919 1 1
302872820 18 3
302872409 4 3
302870516 0 1
302852321 7 0
302852288 10 1
302852273 3 0
302852268 20 0
302844178 2 28
302840170 8 6
302832254 5 0
302832251 3 0
302832249 8 0
302832247 5 0
302832243 2 0
302829440 15 0
302823293 21 0
302818803 2 0
302818163 26 0
302817921 3 64
302817823 0 0
302817739 23 0
302817433 2 3
302816885 41 11
302816821 0 0
302816788 24 1
302816612 0 42
302816388 24 1
302815838 8 0
302814938 10 4
302814921 2 1
302814860 21 0
302812511 2 0
302812509 20 0
302811679 18 0
302811602 5 1
302811591 5 0
302811310 0 0
302811115 1 0
302810862 16 0
302810776 22 2
302810401 107 7
302809876 16 2
302809761 33 1
302809471 0 0
302808685 32 0
302808655 39 1
302808527 0 0
302808383 10 2
302808159 0 0
302808120 0 5
302807599 20 0
302807303 0 0
302807108 5 0
302807073 33 1
302806243 0 0
302806077 13 0
302806015 22 0
302805751 22 0
302805519 7 0
302805476 8 4
302805425 20 1
302804290 18 3
302797713 18 0
302797339 24 0
302796870 0 0
302794529 11 1
302788641 48 1
302775728 2 27
302774531 18 7
302765152 12 17
302765121 18 0
302763713 19 3
302763710 20 1
302757968 47 1
302745746 43 0
302745111 46 1
302744949 12 0
302744773 16 0
302743995 14 11
302743155 10 1
302742670 32 0
302742130 0 0
302741400 14 0
302741373 8 0
302732973 31 0
302731564 78 5
302731523 18 1
302731467 15 1
302731389 15 2
302731387 13 0
302731383 2 2
302731286 9 1
302731262 10 3
302731187 20 0
302731138 2 1
302731066 15 2
302731058 10 0
302730943 12 3
302730913 10 0
302730907 8 1
302730890 5 5
302730887 21 25
302730793 13 2
302730666 0 0
302730609 49 0
302730568 0 0
302730391 1 0
302730379 17 0
302730371 1 0
302730233 7 4
302730176 1 0
302730044 7 0
302729937 2 0
302729863 21 0
302729687 3 0
302729616 1 0
302729343 1 0
302729134 8 0
302729130 1 0
302728611 4 0
302728458 17 0
302728449 15 1
302728444 10 0
302728437 36 0
302728359 16 8
302728296 21 0
302728252 2 0
302728062 11 1
302728023 3 61
302728008 3 54
302726667 27 0
302726579 1 0
302726509 7 0
302726446 1 0
302726364 27 0
302726363 26 0
302726357 8 0
302726260 1 53
302726145 6 5
302726141 22 15
302726136 34 1
302726134 11 0
302726132 24 0
302725924 35 7
302725904 25 16
302725831 1 0
302725641 18 1
302725613 19 2
302725542 1 0
302725451 2 1
302725428 24 6
302725424 6 0
302725423 15 1
302725354 23 1
302725256 10 2
302725252 3 1
302725110 2 1
302725101 7 4
302725048 9 0
302724988 21 0
302724929 21 6
302724844 33 0
302724764 22 4
302724738 9 0
302724504 18 1
302724424 7 0
302724403 16 5
302724387 22 4
302724324 15 1
302724303 5 24
302724252 4 1
302724006 10 2
302723931 40 0
302723837 12 1
302723809 14 0
302723732 31 2
302723722 14 0
302723721 13 14
302723681 6 1
302723650 32 1
302723553 11 0
302723470 15 11
302723368 9 0
302723355 4 0
302723347 19 5
302723115 17 0
302723114 0 1
302723105 21 0
302723085 31 1
302723017 25 1
302723000 25 0
302722900 12 0
302722793 4 0
302722537 8 1
302722514 7 0
302722472 1 0
302722433 24 0
302722426 24 0
302722419 7 0
302722410 4 0
302722406 24 0
302722371 5 0
302722308 15 0
302722259 4 0
302722227 9 1
302722102 0 0
302722083 0 0
302722081 0 0
302722005 44 0
302721981 27 3
302721810 17 1
302721783 0 0
302721427 4 7
302721424 22 0
302721286 4 18
302721178 11 13
302721041 14 2
302720919 5 56
302720842 8 0
302720778 17 0
302720777 8 0
302720773 20 0
302720753 1 0
302720739 7 2
302720653 5 5
302720643 1 0
302720600 8 0
302720591 28 0
302720456 0 7
302720319 1 3
302720149 0 0
302720053 29 5
302719920 1 0
302719436 21 0
302719426 9 1
302719418 0 3
302719411 6 0
302719276 1 1
302719164 17 0
302718747 9 0
302718656 12 0
302718020 5 29
302717881 1 3
302717708 1 0
302717581 27 4
302717375 16 0
302717287 28 0
302717261 14 23
302717216 0 1
302716942 13 0
302716721 22 0
302716703 15 0
302716346 20 0
302716007 1 4
302715703 31 8
302715689 10 0
302715394 13 1
302714618 1 7
302714249 18 2
302712499 1 8
302712491 24 1
302712462 21 0
302712377 0 4
302712287 15 1
302712214 22 61
302712167 1 0
302712148 6 0
302712147 29 7
302712106 20 2
302712031 10 2
302711927 15 21
302711827 2 0
302711711 34 0
302711697 1 0
302711637 10 43
302711625 24 5
302711600 16 4
302711583 9 7
302711491 26 24
302711465 19 53
302711284 19 0
302711280 35 5
302711174 30 2
302711171 4 11
302711160 3 0
302711144 19 0
302711143 13 25
302711130 15 25
302711058 17 33
302710914 0 1
302710896 24 5
302710893 37 3
302710676 3 43
302710050 13 5
302710022 9 5
302709948 7 3
302709775 1 1
302709772 2 1
302709542 7 0
302709478 25 0
302709445 77 1
302708718 1 25
302708648 4 0
302708349 16 10
302707373 2 0
302704972 11 0
302704722 17 4
302704186 9 8
302699109 16 0
302688614 7 16
302688593 2 1
302688511 1 0
302688429 27 0
302688227 23 8
302688217 34 11
302688215 9 4
302688213 1 2
302688053 10 0
302688019 0 2
302687918 7 0
302687916 17 1
302687911 25 0
302687906 66 0
302687885 30 0
302687876 33 1
302687860 9 3
302687821 5 1
302687765 14 7
302687754 5 7
302687568 1 38
302687296 1 12
302687120 36 3
302686701 23 14
302686597 8 17
302686420 10 8
302685721 19 0
302685454 41 2
302685374 5 0
302684928 17 7
302684640 67 2
302683159 0 1
302682837 4 43
302682767 20 1
302682687 2 3
302682572 1 6
302682569 41 5
302679295 19 8
302679292 0 1
302679180 12 0
302679003 21 13
302678980 1 1
302678905 11 7
302678898 35 1
302678681 9 43
302678552 1 36
302678544 1 0
302678506 21 7
302678479 2 0
302678388 11 0
302678375 8 0
302678371 0 1
302678364 14 3
302678359 31 1
302678349 1 28
302678325 6 2
302678266 16 18
302678238 17 1
302678117 0 1
302677989 42 9
302677980 17 3
302677934 2 0
302677878 17 3
302677737 8 2
302677719 38 18
302677640 0 1
302677628 0 1
302677610 0 1
302677572 1 1
302677521 0 1
302677452 18 4
302677247 0 2
302677211 15 4
302677121 30 4
302676954 6 1
302676908 0 1
302676878 1 0
302676546 14 2
302676485 0 1
302676318 0 1
302676286 22 7
302676091 5 0
302675976 1 0
302675698 1 59
302675661 4 0
302675579 19 4
302675488 10 3
302675109 0 1
302674876 13 1
302674863 10 0
302674848 16 0
302674844 17 1
302674840 13 0
302674838 19 0
302674834 18 0
302674830 29 0
302674825 25 0
302674813 12 2
302674704 13 7
302674595 0 1
302674565 25 4
302674152 7 29
302673942 14 2
302673608 1 0
302673420 24 32
302673368 12 30
302673348 11 3
302673163 8 9
302670733 0 6
302669806 0 1
302668737 25 0
302664715 1 0
302664003 4 4
302663956 4 0
302663949 0 1
302663945 0 1
302663867 28 10
302663865 22 7
302663731 13 1
302663724 1 0
302663715 21 0
302663679 36 4
302663572 16 2
302663416 6 52
302663386 0 4
302663271 0 1
302663261 7 15
302663240 0 31
302663226 5 36
302663220 21 5
302663190 14 3
302663179 23 2
302663168 1 0
302663143 18 0
302663119 19 9
302663052 4 14
302663031 19 0
302662974 48 0
302662896 17 0
302662888 11 11
302662871 29 0
302662842 8 0
302662829 1 0
302662669 14 0
302662632 0 2
302662623 21 1
302662579 0 2
302662551 16 0
302662507 36 3
302662503 10 0
302662435 1 0
302662430 30 10
302662424 43 0
302662423 25 0
302662274 4 0
302662267 30 1
302662249 3 2
302662204 30 0
302662198 18 3
302662185 39 0
302662157 13 0
302662138 1 0
302662085 42 7
302662055 53 0
302662016 12 3
302661983 9 1
302661977 14 0
302661960 25 0
302661954 27 0
302661939 419 3
302661886 10 3
302661805 51 4
302661773 1 1
302661756 20 54
302661723 14 1
302661711 47 0
302661696 1 0
302661640 1 0
302661584 0 1
302661482 1 0
302661427 35 0
302661229 14 0
302661121 405 27
302661101 63 5
302661001 13 6
302661000 2 3
302660996 2 14
302660986 48 72
302660950 14 0
302660949 14 0
302660948 41 3
302660921 6 82
302660831 6 18
302660827 9 43
302660724 2 0
302660699 44 5
302660688 9 61
302660674 5 27
302660599 12 0
302660586 20 0
302660581 16 0
302660579 13 0
302660574 26 0
302660572 19 0
302660554 10 2
302660545 4 4
302660516 4 3
302660490 3 1
302660485 9 0
302660470 10 0
302660336 6 5
302660276 4 30
302660215 5 6
302660167 13 1
302660164 1 1
302660163 8 0
302660108 7 5
302660055 32 0
302660006 10 0
302659979 21 1
302659908 2 0
302659723 6 9
302659644 21 1
302659467 8 0
302659466 25 2
302659459 128 0
302659457 18 0
302659445 73 1
302659439 0 1
302659378 0 1
302659374 16 0
302659365 25 0
302659277 14 0
302659172 18 51
302659161 17 42
302659117 36 6
302659108 19 4
302659105 15 5
302659102 0 2
302659055 7 0
302659053 9 5
302659030 13 4
302658957 11 3
302658857 1 1
302658773 8 4
302658771 14 24
302658714 89 5
302658684 4 0
302658578 21 6
302658571 36 0
302658498 13 31
302658480 2 2
302658201 10 1
302658189 1 0
302658129 22 0
302658096 17 0
302658095 2 0
302658094 14 0
302658082 12 0
302658059 22 0
302658007 0 1
302657986 5 0
302657984 2 0
302657710 5 0
302657688 0 0
302657657 18 17
302657545 5 1
302657377 18 7
302657352 13 19
302657259 24 0
302657180 14 0
302657124 30 0
302657119 7 1
302656989 13 0
302656926 1 0
302656921 17 5
302656699 3 0
302656688 4 1
302656532 16 22
302656413 7 2
302656341 7 1
302656266 0 4
302656001 5 1
302655884 22 0
302655776 17 10
302655766 20 2
302655703 4 3
302655690 24 0
302655629 22 0
302655627 37 0
302655456 10 0
302655398 0 2
302655126 6 3
302655089 30 1
302655077 7 3
302655062 16 8
302654995 40 6
302654825 67 0
302654701 2 1
302654694 10 0
302654609 25 0
302654416 35 1
302654337 25 3
302654295 17 0
302654052 10 0
302653992 25 0
302653923 45 0
302652439 0 1
302652141 0 1
302651933 5 3
302651907 0 2
302651828 0 1
302651777 16 12
302651699 7 1
302651358 2 23
302651327 5 61
302651233 13 3
302651122 12 3
302651013 1 1
302650760 1 0
302650603 15 3
302650602 12 5
302650592 7 0
302650385 42 4
302650355 11 0
302650149 20 0
302650091 0 1
302649994 1 2
302649650 2 0
302649516 5 7
302649226 5 0
302649154 3 16
302649066 6 3
302648579 1 1
302648480 62 3
302647662 6 4
302647660 17 0
302646483 6 21
302645998 20 0
302645912 8 2
302645624 1 0
302645567 58 11
302645557 3 7
302645553 18 6
302645550 0 3
302645549 10 5
302645542 11 7
302645539 12 5
302645526 2 1
302645524 2 1
302645522 5 4
302645521 5 4
302645520 11 1
302645515 1 0
302645514 9 5
302645512 20 1
302645510 1 5
302645507 1 3
302645505 17 2
302645502 55 0
302645501 2 1
302645497 1 0
302645493 4 24
302645490 3 4
302645484 5 16
302645483 1 0
302645481 5 4
302645480 5 5
302645473 0 1
302645472 4 13
302645470 32 0
302645467 24 0
302645466 14 1
302645463 55 3
302645459 5 27
302645453 12 1
302645452 121 2
302645449 10 8
302645447 2 3
302645443 4 3
302645442 22 2
302645438 5 3
302645437 15 1
302645435 11 0
302645432 5 24
302645431 11 2
302645427 16 0
302645425 5 14
302645421 3 6
302645416 17 0
302645415 0 1
302645414 9 0
302645411 24 0
302645410 24 110
302645406 1 0
302645404 46 3
302645391 16 2
302645389 11 0
302645387 6 3
302645385 12 4
302645380 6 0
302645378 1 0
302645377 14 24
302645375 0 1
302645373 4 4
302645364 8 3
302645359 0 1
302645358 0 1
302645352 3 9
302645351 2 1
302645344 9 18
302645332 12 2
302645330 9 2
302645328 17 19
302645323 0 0
302645321 11 3
302645316 33 0
302645312 0 2
302645310 5 4
302645303 8 2
302645298 30 20
302645294 21 4
302645288 191 5
302645287 7 4
302645286 2 0
302645270 9 93
302645269 0 1
302645262 4 146
302645255 42 13
302645249 0 1
302645248 14 17
302645247 12 1
302645242 5 72
302645239 0 1
302645238 0 1
302645237 9 4
302645235 6 2
302645229 4 9
302645226 15 0
302645222 101 0
302645219 0 2
302645207 0 1
302645206 0 3
302645205 18 0
302645200 15 14
302645199 16 0
302645197 6 1
302645194 10 3
302645190 0 1
302645185 13 17
302645176 11 0
302645171 1 0
302645167 8 31
302645161 1 0
302645158 0 1
302645150 65 0
302645146 1 0
302645140 2 0
302645138 0 3
302645135 44 1
302645127 56 2
302645124 28 2
302645123 8 0
302645122 7 12
302645120 8 20
302645117 11 1
302645114 2 1
302645112 0 2
302645109 7 29
302645102 9 3
302645101 0 1
302645100 4 17
302645097 2 43
302645096 8 14
302645089 5 5
302645088 39 5
302645087 9 2
302645086 3 6
302645085 16 1
302645084 6 2
302645082 8 0
302645073 11 24
302645072 23 0
302645060 16 21
302645057 15 0
302645055 13 4
302645054 5 6
302645053 53 0
302645052 26 0
302645051 7 0
302645039 35 10
302645037 6 4
302645035 15 0
302645031 4 5
302645029 13 22
302645024 1 0
302645022 2 1
302645016 7 48
302645014 20 56
302645011 11 3
302645010 7 36
302645008 17 1
302645007 45 2
302645006 7 1
302645005 34 0
302645002 1 1
302644999 1 1
302644998 2 0
302644997 12 2
302644996 31 0
302644995 19 0
302644990 51 1
302644987 6 37
302644986 11 12
302644983 1 1
302644982 0 3
302644980 6 8
302644978 2 3
302644976 17 0
302644971 50 0
302644963 0 1
302644962 1 1
302644961 1 2
302644953 13 8
302644950 54 5
302644948 23 0
302644947 24 1
302644944 23 15
302644941 3 1
302644940 16 8
302644939 17 29
302644938 13 3
302644937 0 1
302644936 9 19
302644935 4 8
302644923 6 8
302644919 17 1
302644917 19 3
302644916 2 2
302644915 71 6
302644913 7 3
302644912 1 1
302644901 24 0
302644900 4 42
302644896 1 2
302644894 1 1
302644891 1 38
302644890 2 77
302644888 5 5
302644886 10 0
302644885 47 5
302644880 21 71
302644877 16 32
302644871 19 0
302644870 25 0
302644869 7 3
302644867 22 0
302644865 21 0
302644864 14 7
302644861 30 1
302644860 14 1
302644856 10 4
302644855 8 1
302644853 16 1
302644852 3 0
302644850 20 2
302644848 8 1
302644845 10 0
302644844 2 0
302644842 0 0
302644841 29 3
302644840 0 2
302644839 17 5
302644838 1 109
302644834 2 15
302644833 0 0
302644832 31 5
302644831 0 0
302644830 9 84
302644826 10 1
302644824 19 6
302644822 0 2
302644821 13 2
302644818 8 1
302644816 16 3
302644815 10 0
302644811 0 0
302644807 7 2
302644805 4 2
302644802 0 3
302644801 6 1
302644800 6 20
302644797 5 1
302644796 46 1
302644790 4 2
302644787 3 5
302644785 0 0
302644783 10 65
302644782 10 4
302644779 0 0
302644776 30 8
302644771 4 2
302644768 4 5
302644765 10 6
302644763 6 2
302644760 0 1
302644758 1 0
302644757 13 4
302644756 5 1
302644754 8 2
302644748 6 0
302644747 0 0
302644743 2 28
302644740 6 3
302644737 0 0
302644736 8 4
302644735 0 0
302644731 9 0
302644730 0 0
302644725 3 2
302644723 0 0
302644720 6 1
302644715 6 2
302644714 6 1
302644713 8 120
302644712 8 22
302644706 5 25
302644705 7 4
302644701 1 0
302644700 2 0
302644699 10 3
302644695 1 0
302644694 0 0
302644689 42 2
302644684 9 2
302644683 11 2
302644681 6 3
302644679 14 0
302644677 5 21
302644674 3 5
302644673 7 1
302644671 5 1
302644666 20 2
302644663 7 3
302644662 28 0
302644656 9 2
302644654 1 0
302644653 55 6
302644652 12 0
302644649 8 0
302644648 6 2
302644645 9 1
302644643 10 1
302644642 7 1
302644641 3 1
302644640 11 2
302644636 6 4
302644634 10 1
302644633 38 1
302644632 4 3
302644627 7 2
302644623 11 8
302644622 15 0
302644621 0 1
302644620 9 1
302644617 20 0
302644615 6 26
302644608 7 2
302644606 1 2
302644603 11 2
302644600 23 2
302644596 4 1
302644595 3 1
302644594 47 8
302644586 7 3
302644585 9 9
302644584 61 4
302644582 1 0
302644581 14 2
302644577 16 5
302644575 9 2
302644572 59 6
302644570 14 0
302644569 8 2
302644567 5 6
302644563 16 0
302644562 6 1
302644560 2 0
302644559 0 0
302644558 3 0
302644553 14 3
302644552 33 38
302644550 42 16
302644549 72 2
302644548 10 5
302644547 1 0
302644546 6 1
302644544 8 2
302644543 10 9
302644542 46 4
302644541 14 0
302644540 0 0
302644538 36 13
302644537 6 0
302644535 3 34
302644532 5 18
302644531 1 0
302644530 8 0
302644529 6 0
302644527 4 0
302644526 26 0
302644524 5 2
302644523 1 0
302644520 4 0
302644517 4 0
302644514 14 2
302644510 9 92
302644509 6 14
302644508 0 0
302644504 0 1
302644503 83 1
302644502 0 0
302644501 4 2
302644500 2 0
302644499 4 0
302644497 3 0
302644492 7 60
302644491 4 2
302644481 1 43
302644475 12 4
302644473 7 0
302644472 53 13
302644471 13 0
302644470 9 1
302644467 2 0
302644466 0 0
302644464 2 1
302644462 0 0
302644461 12 0
302644460 63 5
302644458 27 0
302644457 9 6
302644456 4 1
302644455 56 2
302644453 3 0
302644451 4 12
302644450 7 0
302644445 1 1
302644444 3 0
302644443 0 0
302644441 51 1
302644440 0 0
302644439 14 0
302644437 15 0
302644434 0 1
302644432 6 1
302644430 11 1
302644425 4 2
302644422 25 39
302644420 5 1
302644419 3 1
302644418 0 3
302644416 4 1
302644415 5 1
302644412 8 12
302644411 2 0
302644409 2 116
302644407 0 0
302644406 8 5
302644402 115 0
302644401 0 0
302644397 9 1
302644396 7 0
302644395 0 0
302644393 2 0
302644390 5 1
302644389 0 0
302644388 0 0
302644387 5 0
302644384 1 1
302644383 0 0
302644381 12 7
302644375 5 0
302644373 19 4
302644372 13 1
302644371 0 1
302644368 30 0
302644361 5 15
302644360 0 0
302644358 0 0
302644357 0 0
302644355 4 3
302644352 4 1
302644351 1 1
302644349 0 0
302644348 6 9
302644347 13 1
302644345 0 0
302644343 14 17
302644342 4 1
302644338 6 0
302644337 6 2
302644336 17 18
302644335 5 6
302644334 0 1
302644331 2 1
302644329 3 4
302644328 3 3
302644324 6 2
302644322 4 4
302644315 6 5
302644314 12 0
302644313 0 1
302644310 9 0
302644309 0 8
302644308 0 0
302644306 0 2
302644303 5 3
302644302 2 0
302644301 4 5
302644300 5 2
302644299 11 3
302644297 0 0
302644296 0 0
302644294 0 0
302644293 18 4
302644291 0 0
302644286 0 0
302644282 36 0
302644280 6 1
302644279 0 0
302644278 8 3
302644276 0 0
302644275 9 0
302644274 7 0
302644273 0 0
302644271 10 0
302644266 10 3
302644262 0 0
302644261 18 0
302644260 17 4
302644258 15 5
302644254 79 7
302644252 24 1
302644251 11 0
302644250 10 0
302644249 5 1
302644248 7 8
302644247 8 2
302644245 3 0
302644244 7 0
302644243 13 3
302644240 18 0
302644238 9 0
302644237 3 22
302644235 0 0
302644233 5 0
302644232 8 2
302644231 13 2
302644229 3 0
302644228 1 0
302644227 8 2
302644226 0 0
302644225 0 0
302644221 5 1
302644218 0 0
302644217 7 0
302644216 0 0
302644214 1 0
302644212 6 0
302644207 14 0
302644206 11 4
302644205 16 2
302644204 1 57
302644203 0 0
302644201 8 3
302644200 5 0
302644197 0 0
302644196 7 0
302644188 0 0
302644186 0 0
302644183 1 3
302644182 1 0
302644180 13 6
302644177 0 12
302644174 0 0
302644173 79 2
302644169 3 0
302644167 0 0
302644164 6 52
302644162 20 5
302644160 12 0
302644158 20 8
302644155 19 1
302644154 0 0
302644152 7 4
302644151 0 0
302644149 2 1
302644148 7 0
302644147 5 0
302644146 3 1
302644144 6 0
302644143 13 0
302644140 5 0
302644139 3 0
302644138 0 0
302644137 25 1
302644136 11 4
302644135 15 0
302644133 3 0
302644132 14 0
302644131 6 2
302644130 35 0
302644129 3 0
302644128 9 1
302644127 0 0
302644125 6 3
302644123 8 1
302644122 13 0
302644117 6 4
302644109 21 0
302644103 1 0
302644102 0 0
302644098 3 5
302644095 7 2
302644094 12 3
302644093 4 15
302644091 17 12
302644088 4 3
302644086 7 0
302644085 0 0
302644083 10 2
302644082 67 4
302644081 17 23
302644077 7 1
302644074 25 8
302644073 11 1
302644069 5 0
302644066 15 1
302644064 6 1
302644063 15 1
302644061 13 0
302644060 0 0
302644059 7 0
302644058 13 0
302644057 4 1
302644054 4 1
302644053 8 0
302644052 17 0
302644050 25 1
302644049 19 2
302644044 5 3
302644043 7 0
302644042 12 2
302644041 24 1
302644038 13 1
302644036 17 2
302644033 12 0
302644027 0 1
302644022 0 9
302644021 20 1
302644020 3 1
302644019 3 0
302644018 3 1
302644016 6 0
302644015 5 1
302644014 12 16
302644013 60 4
302644006 37 0
302644005 18 0
302644003 11 11
302644002 5 1
302644001 0 0
302644000 3 0
302643999 0 0
302643998 0 0
302643997 0 0
302643995 2 3
302643994 16 1
302643992 19 1
302643990 20 2
302643989 14 3
302643988 3 1
302643985 0 0
302643984 19 29
302643983 0 0
302643981 30 0
302643978 18 1
302643977 0 0
302643976 0 1
302643975 0 1
302643974 6 1
302643971 2 0
302643967 2 0
302643966 1 4
302643964 8 4
302643963 8 0
302643962 28 12
302643961 1 1
302643959 3 1
302643958 1 1
302643957 7 3
302643951 17 1
302643950 4 2
302643949 5 3
302643948 16 0
302643946 4 0
302643945 11 0
302643944 0 0
302643942 2 4
302643940 33 0
302643939 0 0
302643938 8 0
302643936 24 4
302643935 16 2
302643934 1 0
302643932 11 5
302643931 12 0
302643929 9 0
302643928 71 12
302643927 9 1
302643926 9 0
302643925 0 0
302643920 9 0
302643918 26 0
302643916 0 0
302643913 2 0
302643912 0 0
302643910 8 1
302643908 0 0
302643907 0 0
302643905 0 0
302643904 18 0
302643903 8 0
302643902 13 10
302643900 2 2
302643897 6 5
302643896 0 2
302643894 5 0
302643893 2 1
302643892 0 0
302643891 0 0
302643889 8 1
302643886 5 5
302643884 16 0
302643883 0 0
302643882 10 6
302643881 0 0
302643880 5 1
302643878 6 1
302643877 47 1
302643876 15 0
302643873 6 1
302643872 35 1
302643871 10 0
302643870 5 2
302643869 58 2
302643868 0 0
302643867 3 1
302643865 17 0
302643864 3 1
302643863 13 9
302643861 17 0
302643860 11 0
302643859 0 0
302643858 27 7
302643857 2 1
302643856 0 0
302643855 8 0
302643852 0 1
302643851 17 0
302643849 23 0
302643848 7 1
302643846 7 1
302643845 1 1
302643844 0 0
302643842 1 1
302643841 5 1
302643840 8 2
302643839 3 0
302643836 1 0
302643833 3 2
302643832 1 0
302643831 0 0
302643830 0 0
302643828 13 0
302643826 6 2
302643823 0 0
302643818 6 0
302643816 15 1
302643809 22 0
302643805 8 4
302643804 19 0
302643803 31 10
302643799 7 2
302643797 15 4
302643796 0 0
302643792 0 2
302643790 1 2
302643789 0 0
302643788 1 1
302643787 12 78
302643781 0 0
302643778 1 0
302643775 8 1
302643774 5 2
302643773 4 2
302643771 0 1
302643770 73 4
302643767 13 1
302643765 0 0
302643764 11 2
302643763 69 3
302643760 13 0
302643759 5 0
302643758 1 0
302643757 3 4
302643756 2 0
302643755 7 0
302643753 18 31
302643752 2 0
302643746 83 17
302643745 8 0
302643742 14 2
302643741 3 1
302643740 27 1
302643736 0 0
302643734 5 0
302643733 8 2
302643732 0 3
302643730 7 0
302643729 0 0
302643728 5 0
302643725 4 3
302643724 15 1
302643723 1 0
302643718 41 0
302643716 0 0
302643715 11 2
302643710 11 1
302643707 25 5
302643706 2 2
302643701 5 3
302643700 3 5
302643699 3 2
302643694 5 2
302643690 5 0
302643688 2 0
302643687 8 4
302643686 4 2
302643685 0 0
302643683 1 0
302643682 25 4
302643679 12 1
302643675 10 0
302643674 11 0
302643673 20 0
302643672 25 1
302643671 17 0
302643670 0 0
302643669 10 4
302643665 5 1
302643664 2 2
302643662 14 0
302643660 8 0
302643659 10 1
302643658 2 1
302643657 5 0
302643656 21 0
302643655 2 2
302643654 30 2
302643652 11 0
302643651 0 2
302643650 1 0
302643649 31 1
302643648 0 0
302643647 0 0
302643646 3 2
302643645 17 2
302643644 4 2
302643643 5 0
302643642 14 1
302643641 244 0
302643640 0 1
302643639 2 1
302643638 7 0
302643636 42 1
302643635 0 4
302643634 10 1
302643633 9 1
302643632 8 0
302643630 6 3
302643628 0 15
302643627 2 0
302643625 3 1
302643623 3 0
302643622 9 1
302643620 2 0
302643616 0 0
302643615 30 1
302643614 5 0
302643613 13 1
302643612 0 0
302643610 9 1
302643608 7 2
302643607 7 2
302643605 6 2
302643602 0 0
302643601 0 0
302643597 6 0
302643596 7 0
302643594 3 0
302643593 31 0
302643592 13 0
302643591 12 2
302643589 19 3
302643588 1 2
302643587 64 3
302643586 15 0
302643584 4 0
302643583 0 0
302643581 8 0
302643580 18 36
302643579 12 1
302643578 10 0
302643576 0 1
302643575 38 1
302643573 17 1
302643571 1 5
302643570 2 3
302643569 14 24
302643568 1 2
302643564 0 1
302643563 0 0
302643562 5 0
302643559 24 1
302643556 19 1
302643555 57 3
302643553 0 0
302643552 6 0
302643551 3 71
302643550 1 0
302643543 5 0
302643542 1 0
302643541 51 3
302643539 18 0
302643537 0 0
302643535 14 1
302643534 0 0
302643532 28 4
302643530 10 1
302643528 32 1
302643527 0 0
302643526 0 1
302643524 0 3
302643523 0 0
302643521 0 0
302643519 4 1
302643518 23 1
302643517 11 1
302643516 11 0
302643511 2 5
302643510 2 4
302643507 4 5
302643506 3 6
302643505 0 1
302643504 1 0
302643503 19 1
302643502 18 0
302643501 16 1
302643500 9 0
302643499 1 3
302643498 17 1
302643497 3 8
302643496 10 2
302643493 0 0
302643492 5 0
302643491 25 0
302643490 0 0
302643489 30 0
302643488 3 2
302643487 0 0
302643485 7 3
302643484 5 1
302643483 6 6
302643482 2 0
302643481 1 10
302643480 3 0
302643477 1 0
302643475 57 8
302643474 10 0
302643473 3 0
302643472 7 2
302643471 30 2
302643470 9 0
302643469 25 0
302643468 11 0
302643466 15 0
302643465 26 0
302643463 4 1
302643461 0 0
302643460 2 1
302643459 0 1
302643457 0 1
302643454 12 0
302643450 6 2
302643449 1 0
302643447 18 0
302643446 0 0
302643444 0 1
302643443 36 0
302643442 0 0
302643441 14 1
302643439 0 0
302643438 0 0
302643437 342 6
302643435 21 16
302643433 2 26
302643432 5 2
302643431 13 0
302643430 33 0
302643429 0 0
302643428 4 2
302643427 9 1
302643425 15 0
302643424 3 4
302643423 8 0
302643421 0 1
302643420 18 0
302643418 1 0
302643417 5 1
302643416 7 0
302643414 22 1
302643413 12 1
302643412 0 0
302643411 14 0
302643410 5 8
302643409 75 1
302643408 3 0
302643407 16 2
302643406 1 1
302643405 8 2
302643404 10 1
302643403 6 0
302643402 6 3
302643401 0 0
302643400 4 19
302643399 6 0
302643396 17 0
302643395 1 6
302643388 0 1
302643387 17 6
302643385 14 7
302643384 10 5
302643383 0 0
302643380 8 6
302643379 6 6
302643378 3 10
302643377 7 7
302643375 50 4
302643374 2 6
302643373 3 0
302643372 16 0
302643370 0 0
302643369 2 4
302643367 2 2
302643366 4 3
302643365 2 3
302643364 4 3
302643363 2 1
302643362 3 4
302643361 31 1
302643358 20 0
302643357 0 0
302643356 5 3
302643352 4 4
302643351 5 8
302643350 7 2
302643348 4 3
302643347 2 2
302643346 3 3
302643341 2 0
302643340 0 0
302643337 2 1
302643336 0 0
302643335 27 1
302643334 5 2
302643333 2 0
302643331 0 2
302643330 0 0
302643328 1 11
302643327 0 3
302643325 31 1
302643324 4 0
302643322 16 0
302643321 0 18
302643319 2 1
302643317 14 0
302643316 0 0
302643313 24 0
302643312 5 0
302643311 28 1
302643309 19 3
302643305 1 3
302643303 2 14
302643301 0 0
302643300 0 0
302643297 2 0
302643296 19 2
302643294 7 0
302643290 1 0
302643286 0 0
302643284 7 2
302643283 11 0
302643282 3 2
302643279 1 1
302643277 24 1
302643275 1 0
302643272 0 0
302643271 17 2
302643267 0 0
302643263 14 0
302643261 22 0
302643260 4 1
302643259 5 1
302643258 4 1
302643257 6 1
302643256 1 0
302643252 19 0
302643248 29 0
302643247 487 4
302643244 2 1
302643243 7 3
302643242 44 3
302643241 32 1
302643239 11 1
302643238 13 1
302643237 1 3
302643236 13 0
302643235 3 3
302643234 1 34
302643233 0 0
302643228 7 1
302643227 0 0
302643222 40 1
302643215 19 0
302643209 2 0
302643207 0 0
302643204 0 0
302643203 21 0
302643194 9 0
302643191 31 0
302643186 31 0
302643183 23 0
302643180 4 0
302643179 19 0
302643178 3 0
302643177 14 0
302643176 39 0
302643173 5 2
302643171 0 0
302643170 36 3
302643168 541 2
302643167 27 0
302643162 0 0
302643160 1 3
302643159 34 1
302643158 17 0
302643157 26 0
302643154 0 0
302643153 18 0
302643152 0 0
302643151 23 1
302643150 0 0
302643148 1 0
302643146 1 3
302643145 31 1
302643144 4 0
302643143 26 0
302643142 4 35
302643141 0 0
302643140 17 0
302643138 21 1
302643137 2 2
302643135 24 0
302643132 0 0
302643131 11 1
302643130 0 2
302643128 13 0
302643127 12 1
302643126 93 1
302643125 0 0
302643123 25 1
302643120 0 0
302643119 17 1
302643118 11 3
302643117 11 0
302643115 38 1
302643113 8 0
302643112 2 1
302643110 2 6
302643108 0 22
302643107 1 2
302643106 0 1
302643104 11 0
302643103 3 1
302643101 2 0
302643100 3 1
302643098 0 0
302643097 6 0
302643093 5 7
302643092 6 6
302643091 16 1
302643090 28 0
302643089 0 0
302643088 12 3
302643087 5 5
302643086 9 2
302643085 19 0
302643084 17 0
302643083 7 6
302643081 16 0
302643080 2 10
302643079 301 3
302643078 10 0
302643076 4 1
302643075 10 0
302643074 11 1
302643072 10 0
302643071 8 71
302643070 0 0
302643069 8 3
302643068 0 6
302643066 21 1
302643065 9 1
302643064 8 2
302643063 13 0
302643062 9 2
302643061 0 1
302643058 2 2
302643055 3 3
302643053 10 0
302643052 35 0
302643051 4 2
302643050 7 2
302643049 0 0
302643048 5 2
302643045 2 4
302643043 7 0
302643042 0 0
302643041 25 0
302643039 4 2
302643038 12 0
302643036 13 0
302643034 5 27
302643031 10 3
302643029 0 0
302643028 3 0
302643027 5 1
302643025 22 0
302643024 0 0
302643023 0 0
302643020 20 0
302643016 5 4
302643014 24 1
302643013 10 0
302643012 22 1
302643009 8 2
302643008 0 0
302643007 4 2
302643005 9 2
302643004 5 2
302643002 0 0
302643001 5 3
302643000 3 2
302642999 1 0
302642997 26 0
302642996 15 1
302642995 1 2
302642994 0 0
302642993 14 0
302642992 28 0
302642991 0 0
302642990 41 6
302642989 7 0
302642985 39 2
302642984 59 8
302642982 11 1
302642981 44 0
302642980 11 3
302642978 0 9
302642977 8 1
302642976 14 5
302642975 16 0
302642974 16 0
302642973 16 2
302642972 26 1
302642971 3 0
302642970 6 1
302642969 15 1
302642968 0 0
302642967 13 0
302642966 2 4
302642964 86 0
302642963 5 4
302642962 15 0
302642960 8 4
302642959 0 3
302642958 4 1
302642956 6 0
302642955 25 0
302642954 8 2
302642953 4 2
302642950 13 0
302642949 30 2
302642948 14 0
302642947 6 3
302642946 22 0
302642945 5 4
302642944 3 0
302642942 2 0
302642941 18 1
302642940 3 3
302642939 2 2
302642935 21 0
302642934 9 0
302642933 30 0
302642932 15 0
302642931 28 1
302642930 21 5
302642929 0 0
302642928 19 0
302642926 9 0
302642925 0 0
302642924 129 0
302642923 29 0
302642919 33 1
302642918 0 1
302642917 6 1
302642916 34 0
302642915 0 0
302642914 10 0
302642913 9 62
302642911 1 0
302642910 4 62
302642909 17 1
302642908 40 0
302642906 6 1
302642905 5 17
302642904 19 0
302642903 9 8
302642902 3 5
302642901 6 0
302642900 19 0
302642899 0 1
302642898 0 4
302642897 5 2
302642896 18 0
302642895 14 7
302642894 20 0
302642892 48 4
302642891 46 6
302642890 1 0
302642889 19 0
302642888 9 3
302642887 12 1
302642885 10 3
302642884 23 1
302642883 41 1
302642880 44 1
302642879 10 3
302642878 2 2
302642877 4 2
302642876 1 0
302642875 7 2
302642874 10 0
302642870 5 1
302642869 14 4
302642867 11 0
302642866 10 1
302642865 4 4
302642863 0 0
302642861 22 1
302642860 1 0
302642859 36 11
302642858 1 0
302642857 12 1
302642856 11 30
302642855 20 0
302642854 82 2
302642852 0 0
302642851 33 1
302642850 34 3
302642849 2 6
302642848 2 4
302642846 9 0
302642845 18 0
302642844 11 4
302642842 15 0
302642841 18 44
302642839 8 12
302642838 14 4
302642836 0 0
302642835 13 3
302642834 1 2
302642832 17 0
302642830 7 0
302642829 21 0
302642828 1 0
302642827 6 15
302642826 28 1
302642825 14 0
302642823 5 31
302642822 28 0
302642821 40 1
302642820 0 3
302642819 1 3
302642818 2 1
302642817 8 0
302642816 14 0
302642814 8 3
302642812 2 7
302642811 14 0
302642809 0 3
302642808 28 0
302642807 3 3
302642806 31 0
302642802 53 3
302642799 10 5
302642798 16 1
302642797 20 12
302642796 9 3
302642795 14 0
302642793 13 0
302642792 14 1
302642791 13 1
302642789 0 0
302642787 0 0
302642786 21 0
302642784 9 0
302642783 46 5
302642782 29 1
302642780 0 0
302642777 12 1
302642774 11 1
302642773 5 5
302642772 6 0
302642771 23 1
302642769 13 5
302642768 13 0
302642764 33 1
302642763 0 0
302642762 3 0
302642761 17 0
302642760 30 0
302642759 8 0
302642758 2 7
302642757 24 0
302642756 9 3
302642755 3 3
302642754 1 3
302642753 12 1
302642752 4 0
302642751 8 4
302642749 5 5
302642748 12 3
302642747 9 4
302642746 39 0
302642745 5 0
302642744 15 0
302642743 6 2
302642741 17 8
302642738 10 14
302642737 13 1
302642736 0 0
302642733 8 0
302642732 44 1
302642731 6 3
302642730 6 1
302642729 0 0
302642726 20 1
302642725 34 0
302642724 22 3
302642723 8 0
302642721 1 0
302642720 0 0
302642719 21 1
302642718 3 2
302642717 7 7
302642716 0 2
302642715 5 1
302642714 0 0
302642713 19 0
302642712 7 1
302642710 104 0
302642709 11 1
302642707 282 4
302642706 18 4
302642704 1 0
302642703 8 0
302642702 7 1
302642700 17 1
302642699 1 0
302642698 72 0
302642697 8 8
302642696 63 5
302642695 12 0
302642694 58 0
302642693 12 0
302642692 15 1
302642691 7 6
302642690 16 0
302642689 19 0
302642687 9 1
302642686 0 0
302642685 7 5
302642684 11 1
302642683 9 2
302642682 10 0
302642681 20 0
302642680 19 2
302642678 248 3
302642677 13 1
302642675 12 0
302642674 6 2
302642673 13 2
302642672 5 1
302642671 7 0
302642670 0 0
302642669 15 0
302642667 3 0
302642665 7 4
302642664 21 0
302642663 39 0
302642662 32 3
302642659 1 0
302642658 22 3
302642656 24 2
302642655 9 0
302642653 13 0
302642651 15 2
302642649 10 1
302642648 19 1
302642646 1 1
302642645 6 0
302642644 26 3
302642643 0 0
302642642 51 1
302642641 17 1
302642640 12 0
302642639 11 1
302642638 9 0
302642637 0 0
302642636 7 3
302642634 3 0
302642633 8 1
302642632 6 2
302642631 4 0
302642630 8 6
302642629 3 5
302642627 4 0
302642625 10 5
302642624 14 0
302642623 0 0
302642622 9 0
302642620 11 0
302642619 8 1
302642618 3 23
302642617 0 0
302642616 4 0
302642614 3 5
302642612 9 1
302642611 2 16
302642610 13 13
302642609 0 0
302642608 7 8
302642607 4 26
302642606 4 1
302642605 11 1
302642604 8 4
302642603 3 7
302642601 24 1
302642599 11 0
302642598 10 8
302642597 5 9
302642596 6 0
302642594 7 0
302642593 5 0
302642591 206 6
302642589 1 0
302642588 1 0
302642587 12 0
302642586 16 1
302642585 2 0
302642584 7 4
302642583 4 3
302642582 11 0
302642581 9 0
302642580 4 3
302642579 29 2
302642577 0 0
302642576 0 0
302642575 11 0
302642573 11 3
302642571 2 9
302642570 17 1
302642569 65 2
302642567 18 1
302642566 25 0
302642565 4 6
302642564 7 2
302642563 5 1
302642561 12 1
302642560 15 1
302642559 7 0
302642558 20 0
302642557 6 6
302642556 34 1
302642555 17 0
302642554 12 1
302642553 0 0
302642551 14 0
302642550 25 0
302642549 10 0
302642548 12 5
302642547 0 14
302642543 23 0
302642542 8 5
302642540 13 0
302642537 0 0
302642536 1 0
302642535 14 0
302642532 11 4
302642531 34 0
302642530 13 0
302642529 28 0
302642527 4 8
302642526 1 7
302642525 7 0
302642523 1 9
302642522 12 0
302642521 6 1
302642519 14 1
302642518 25 0
302642517 0 12
302642515 5 4
302642513 18 1
302642512 9 0
302642511 1 0
302642508 0 0
302642507 6 12
302642506 9 0
302642505 2 2
302642504 8 0
302642502 1 0
302642501 16 0
302642500 8 5
302642497 18 3
302642495 3 0
302642493 0 0
302642492 18 0
302642491 12 0
302642490 15 6
302642489 0 0
302642487 3 1
302642486 9 1
302642485 1 0
302642483 1 0
302642482 12 0
302642481 26 0
302642480 14 0
302642479 8 0
302642478 0 1
302642477 8 7
302642476 0 0
302642475 1 0
302642474 5 6
302642472 4 55
302642471 10 7
302642470 9 0
302642468 8 8
302642467 0 0
302642466 0 1
302642465 0 0
302642464 11 0
302642463 15 1
302642462 13 1
302642461 15 1
302642460 7 0
302642459 8 6
302642457 6 24
302642456 0 0
302642455 9 1
302642453 9 7
302642452 9 0
302642451 265 16
302642447 0 0
302642446 0 0
302642443 9 0
302642442 7 1
302642441 16 0
302642439 0 5
302642438 4 1
302642437 18 0
302642436 0 0
302642434 9 0
302642433 10 5
302642432 17 0
302642431 9 0
302642430 7 0
302642429 9 30
302642427 11 4
302642425 9 0
302642424 8 7
302642423 0 0
302642422 7 1
302642421 0 0
302642420 7 5
302642417 31 4
302642416 35 0
302642415 11 8
302642413 4 4
302642412 25 0
302642411 0 0
302642410 3 3
302642409 16 0
302642408 2 2
302642406 29 2
302642405 9 0
302642403 11 8
302642402 7 0
302642401 6 0
302642400 19 11
302642398 12 6
302642397 2 1
302642396 4 0
302642395 8 11
302642394 5 0
302642393 15 1
302642392 7 1
302642391 8 6
302642390 1 1
302642389 2 1
302642388 7 7
302642387 7 6
302642386 0 0
302642385 9 0
302642384 6 0
302642383 5 9
302642382 1 1
302642381 14 1
302642380 6 0
302642379 7 2
302642378 0 0
302642377 16 0
302642375 3 12
302642373 16 6
302642372 11 1
302642371 7 0
302642370 0 0
302642369 14 0
302642368 19 0
302642367 10 6
302642366 5 4
302642365 13 0
302642364 8 0
302642363 6 8
302642362 4 127
302642360 17 0
302642358 381 1
302642357 17 0
302642356 6 0
302642355 4 0
302642354 0 1
302642353 31 0
302642351 16 0
302642348 15 0
302642347 8 0
302642345 11 2
302642344 7 0
302642342 7 23
302642341 20 2
302642340 6 0
302642339 16 7
302642338 4 10
302642337 4 4
302642336 0 0
302642333 2 2
302642332 4 6
302642331 2 2
302642330 14 0
302642329 11 4
302642328 0 1
302642327 15 4
302642326 7 1
302642325 2 6
302642324 6 0
302642323 8 0
302642322 17 0
302642321 3 7
302642319 1 7
302642317 1 0
302642316 22 1
302642314 16 1
302642312 12 0
302642311 4 0
302642308 9 0
302642306 0 1
302642305 10 4
302642303 14 4
302642302 8 0
302642301 5 5
302642300 5 0
302642299 0 1
302642298 21 2
302642297 21 0
302642296 23 0
302642295 24 9
302642294 5 3
302642293 1 1
302642291 52 5
302642290 3 0
302642289 13 0
302642288 9 0
302642287 9 0
302642286 0 0
302642283 7 0
302642281 0 0
302642280 1 0
302642279 5 5
302642278 14 0
302642276 12 4
302642274 12 14
302642273 5 0
302642272 6 5
302642271 4 0
302642269 5 5
302642268 15 0
302642267 13 0
302642265 7 0
302642264 6 2
302642263 15 0
302642262 2 2
302642261 9 2
302642260 1 0
302642259 5 1
302642257 4 0
302642256 5 19
302642255 6 0
302642254 5 0
302642253 813 8
302642252 28 0
302642251 17 3
302642250 2 0
302642249 7 0
302642248 0 2
302642247 6 0
302642246 10 0
302642244 9 4
302642243 18 0
302642242 8 0
302642241 2 0
302642240 8 4
302642239 6 0
302642237 8 0
302642236 0 1
302642234 22 2
302642233 7 0
302642232 14 0
302642230 201 4
302642228 1 0
302642227 11 5
302642226 9 1
302642225 14 0
302642224 0 2
302642223 23 1
302642222 28 0
302642220 1 0
302642219 44 2
302642217 16 4
302642216 2 3
302642214 5 0
302642213 27 5
302642212 2 0
302642211 0 3
302642210 1 3
302642208 13 1
302642207 9 1
302642206 4 0
302642205 36 0
302642204 8 0
302642203 8 0
302642202 4 4
302642201 16 4
302642200 3 0
302642198 35 0
302642197 2 2
302642196 33 0
302642194 5 5
302642192 1 3
302642191 4 4
302642189 9 0
302642188 1159 37
302642187 5 3
302642186 8 1
302642185 21 1
302642184 6 6
302642183 9 0
302642182 3 4
302642181 6 1
302642179 54 0
302642176 8 0
302642175 1 0
302642174 1 5
302642173 0 0
302642171 0 0
302642170 9 2
302642168 0 0
302642167 3 3
302642165 1 0
302642164 13 0
302642163 1 0
302642161 2 65
302642160 20 3
302642159 17 1
302642158 9 0
302642157 1 0
302642156 10 4
302642154 18 0
302642153 10 0
302642152 12 1
302642151 7 1
302642150 16 4
302642149 7 0
302642148 9 0
302642147 10 0
302642146 11 0
302642145 10 3
302642144 9 0
302642143 10 0
302642142 6 0
302642141 10 3
302642140 829 5
302642138 0 0
302642137 21 0
302642136 0 0
302642135 7 2
302642133 13 0
302642132 1 0
302642131 9 0
302642130 6 5
302642128 11 2
302642127 19 0
302642126 42 0
302642125 8 2
302642124 10 0
302642123 8 0
302642122 8 3
302642121 7 4
302642119 1 19
302642118 8 3
302642117 3 0
302642115 49 4
302642114 13 0
302642113 1 0
302642112 239 3
302642111 19 3
302642110 0 16
302642109 1 0
302642108 9 1
302642106 7 2
302642105 0 1
302642103 1 0
302642102 11 0
302642101 6 2
302642100 6 5
302642099 44 0
302642098 1 0
302642097 0 3
302642096 34 0
302642094 4 1
302642093 6 2
302642092 5 2
302642091 0 0
302642090 34 0
302642089 5 2
302642088 11 0
302642085 1 16
302642084 0 0
302642083 17 2
302642082 5 0
302642081 3 2
302642080 4 2
302642077 14 0
302642075 6 2
302642074 5 2
302642071 0 1
302642070 17 0
302642069 14 0
302642068 71 0
302642067 2 0
302642066 1 0
302642064 0 0
302642063 0 0
302642062 3 2
302642061 4 2
302642060 3 1
302642059 29 0
302642058 0 0
302642057 5 65
302642056 13 0
302642054 1 1
302642053 1 0
302642051 14 0
302642050 14 0
302642049 11 1
302642048 9 19
302642047 6 0
302642046 15 0
302642045 5 3
302642042 701 17
302642039 7 0
302642038 6 2
302642037 8 0
302642035 7 2
302642034 5 1
302642033 12 0
302642032 0 2
302642031 7 1
302642030 2 0
302642029 0 0
302642028 25 2
302642027 4 1
302642026 6 0
302642023 4 1
302642022 1 7
302642020 0 0
302642019 4 1
302642018 38 1
302642017 5 7
302642015 2 1
302642014 10 0
302642013 1 0
302642012 1 1
302642011 0 0
302642010 3 1
302642009 3 11
302642008 9 0
302642006 1 0
302642005 448 5
302642004 5 0
302642003 2 0
302642002 3 0
302642001 4 0
302642000 5 2
302641999 4 1
302641997 1 0
302641996 33 9
302641994 0 0
302641993 0 2
302641992 2 0
302641991 16 1
302641990 1 0
302641989 8 2
302641988 9 0
302641986 0 0
302641984 1 0
302641983 21 5
302641982 3 0
302641981 0 0
302641980 14 0
302641979 1 1
302641978 1 1
302641977 0 0
302641976 0 0
302641975 10 1
302641974 8 1
302641973 35 0
302641971 11 1
302641970 12 1
302641968 5 1
302641967 9 0
302641966 9 0
302641965 4 0
302641963 2 67
302641962 19 8
302641961 5 1
302641959 8 2
302641957 1 0
302641956 18 3
302641955 4 0
302641954 9 0
302641953 12 0
302641952 10 1
302641951 11 3
302641950 2 2
302641949 1 0
302641948 10 0
302641947 3 2
302641946 12 0
302641945 3 1
302641942 14 0
302641941 7 22
302641940 3 2
302641939 10 0
302641938 10 0
302641937 1 1
302641936 9 0
302641935 10 0
302641933 0 0
302641932 15 2
302641931 1 0
302641930 1820 11
302641928 0 0
302641927 4 0
302641924 8 0
302641923 1 0
302641922 3 5
302641921 9 0
302641920 0 0
302641919 6 1
302641918 8 5
302641917 2 1
302641916 33 0
302641914 26 0
302641912 4 3
302641911 5 1
302641910 35 0
302641909 5 1
302641908 4 1
302641907 4 1
302641906 3 1
302641905 10 0
302641903 4 3
302641902 3 2
302641901 0 0
302641900 4 2
302641899 0 0
302641898 11 0
302641897 5 2
302641894 3 2
302641892 608 7
302641890 28 0
302641889 46 11
302641888 4 3
302641885 0 0
302641883 4 3
302641882 0 3
302641881 5 0
302641880 6 0
302641879 1197 3
302641877 25 0
302641876 9 0
302641875 3 0
302641874 7 2
302641873 2 0
302641872 10 0
302641870 32 0
302641869 3 7
302641868 5 4
302641867 7 1
302641866 7 2
302641864 6 0
302641863 35 27
302641862 0 7
302641861 5 0
302641859 2 1
302641858 12 0
302641856 8 4
302641855 1 6
302641854 47 0
302641853 27 1
302641852 22 0
302641851 6 0
302641850 6 0
302641849 1 6
302641848 13 0
302641847 2 0
302641846 832 4
302641845 13 0
302641844 3 0
302641842 4 4
302641841 2 1
302641840 2 5
302641839 14 1
302641838 5 4
302641837 8 0
302641836 1 1
302641835 1 30
302641834 10 0
302641833 1 0
302641832 1 0
302641831 0 0
302641830 0 1
302641828 4 1
302641827 856 2
302641826 8 0
302641825 15 0
302641824 4 0
302641823 31 0
302641822 17 0
302641821 7 0
302641816 1 0
302641814 20 1
302641812 1 0
302641811 10 0
302641810 2 4
302641809 7 2
302641808 9 3
302641807 11 0
302641806 9 0
302641805 0 0
302641804 9 0
302641801 16 1
302641800 12 0
302641799 12 0
302641798 0 0
302641796 8 1
302641795 2 5
302641794 1 0
302641792 10 0
302641791 4 0
302641790 10 2
302641789 1 2
302641787 7 0
302641786 2 1
302641785 8 0
302641784 9 0
302641783 11 1
302641782 3 70
302641781 7 2
302641780 12 0
302641779 0 1
302641777 11 0
302641776 10 0
302641775 0 0
302641774 0 0
302641773 6 3
302641772 6 1
302641771 8 2
302641770 0 0
302641769 5 1
302641768 14 1
302641767 9 2
302641766 0 0
302641765 6 0
302641764 6 0
302641763 8 3
302641762 10 6
302641761 21 0
302641760 0 0
302641759 9 2
302641758 12 1
302641757 1 0
302641755 0 0
302641754 0 0
302641753 0 0
302641752 1 0
302641750 0 0
302641749 5 1
302641747 10 7
302641746 52 1
302641745 0 0
302641744 12 2
302641743 1 0
302641742 6 0
302641741 0 0
302641739 11 0
302641737 0 6
302641736 5 0
302641734 9 0
302641733 24 1
302641732 26 0
302641731 9 5
302641730 8 0
302641729 11 2
302641728 6 0
302641727 7 0
302641724 18 0
302641723 0 0
302641722 12 0
302641721 2 1
302641720 19 0
302641719 10 1
302641717 0 0
302641716 6 0
302641715 5 0
302641714 1 3
302641712 15 15
302641710 9 0
302641709 9 0
302641708 16 6
302641707 10 0
302641706 16 1
302641704 1 15
302641701 2 0
302641699 11 5
302641698 7 6
302641697 7 0
302641695 8 1
302641694 7 0
302641693 7 1
302641692 0 0
302641691 11 6
302641688 9 0
302641687 1 0
302641686 12 0
302641685 7 1
302641683 5 0
302641682 21 0
302641681 0 0
302641680 5 2
302641679 0 0
302641678 3 0
302641677 1261 18
302641676 5 0
302641675 5 7
302641674 9 0
302641673 60 0
302641672 3 5
302641671 12 2
302641670 14 0
302641668 21 0
302641667 23 0
302641664 5 2
302641663 6 0
302641662 2 1
302641660 4 0
302641659 1093 22
302641658 534 4
302641657 1 0
302641656 6 0
302641655 8 3
302641654 11 1
302641653 25 0
302641651 1 0
302641650 3 1
302641649 12 1
302641648 13 0
302641647 6 0
302641646 3 0
302641645 7 0
302641644 3 0
302641643 0 0
302641642 7 2
302641641 1 2
302641639 0 2
302641638 2 0
302641637 13 12
302641636 11 3
302641635 9 9
302641633 10 0
302641632 11 0
302641631 487 5
302641630 1 0
302641629 7 5
302641628 8 0
302641626 5 5
302641625 4 1
302641623 0 2
302641621 3 2
302641620 10 2
302641619 13 1
302641618 1 0
302641616 12 0
302641614 16 5
302641613 4 0
302641612 9 5
302641611 2 0
302641610 1 0
302641609 1 0
302641608 4 1
302641607 1 0
302641606 1 0
302641605 15 0
302641604 9 5
302641603 4 1
302641602 2 0
302641601 0 0
302641600 8 2
302641599 7 0
302641598 211 2
302641597 7 14
302641596 28 2
302641595 7 10
302641594 10 0
302641593 5 3
302641592 3 15
302641591 5 1
302641590 903 10
302641588 7 3
302641587 5 0
302641586 6 3
302641585 13 0
302641584 1 0
302641581 14 2
302641580 1 0
302641579 6 3
302641577 819 5
302641576 1 0
302641575 37 2
302641573 1 1
302641571 4 3
302641570 11 0
302641569 4 0
302641568 7 3
302641567 3 38
302641566 2 0
302641565 1 0
302641563 12 1
302641562 14 1
302641561 7 3
302641560 11 2
302641559 10 30
302641557 17 0
302641556 0 0
302641555 2 1
302641554 14 0
302641553 8 0
302641552 6 1
302641550 12 0
302641549 9 35
302641548 11 2
302641547 14 4
302641546 3 0
302641545 29 1
302641544 25 6
302641543 11 3
302641542 11 0
302641541 6 0
302641539 6 0
302641538 18 1
302641537 21 0
302641536 0 0
302641535 10 0
302641534 1 1
302641533 0 0
302641532 9 61
302641531 18 1
302641529 408 4
302641527 0 0
302641526 2 0
302641525 0 0
302641522 0 0
302641521 0 0
302641520 4 0
302641519 364 32
302641518 11 4
302641517 10 1
302641516 10 5
302641515 35 0
302641514 1 0
302641512 3 0
302641510 0 0
302641508 8 1
302641507 10 0
302641506 24 0
302641504 0 0
302641503 0 0
302641501 7 0
302641500 15 1
302641499 5 4
302641498 605 4
302641497 314 10
302641496 12 1
302641495 8 0
302641494 12 0
302641493 4 0
302641492 0 0
302641491 2124 27
302641490 6 0
302641489 11 0
302641488 5 0
302641485 8 5
302641484 13 0
302641483 1 1
302641482 4 12
302641481 5 1
302641480 14 2
302641479 1 0
302641478 2 0
302641477 7 1
302641476 14 0
302641475 0 0
302641474 8 0
302641472 7 0
302641471 5 3
302641470 7 15
302641468 8 0
302641467 7 0
302641465 9 0
302641464 1 0
302641463 5 0
302641462 5 0
302641461 0 0
302641460 8 4
302641458 13 0
302641457 0 0
302641456 7 5
302641455 3 0
302641454 841 6
302641453 4 1
302641452 4 4
302641450 1 0
302641449 7 0
302641448 6 0
302641447 10 5
302641446 6 4
302641445 6 0
302641443 14 2
302641442 5 10
302641440 11 0
302641439 22 0
302641438 2 10
302641437 2 4
302641434 1 0
302641433 825 16
302641432 1 0
302641431 5 2
302641429 14 0
302641428 2 2
302641425 3 1
302641424 3 0
302641423 5 0
302641422 14 0
302641421 4 2
302641420 6 0
302641419 173 5
302641418 0 0
302641417 39 0
302641416 7 0
302641414 11 2
302641413 8 3
302641412 6 0
302641411 10 0
302641410 6 0
302641409 8 1
302641408 0 0
302641407 10 0
302641405 37 21
302641401 7 6
302641399 15 4
302641398 8 1
302641397 5 6
302641396 5 1
302641395 10 0
302641394 14 0
302641393 5 4
302641392 1 0
302641390 0 1
302641389 9 0
302641387 4 0
302641386 9 0
302641385 1 5
302641384 4 5
302641382 10 0
302641380 2455 21
302641379 14 0
302641378 4 0
302641376 1 1
302641374 3 12
302641373 8 0
302641372 3 86
302641371 16 1
302641368 8 2
302641366 7 1
302641364 16 1
302641363 10 0
302641362 2 3
302641361 1818 5
302641360 0 1
302641358 0 0
302641357 20 1
302641356 4 8
302641355 20 0
302641354 1 0
302641353 14 1
302641352 2 2
302641351 18 0
302641350 16 0
302641349 4 1
302641347 4 0
302641346 8 0
302641345 0 0
302641344 3 3
302641343 0 0
302641340 1 1
302641339 30 0
302641338 10 0
302641336 7 0
302641335 1891 3
302641334 1253 35
302641333 7 3
302641332 226 6
302641330 0 0
302641329 10 1
302641328 5 26
302641327 1 0
302641325 1 1
302641324 17 0
302641323 3 4
302641322 1416 8
302641321 30 8
302641320 3 2
302641318 3 3
302641316 603 6
302641315 2 0
302641314 16 0
302641313 3 5
302641312 6 1
302641311 2 4
302641310 2 0
302641309 4 0
302641308 1 1
302641307 6 1
302641306 7 1
302641305 3 1
302641304 3 7
302641303 2 0
302641302 4 0
302641301 0 0
302641298 20 0
302641297 1 0
302641296 2 0
302641294 6 3
302641292 1 2
302641291 1697 14
302641290 2 0
302641289 0 0
302641288 9 0
302641286 11 1
302641285 0 0
302641284 2 1
302641283 10 2
302641282 4 1
302641280 0 0
302641279 0 0
302641278 1 0
302641277 5 0
302641276 4 0
302641275 5 0
302641274 1 0
302641272 15 0
302641271 8 5
302641270 7 0
302641269 30 2
302641268 20 0
302641267 1205 4
302641266 6 0
302641265 0 0
302641264 5 0
302641263 3 0
302641262 0 1
302641261 10 0
302641260 9 0
302641259 0 0
302641258 4 0
302641256 13 0
302641255 1707 6
302641254 3 0
302641253 7 0
302641252 3 0
302641251 10 1
302641250 10 0
302641249 7 1
302641248 16 1
302641247 11 1
302641246 3 0
302641244 1335 15
302641242 1 0
302641240 0 0
302641239 3 1
302641238 1 0
302641237 14 0
302641236 110 4
302641235 11 0
302641234 4 5
302641231 4 0
302641230 1 0
302641229 1 1
302641228 0 0
302641227 12 0
302641226 2 0
302641225 3 0
302641224 6 1
302641223 2 0
302641221 0 0
302641219 0 0
302641218 2 0
302641217 0 0
302641216 495 5
302641215 8 0
302641214 7 0
302641212 0 0
302641211 4 0
302641209 9 0
302641208 348 3
302641206 1 0
302641205 0 0
302641204 2 0
302641203 0 1
302641202 4 8
302641201 15 0
302641200 0 0
302641199 0 3
302641198 0 0
302641197 1 5
302641195 10 0
302641194 21 0
302641193 17 1
302641192 27 13
302641190 5 0
302641189 13 0
302641188 11 0
302641187 4 3
302641186 11 2
302641185 5 0
302641183 1 0
302641182 6 3
302641181 3 0
302641180 0 0
302641179 4 1
302641178 1 3
302641177 1 0
302641176 11 0
302641173 1 0
302641172 8 0
302641171 1 0
302641168 0 0
302641167 2 0
302641166 8 22
302641165 10 0
302641164 2 0
302641162 7 1
302641161 0 0
302641160 5073 194
302641159 1409 5
302641158 0 0
302641157 3 1
302641156 0 0
302641155 5 0
302641154 6 0
302641153 0 2
302641152 1 9
302641151 10 0
302641150 0 0
302641149 5 1
302641148 10 0
302641147 5 51
302641146 7 1
302641145 523 1
302641143 1 0
302641142 1 0
302641141 8 0
302641139 2 0
302641138 8 0
302641137 0 0
302641135 3 0
302641133 9 0
302641132 0 0
302641131 15 0
302641130 10 0
302641129 6 0
302641128 6 0
302641126 2 2
302641125 5 0
302641124 1214 36
302641123 0 0
302641122 8 0
302641120 2 0
302641119 1 4
302641118 1 19
302641117 6 0
302641116 4 1
302641115 9 0
302641114 3 4
302641113 3 1
302641112 9 1
302641110 0 0
302641109 0 0
302641108 41 21
302641107 1063 56
302641106 8 1
302641104 20 2
302641103 1066 7
302641102 1517 74
302641101 3 0
302641100 0 0
302641099 8 1
302641098 16 0
302641096 6 0
302641095 3 0
302641094 0 0
302641092 777 9
302641091 6 2
302641090 3 0
302641089 1 0
302641088 1 0
302641086 3 3
302641085 0 0
302641084 499 7
302641083 24 1
302641081 9 1
302641080 743 20
302641079 4 2
302641077 8 1
302641076 7 1
302641075 0 2
302641073 0 5
302641072 0 0
302641071 1 0
302641070 12 1
302641069 2 2
302641068 7 0
302641067 12 0
302641066 54 21
302641065 0 0
302641064 9 2
302641063 5 2
302641062 4 0
302641061 8 1
302641060 961 6
302641059 0 0
302641058 0 0
302641055 9 1
302641054 4 4
302641052 3 0
302641051 3 1
302641050 2 1
302641049 3 1
302641048 0 0
302641047 5 2
302641046 1 0
302641045 6 1
302641044 10 0
302641043 804 11
302641042 0 0
302641041 1 0
302641040 2 1
302641039 8 2
302641038 1523 35
302641037 9 4
302641036 5 3
302641035 8 0
302641032 4 0
302641031 592 3
302641030 5 0
302641029 8 3
302641028 38 19
302641027 6 1
302641026 9 1
302641025 11 28
302641024 6 0
302641023 0 1
302641022 2 2
302641021 6 1
302641020 2 1
302641019 8 1
302641018 1 0
302641017 8 0
302641015 1 0
302641014 4 1
302641013 4 1
302641012 0 0
302641011 0 0
302641010 0 0
302641009 1 0
302641008 10 0
302641007 673 2
302641006 4 1
302641005 2 0
302641004 0 1
302641003 2 1
302641002 2 0
302641001 1 0
302641000 1394 17
302640999 11 1
302640998 25 18
302640997 6 0
302640996 0 0
302640995 12 0
302640994 4 1
302640993 2 0
302640992 2 2
302640990 1 55
302640989 0 1
302640988 10 1
302640987 1224 3
302640986 7 3
302640985 1 0
302640984 11 1
302640982 3 0
302640981 144 11
302640979 19 1
302640978 2 0
302640977 0 0
302640976 0 44
302640975 0 0
302640973 7 0
302640972 2 1
302640971 3 2
302640970 4 1
302640969 0 1
302640967 7 0
302640966 0 0
302640965 0 0
302640964 2 3
302640963 4 0
302640962 7 2
302640961 0 0
302640960 2 1
302640959 3 1
302640958 10 0
302640957 8 0
302640956 0 1
302640955 8 3
302640954 15 0
302640953 4 0
302640952 13 1
302640951 12 0
302640950 0 0
302640949 14 58
302640948 4 0
302640947 3 1
302640946 8 0
302640945 6 17
302640944 3 1
302640943 9 5
302640942 3 0
302640940 7 2
302640939 3 2
302640937 3 3
302640936 10 1
302640935 0 0
302640934 6 0
302640933 3 3
302640932 3 3
302640931 6 1
302640929 0 0
302640927 1090 6
302640926 7 0
302640925 0 2
302640924 11 0
302640922 10 0
302640919 3 0
302640918 1801 11
302640917 5 3
302640916 3 1
302640914 5 0
302640913 14 0
302640912 7236 247
302640911 8 0
302640910 4 1
302640909 2 0
302640906 2 4
302640905 9 1
302640904 2 0
302640903 0 0
302640902 16 0
302640901 3 6
302640900 4 5
302640899 4 1
302640898 0 8
302640897 2 5
302640896 4 0
302640895 0 2
302640894 7 14
302640892 0 4
302640891 1 0
302640890 3 4
302640889 6 1
302640888 5 0
302640887 7 4
302640886 6 0
302640885 7 0
302640883 0 0
302640881 1 0
302640880 0 0
302640879 4 4
302640878 6 0
302640877 18 0
302640876 1 0
302640874 12 0
302640873 9 0
302640872 0 0
302640871 8 0
302640870 3 3
302640869 6 0
302640868 2 1
302640867 0 1
302640866 4 0
302640865 5 0
302640864 4 1
302640863 3 1
302640862 4 0
302640861 1 5
302640860 1 0
302640859 0 0
302640858 1 0
302640857 19 0
302640856 0 0
302640855 0 6
302640854 2 1
302640853 2 0
302640852 9 3
302640850 8 1
302640849 3 1
302640848 0 0
302640847 0 0
302640846 11 1
302640845 6 3
302640842 5 0
302640841 4 3
302640840 0 0
302640839 2 11
302640838 7 2
302640837 2 0
302640835 0 0
302640834 3 1
302640833 3 1
302640832 550 7
302640831 2 5
302640830 4 1
302640829 1 2
302640828 3 4
302640827 12 8
302640824 7 6
302640823 2 2
302640822 1 1
302640821 3 0
302640820 0 0
302640819 2 3
302640818 2 0
302640817 0 0
302640816 1 6
302640814 4 3
302640812 0 0
302640809 2 0
302640806 0 0
302640805 5 4
302640803 1 0
302640802 2 2
302640801 0 0
302640798 3 1
302640797 0 0
302640796 12 1
302640794 10 0
302640793 3 2
302640792 7 0
302640790 4 3
302640789 0 0
302640788 2 0
302640787 3 0
302640785 1073 11
302640784 5287 579
302640783 0 0
302640782 1125 20
302640781 0 0
302640780 38 26
302640779 0 0
302640777 0 0
302640776 7 2
302640775 5 0
302640774 0 0
302640773 7 1
302640772 14 0
302640771 4 0
302640770 0 0
302640769 2 0
302640768 0 0
302640767 0 0
302640766 8 2
302640765 1443 15
302640764 9 1
302640763 9 2
302640762 5 0
302640761 2 0
302640759 5 1
302640758 1 0
302640756 0 0
302640754 0 0
302640752 2071 78
302640751 0 0
302640750 5 0
302640748 2 1
302640747 42 25
302640746 784 16
302640745 4 0
302640744 0 0
302640743 0 0
302640742 33 25
302640740 1 0
302640739 7 0
302640738 6 1
302640737 5 2
302640736 0 0
302640734 4 1
302640733 0 0
302640732 1746 36
302640731 6 2
302640730 2 1
302640729 3 1
302640728 1 0
302640727 6 1
302640726 1081 24
302640725 0 0
302640724 3 0
302640723 0 0
302640722 2 1
302640721 2 1
302640720 1487 18
302640719 0 0
302640718 3 1
302640717 14 1
302640714 0 0
302640713 3 0
302640711 3 2
302640709 0 0
302640708 1028 2
302640707 2 4
302640706 3 2
302640705 1 4
302640704 0 0
302640703 345 2
302640702 1 3
302640701 9 2
302640700 6 1
302640699 0 0
302640695 1 0
302640694 711 12
302640693 0 0
302640692 8 3
302640691 5 4
302640690 2 1
302640688 0 0
302640687 3 2
302640686 0 0
302640685 1 0
302640684 2 2
302640682 1 1
302640681 4 0
302640680 5 2
302640677 2084 24
302640676 14 7
302640675 13 0
302640674 5 2
302640673 11 0
302640672 0 0
302640671 2 4
302640670 0 0
302640669 8399 199
302640668 0 0
302640667 940 13
302640666 3 0
302640664 5 2
302640663 10 2
302640662 0 0
302640661 2 3
302640660 0 0
302640658 10 0
302640657 2 4
302640656 7 1
302640655 10 1
302640654 8 0
302640653 4 1
302640652 9 0
302640651 10 0
302640649 6 1
302640648 3157 35
302640647 0 0
302640646 0 0
302640645 2 1
302640644 10 0
302640642 11 0
302640641 3 0
302640639 1514 12
302640638 1 0
302640637 12 6
302640636 8 6
302640635 3 0
302640634 7 0
302640633 2 2
302640632 0 0
302640631 2 0
302640630 0 0
302640629 8 2
302640628 4 0
302640627 3 0
302640626 6 1
302640625 1301 9
302640622 1951 18
302640621 12 0
302640620 5 0
302640619 0 0
302640618 112 39
302640617 8 0
302640616 6595 74
302640615 1372 20
302640614 8 1
302640613 3 2
302640612 8 0
302640611 3 2
302640610 1 1
302640609 28 14
302640608 0 2
302640607 0 0
302640606 8 0
302640605 7 0
302640604 4 0
302640603 4941 37
302640602 889 7
302640601 1 0
302640600 3 0
302640599 5 2
302640596 5 1
302640595 3 0
302640594 3 1
302640593 1 0
302640592 4 4
302640591 14 0
302640590 4 0
302640589 5 0
302640588 6 1
302640587 4 2
302640586 2 0
302640585 3474 20
302640584 30 28
302640583 599 11
302640582 3 1
302640581 5 2
302640580 5 2
302640579 4 1
302640578 10 1
302640577 0 1
302640576 2 10
302640575 9 2
302640574 0 0
302640573 5 1
302640572 1861 5
302640571 1 1
302640570 5 1
302640569 4208 15
302640568 4 1
302640567 6 1
302640566 3 2
302640565 10 0
302640564 2 11
302640563 4 2
302640562 8 0
302640561 3 16
302640560 5 1
302640559 4 2
302640558 3 2
302640557 1 0
302640556 958 4
302640555 7 1
302640554 3454 39
302640553 1 2
302640552 4 1
302640551 1 0
302640550 1 16
302640549 3 1
302640548 9 3
302640547 3 2
302640546 2090 65
302640545 0 0
302640544 1 8
302640543 2 2
302640542 4 0
302640541 1866 240
302640540 5 2
302640539 1 2
302640537 1558 6
302640536 10 1
302640535 648 85
302640534 3 4
302640533 2 0
302640532 0 1
302640531 2 14
302640530 3 1
302640529 1223 15
302640528 4 1
302640527 7 1
302640525 6 1
302640524 3 1
302640523 6 3
302640522 15 1
302640521 16 5
302640520 7 1
302640519 5 1
302640518 0 2
302640517 0 4
302640516 0 17
302640515 3 3
302640512 1801 10
302640511 664 4
302640510 4 1
302640509 4 14
302640508 0 1
302640507 10 1
302640505 1 4
302640504 2 0
302640503 3 11
302640502 0 0
302640501 11 2
302640500 1339 8
302640499 3 0
302640498 1 0
302640497 7 0
302640496 3 0
302640494 5 0
302640493 10 0
302640492 3 1
302640491 2 2
302640490 9 2
302640488 0 0
302640487 3 0
302640485 2 1
302640484 5 1
302640483 0 1
302640482 3 9
302640481 0 0
302640480 4470 26
302640479 4 0
302640478 4 0
302640477 4 0
302640476 0 0
302640475 12 0
302640473 4 3
302640471 2 6
302640470 5 0
302640468 0 0
302640467 4 2
302640465 14 0
302640464 6 0
302640463 0 0
302640462 2 2
302640461 9 1
302640460 0 14
302640459 3 3
302640458 1366 8
302640457 2 1
302640456 7 1
302640455 6 0
302640454 4 3
302640453 2 4
302640452 1 3
302640451 3 4
302640450 0 1
302640449 4 0
302640448 2 0
302640447 5 1
302640446 5 0
302640445 3 1
302640444 3 3
302640442 3 3
302640441 1 0
302640440 18 1
302640439 3 3
302640438 11 1
302640437 4 1
302640436 3 1
302640435 1 0
302640434 990 14
302640432 0 3
302640431 6 0
302640430 3 0
302640429 1 2
302640426 3 1
302640424 0 0
302640422 6 0
302640421 4466 26
302640420 0 0
302640419 1 2
302640417 0 0
302640416 3 1
302640415 0 0
302640414 5 5
302640412 2 1
302640411 3 1
302640410 3 2
302640409 6 4
302640408 5 4
302640407 4 3
302640406 2 4
302640405 1 5
302640404 1136 15
302640403 8 0
302640402 3 5
302640401 1114 5
302640400 5 0
302640399 13 0
302640398 1 0
302640397 6 0
302640396 3 0
302640395 2 6
302640394 9 0
302640393 3 1
302640392 0 0
302640391 10 0
302640390 1466 5
302640389 5 0
302640388 10 0
302640387 9 5
302640386 2 0
302640385 3 0
302640384 0 0
302640383 0 0
302640382 2 0
302640381 7 4
302640380 1 1
302640378 3 1
302640377 1 0
302640376 3 0
302640375 5 1
302640374 1 0
302640373 5 0
302640372 16 2
302640371 2 0
302640370 1 5
302640369 1 0
302640368 0 4
302640366 4 0
302640365 0 0
302640363 4 0
302640362 6 0
302640361 0 0
302640360 8 0
302640358 7 1
302640357 6 0
302640356 5 1
302640355 1 0
302640354 0 1
302640353 9 0
302640352 0 0
302640351 4 1
302640348 5 6
302640346 2 0
302640345 1665 13
302640344 0 0
302640343 2 14
302640342 6 2
302640341 0 2
302640340 7 2
302640338 0 2
302640337 10 1
302640336 2 6
302640335 2 2
302640334 0 1
302640333 7 6
302640332 2 1
302640331 3 0
302640330 1 4
302640329 13 0
302640328 9 2
302640327 8 0
302640326 7 0
302640324 1 0
302640323 2 1
302640322 5070 56
302640321 1 1
302640320 1 0
302640319 3 0
302640318 6 2
302640317 3 0
302640315 0 0
302640314 6 3
302640313 1816 14
302640312 4 0
302640311 0 0
302640310 1 1
302640309 6 4
302640308 2 0
302640307 2 0
302640306 0 0
302640305 4 1
302640304 5 0
302640303 0 0
302640302 1 0
302640301 1 0
302640300 6 0
302640299 6 5
302640298 3 0
302640297 1 4
302640296 0 1
302640295 6 1
302640294 3 4
302640293 3 3
302640292 9772 34
302640290 5 1
302640289 1 2
302640287 0 0
302640286 2 0
302640285 0 0
302640284 0 0
302640283 0 0
302640282 1 1
302640281 0 5
302640280 0 2
302640279 3 1
302640278 12 2
302640277 1 0
302640276 4 0
302640275 4 4
302640274 3 2
302640273 3 1
302640272 0 0
302640269 0 0
302640268 5 0
302640267 0 5
302640266 6 0
302640265 1 0
302640264 0 0
302640263 4 0
302640261 4034 22
302640260 0 0
302640259 1 0
302640258 1 0
302640257 3 1
302640256 0 0
302640255 1379 32
302640253 0 0
302640251 2 0
302640250 0 6
302640249 2 3
302640248 4 0
302640247 8 0
302640246 1 0
302640244 4 0
302640243 0 0
302640242 3 0
302640239 1 0
302640238 0 0
302640237 1 0
302640236 1 0
302640235 2 4
302640234 5 1
302640233 2 0
302640232 1 0
302640229 0 0
302640228 0 1
302640226 1 0
302640225 0 0
302640224 1 6
302640223 1 0
302640221 1 1
302640220 1 1
302640219 0 0
302640218 0 2
302640217 1 0
302640216 1 1
302640215 0 0
302640214 2 0
302640213 0 0
302640212 0 0
302640211 1 1
302640209 3 0
302640208 0 0
