303957777 0 0
303957628 0 0
303957612 0 0
303957598 0 0
303957382 0 0
303956857 0 0
303949851 0 0
303931667 0 0
303931665 0 0
303895857 0 0
303895856 0 0
303860033 0 0
303860032 0 0
303857186 1 0
303836684 2 0
303824783 0 0
303805136 0 0
303799488 0 0
303798195 0 10
303797969 4 1
303796060 8 1
303790428 4 0
303790426 4 0
303745014 0 0
303741171 0 25
303740953 3 0
303736158 2 0
303736154 2 0
303735224 2 0
303735219 6 0
303735212 4 0
303734346 1 0
303734323 2 0
303706985 0 1
303706930 0 0
303672304 1 0
303672044 2 0
303671867 1 0
303671445 10 2
303669910 4 3
303669143 12 0
303663266 3 0
303639267 3 12
303620449 7 0
303583468 2 1
303583216 3 0
303580751 25 1
303580351 2 0
303560054 5 1
303559980 0 0
303538309 4 0
303527369 8 0
303526486 6 0
303526481 3 0
303526475 3 0
303526471 4 2
303498149 21 1
303496815 3 1
303494501 12 0
303446964 4 0
303446957 0 0
303434889 0 0
303412000 8 0
303411996 1 0
303409167 8 0
303325881 7 0
303325644 16 0
303317801 8 0
303317039 5 0
303317035 0 0
303296553 4 0
303251034 0 0
303250272 0 0
303249843 3 0
303247792 32 0
303245173 0 9
303245168 6 15
303164084 30 2
303159430 1 0
303159421 11 12
303154775 2 1
303154771 9 0
303152201 2 0
303150542 4 1
303150231 18 0
303148385 29 0
303148012 30 2
303147998 37 0
303137840 17 1
303137734 5 0
303122891 1 1
303122883 6 0
303122102 3 0
303115441 0 0
303072611 13 0
303070717 17 1
303068641 6 0
303067934 7 0
303060727 6 0
303060624 4 0
303050321 3 0
303049438 2 83
303008194 6 0
302983784 8 0
302979389 8 0
302975262 12 1
302962978 20 0
302932054 14 11
302893331 14 0
302892697 12 0
302883475 19 12
302883422 6 1
302872407 11 0
302817845 10 0
302817661 1 0
302815800 28 2
302815298 0 0
302814439 17 0
302813381 13 14
302813359 1 25
302812596 11 0
302812243 24 2
302809281 12 1
302807085 3 0
302802499 11 0
302797623 0 0
302787490 7 0
302787413 9 2
302776208 0 0
302730753 11 0
302730287 7 17
302726126 18 2
302726120 2 0
302726119 12 0
302724688 17 2
302724662 7 0
302724659 12 0
302724658 4 0
302724656 17 0
302724653 16 1
302724644 1 0
302724638 12 0
302724637 2 0
302724636 14 1
302724631 14 0
302724629 9 0
302724623 15 0
302724613 19 0
302724350 11 0
302678102 27 17
302663426 1 47
302662732 0 1
302662458 17 1
302658155 11 1
302645214 5 2
302642458 12 1
302639001 20 17
302638709 35 0
302637875 8 0
302628030 1 0
302625753 4 37
302622711 26 2
302599398 10 0
302598803 6 0
302598147 14 0
302598132 17 0
302584581 4 0
302582905 0 0
302570605 2 0
302570499 2 0
302570335 3 0
302569921 6 2
302569911 1 6
302555043 16 1
302542999 4 0
302520376 13 0
302510012 18 0
302509253 11 2
302492345 6 0
302490296 1 0
302490024 8 3
302489225 36 0
302488252 0 2
302486312 5 0
302485549 9 52
302485152 16 1
302478847 19 1
302476338 16 1
302454453 54 7
302453876 27 28
302453864 15 3
302440171 24 18
302440161 17 0
302425934 9 3
302424375 0 0
302413661 14 1
302413154 18 1
302412570 4 1
302412440 7 102
302412283 33 2
302411918 56 1
302411798 9 1
302411321 23 0
302411311 13 0
302411150 9 1
302410980 17 1
302409466 32 0
302409441 9 0
302409221 31 1
302408854 9 2
302408269 0 0
302407689 15 1
302407408 21 1
302407364 21 1
302403143 83 0
302403135 16 0
302401354 21 1
302401199 1 88
302400973 2 0
302400589 8 0
302391074 15 1
302383931 3 0
302382095 12 0
302316845 14 1
302315505 10 0
302315124 2 1
302314698 23 0
302314631 7 1
302313840 15 1
302313409 27 0
302313373 10 2
302313361 26 0
302313327 11 1
302313315 8 0
302313238 21 5
302313188 6 0
302313177 31 0
302313156 35 0
302313136 7 0
302309407 17 1
302309199 19 1
302309187 17 0
302308838 3 1
302308833 18 0
302308823 6 0
302308401 13 0
302307238 32 0
302306863 1 0
302305458 5 0
302305080 19 0
302303772 14 0
302297774 7 0
302296434 1 0
302278611 9 0
302277291 15 1
302276824 3 49
302265124 58 2
302264852 27 3
302263909 23 0
302250566 2 1
302249725 15 0
302237689 0 0
302237658 10 2
302237654 26 2
302237271 20 0
302235615 0 0
302233099 14 0
302232028 1 0
302231845 17 0
302231366 35 1
302231006 14 2
302230998 8 1
302230904 4 1
302230767 12 0
302230763 18 0
302229907 60 0
302229529 44 0
302229453 23 1
302229447 29 1
302228550 7 68
302226989 13 0
302225851 0 0
302218338 15 0
302215356 26 3
302215339 34 1
302215202 22 0
302202902 0 0
302194930 10 0
302194925 12 1
302191330 5 0
302190221 36 5
302188914 2 0
302188913 25 3
302181751 16 1
302181587 13 2
302181584 4 1
302181507 12 0
302181506 6 0
302181489 8 0
302181485 25 1
302181399 0 1
302180668 12 0
302180335 4 0
302179452 31 0
302179299 6 0
302179297 25 0
302179196 10 0
302179193 8 1
302178893 23 0
302178212 11 0
302177156 0 0
302175353 39 2
302174950 0 0
302174902 0 0
302174742 17 1
302174418 4 0
302174404 4 0
302174373 6 1
302174372 9 2
302174298 3 0
302174113 0 0
302174065 23 0
302173966 15 0
302173963 5 0
302173806 11 0
302173359 6 69
302172931 7 0
302172727 13 0
302172582 3 0
302172574 6 0
302172565 1 0
302172563 13 1
302172328 0 0
302172190 10 0
302171679 12 1
302171526 6 3
302171523 5 4
302171392 8 0
302163315 15 0
302162448 58 3
302159494 15 0
302143949 10 0
302142654 0 0
302135878 6 0
302135875 6 0
302135517 34 1
302135419 15 0
302135418 15 0
302134867 23 1
302134412 0 0
302125647 6 0
302125070 9 0
302125067 6 0
302125063 19 0
302124868 8 4
302124647 7 0
302124495 39 1
302123364 5 3
302123360 3 0
302123356 6 2
302120761 8 0
302120759 0 0
302120405 0 0
302120263 8 0
302119655 6 0
302119649 0 0
302119482 9 0
302118869 4 0
302114650 27 2
302114590 29 4
302113471 17 1
302112698 20 2
302110602 10 32
302110534 9 68
302109544 9 1
302094242 10 1
302085634 18 3
302085465 13 2
302085122 30 2
302078574 15 2
302077883 15 2
302077845 9 2
302077840 12 1
302077126 21 2
302076859 6 5
302076690 18 6
302074531 11 1
302074440 4 55
302073295 9 1
302072566 0 1
302072474 2 0
302071219 13 2
302070931 24 3
302068878 23 7
302063205 30 5
302055978 6 1
302055304 11 2
302049562 16 1
302049309 1 0
302048761 1 2
302043825 1 0
302040844 10 2
302040707 21 7
302039920 14 3
302035885 14 2
302035503 5 0
302035445 19 1
302035277 6 9
302034353 61 6
302034130 21 0
302034118 21 0
302034109 1 0
302034093 41 4
302034034 1 1
302033961 2 11
302032592 2 2
302032104 4 0
302032096 3 0
302032095 25 3
302031455 13 2
302031365 4 0
302031237 10 0
302031153 17 1
302031047 0 0
302030944 23 0
302030795 0 0
302030793 16 0
302030772 0 0
302030741 4 0
302030248 20 2
302030227 23 0
302029908 7 7
302029666 4 0
302029559 7 0
302029551 36 6
302029525 16 0
302029301 0 0
302028591 0 0
302028446 1 0
302028024 2 0
302028008 4 0
302027903 10 0
302027802 12 5
302027522 5 0
302027156 2 1
302027081 23 2
302026263 1 1
302025992 6 0
302022104 19 1
302021701 13 0
302019344 17 0
302019249 26 5
302017680 9 0
302017674 5 2
302017670 31 1
302017668 3 0
302017665 10 1
302017663 18 1
302017659 23 0
302017644 16 4
302017166 0 0
302016445 39 2
302015049 7 0
302014846 24 7
302006605 33 3
302006585 15 2
302000829 5 1
302000496 3 0
301999716 0 0
301998823 4 0
301976766 13 0
301976741 6 5
301976650 8 22
301976242 15 0
301976047 4 0
301974869 0 0
301973755 32 7
301972480 25 2
301972371 23 3
301972226 2 0
301972220 11 0
301972126 21 0
301972058 16 0
301972053 26 2
301971942 8 61
301971911 0 0
301971906 0 0
301971895 12 1
301971690 25 1
301971683 19 0
301971652 0 0
301971588 7 0
301971562 23 0
301971485 12 2
301971435 2 0
301971397 0 0
301971343 0 0
301971336 16 0
301971300 9 1
301971299 0 1
301971241 0 0
301971180 8 1
301971165 18 2
301971125 7 1
301971108 5 0
301971105 4 0
301971057 9 0
301971052 0 4
301970961 17 2
301970909 0 0
301970513 0 0
301970493 2 0
301970491 31 0
301970486 7 0
301970484 16 2
301970483 11 2
301970468 11 2
301970438 37 2
301970310 12 4
301970294 17 0
301970281 1 1
301970245 13 0
301970239 13 11
301970229 7 0
301970035 11 0
301969993 19 0
301969986 17 0
301969833 0 0
301969830 25 1
301969818 6 85
301969693 7 0
301969601 1 0
301969401 7 49
301969316 2 0
301969290 41 0
301969259 26 3
301969136 0 0
301969086 13 27
301969083 11 2
301969071 21 3
301968559 8 0
301967867 15 1
301967826 12 2
301967821 4 0
301967737 11 3
301967722 0 0
301967706 50 4
301967687 0 0
301967659 0 0
301967646 2 0
301967608 9 0
301967600 10 0
301967563 23 6
301967553 2 0
301967468 20 3
301967423 0 0
301967177 5 0
301967024 13 0
301966937 26 0
301966763 18 0
301966757 8 0
301966752 11 3
301966709 28 0
301966703 1 1
301966697 3 0
301966689 10 0
301966662 14 3
301966492 8 0
301966486 0 0
301966480 16 4
301966455 1 0
301966414 17 2
301966406 35 0
301966372 7 0
301966332 0 0
301966295 6 0
301966292 3 0
301966199 1 0
301966183 26 0
301966126 0 0
301966122 5 0
301966118 8 0
301966117 4 0
301966068 13 4
301965957 12 0
301965921 6 0
301965916 7 0
301965915 3 0
301965914 23 0
301965913 5 0
301965908 0 0
301965907 7 0
301965906 5 0
301965904 4 1
301965901 14 0
301965900 5 0
301965891 17 5
301965888 5 0
301965824 44 3
301965809 14 0
301965796 18 0
301965791 16 0
301965782 6 0
301965764 15 0
301965757 0 0
301965752 11 16
301965718 0 0
301965694 12 0
301965600 1 0
301965386 10 0
301965364 17 1
301965358 28 0
301965333 24 0
301965311 4 0
301965298 5 0
301965292 12 1
301965278 2 2
301965272 11 0
301965263 5 1
301965250 17 5
301965214 2 0
301965167 14 9
301965140 23 6
301965117 5 1
301965090 7 2
301965026 13 0
301964984 6 1
301964978 10 1
301964964 19 4
301964955 19 6
301964939 13 7
301964931 15 0
301964916 21 1
301964899 0 2
301964869 0 0
301964813 8 1
301964701 15 13
301964694 1 0
301964690 10 6
301964683 30 6
301964675 16 4
301964624 4 1
301964559 0 1
301964558 7 2
301964539 14 7
301964535 8 5
301964502 28 1
301964495 4 28
301964489 1 1
301964482 2 29
301964460 0 0
301964439 15 1
301964363 14 0
301964332 13 0
301964302 0 0
301964251 0 0
301964201 0 0
301964165 13 1
301964116 7 0
301964105 34 0
301964101 2 0
301964094 8 3
301964045 25 2
301964044 2 12
301964040 8 0
301964037 2 0
301964035 13 1
301963988 9 2
301963860 7 2
301963859 0 0
301963844 0 0
301963808 13 1
301963798 0 0
301963796 2 0
301963794 7 0
301963792 7 0
301963788 17 0
301963777 5 1
301963769 3 0
301963768 0 0
301963765 4 0
301963764 2 0
301963757 10 1
301963718 20 0
301963614 23 2
301963607 0 0
301963578 17 1
301963565 8 0
301963549 11 1
301963530 3 0
301963443 0 0
301963389 0 0
301963345 0 0
301963342 29 0
301963326 0 0
301963318 5 0
301963288 9 1
301963273 7 2
301963264 16 0
301963232 18 4
301963222 21 0
301963087 13 1
301962992 6 1
301962968 0 0
301962900 3 0
301962862 18 2
301962774 1 0
301962770 1 0
301962660 10 1
301962656 13 2
301962628 13 1
301962600 8 1
301962591 19 0
301962587 3 0
301962584 17 0
301962571 11 0
301962567 2 0
301962564 8 0
301962552 30 0
301962541 13 0
301962523 22 0
301962515 7 0
301962509 7 0
301962498 4 2
301962486 5 0
301962480 12 0
301962476 10 0
301962467 7 0
301962461 5 0
301962458 14 0
301962429 8 0
301962398 4 0
301962361 3 0
301962349 8 0
301962340 9 0
301962266 12 49
301962219 2 0
301962138 10 0
301962116 14 0
301962103 6 0
301962090 11 1
301962056 29 4
301961823 14 0
301961710 5 0
301961613 4 0
301961585 8 0
301961574 7 0
301961558 15 1
301961551 16 2
301961391 19 0
301961328 7 0
301961163 16 2
301961113 2 0
301961062 6 0
301960895 7 0
301960817 0 0
301960795 0 0
301960786 12 0
301960607 1 0
301960598 13 0
301960579 0 0
301960573 14 0
301960566 2 13
301960523 0 0
301960461 5 53
301960431 15 0
301960386 9 0
301960186 18 1
301960019 30 0
301960011 3 15
301960006 5 0
301959971 0 0
301959738 2 0
301959371 8 0
301959368 25 3
301959026 2 0
301958644 22 3
301957474 18 4
301956982 1 0
301956782 63 19
301956378 20 0
301954955 2 0
301954717 20 1
301954708 5 0
301954703 4 78
301954544 7 2
301954530 30 2
301954497 20 1
301954488 4 0
301954485 5 0
301954479 7 0
301954402 6 1
301954368 4 0
301954246 14 6
301954219 0 4
301954190 2 66
301954185 3 0
301954168 5 0
301954108 7 33
301954097 1 12
301954088 3 66
301954048 0 3
301954041 3 0
301954035 8 1
301953949 2 59
301953890 6 51
301953841 41 14
301953835 2 1
301953751 16 0
301953473 14 1
301953466 2 4
301953447 18 0
301953392 8 21
301953388 16 0
301953351 28 1
301953349 4 5
301953343 9 0
301953342 5 2
301953337 35 0
301953311 40 5
301953294 0 3
301953187 2 0
301953162 6 1
301953146 1 64
301953132 13 0
301953128 8 3
301953082 16 0
301953063 0 1
301952939 6 83
301952860 19 2
301952838 2 58
301952721 6 0
301952695 1 5
301952657 2 36
301952630 1 17
301952625 12 0
301952620 0 7
301952575 6 5
301952465 4 0
301952464 2 0
301952422 3 0
301952420 0 5
301952411 24 46
301952402 2 33
301952396 2 0
301952273 2 0
301952248 24 2
301952023 4 2
301952007 3 2
301951838 6 1
301951800 0 6
301951672 0 10
301951413 3 1
301951341 41 4
301951166 8 1
301951151 34 19
301951009 10 0
301950992 10 0
301950835 31 6
301950813 24 5
301950808 14 2
301950658 6 110
301950064 2 55
301949860 23 79
301949853 8 1
301949666 31 2
301949586 16 3
301949452 56 2
301948922 11 1
301947669 3 0
301947616 18 1
301946895 1 2
301945097 5 63
301944258 5 49
301943928 7 1
301943891 4 0
301943855 3 0
301943795 1 7
301943726 0 1
301943594 11 1
301943512 12 0
301943501 5 1
301943497 13 1
301943489 0 5
301943486 7 3
301943478 8 0
301943474 16 5
301943437 0 0
301943372 5 13
301943312 2 0
301943173 5 1
301943060 5 0
301943035 27 2
301942938 3 1
301942907 3 1
301942740 0 18
301942706 0 0
301942653 1 0
301942648 5 59
301942528 7 0
301942513 1 0
301942361 11 0
301942300 17 2
301941941 10 1
301941860 0 0
301941725 17 1
301941560 3 8
301941444 0 0
301941423 0 4
301941317 7 1
301941315 10 0
301941169 10 3
301941156 3 1
301940974 2 0
301940927 15 4
301940810 0 0
301940776 13 0
301940681 0 0
301940628 2 0
301940613 0 0
301940390 13 6
301940382 8 1
301940249 15 1
301939251 34 1
301938782 12 0
301938718 27 4
301938580 2 0
301936664 1 72
301936451 14 0
301936049 1 0
301936019 8 0
301935973 14 1
301935917 0 63
301935835 4 48
301935763 18 0
301935736 10 0
301935638 1 0
301935538 11 0
301935478 9 0
301935457 4 1
301935292 0 5
301935285 0 0
301935229 21 3
301935227 2 1
301935218 33 4
301935191 7 13
301935173 9 0
301935171 2 1
301935035 4 30
301935025 1 16
301934806 0 5
301934761 5 2
301934597 4 1
301934562 19 1
301934543 2 0
301934536 0 3
301934251 10 1
301934133 2 15
301934084 27 1
301933998 4 1
301933992 3 0
301933848 7 0
301933787 2 1
301933740 14 1
301933348 150 1
301933133 3 1
301933114 16 2
301932726 21 2
301931987 6 57
301931111 1 0
301930720 1 0
301928369 15 12
301928251 24 0
301928165 1 0
301927992 10 1
301927981 2 0
301927952 1 0
301927931 4 0
301927758 9 0
301927740 0 10
301927739 3 0
301927684 8 1
301927589 1 0
301927554 9 1
301927450 3 1
301927445 1 0
301927439 2 0
301927435 14 3
301927413 12 0
301927412 0 0
301927411 8 0
301927327 21 3
301927087 20 0
301927046 5 0
301926980 0 0
301926972 4 0
301926923 2 0
301926785 1 0
301926620 0 0
301926566 8 0
301926547 1 0
301926336 12 2
301926317 2 0
301926249 5 1
301926121 1 0
301925941 40 8
301925577 24 5
301925544 21 0
301925521 21 0
301925511 9 1
301925508 30 0
301925491 0 1
301925481 9 0
301925476 0 0
301925471 9 1
301925462 0 0
301925430 5 0
301925402 22 4
301925399 24 0
301925398 6 0
301925394 9 0
301925389 17 0
301925387 0 1
301925375 5 49
301925353 2 0
301925352 1 0
301925341 7 1
301925327 8 1
301925321 26 0
301925231 11 0
301925209 2 0
301925202 4 1
301925196 0 3
301925182 12 0
301925176 2 0
301925173 12 0
301925168 5 1
301925167 9 0
301925163 18 0
301925161 8 0
301925160 19 2
301925131 2 0
301925122 28 0
301925115 7 0
301925114 2 52
301925113 0 22
301925102 3 2
301925101 15 0
301925097 30 0
301925096 7 0
301925095 3 0
301925040 0 2
301925015 767 14
301925013 1 0
301925006 20 12
301924999 29 0
301924998 26 0
301924981 15 1
301924968 0 0
301924958 10 0
301924954 5 8
301924952 28 56
301924948 11 1
301924942 2 1
301924923 16 0
301924860 4 29
301924849 3 1
301924846 29 7
301924845 29 4
301924834 6 0
301924825 9 2
301924816 7 0
301924797 7 0
301924795 27 0
301924788 0 0
301924771 0 0
301924762 1 17
301924748 1 0
301924727 0 7
301924726 0 13
301924724 0 1
301924716 8 0
301924696 2 0
301924666 11 0
301924665 2 0
301924661 10 0
301924657 12 0
301924650 16 4
301924627 3 0
301924606 2 0
301924582 0 4
301924577 7 0
301924576 1 48
301924544 10 0
301924528 9 0
301924527 6 0
301924511 6 3
301924508 7 0
301924502 24 8
301924483 16 4
301924468 14 0
301924463 7 1
301924458 9 0
301924441 0 4
301924418 4 0
301924414 9 31
301924411 2 0
301924408 24 11
301924402 7 0
301924359 0 3
301924336 14 1
301924333 6 0
301924320 0 3
301924312 0 4
301924301 7 0
301924287 2 0
301924255 7 0
301924232 7 0
301924195 0 4
301924193 6 0
301924192 2 0
301924185 9 0
301924167 24 0
301924145 9 0
301924122 2 1
301924077 11 2
301924075 33 3
301924049 19 3
301924023 0 5
301923976 0 0
301923974 8 0
301923953 21 0
301923949 34 1
301923932 4 39
301923927 0 7
301923923 32 2
301923904 4 1
301923895 1 0
301923847 0 0
301923811 31 1
301923804 6 2
301923800 5 0
301923773 3 0
301923766 14 0
301923761 5 0
301923755 9 0
301923749 2 0
301923688 11 0
301923684 17 2
301923659 4 55
301923646 22 3
301923622 1 0
301923600 28 0
301923567 27 0
301923566 4 0
301923559 14 0
301923551 10 0
301923547 8 0
301923538 9 0
301923536 8 0
301923512 18 0
301923482 1 0
301923479 4 0
301923475 16 0
301923471 1 0
301923457 1 1
301923452 3 0
301923451 11 0
301923442 13 2
301923428 3 29
301923422 30 0
301923421 0 1
301923402 3 3
301923371 3 0
301923364 26 0
301923352 0 4
301923349 11 0
301923336 3 27
301923318 11 0
301923314 14 0
301923290 4 0
301923288 5 34
301923279 23 0
301923248 14 3
301923212 11 0
301923162 9 0
301923150 23 1
301923122 8 0
301923110 42 4
301923090 71 2
301923089 19 6
301923079 1 0
301923067 15 3
301923065 6 0
301923055 10 1
301923051 11 0
301923029 5 1
301923005 5 0
301922982 2 0
301922972 19 3
301922940 11 1
301922937 0 0
301922918 1 22
301922910 0 2
301922907 50 0
301922811 5 0
301922781 0 2
301922775 14 2
301922763 23 0
301922657 1 0
301922627 0 2
301922591 10 1
301922584 4 0
301922532 0 0
301922497 6 2
301922494 3 2
301922462 2 1
301922413 2 0
301922405 3 0
301922388 2 1
301922386 2 1
301922381 15 3
301922364 3 1
301922338 12 3
301922321 1 1
301922269 1 1
301922197 8 2
301922182 0 4
301922175 3 1
301922131 2 0
301922080 0 4
301922078 3 1
301922055 3 1
301922046 9 3
301921946 13 1
301921876 2 3
301921860 1 3
301921856 0 3
301921852 0 7
301921826 23 1
301921765 10 1
301921752 5 2
301921750 8 0
301921741 24 1
301921729 0 3
301921690 12 3
301921620 18 1
301921581 12 3
301921482 11 0
301921418 17 3
301921404 6 0
301921386 10 1
301921309 10 1
301921301 0 2
301921244 2 0
301921064 0 2
301920970 12 6
301920934 14 1
301920853 29 0
301920738 0 4
301920734 14 0
301920713 17 1
301920704 10 0
301920703 2 0
301920702 8 0
301920701 8 0
301920700 2 0
301920698 16 2
301920697 1 3
301920695 10 2
301920694 17 0
301920692 30 8
301920690 6 11
301920689 3 41
301920685 12 0
301920681 17 0
301920677 20 0
301920676 10 1
301920673 11 1
301920672 11 0
301920671 12 0
301920670 12 7
301920669 1 58
301920665 2 34
301920664 7 26
301920658 4 1
301920657 21 0
301920656 1 5
301920655 29 0
301920649 7 0
301920648 26 3
301920645 19 0
301920644 0 45
301920643 24 0
301920641 0 5
301920640 1 0
301920639 36 0
301920637 12 0
301920636 11 0
301920634 4 3
301920633 9 0
301920632 11 2
301920631 1 0
301920630 0 3
301920629 0 58
301920625 13 0
301920624 20 0
301920622 10 2
301920620 11 3
301920618 0 1
301920614 2 1
301920613 15 0
301920612 22 2
301920611 4 32
301920610 0 5
301920605 6 0
301920603 23 1
301920602 14 1
301920601 4 35
301920599 2 1
301920597 13 0
301920595 5 1
301920593 9 1
301920592 3 1
301920591 12 0
301920589 1 5
301920586 14 1
301920585 3 0
301920582 18 1
301920578 5 2
301920577 26 0
301920576 6 0
301920573 13 0
301920568 23 0
301920564 1 0
301920558 8 43
301920557 7 30
301920555 5 0
301920553 1 0
301920552 0 0
301920551 0 0
301920550 0 0
301920549 5 52
301920548 0 2
301920547 22 2
301920546 9 33
301920544 5 45
301920543 0 2
301920542 6 1
301920541 11 1
301920538 1 0
301920536 1 0
301920533 3 18
301920529 6 35
301920528 11 3
301920526 15 2
301920523 16 4
301920522 40 5
301920521 9 4
301920520 1 0
301920518 2 0
301920517 16 4
301920515 6 3
301920513 1 2
301920512 2 23
301920508 0 0
301920507 14 4
301920505 16 3
301920502 0 0
301920498 0 0
301920492 0 1
301920491 21 6
301920489 14 2
301920488 7 0
301920487 0 0
301920486 10 1
301920484 2 20
301920483 35 0
301920482 29 1
301920480 5 0
301920475 13 2
301920474 1 0
301920473 3 25
301920472 0 3
301920465 3 0
301920464 2 1
301920462 3 27
301920461 4 0
301920460 8 2
301920459 0 4
301920457 2 0
301920456 8 1
301920454 1 0
301920453 19 46
301920452 5 20
301920450 8 0
301920445 0 1
301920444 14 20
301920443 9 4
301920442 9 4
301920441 0 0
301920440 0 2
301920438 11 2
301920437 0 0
301920435 0 0
301920434 0 0
301920433 21 2
301920432 1 3
301920430 9 1
301920429 22 3
301920427 9 18
301920426 0 0
301920424 22 3
301920423 13 2
301920420 1 21
301920418 0 0
301920415 16 1
301920413 5 24
301920410 17 0
301920409 2 36
301920407 6 21
301920403 0 0
301920402 20 3
301920401 0 0
301920400 3 0
301920399 14 2
301920398 9 1
301920393 6 38
301920390 10 3
301920389 2 22
301920387 10 0
301920384 6 26
301920383 9 1
301920382 23 0
301920378 2 1
301920376 11 0
301920373 3 2
301920370 12 6
301920369 5 40
301920368 13 0
301920367 12 6
301920366 19 5
301920364 3 10
301920361 19 5
301920360 9 1
301920359 4 0
301920357 0 0
301920353 15 5
301920352 12 21
301920351 1 3
301920349 0 1
301920347 19 21
301920346 60 7
301920343 12 1
301920341 5 0
301920338 0 0
301920337 5 28
301920336 1 0
301920335 11 0
301920334 3 0
301920332 4 4
301920331 16 4
301920330 14 2
301920329 0 0
301920326 23 2
301920325 24 5
301920323 12 53
301920322 5 43
301920321 0 2
301920318 4 0
301920317 12 0
301920316 0 0
301920315 2 1
301920313 6 48
301920310 0 0
301920309 4 14
301920306 0 0
301920305 3 0
301920303 15 0
301920302 16 0
301920301 1 22
301920300 18 0
301920299 0 0
301920298 6 1
301920296 10 3
301920293 4 56
301920292 8 0
301920290 0 0
301920289 0 0
301920287 6 0
301920286 4 0
301920284 6 0
301920283 0 0
301920281 0 2
301920279 1 0
301920278 0 0
301920277 8 48
301920275 2 0
301920272 0 3
301920271 0 3
301920270 3 2
301920269 0 4
301920267 1 0
301920266 5 1
301920264 75 1
301920263 16 8
301920262 12 41
301920261 19 1
301920260 7 0
301920258 4 0
301920257 12 2
301920252 4 31
301920249 9 4
301920248 19 1
301920247 0 1
301920245 2 0
301920244 10 21
301920243 11 2
301920242 0 0
301920241 22 2
301920237 12 4
301920236 1 0
301920234 0 0
301920233 10 0
301920231 0 0
301920230 0 0
301920229 0 0
301920228 0 0
301920226 6 0
301920224 16 1
301920223 5 37
301920222 10 2
301920221 13 0
301920220 14 1
301920219 0 0
301920218 3 0
301920217 27 51
301920216 0 0
301920215 15 0
301920213 0 0
301920212 10 0
301920211 0 1
301920210 4 0
301920208 12 1
301920207 4 0
301920205 0 0
301920204 1 0
301920203 4 3
301920202 3 0
301920200 13 0
301920199 7 0
301920195 8 0
301920194 0 0
301920193 0 0
301920192 0 0
301920191 12 0
301920189 20 2
301920188 16 0
301920187 0 1
301920186 27 0
301920185 1 2
301920184 7 0
301920183 0 0
301920182 3 60
301920181 4 1
301920180 0 0
301920179 5 3
301920178 3 52
301920177 27 21
301920176 12 0
301920175 4 1
301920174 14 0
301920173 20 2
301920172 0 0
301920171 6 0
301920170 17 1
301920168 0 2
301920167 9 0
301920165 7 1
301920161 4 0
301920159 13 3
301920158 2 0
301920155 3 0
301920154 1 0
301920153 16 2
301920152 5 0
301920151 8 0
301920150 19 0
301920149 2 0
301920148 13 2
301920147 0 0
301920146 5 0
301920145 12 26
301920144 5 0
301920143 19 0
301920142 17 1
301920141 6 1
301920138 0 2
301920137 0 0
301920136 8 0
301920135 6 0
301920134 1 0
301920132 1 0
301920131 0 0
301920130 7 0
301920127 35 1
301920124 2 61
301920123 0 0
301920122 20 3
301920121 1 2
301920118 2 0
301920117 1 25
301920114 1 0
301920113 14 1
301920112 9 1
301920111 22 11
301920110 24 1
301920109 3 1
301920108 0 0
301920104 11 0
301920103 4 0
301920101 1 0
301920100 22 0
301920099 4 0
301920097 7 0
301920096 21 0
301920094 0 2
301920092 5 0
301920084 3 0
301920082 1 1
301920081 6 1
301920079 0 0
301920078 8 2
301920077 4 3
301920075 5 0
301920073 1 17
301920072 11 2
301920071 3 46
301920070 3 13
301920068 0 0
301920064 4 1
301920063 4 0
301920062 8 0
301920061 0 1
301920060 4 1
301920059 5 1
301920058 3 1
301920057 2 63
301920056 11 2
301920054 4 1
301920053 10 84
301920051 4 3
301920050 1 47
301920049 6 2
301920048 1 1
301920047 5 2
301920046 0 1
301920045 5 17
301920041 5 2
301920040 0 3
301920039 12 0
301920037 3 42
301920035 9 2
301920034 14 2
301920032 8 1
301920031 0 1
301920030 0 2
301920029 8 63
301920028 17 0
301920027 5 0
301920025 3 37
301920023 1 3
301920022 0 0
301920021 5 1
301920019 8 0
301920018 5 0
301920016 0 2
301920014 0 0
301920013 10 0
301920012 0 0
301920009 11 0
301920008 1 1
301920006 0 0
301920003 1 0
301920002 5 14
301920001 6 0
301920000 0 0
301919999 15 0
301919997 0 0
301919995 10 1
301919993 1 1
301919990 2 4
301919989 0 0
301919988 1 0
301919987 15 0
301919986 3 1
301919985 19 8
301919983 17 6
301919981 4 0
301919980 3 0
301919978 4 1
301919977 3 0
301919976 1 57
301919974 0 1
301919973 5 3
301919971 10 0
301919970 1 0
301919962 8 1
301919961 2 0
301919959 0 0
301919958 8 0
301919956 2 0
301919954 1 0
301919951 10 43
301919950 7 0
301919949 9 0
301919948 2 0
301919947 6 0
301919946 0 0
301919945 7 0
301919944 3 0
301919943 0 1
301919942 3 0
301919940 4 12
301919939 0 0
301919937 0 1
301919936 35 5
301919935 1 0
301919934 0 0
301919931 33 0
301919930 0 1
301919929 0 0
301919928 0 1
301919925 0 1
301919923 3 1
301919922 2 0
301919921 24 15
301919920 6 0
301919917 25 12
301919916 3 0
301919915 1 42
301919913 12 0
301919911 4 0
301919910 23 1
301919909 0 0
301919907 0 0
301919906 3 0
301919905 13 1
301919903 6 0
301919902 0 0
301919901 3 6
301919900 3 0
301919899 14 6
301919898 2 0
301919897 0 9
301919896 0 2
301919895 10 0
301919893 18 0
301919892 4 1
301919891 0 0
301919889 0 0
301919886 17 6
301919885 0 12
301919884 3 0
301919883 2 0
301919882 14 0
301919881 2 0
301919880 7 0
301919879 7 0
301919878 2 0
301919877 1 0
301919875 7 0
301919874 2 4
301919873 0 3
301919872 0 0
301919870 5 1
301919864 15 6
301919863 2 1
301919862 1 0
301919860 16 0
301919859 0 0
301919858 11 0
301919857 15 1
301919855 0 1
301919854 0 2
301919853 2 0
301919852 8 0
301919851 4 2
301919850 3 3
301919848 2 0
301919845 16 0
301919844 4 2
301919842 0 12
301919841 6 0
301919839 3 6
301919837 5 5
301919836 0 4
301919835 9 1
301919834 4 2
301919833 4 1
301919832 50 1
301919831 19 9
301919830 8 1
301919829 15 2
301919828 1 0
301919826 1 0
301919824 1 0
301919822 0 0
301919821 1 0
301919820 9 0
301919817 21 5
301919815 15 1
301919814 3 9
301919813 12 0
301919812 3 1
301919811 0 0
301919809 1 0
301919808 7 0
301919807 13 0
301919805 16 0
301919803 1 0
301919802 5 0
301919801 2 1
301919800 0 0
301919799 6 0
301919798 2 0
301919797 11 2
301919796 0 0
301919795 4 2
301919794 5 3
301919793 1 0
301919792 0 0
301919790 3 1
301919789 4 0
301919788 3 1
301919787 2 0
301919786 0 0
301919785 2 0
301919784 1 0
301919783 0 0
301919782 7 0
301919781 10 0
301919780 0 0
301919779 7 0
301919777 2 0
301919776 3 0
301919774 9 2
301919773 21 6
301919771 9 1
301919770 2 12
301919769 2 0
301919768 12 0
301919767 1 14
301919766 0 1
301919763 7 0
301919762 6 0
301919761 13 2
301919758 20 1
301919755 15 0
301919754 2 0
301919752 6 0
301919751 3 1
301919750 20 1
301919748 0 0
301919747 0 0
301919746 1 1
301919745 1 29
301919744 0 0
301919742 2 2
301919741 7 5
301919739 5 1
301919738 18 1
301919737 0 0
301919735 0 0
301919734 0 3
301919733 0 3
301919732 0 1
301919731 4 55
301919730 0 0
301919728 6 1
301919723 28 5
301919721 12 3
301919719 4 0
301919718 10 0
301919717 3 0
301919714 0 0
301919713 14 1
301919712 0 0
301919711 8 1
301919707 3 7
301919706 10 0
301919705 6 0
301919701 0 0
301919700 9 0
301919699 2 1
301919698 11 2
301919697 8 0
301919696 0 0
301919695 5 3
301919694 18 0
301919690 0 2
301919688 12 0
301919685 18 7
301919684 0 0
301919682 0 0
301919681 0 0
301919679 2 1
301919678 2 0
301919676 2 4
301919675 13 0
301919673 0 0
301919672 0 0
301919671 3 24
301919670 1 0
301919669 10 0
301919668 3 0
301919667 4 1
301919664 2 1
301919663 0 0
301919662 0 0
301919661 190 6
301919659 1 5
301919658 7 1
301919657 1 25
301919656 0 3
301919655 0 18
301919654 5 0
301919653 10 0
301919652 2 0
301919651 1 0
301919650 3 1
301919649 10 1
301919648 19 8
301919647 2 67
301919646 0 0
301919644 11 3
301919643 1 0
301919641 5 4
301919640 0 0
301919639 0 0
301919637 9 5
301919636 10 17
301919635 0 1
301919634 0 0
301919633 11 0
301919632 0 0
301919631 0 0
301919630 0 0
301919629 0 7
301919628 0 0
301919627 3 1
301919626 15 0
301919625 0 0
301919624 2 60
301919623 7 0
301919622 10 3
301919621 1 0
301919619 6 77
301919618 3 24
301919617 0 23
301919616 18 1
301919615 17 1
301919613 5 1
301919612 0 0
301919611 0 0
301919609 0 0
301919608 0 0
301919607 11 0
301919606 12 0
301919605 0 0
301919604 0 0
301919599 0 0
301919597 7 1
301919596 1 1
301919594 11 0
301919593 0 3
301919592 0 0
301919590 33 8
301919589 24 0
301919588 5 0
301919587 6 0
301919586 6 0
301919583 0 0
301919582 2 25
301919581 2 0
301919580 0 1
301919579 0 0
301919578 7 7
301919577 0 2
301919575 36 3
301919574 0 0
301919573 1 0
301919572 6 0
301919571 16 1
301919569 4 0
301919567 0 2
301919566 0 1
301919565 0 1
301919564 0 5
301919562 1 5
301919561 3 1
301919560 7 0
301919558 5 29
301919557 2 0
301919556 4 0
301919555 2 0
301919553 2 1
301919552 7 0
301919551 2 0
301919549 4 0
301919547 0 0
301919546 2 88
301919545 24 2
301919544 3 0
301919543 7 0
301919541 14 0
301919539 8 0
301919537 0 0
301919536 10 0
301919535 21 15
301919532 13 1
301919531 2 0
301919530 4 0
301919529 0 0
301919528 8 1
301919527 3 0
301919526 3 0
301919525 3 0
301919524 11 0
301919523 11 3
301919522 1 0
301919520 0 1
301919519 0 0
301919518 0 2
301919517 1 0
301919516 9 0
301919514 4 0
301919513 1 2
301919511 0 0
301919510 5 19
301919509 0 0
301919508 0 1
301919507 4 18
301919506 4 0
301919505 0 0
301919504 0 0
301919503 4 17
301919502 0 0
301919501 3 2
301919500 6 0
301919499 3 19
301919497 1 0
301919495 0 0
301919494 12 0
301919492 7 0
301919490 5 17
301919488 28 2
301919487 6 70
301919484 0 1
301919483 9 0
301919482 0 0
301919481 2 0
301919480 3 16
301919479 1 0
301919477 0 0
301919476 8 1
301919474 1 0
301919473 3 0
301919472 14 1
301919471 0 0
301919470 2 17
301919467 40 12
301919466 13 0
301919464 6 0
301919463 0 0
301919456 3 12
301919455 21 3
301919453 0 0
301919452 8 1
301919450 5 56
301919449 28 9
301919448 0 0
301919447 0 0
301919446 8 0
301919445 7 4
301919443 14 5
301919440 0 0
301919439 2 58
301919438 2 1
301919437 0 0
301919436 1 1
301919435 0 3
301919434 2 0
301919433 2 55
301919432 0 10
301919429 3 1
301919428 2 1
301919427 11 0
301919426 3 0
301919425 19 14
301919424 5 0
301919423 2 0
301919422 1 0
301919421 12 1
301919419 11 0
301919418 1 1
301919417 1 1
301919416 2 0
301919415 8 0
301919414 4 53
301919413 6 1
301919411 17 6
301919410 5 0
301919409 7 10
301919408 14 4
301919407 8 0
301919406 12 1
301919405 1 0
301919404 9 0
301919403 3 68
301919402 8 13
301919399 0 7
301919397 2 17
301919396 1 5
301919395 1 1
301919394 13 6
301919393 8 18
301919391 1 4
301919390 2 0
301919389 23 1
301919388 2 0
301919386 10 0
301919384 1 2
301919383 0 4
301919382 12 0
301919381 1 0
301919380 6 4
301919379 1 0
301919378 2 0
301919376 1 0
301919375 8 0
301919374 1 2
301919373 0 0
301919372 3 19
301919370 6 0
301919368 11 0
301919367 0 2
301919365 0 0
301919362 2 5
301919360 7 0
301919358 4 0
301919357 25 1
301919356 1 0
301919355 4 0
301919353 1 2
301919352 2 0
301919351 1 0
301919344 0 3
301919343 10 1
301919342 4 73
301919341 0 0
301919338 0 0
301919337 17 6
301919336 3 3
301919334 13 2
301919333 0 0
301919332 2 0
301919331 6 1
301919329 0 11
301919326 7 0
301919324 1 0
301919322 0 3
301919321 12 1
301919319 2 5
301919317 11 1
301919315 2 1
301919314 25 1
301919313 12 1
301919311 20 3
301919310 16 1
301919309 1 0
301919308 18 0
301919307 0 0
301919306 14 2
301919305 0 0
301919302 5 1
301919300 2 0
301919298 0 0
301919294 6 1
301919293 6 4
301919292 1 1
301919290 0 17
301919288 14 1
301919287 2 0
301919286 1 0
301919284 9 0
301919283 9 3
301919280 3 1
301919278 0 0
301919275 5 3
301919271 11 7
301919269 1 0
301919268 1 7
301919264 15 4
301919263 1 0
301919262 0 6
301919261 13 1
301919260 6 2
301919259 7 3
301919258 9 1
301919257 9 2
301919256 0 2
301919255 0 0
301919254 2 6
301919253 13 2
301919252 2 2
301919251 5 14
301919250 2 1
301919247 0 1
301919246 0 9
301919245 1 1
301919244 2 1
301919243 0 0
301919242 0 1
301919236 1 0
301919233 0 0
301919232 1 0
301919231 1 0
301919227 0 3
301919226 0 31
301919225 2 0
301919224 0 3
301919222 6 3
301919220 3 1
301919219 0 4
301919218 1 38
301919217 8 3
301919216 11 0
301919215 19 0
301919214 1 0
301919212 8 0
301919211 3 22
301919210 13 5
301919206 1 2
301919197 2 0
301919196 12 1
301919194 11 4
301919192 2 31
301919190 7 1
301919189 6 2
301919187 17 3
301919186 6 42
301919184 3 0
301919180 0 0
301919178 12 4
301919177 7 36
301919175 2 1
301919174 14 1
301919172 8 13
301919171 5 1
301919169 0 0
301919168 0 0
301919167 3 0
301919166 3 0
301919165 3 1
301919163 3 1
301919161 1 8
301919159 0 0
301919158 1 1
301919157 0 30
301919156 1 0
301919154 2 2
301919153 2 0
301919151 17 2
301919149 13 3
301919148 11 0
301919147 11 2
301919146 5 1
301919145 0 1
301919144 2 2
301919142 16 2
301919141 4 32
301919139 5 36
301919138 0 1
301919137 1 0
301919135 2 0
301919133 15 3
301919132 7 1
301919130 17 7
301919129 1 7
301919128 0 0
301919127 14 1
301919124 7 0
301919123 0 0
301919121 8 0
301919120 2 1
301919119 1 1
301919118 0 0
301919117 2 0
301919116 12 4
301919115 7 0
301919114 1 28
301919113 6 12
301919112 5 2
301919111 6 1
301919110 27 4
301919109 5 0
301919107 11 2
301919106 6 0
301919105 10 1
301919104 4 0
301919103 11 1
301919102 5 0
301919101 38 2
301919100 11 0
301919099 9 1
301919098 12 1
301919097 4 1
301919096 3 1
301919095 1 7
301919094 4 1
301919093 26 1
301919092 0 0
301919091 5 1
301919090 2 0
301919089 7 1
301919088 13 1
301919086 8 0
301919085 0 0
301919084 6 0
301919083 7 1
301919081 5 1
301919080 4 1
301919079 0 0
301919077 1 0
301919076 1 0
301919075 15 1
301919074 0 0
301919073 2 4
301919072 10 3
301919069 4 27
301919067 12 1
301919066 1 0
301919065 11 28
301919064 0 0
301919063 3 0
301919062 7 1
301919061 6 21
301919060 2 0
301919059 8 1
301919058 5 1
301919057 4 19
301919056 7 2
301919055 7 1
301919054 5 0
301919053 2 0
301919052 13 0
301919051 5 0
301919050 14 2
301919049 4 1
301919048 17 3
301919047 5 0
301919046 2 2
301919045 0 0
301919044 30 2
301919043 1 2
301919042 3 2
301919041 5 42
301919040 13 2
301919039 0 5
301919038 13 3
301919037 2 0
301919036 4 2
301919035 3 9
301919034 3 2
301919033 3 2
301919032 3 1
301919031 7 2
301919030 6 1
301919027 3 1
301919026 13 3
301919025 4 1
301919024 6 28
301919023 2 0
301919022 4 0
301919021 4 1
301919020 1 19
301919019 9 0
301919018 5 1
301919017 3 1
301919016 5 1
301919015 14 3
301919014 6 0
301919013 1 0
301919012 2 0
301919010 5 1
301919007 3 1
301919006 0 15
301919005 2 1
301919004 8 2
301919003 17 1
301919002 15 2
301919001 0 2
301918999 22 17
301918998 6 1
301918997 2 0
301918995 7 2
301918994 12 0
301918993 2 0
301918992 9 0
301918991 2 0
301918990 7 1
301918989 13 1
301918988 2 2
301918987 0 1
301918985 5 2
301918984 4 0
301918983 1 0
301918982 4 1
301918981 0 0
301918980 1 0
301918979 7 0
301918978 15 0
301918977 8 0
301918976 1 0
301918975 0 5
301918974 6 0
301918973 3 1
301918971 6 2
301918970 2 0
301918969 2 1
301918968 3 0
301918967 6 0
301918966 1 0
301918965 20 4
301918964 20 2
301918963 7 1
301918962 14 0
301918960 4 1
301918959 15 1
301918958 1 0
301918957 18 6
301918955 18 1
301918954 11 2
301918952 7 0
301918951 11 1
301918950 8 11
301918949 0 3
301918947 4 0
301918946 4 0
301918945 0 0
301918944 9 0
301918943 4 0
301918942 4 0
301918941 15 0
301918940 0 0
301918939 2 0
301918938 3 0
301918936 5 2
301918935 0 0
301918934 25 2
301918933 3 0
301918932 6 1
301918931 1 0
301918930 16 4
301918929 0 0
301918928 6 16
301918927 5 1
301918926 4 1
301918925 0 0
301918924 3 0
301918923 7 0
301918922 13 5
301918921 0 0
301918920 4 1
301918919 11 16
301918917 0 0
301918916 0 0
301918915 3 1
301918913 3 12
301918912 5 1
301918911 10 0
301918910 9 1
301918909 6 1
301918908 9 0
301918907 5 1
301918906 8 1
301918905 6 1
301918904 2 50
301918903 2 0
301918902 14 10
301918901 0 0
301918900 1 0
301918899 3 1
301918898 11 6
301918897 9 2
301918896 3 0
301918895 1 0
301918894 2 0
301918893 6 11
301918892 0 0
301918891 7 7
301918889 1 0
301918887 11 6
301918886 3 10
301918885 0 0
301918883 14 2
301918882 16 2
301918881 6 2
301918880 17 4
301918878 1 0
301918877 8 0
301918876 11 2
301918875 8 3
301918874 0 0
301918873 8 3
301918872 12 2
301918871 2 0
301918870 2 0
301918869 19 3
301918868 3 47
301918867 18 0
301918866 7 0
301918865 13 2
301918864 18 0
301918863 16 2
301918862 7 0
301918861 16 3
301918860 10 1
301918859 2 0
301918858 2 0
301918857 1 0
301918856 15 4
301918855 13 1
301918854 1 0
301918852 17 1
301918851 2 0
301918849 0 0
301918848 3 0
301918847 4 0
301918845 4 0
301918844 4 0
301918843 4 0
301918842 12 0
301918841 2 0
301918840 5 1
301918839 13 1
301918838 0 0
301918837 11 0
301918836 0 0
301918834 2 0
301918832 4 39
301918831 9 1
301918830 3 0
301918829 12 1
301918828 4 0
301918826 1 0
301918825 13 15
301918824 12 1
301918822 0 2
301918821 7 4
301918820 10 4
301918819 8 23
301918818 12 2
301918817 2 0
301918814 0 1
301918813 12 1
301918812 8 1
301918811 32 2
301918806 1 0
301918805 18 4
301918804 2 0
301918803 33 0
301918802 5 14
301918801 10 1
301918800 1 0
301918799 3 0
301918798 9 1
301918797 30 2
301918796 6 8
301918795 0 0
301918794 2 0
301918793 2 0
301918791 10 0
301918790 5 0
301918789 6 1
301918787 1 1
301918786 1 2
301918785 0 0
301918784 13 0
301918783 4 0
301918782 13 1
301918781 6 0
301918779 17 1
301918778 3 1
301918777 9 0
301918776 14 0
301918775 5 0
301918774 2 0
301918773 6 0
301918772 12 2
301918771 2 0
301918770 15 1
301918769 3 0
301918768 12 0
301918767 15 0
301918766 3 0
301918764 2 0
301918762 7 0
301918761 19 0
301918760 9 6
301918759 6 0
301918758 22 1
301918757 15 4
301918755 2 0
301918754 10 1
301918753 10 1
301918752 8 0
301918751 11 0
301918747 6 1
301918746 2 0
301918745 6 0
301918744 7 0
301918743 2 0
301918742 20 4
301918741 6 1
301918738 2 0
301918736 0 4
301918735 4 0
301918734 4 0
301918733 7 0
301918731 4 1
301918730 9 2
301918729 1 0
301918728 8 0
301918726 15 3
301918725 5 1
301918724 22 3
301918722 4 0
301918720 1 30
301918718 4 0
301918717 12 2
301918716 0 0
301918715 0 2
301918714 14 0
301918713 12 2
301918711 2 0
301918710 4 0
301918707 8 26
301918705 1 0
301918703 1 5
301918702 12 3
301918701 15 2
301918699 18 2
301918697 8 0
301918696 3 0
301918695 8 0
301918694 8 1
301918693 3 1
301918692 3 1
301918691 2 2
301918690 2 2
301918689 0 2
301918688 7 2
301918686 12 3
301918685 7 1
301918683 0 5
301918682 3 0
301918681 2 2
301918680 2 0
301918678 4 1
301918676 12 0
301918675 12 0
301918674 5 0
301918673 5 1
301918671 34 4
301918670 14 3
301918669 1 0
301918666 3 0
301918663 22 2
301918662 3 17
301918661 11 0
301918660 11 1
301918658 7 2
301918657 1 0
301918656 1 5
301918655 22 2
301918652 7 1
301918650 3 0
301918648 2 0
301918646 25 5
301918645 11 0
301918644 6 0
301918643 0 0
301918642 0 0
301918641 5 0
301918640 24 1
301918639 1 8
301918636 5 6
301918634 0 2
301918633 0 4
301918632 34 3
301918631 0 27
301918630 7 1
301918629 8 2
301918628 2 0
301918627 12 1
301918626 5 0
301918625 18 2
301918624 18 0
301918623 14 0
301918622 2 0
301918621 0 0
301918620 13 1
301918619 110 2
301918618 3 0
301918617 5 0
301918616 1 1
301918615 0 1
301918614 4 0
301918612 0 0
301918611 3 1
301918610 18 2
301918608 8 1
301918607 6 40
301918606 10 0
301918605 2 16
301918603 25 6
301918602 17 2
301918601 18 0
301918600 14 2
301918599 1 0
301918598 0 7
301918597 1 0
301918596 3 1
301918595 2 3
301918594 16 0
301918593 1 0
301918591 20 3
301918588 0 0
301918585 16 2
301918584 38 5
301918583 0 3
301918582 8 2
301918581 8 0
301918580 1 0
301918579 0 7
301918577 0 3
301918576 11 1
301918575 1 0
301918574 3 0
301918573 0 0
301918572 16 1
301918571 1 0
301918570 0 7
301918569 14 1
301918568 24 0
301918567 9 0
301918566 6 0
301918565 66 2
301918564 13 0
301918563 8 2
301918562 12 2
301918561 11 1
301918560 9 26
301918559 9 6
301918558 7 1
301918556 16 3
301918555 7 0
301918554 10 2
301918552 19 3
301918551 8 1
301918550 9 1
301918549 3 28
301918546 4 0
301918544 18 1
301918543 16 2
301918540 4 0
301918539 5 5
301918537 9 0
301918536 9 0
301918534 12 7
301918533 28 4
301918532 1 2
301918531 3 0
301918530 7 0
301918528 3 1
301918526 6 5
301918524 10 0
301918523 10 1
301918522 972 7
301918521 2 0
301918520 20 0
301918519 2 0
301918518 19 0
301918517 1 1
301918515 418 6
301918514 6 0
301918512 12 3
301918511 14 0
301918510 10 2
301918509 1 0
301918508 15 0
301918507 6 0
301918506 2 25
301918505 1 0
301918504 3 15
301918503 18 1
301918502 1 3
301918501 7 1
301918500 17 2
301918498 8 0
301918497 5 0
301918496 17 0
301918495 0 1
301918494 3 28
301918493 11 2
301918492 13 0
301918491 9 1
301918489 0 1
301918488 16 1
301918487 3 0
301918484 11 0
301918483 8 0
301918482 3 0
301918481 10 0
301918479 10 0
301918478 1 0
301918477 5 0
301918476 4 0
301918475 8 0
301918474 5 0
301918473 1 22
301918472 1 1
301918471 0 0
301918470 0 0
301918468 387 5
301918467 6 0
301918466 20 3
301918465 1 0
301918464 0 0
301918463 2 17
301918462 14 1
301918461 19 5
301918460 4 0
301918459 5 2
301918458 0 3
301918457 1 0
301918456 9 2
301918454 9 1
301918452 6 0
301918451 17 0
301918450 46 29
301918449 3 0
301918448 0 18
301918447 4 0
301918446 9 0
301918445 3 1
301918443 5 0
301918442 5 0
301918441 1 9
301918440 4 0
301918439 4 0
301918437 2 1
301918436 5 0
301918435 683 8
301918434 0 6
301918432 7 0
301918431 4 0
301918430 244 4
301918429 3 29
301918428 6 0
301918426 1 0
301918425 4 0
301918424 3 0
301918423 6 10
301918422 3 0
301918421 1 0
301918420 6 1
301918419 11 1
301918418 2 0
301918417 21 0
301918415 2 3
301918414 1 0
301918413 1 0
301918411 1 0
301918410 12 1
301918409 6 0
301918408 21 0
301918407 12 0
301918406 2 0
301918405 3 0
301918403 201 5
301918402 5 0
301918401 5 0
301918400 0 0
301918399 3 46
301918398 2 0
301918397 1 0
301918396 4 0
301918394 31 0
301918393 3 26
301918392 13 0
301918391 0 0
301918390 0 2
301918389 14 1
301918388 3 6
301918387 0 1
301918386 4 0
301918385 18 0
301918384 7 0
301918383 0 0
301918381 8 0
301918380 9 0
301918379 34 1
301918376 13 0
301918375 5 2
301918374 2 0
301918373 1 0
301918372 2 0
301918371 34 1
301918370 2 0
301918369 1 0
301918368 6 3
301918367 2 0
301918366 14 0
301918365 10 0
301918363 4 0
301918362 5 0
301918361 4 0
301918360 3 0
301918359 18 1
301918358 3 0
301918357 5 45
301918356 0 3
301918355 11 0
301918353 19 3
301918351 10 0
301918350 0 0
301918349 8 0
301918348 21 0
301918347 8 0
301918346 3 28
301918345 0 0
301918342 11 3
301918341 19 1
301918340 13 0
301918339 0 40
301918338 15 0
301918337 5 0
301918336 4 0
301918335 5 0
301918334 0 0
301918333 5 16
301918331 14 2
301918329 1 0
301918328 0 30
301918327 492 7
301918326 16 0
301918325 3 0
301918324 4 0
301918323 15 13
301918322 3 0
301918321 2 37
301918320 17 5
301918319 3 0
301918318 12 0
301918317 3 11
301918316 18 2
301918315 11 1
301918314 0 1
301918313 1 31
301918310 14 0
301918309 6 0
301918308 3 0
301918307 11 0
301918306 1 0
301918305 0 0
301918304 2 0
301918303 13 1
301918302 3 0
301918301 20 0
301918300 13 1
301918299 3 0
301918298 2 0
301918297 4 0
301918296 0 41
301918294 2 0
301918293 30 1
301918288 21 2
301918287 12 4
301918285 0 1
301918284 4 39
301918282 17 0
301918281 1 68
301918280 3 11
301918279 9 2
301918278 3 1
301918276 10 1
301918275 4 56
301918274 10 0
301918273 10 1
301918272 0 0
301918271 10 1
301918268 2 0
301918267 2 0
301918266 1 0
301918265 6 0
301918264 18 0
301918263 1 0
301918261 3 2
301918260 5 2
301918259 0 0
301918258 12 0
301918256 4 0
301918255 5 0
301918254 19 0
301918253 1 0
301918252 13 1
301918251 5 54
301918250 0 0
301918249 3 0
301918248 14 2
301918247 20 0
301918246 28 5
301918245 2 41
301918244 4 15
301918242 0 0
301918240 11 1
301918239 5 1
301918238 1 1
301918237 6 1
301918236 9 1
301918235 30 1
301918234 19 2
301918233 0 0
301918232 13 0
301918231 13 1
301918230 5 1
301918229 17 0
301918228 1 0
301918226 35 4
301918225 17 3
301918224 5 1
301918223 19 2
301918220 3 16
301918219 475 9
301918218 14 2
301918215 6 1
301918214 5 13
301918213 4 0
301918212 5 0
301918211 6 28
301918209 2 0
301918208 15 4
301918207 0 0
301918206 13 1
301918205 7 2
301918204 5 1
301918203 11 0
301918201 2 2
301918200 3 0
301918199 13 1
301918198 11 30
301918197 8 0
301918196 17 3
301918195 0 2
301918194 18 1
301918193 23 3
301918192 8 0
301918191 12 1
301918188 10 0
301918187 0 0
301918186 8 2
301918185 14 1
301918184 176 4
301918181 12 1
301918180 6 0
301918179 3 0
301918178 2 66
301918177 4 0
301918176 15 3
301918172 0 0
301918171 24 1
301918170 14 1
301918167 8 0
301918166 9 1
301918164 15 0
301918163 568 15
301918162 10 1
301918161 6 10
301918160 8 0
301918159 12 1
301918158 13 1
301918157 13 0
301918155 5 0
301918154 9 0
301918153 16 0
301918152 4 0
301918149 2 0
301918144 18 3
301918142 11 0
301918141 428 5
301918139 6 9
301918138 1 0
301918137 0 1
301918135 11 0
301918132 1 0
301918131 0 4
301918130 1 0
301918129 19 0
301918128 11 2
301918127 0 0
301918125 8 0
301918124 1 0
301918122 12 0
301918121 12 1
301918120 8 0
301918119 1 0
301918117 4 0
301918116 9 0
301918115 12 0
301918114 7 0
301918112 5 0
301918111 9 0
301918108 2 0
301918106 5 0
301918105 0 0
301918104 25 1
301918103 4 0
301918102 6 1
301918101 9 21
301918100 6 0
301918098 5 0
301918097 36 1
301918095 3 0
301918094 23 1
301918093 9 0
301918092 2 0
301918091 5 0
301918090 1 2
301918089 331 5
301918088 7 1
301918087 0 0
301918086 5 0
301918085 1 0
301918083 18 1
301918082 2 1
301918080 10 2
301918078 2 0
301918077 9 3
301918076 1 0
301918073 1 0
301918072 1 0
301918071 25 3
301918069 29 0
301918068 1 0
301918067 5 0
301918066 4 0
301918065 4 0
301918064 0 0
301918063 1 0
301918062 2 0
301918059 1 0
301918058 1 0
301918057 4 0
301918056 4 26
301918055 3 0
301918054 0 0
301918053 15 0
301918052 7 0
301918051 6 0
301918050 6 1
301918049 5 0
301918048 6 0
301918047 15 3
301918046 5 0
301918045 13 1
301918044 0 0
301918043 3 0
301918042 10 1
301918040 14 0
301918039 0 0
301918037 8 0
301918034 2 3
301918033 3 0
301918032 22 2
301918031 0 2
301918030 6 0
301918029 390 2
301918026 1 0
301918025 1 15
301918024 9 13
301918023 8 0
301918022 3 0
301918021 9 1
301918020 15 0
301918019 21 4
301918018 5 0
301918017 10 0
301918016 6 1
301918015 1 0
301918014 3 1
301918013 377 5
301918012 8 0
301918011 12 2
301918010 0 6
301918009 432 9
301918008 82 0
301918007 3 0
301918006 11 0
301918005 0 0
301918004 11 2
301918003 0 6
301918002 46 1
301918001 12 2
301918000 1 0
301917999 1 0
301917998 4 0
301917997 10 2
301917996 1 0
301917995 2 0
301917994 2 0
301917993 13 0
301917991 6 0
301917990 7 1
301917989 1 0
301917988 8 0
301917987 1 0
301917986 1 0
301917984 9 0
301917983 7 0
301917982 2 0
301917981 13 3
301917980 1 0
301917979 0 0
301917978 4 0
301917977 11 0
301917976 8 0
301917975 6 0
301917974 5 0
301917973 16 0
301917971 12 0
301917970 5 36
301917968 2 0
301917967 132 10
301917966 9 0
301917965 6 0
301917964 5 0
301917963 5 1
301917962 0 1
301917961 3 0
301917959 6 0
301917958 0 4
301917957 6 0
301917956 2 0
301917954 4 0
301917953 22 2
301917952 16 0
301917951 0 0
301917950 3 0
301917948 1 0
301917947 1 0
301917946 7 0
301917944 1 0
301917943 8 1
301917942 1 0
301917941 16 0
301917940 10 2
301917939 1 0
301917938 12 1
301917937 8 0
301917935 5 0
301917932 1 0
301917931 10 1
301917929 0 0
301917928 7 0
301917927 12 0
301917925 3 0
301917923 2 5
301917920 1 0
301917919 8 4
301917917 23 0
301917916 6 0
301917915 6 0
301917914 2 0
301917913 9 0
301917912 5 0
301917911 2 0
301917910 2 0
301917909 7 0
301917908 6 0
301917907 6 0
301917905 2 0
301917904 16 0
301917903 6 0
301917902 9 0
301917901 4 0
301917900 10 0
301917898 382 14
301917897 14 2
301917896 8 0
301917895 5 0
301917893 3 0
301917892 0 0
301917891 0 3
301917890 0 6
301917888 2 0
301917887 1 0
301917886 4 0
301917885 2 0
301917884 0 0
301917883 10 1
301917882 2 1
301917880 17 0
301917879 10 0
301917877 2 0
301917876 9 1
301917875 2 0
301917874 3 0
301917873 1 0
301917872 7 31
301917871 7 0
301917870 0 0
301917869 3 0
301917868 4 0
301917867 12 1
301917866 1 32
301917865 14 2
301917864 3 0
301917863 7 1
301917860 13 1
301917859 3 0
301917858 55 20
301917857 5 32
301917856 12 0
301917855 11 1
301917854 3 0
301917853 2 0
301917852 10 1
301917851 8 0
301917850 10 2
301917849 9 0
301917848 21 2
301917847 10 0
301917846 2 0
301917845 269 4
301917844 1 1
301917843 0 0
301917842 0 0
301917841 2 32
301917839 7 0
301917838 3 0
301917837 25 1
301917835 11 3
301917833 40 4
301917831 7 0
301917829 7 2
301917827 13 3
301917826 7 0
301917825 11 0
301917824 6 0
301917823 14 1
301917822 3 29
301917821 0 0
301917820 1 0
301917819 0 0
301917818 4 5
301917817 10 3
301917815 1 0
301917814 12 0
301917813 22 0
301917812 14 0
301917811 0 1
301917810 1 0
301917809 2 0
301917808 0 0
301917807 0 1
301917806 0 4
301917805 0 0
301917804 8 1
301917803 15 0
301917802 11 0
301917800 2 14
301917799 1 0
301917798 3 1
301917797 16 0
301917796 2 0
301917795 18 0
301917793 11 1
301917792 10 0
301917789 587 13
301917788 1 0
301917787 10 0
301917786 1 0
301917785 5 1
301917784 11 0
301917783 4 2
301917782 1 0
301917781 1 0
301917780 1 0
301917779 3 33
301917778 5 1
301917777 16 0
301917776 7 1
301917775 7 0
301917774 1 0
301917773 5 0
301917772 10 2
301917771 11 0
301917770 1 0
301917768 4 0
301917767 0 0
301917766 6 0
301917764 1 0
301917762 688 13
301917761 6 1
301917760 3 0
301917758 0 2
301917757 40 0
301917756 3 0
301917755 9 0
301917754 2 0
301917753 7 6
301917752 0 0
301917751 8 0
301917750 9 1
301917749 4 0
301917748 10 0
301917747 5 0
301917745 0 4
301917744 16 1
301917743 8 0
301917742 3 0
301917741 4 6
301917740 1 0
301917738 12 1
301917737 0 1
301917736 7 0
301917735 0 1
301917734 6 0
301917733 14 0
301917732 10 1
301917731 6 0
301917730 1 0
301917728 1 0
301917726 0 0
301917725 11 5
301917724 0 0
301917722 25 1
301917721 12 3
301917720 12 1
301917717 10 1
301917716 8 0
301917715 1 0
301917714 5 0
301917713 4 0
301917712 6 19
301917711 12 5
301917710 12 1
301917709 6 0
301917708 7 2
301917706 0 1
301917704 20 4
301917703 0 0
301917702 12 1
301917700 1 0
301917699 4 0
301917698 5 0
301917697 3 1
301917696 8 5
301917695 5 0
301917694 16 2
301917693 6 0
301917691 7 0
301917690 3 0
301917689 1 1
301917688 5 0
301917687 5 3
301917685 5 0
301917684 4 0
301917682 0 0
301917681 1 0
301917680 2 0
301917679 1 0
301917678 667 9
301917677 0 0
301917676 3 0
301917675 9 1
301917674 1 0
301917673 11 0
301917672 0 2
301917670 2 1
301917669 3 0
301917667 6 1
301917666 0 0
301917664 241 2
301917663 5 0
301917662 10 1
301917661 9 1
301917660 7 1
301917659 6 1
301917658 8 2
301917657 4 0
301917656 2 0
301917655 1 2
301917654 2 1
301917653 3 0
301917651 982 22
301917650 1 0
301917648 7 1
301917647 5 1
301917646 3 0
301917645 30 1
301917643 7 4
301917642 4 0
301917641 6 0
301917640 1 0
301917639 13 6
301917637 5 1
301917636 7 1
301917634 14 0
301917633 9 0
301917632 0 19
301917630 5 0
301917629 23 1
301917628 2 1
301917626 3 2
301917625 6 39
301917624 4 1
301917623 3 1
301917621 1 0
301917620 0 0
301917619 3 1
301917618 0 0
301917617 2 0
301917616 589 7
301917614 7 0
301917613 4 0
301917612 2 0
301917611 0 0
301917610 5 0
301917609 9 0
301917608 3 0
301917607 10 0
301917606 1 65
301917605 3 0
301917604 9 0
301917603 4 0
301917602 5 6
301917601 12 0
301917600 14 0
301917599 6 0
301917596 4 0
301917595 9 0
301917594 21 2
301917593 1 0
301917592 5 0
301917591 10 0
301917590 6 1
301917589 3 0
301917588 2 0
301917587 7 0
301917586 1 0
301917584 6 1
301917583 0 0
301917582 1255 8
301917581 1 0
301917580 4 0
301917579 6 0
301917578 2 0
301917577 2 0
301917576 2 0
301917574 6 1
301917573 5 1
301917572 2 0
301917571 6 2
301917570 10 1
301917569 3 0
301917568 16 0
301917567 5 0
301917566 3 0
301917564 17 5
301917563 5 0
301917562 11 1
301917561 1 2
301917559 2 0
301917558 3 7
301917557 8 1
301917556 2 0
301917555 7 0
301917554 18 6
301917553 1 0
301917552 5 1
301917551 1 0
301917550 6 0
301917549 5 0
301917547 8 3
301917546 2 0
301917545 3 1
301917544 24 1
301917543 2 0
301917542 0 1
301917541 10 0
301917540 0 0
301917539 8 0
301917538 10 1
301917537 41 0
301917536 1409 13
301917535 7 0
301917534 9 1
301917533 12 3
301917532 5 1
301917531 3 0
301917529 10 1
301917528 1 0
301917527 1 0
301917526 5 3
301917525 12 2
301917524 1 0
301917522 6 1
301917521 12 6
301917520 11 2
301917519 12 1
301917517 0 1
301917516 8 2
301917515 8 0
301917514 2 45
301917512 7 1
301917511 0 0
301917510 17 0
301917509 453 2
301917508 2 0
301917506 1 26
301917505 11 0
301917504 10 0
301917503 1 0
301917502 5 3
301917500 0 0
301917499 3 3
301917497 0 0
301917496 0 0
301917495 7 0
301917494 8 1
301917493 4 0
301917492 1 0
301917491 2 0
301917490 1 2
301917488 5 2
301917487 11 0
301917486 6 1
301917485 516 15
301917484 5 1
301917483 7 0
301917482 7 1
301917481 1 0
301917480 3 2
301917479 0 17
301917478 5 0
301917477 6 1
301917476 8 2
301917475 7 2
301917474 5 0
301917473 9 2
301917472 3 1
301917470 4 1
301917469 1 35
301917467 6 0
301917466 0 0
301917465 6 8
301917464 11 0
301917462 0 0
301917461 2 0
301917460 3349 72
301917459 5 1
301917458 11 1
301917457 1 14
301917456 15 0
301917455 5 0
301917454 792 13
301917453 3 0
301917451 4 0
301917450 3 0
301917449 3 0
301917448 1 0
301917447 354 5
301917446 7 0
301917445 8 0
301917444 6 0
301917443 0 2
301917442 3 0
301917441 17 0
301917440 4 0
301917439 5 1
301917438 3 0
301917437 3 0
301917436 4 0
301917435 4 3
301917434 5 0
301917433 11 0
301917432 4 1
301917431 8 0
301917430 14 0
301917429 3 4
301917428 4 0
301917425 5 0
301917424 0 0
301917423 9 1
301917422 10 0
301917421 0 0
301917420 393 4
301917419 22 1
301917418 4 0
301917417 4 12
301917416 0 1
301917415 10 1
301917414 0 0
301917412 6 1
301917411 2 56
301917410 12 0
301917409 2 0
301917408 7 0
301917407 11 0
301917406 11 2
301917404 4 0
301917403 289 6
301917402 1 11
301917401 1021 9
301917400 2 0
301917399 8 0
301917398 9 0
301917397 524 25
301917396 6 1
301917395 5 0
301917393 6 1
301917392 4 28
301917391 5 1
301917390 1 0
301917389 2 0
301917388 4 0
301917387 8 0
301917386 1 0
301917385 8 0
301917383 13 0
301917382 3 0
301917381 6 0
301917380 23 5
301917379 9 0
301917378 8 0
301917376 10 1
301917375 5 0
301917374 8 1
301917373 5 1
301917372 0 0
301917371 13 0
301917370 5 0
301917369 15 0
301917368 12 4
301917365 13 1
301917364 0 1
301917363 3 0
301917362 4 0
301917361 4 0
301917358 0 16
301917357 6 0
301917356 0 19
301917354 7 0
301917353 4 0
301917351 0 0
301917350 13 0
301917349 0 0
301917348 0 0
301917347 11 2
301917346 819 16
301917345 16 0
301917344 0 0
301917343 6 0
301917342 23 1
301917341 6 0
301917340 3 0
301917339 1 15
301917338 2 0
301917337 0 0
301917336 4 0
301917335 0 0
301917334 3 0
301917333 12 21
301917332 5 3
301917331 4 1
301917330 1 0
301917329 10 1
301917328 4 1
301917327 8 1
301917326 3 0
301917325 0 11
301917324 0 0
301917323 6 2
301917321 4 0
301917320 5 3
301917319 8 3
301917318 9 1
301917317 10 2
301917315 1 0
301917314 2 0
301917313 2 0
301917312 5 0
301917311 0 0
301917310 9 0
301917309 6 0
301917307 8 0
301917305 3 0
301917304 8 0
301917303 8 0
301917302 19 1
301917301 2 4
301917300 8 0
301917299 5 0
301917298 2 55
301917296 6 0
301917294 2 10
301917293 5 0
301917291 4 0
301917290 0 0
301917289 6 0
301917288 4 0
301917287 8 0
301917286 5 0
301917285 0 0
301917284 0 0
301917283 5 0
301917280 5 3
301917279 10 0
301917278 6 0
301917277 9 1
301917276 7 0
301917275 6 0
301917274 1 1
301917272 5 0
301917271 5 1
301917270 0 0
301917269 3 10
301917268 8 2
301917267 7 0
301917266 2 0
301917265 5 0
301917264 16 1
301917263 0 0
301917262 0 1
301917260 0 0
301917258 9 0
301917257 8 0
301917256 11 1
301917255 14 0
301917254 3 4
301917253 5 0
301917252 5 11
301917249 3 0
301917247 3 0
301917246 0 2
301917244 1 1
301917243 1 1
301917242 0 0
301917241 5 19
301917240 15 1
301917239 6 0
301917238 4 1
301917237 4 44
301917236 24 4
301917235 1 0
301917234 1 0
301917233 2256 147
301917232 8 0
301917230 11 0
301917229 1 0
301917228 8 0
301917227 4 0
301917226 0 0
301917224 11 0
301917223 1 0
301917222 2 1
301917221 1 0
301917219 9 0
301917218 3 0
301917216 0 0
301917215 14 2
301917213 12 2
301917212 266 5
301917210 22 4
301917209 10 2
301917208 0 1
301917207 1 0
301917206 8 0
301917204 2 0
301917203 2 0
301917201 4 0
301917200 11 4
301917199 5 7
301917198 4 3
301917197 2 0
301917196 10 3
301917195 9 0
301917194 4 0
301917193 1024 34
301917191 22 0
301917189 9 0
301917188 1 0
301917187 3 47
301917186 7 1
301917184 2 0
301917183 562 10
301917181 9 0
301917180 2 0
301917179 1 1
301917178 8 0
301917177 4 0
301917176 2 0
301917175 11 0
301917174 630 20
301917173 2 0
301917172 6 2
301917171 546 9
301917169 6 0
301917168 12 2
301917167 2 0
301917165 9 2
301917164 13 7
301917162 9 1
301917161 5 1
301917159 1 0
301917158 10 16
301917157 1 54
301917156 2 0
301917155 2 1
301917154 1505 21
301917153 10 0
301917152 0 0
301917151 3 0
301917150 1 0
301917149 6 0
301917148 2 0
301917147 2 1
301917146 609 20
301917145 1 0
301917144 405 11
301917142 29 0
301917141 3 0
301917140 9 1
301917139 8 1
301917138 0 1
301917137 2 0
301917136 4 0
301917135 17 5
301917134 10 0
301917132 7 1
301917131 4 0
301917130 3 0
301917129 14 0
301917128 2 0
301917127 8 0
301917126 5 1
301917125 4 0
301917124 1 0
301917122 6 0
301917120 2 12
301917119 2 0
301917118 9 0
301917117 10 3
301917116 5 0
301917115 5 0
301917114 12 0
301917113 4 0
301917112 373 6
301917111 0 0
301917110 2 1
301917109 3 0
301917108 1108 45
301917106 6 0
301917105 1 0
301917104 1 0
301917103 963 19
301917102 1 0
301917101 297 3
301917100 4 0
301917099 5 3
301917098 4 1
301917097 1 3
301917096 10 0
301917093 13 0
301917092 13 0
301917091 1 0
301917089 8 0
301917088 8 0
301917087 866 16
301917086 9 0
301917085 1 0
301917084 9 3
301917083 2 4
301917082 0 0
301917081 6 0
301917080 6 0
301917079 0 0
301917078 1 0
301917077 2 0
301917075 3 0
301917074 2 0
301917073 1 1
301917072 5 0
301917071 537 15
301917070 1 0
301917069 0 0
301917068 0 0
301917067 5 0
301917066 8 0
301917064 5 0
301917063 23 2
301917062 4 3
301917061 0 0
301917060 4 0
301917058 11 4
301917057 1 0
301917055 1 0
301917054 2 1
301917053 10 1
301917052 0 0
301917051 5 0
301917050 2 0
301917049 2 0
301917047 4 0
301917046 6 4
301917045 4 0
301917042 3 1
301917041 381 7
301917040 4 0
301917039 2 0
301917037 3 0
301917036 7 0
301917035 5 0
301917034 4 0
301917033 0 0
301917032 14 0
301917031 3 0
301917029 3 2
301917028 4 0
301917027 5 0
301917025 2 5
301917024 6 0
301917023 5 0
301917022 9 1
301917021 1 0
301917020 4 0
301917019 6 0
301917018 4 1
301917017 3 0
301917016 7 2
301917015 5 0
301917014 6 0
301917013 8 0
301917012 1 0
301917011 2 0
301917010 11 1
301917009 8 1
301917008 4 0
301917007 3 0
301917006 5 1
301917005 4 0
301917004 8 1
301917003 0 4
301917002 10 0
301917000 9 3
301916999 8 2
301916998 9 0
301916997 0 0
301916996 4 0
301916994 6 0
301916993 1 0
301916992 1 0
301916991 7 1
301916990 1 3
301916989 5 0
301916988 2 29
301916987 10 6
301916986 2 3
301916985 4 0
301916983 8 1
301916982 0 0
301916980 1 0
301916978 5 0
301916977 4 0
301916976 11 0
301916975 1 0
301916974 2 0
301916973 2 0
301916972 1 0
301916971 2 0
301916970 0 0
301916969 9 0
301916968 2 0
301916967 0 10
301916965 1 7
301916964 5 0
301916963 2 0
301916962 174 9
301916961 11 0
301916960 0 0
301916959 4 0
301916958 0 0
301916957 0 0
301916956 0 0
301916955 2 0
301916954 7 0
301916953 1 0
301916952 6 0
301916951 15 4
301916950 450 10
301916948 3 0
301916947 8 2
301916946 0 0
301916945 0 0
301916944 0 0
301916943 3 0
301916942 0 1
301916941 0 0
301916940 2 0
301916939 1 0
301916938 0 9
301916937 1 1
301916936 8 0
301916935 0 1
301916934 10 1
301916933 2 0
301916930 3 1
301916929 7 0
301916928 0 0
301916927 4 1
301916926 6 23
301916925 3 0
301916924 0 0
301916923 2 0
301916922 0 0
301916921 8 0
301916920 4 0
301916919 6 2
301916918 9 2
301916917 7 0
301916916 5 0
301916915 201 62
301916914 10 0
301916913 1 0
301916912 1 0
301916911 1 0
301916910 1 0
301916909 13 0
301916907 3 0
301916906 4 0
301916904 4 0
301916903 6 0
301916901 1 0
301916900 9 1
301916899 6 0
301916897 10 0
301916896 1 0
301916895 4 2
301916894 1 0
301916893 3 1
301916892 9 0
301916890 4 0
301916889 0 2
301916888 6 0
301916887 7 0
301916886 6 0
301916885 6 0
301916884 7 0
301916883 4 1
301916881 1 0
301916880 7 0
301916879 1 5
301916878 1 2
301916877 17 0
301916876 13 1
301916875 9 0
301916874 1 1
301916873 2 0
301916872 9 0
301916871 9 1
301916870 9 0
301916868 2 0
301916867 3 4
301916866 1 0
301916864 1164 55
301916863 5 0
301916862 16 0
301916861 8 0
301916860 1 0
301916859 13 0
301916858 15 0
301916857 3 0
301916856 1 0
301916855 4 6
301916854 4 0
301916853 1 0
301916852 10 1
301916851 2 0
301916849 9 1
301916848 9 0
301916847 3 0
301916846 3 0
301916845 4 0
301916844 6 0
301916843 7 1
301916842 6 0
301916841 7 0
301916840 6 0
301916838 0 0
301916837 30 0
301916836 3 0
301916835 16 1
301916834 2 0
301916833 3 0
301916832 7 2
301916831 4 0
301916830 2 0
301916829 7 0
301916828 1 0
301916827 2 0
301916826 10 6
301916825 6 0
301916824 10 1
301916823 2 0
301916822 3 0
301916821 0 0
301916820 5 0
301916819 4 0
301916817 3 0
301916816 10 0
301916815 4 0
301916814 8 1
301916813 1 0
301916812 687 28
301916811 3 0
301916810 0 0
301916809 9 0
301916807 6 0
301916806 0 0
301916805 7 1
301916803 9 1
301916802 0 0
301916801 3 0
301916800 12 1
301916799 0 6
301916798 9 1
301916797 0 1
301916796 2 0
301916795 8 0
301916794 2 0
301916793 4 0
301916792 3 0
301916790 4 0
301916789 9 0
301916787 8 0
301916786 6 0
301916785 6 1
301916784 1 0
301916783 5 1
301916782 2 0
301916780 2 0
301916778 4 0
301916776 5 1
301916775 2 0
301916774 2 0
301916773 5 0
301916772 838 210
301916771 5 0
301916770 8 0
301916768 6 1
301916767 4 1
301916766 15 0
301916765 6 0
301916764 2 1
301916763 4 0
301916762 4 1
301916761 2 1
301916760 6 0
301916759 3 1
301916757 5 0
301916756 5 0
301916755 3 0
301916752 647 65
301916751 5 1
301916750 3 0
301916749 4 1
301916748 2 0
301916747 4 0
301916746 11 0
301916745 2 0
301916744 7 0
301916743 1330 112
301916742 4 0
301916741 11 0
301916740 4 0
301916739 3 0
301916738 1 0
301916737 447 8
301916736 7 2
301916733 400 9
301916731 1058 84
301916730 11 2
301916729 1 0
301916728 9 0
301916727 6 0
301916726 4 0
301916725 1 0
301916724 8 0
301916723 2 0
301916722 4 1
301916721 3 27
301916719 4 1
301916718 4 0
301916717 6 0
301916716 6 0
301916715 7 0
301916714 1 0
301916713 11 4
301916712 10 1
301916711 0 3
301916708 3 0
301916707 11 1
301916706 8 1
301916705 2 0
301916704 0 0
301916703 1 0
301916702 2 0
301916701 5 0
301916700 3 0
301916699 798 10
301916698 11 1
301916697 10 0
301916696 2389 21
301916695 6 2
301916694 0 0
301916693 2 0
301916692 3 1
301916691 10 1
301916690 11 1
301916689 0 8
301916688 0 0
301916687 2 0
301916686 1778 22
301916685 4 0
301916684 4 0
301916682 3 0
301916681 12 0
301916680 4 0
301916679 1 0
301916678 0 0
301916677 4 0
301916676 0 0
301916675 4 0
301916674 10 1
301916673 2 1
301916672 2 2
301916671 6 0
301916669 5 0
301916668 1 17
301916666 8 0
301916665 10 1
301916664 6 0
301916663 8 1
301916661 3 1
301916660 5 0
301916659 10 1
301916658 4 0
301916657 0 0
301916656 1 1
301916655 2 0
301916654 0 0
301916653 3 0
301916652 8 1
301916651 0 2
301916650 4 1
301916649 5 7
301916648 4 2
301916647 7 0
301916646 5 0
301916645 9 3
301916644 0 0
301916643 3 0
301916642 10 1
301916640 5 0
301916639 1 12
301916638 3 0
301916637 770 19
301916636 1 3
301916635 4 5
301916634 0 1
301916633 2 1
301916632 4 0
301916631 0 0
301916630 3 0
301916628 2 1
301916627 3 0
301916626 0 0
301916625 10 0
301916624 3 0
301916623 0 0
301916622 8 3
301916621 0 0
301916620 0 0
301916619 4 3
301916618 5 3
301916616 0 0
301916615 5 0
301916614 3 0
301916613 0 0
301916612 4 0
301916610 0 0
301916609 5 0
301916608 2 2
301916606 1 2
301916605 6 0
301916604 0 3
301916603 13 0
301916602 1 2
301916601 1008 3
301916600 0 0
301916599 6 0
301916597 1 0
301916596 742 23
301916595 0 1
301916593 0 0
301916591 9 2
301916590 0 0
301916589 0 1
301916588 10 0
301916587 0 0
301916586 4 0
301916585 2 0
301916584 15 57
301916583 11 2
301916582 3 0
301916581 5 0
301916580 12 0
301916579 10 2
301916578 4 1
301916577 6 2
301916576 4 0
301916575 0 0
301916574 1 0
301916573 4 2
301916571 1 0
301916570 8 0
301916569 10 2
301916568 0 0
301916567 0 0
301916566 1 0
301916565 6 1
301916564 3 0
301916563 0 0
301916562 6 1
301916561 9 0
301916560 1 0
301916559 3 1
301916558 0 0
301916557 5 0
301916556 3 0
301916555 7 0
301916554 4 0
301916553 0 0
301916552 14 0
301916551 0 0
301916550 13 4
301916549 9 1
301916548 5 1
301916547 2 1
301916546 14 0
301916545 0 0
301916544 5 0
301916543 7 0
301916542 4 0
301916540 5 0
301916538 3 1
301916537 8 0
301916535 0 0
301916534 2 1
301916532 2 1
301916531 0 0
301916530 2449 64
301916529 0 0
301916528 7 0
301916527 0 0
301916526 0 0
301916525 0 0
301916524 3 0
301916523 7 1
301916522 11 0
301916520 0 1
301916519 3 1
301916517 0 0
301916515 0 0
301916514 3 6
301916513 2 0
301916512 7 1
301916511 2 1
301916510 3 19
301916509 0 0
301916507 0 0
301916506 0 0
301916505 8 0
301916504 3 0
301916503 0 0
301916502 9 0
301916500 4 0
301916499 2 0
301916498 658 112
301916497 5 1
301916494 1 1
301916493 864 14
301916492 0 0
301916491 7 3
301916489 6 44
301916488 7 1
301916487 2 0
301916486 7 0
301916485 2 0
301916484 933 11
301916483 7 0
301916482 6 1
301916481 8 0
301916480 0 0
301916479 10 0
301916478 6 0
301916477 5 0
301916476 8 0
301916475 4 0
301916474 2 0
301916473 2 0
301916472 0 1
301916471 8 0
301916469 4 0
301916468 1 0
301916467 5 0
301916466 2 0
301916465 1 0
301916464 0 0
301916463 0 0
301916462 1 0
301916461 2 0
301916460 0 0
301916459 6 0
301916458 0 0
301916457 1 0
301916455 3 0
301916454 5 0
301916453 0 0
301916452 0 0
301916450 3 0
301916449 0 0
301916448 5 0
301916447 1 3
301916446 12 3
301916445 7 0
301916444 1 0
301916443 3 0
301916442 5 0
301916441 0 0
301916440 1 0
301916439 1 0
301916438 1 0
301916437 7 2
301916436 0 2
301916435 498 11
301916434 1 0
301916433 5 0
301916432 2 0
301916431 1 0
301916430 0 0
301916429 19 2
301916428 0 0
301916427 1 0
301916425 4 2
301916424 4 0
301916423 0 0
301916421 5 1
301916420 0 8
301916419 0 0
301916418 1 1
301916417 1116 21
301916416 0 0
301916415 6 1
301916414 24 0
301916413 0 8
301916412 0 0
301916411 2 0
301916410 695 5
301916409 5 0
301916408 10 1
301916407 0 0
301916406 0 0
301916405 2 0
301916404 2 0
301916403 0 0
301916402 3 0
301916401 0 0
301916400 1 1
301916398 1804 34
301916397 0 5
301916396 5 2
301916395 9 0
301916394 9 0
301916393 0 2
301916392 2 0
301916391 3 0
301916390 0 0
301916389 0 0
301916388 7 0
301916387 1255 17
301916386 839 21
301916385 6 0
301916384 12 2
301916382 9 1
301916381 10 0
301916380 11 5
301916379 2 0
301916378 0 0
301916377 6 0
301916376 3 1
301916374 0 0
301916373 1 0
301916372 1474 12
301916370 4 0
301916369 0 0
301916368 8 0
301916367 0 0
301916366 7 0
301916365 9 1
301916364 4 1
301916363 0 0
301916362 3 0
301916361 0 0
301916360 0 0
301916359 4 1
301916358 5 1
301916357 3 0
301916355 0 0
301916354 1 34
301916353 7 0
301916351 0 4
301916350 2 0
301916349 9 0
301916348 3 0
301916347 0 0
301916346 4 0
301916345 6 0
301916343 3 24
301916342 6 1
301916341 5 1
301916340 0 0
301916339 0 0
301916338 13 7
301916337 0 0
301916336 12 2
301916335 6 0
301916333 5 0
301916332 4 0
301916331 9 0
301916330 10 0
301916329 0 0
301916328 9 2
301916327 0 0
301916326 5 1
301916325 4 0
301916324 3 0
301916323 4 0
301916321 0 0
301916320 1 0
301916319 5 0
301916318 8 0
301916317 3 0
301916316 2 0
301916315 3 0
301916314 2 1
301916313 3 0
301916312 5 3
301916311 4 0
301916310 0 1
301916309 2 0
301916308 6 1
301916307 0 1
301916306 4 0
301916305 0 0
301916303 1 1
301916302 1 0
301916301 4637 172
301916300 11 1
301916299 1 0
301916298 1 2
301916297 1 0
301916296 1849 16
301916295 2 10
301916294 1 0
301916293 6 0
301916292 3 0
301916291 6 0
301916290 0 0
301916289 1 1
301916288 4 0
301916285 0 0
301916284 0 0
301916282 10 0
301916281 6 0
301916280 0 0
301916279 1 0
301916278 1 0
301916277 8 0
301916276 0 2
301916275 1 1
301916274 5 1
301916273 11 1
301916272 6 0
301916271 1352 28
301916270 2 0
301916269 9 2
301916268 1 0
301916267 4 0
301916266 8 4
301916265 0 0
301916264 4 1
301916263 0 0
301916262 4 1
301916261 6 0
301916260 0 0
301916259 0 0
301916258 9 2
301916257 2 0
301916256 0 0
301916255 3 0
301916254 10 3
301916253 6 0
301916251 2 0
301916250 5 1
301916249 6 0
301916248 3 0
301916246 1441 20
301916245 0 1
301916244 1 1
301916242 2 16
301916241 24 7
301916240 13 1
301916238 9 1
301916237 5 0
301916236 0 0
301916235 2 0
301916234 1 0
301916233 0 0
301916232 1 0
301916231 7 1
301916230 2 0
301916229 7 1
301916228 0 0
301916227 7 0
301916226 1130 27
301916225 5 0
301916224 6 1
301916223 358 11
301916222 0 0
301916221 4 0
301916220 3 2
301916219 2 6
301916218 6 1
301916217 4 0
301916216 1 0
301916215 0 0
301916214 4 0
301916213 8 0
301916212 4 0
301916211 1 0
301916210 0 0
301916209 3 0
301916208 2 0
301916207 0 0
301916206 2 8
301916205 1 0
301916204 5 0
301916203 0 0
301916202 5 1
301916201 3 4
301916200 7 0
301916199 4 0
301916198 0 16
301916197 0 0
301916196 5 1
301916195 3 0
301916194 1 0
301916193 0 0
301916192 5 0
301916191 2 0
301916190 1 0
301916189 4 0
301916188 0 0
301916187 0 0
301916186 6 0
301916185 5 1
301916184 0 0
301916183 0 0
301916182 1 0
301916181 2 0
301916180 1 0
301916179 2 0
301916178 6 1
301916177 1 0
301916176 6 0
301916175 0 0
301916174 1 0
301916173 1 0
301916171 1 0
301916170 4 0
301916169 0 1
301916168 0 0
301916167 2518 181
301916166 2 3
301916165 4 1
301916164 0 1
301916163 4 0
301916162 3 0
301916161 4 1
301916160 3 0
301916159 14 6
301916158 2 0
301916157 1 0
301916156 1040 23
301916155 1 25
301916154 2 4
301916153 420 4
301916152 0 2
301916151 1 2
301916150 3 0
301916149 0 0
301916148 0 0
301916147 4 0
301916146 0 0
301916145 6 1
301916144 11 0
301916143 4 1
301916142 5 0
301916140 2 1
301916139 3 0
301916138 0 0
301916137 2 0
301916136 2 1
301916135 2 1
301916134 0 0
301916132 0 0
301916131 3 1
301916129 3 1
301916128 2 1
301916127 14 3
301916125 4 0
301916124 0 0
301916123 4 0
301916122 18 39
301916121 6 0
301916120 3 0
301916119 11 1
301916118 0 0
301916117 5485 644
301916116 4 23
301916115 4 4
301916112 1 1
301916109 4 0
301916107 5 0
301916106 0 0
301916105 3 0
301916104 3 0
301916102 5 1
301916101 940 17
301916100 0 0
301916099 3 1
301916098 4 0
301916097 8 2
301916096 295 6
301916095 8 1
301916094 1 0
301916092 1 0
301916091 0 0
301916090 4 1
301916089 11 0
301916088 0 0
301916087 0 0
301916086 4 1
301916085 6 0
301916084 1 0
301916083 9 0
301916082 4 0
301916081 1 1
301916080 7 0
301916079 11 4
301916078 0 0
301916077 0 0
301916076 4 0
301916075 3 0
301916074 0 0
301916073 1 0
301916072 4 1
301916071 0 0
301916070 0 0
301916069 9 2
301916068 0 0
301916067 15 3
301916066 8 1
301916065 1796 17
301916064 1 0
301916063 2 1
301916062 3 1
301916061 12 1
301916060 5 0
301916059 0 0
301916058 6 0
301916056 6 0
301916055 7 0
301916054 3 0
301916053 4 0
301916052 5 1
301916051 7 4
301916050 0 0
301916049 5317 198
301916048 0 0
301916047 0 0
301916046 5 7
301916045 3 1
301916044 10 1
301916043 8 0
301916042 1 0
301916041 6 2
301916040 0 0
301916039 2 0
301916038 3 0
301916037 2 0
301916036 2 0
301916035 9 2
301916034 4 0
301916033 9 0
301916032 3 0
301916031 3 0
301916030 0 0
301916029 6 0
301916028 0 0
301916027 2 0
301916026 2 1
301916025 2 0
301916024 7 0
301916023 3 0
301916022 0 0
301916021 2 0
301916020 12 1
301916019 4 0
301916018 3 3
301916017 2 0
301916016 2 23
301916015 2 0
301916014 3137 109
301916012 3 0
301916011 0 0
301916010 8 1
301916009 5 0
301916008 4 1
301916006 6 0
301916005 4 0
301916004 3 1
301916003 0 0
301916002 7 3
301916000 2 0
301915999 887 7
301915998 11 2
301915997 2 0
301915996 7 0
301915995 0 0
301915994 1 0
301915993 13 1
301915992 8 0
301915991 10 0
301915990 11 4
301915989 4 0
301915988 2 0
301915987 0 0
301915986 6 0
301915985 0 9
301915984 833 10
301915983 7 1
301915982 0 0
301915981 1 0
301915980 4 0
301915979 0 0
301915978 0 0
301915977 0 0
301915976 0 0
301915975 4 2
301915974 3 0
301915973 2 0
301915971 3 0
301915970 2 0
301915969 2 0
301915968 4 0
301915966 2 0
301915964 0 0
301915963 3 0
301915962 4218 141
301915961 2 25
301915960 2 0
301915959 4 0
301915958 2 0
301915957 4 0
301915956 2 1
301915955 7 3
301915954 0 0
301915953 0 0
301915952 0 0
301915951 1 0
301915950 1 5
301915949 676 8
301915948 5 0
301915947 0 0
301915946 1 0
301915945 2 0
301915944 4 3
301915941 2 0
301915940 3 0
301915939 0 0
301915938 1 0
301915937 0 0
301915936 2 0
301915935 0 1
301915934 5 0
301915933 2 0
301915932 4 1
301915931 0 1
301915930 3 0
301915929 1 0
301915928 0 0
301915927 1081 12
301915926 5490 104
301915925 0 0
301915924 9 2
301915923 4 0
301915921 2 2
301915920 0 0
301915919 0 0
301915918 2 0
301915916 0 0
301915915 0 0
301915913 2 0
301915911 2433 68
301915910 0 0
301915908 0 0
301915907 1 0
301915906 10 0
301915905 1 0
301915904 4 3
301915903 2 0
301915902 2 0
301915901 4 0
301915900 2 1
301915899 1 0
301915898 6 1
301915897 10 0
301915896 7 2
301915895 4 0
301915894 2 0
301915893 0 3
301915892 0 0
301915890 6 0
301915889 0 0
301915888 0 0
301915887 4 3
301915886 5 1
301915885 0 0
301915884 5 4
301915883 6 1
301915882 3 0
301915881 1 2
301915880 5 0
301915879 6 0
301915878 720 38
301915877 7 0
301915876 2 0
301915875 408 5
301915874 2 0
301915873 0 3
301915872 4 1
301915871 1 1
301915870 4 1
301915869 2 1
301915868 8 1
301915867 0 0
301915866 5 0
301915864 5 0
301915863 5 0
301915862 5 0
301915861 2 2
301915860 1074 70
301915859 2 0
301915858 5 0
301915857 0 0
301915856 6679 147
301915855 5 1
301915854 5 0
301915853 1 0
301915852 1 1
301915851 0 0
301915850 0 0
301915849 7930 160
301915848 0 0
301915847 4 0
301915845 0 0
301915844 1 1
301915843 0 0
301915842 4 0
301915841 7 0
301915840 8 0
301915839 4 0
301915838 2 1
301915837 1 0
301915836 2 1
301915835 2 0
301915833 6 3
301915832 3 0
301915830 2 0
301915829 7 4
301915828 0 1
301915827 4451 84
301915826 0 3
301915825 3 0
301915824 0 0
301915823 10 0
301915821 2 2
301915820 2 1
301915819 8 0
301915818 5 0
301915816 4 0
301915815 3 0
301915814 5 1
301915813 3 0
301915812 0 1
301915811 0 0
301915810 5 0
301915809 0 0
301915808 5 0
301915807 2 0
301915805 6 3
301915804 1 0
301915803 0 0
301915802 2 2
301915800 7 0
301915799 1 0
301915798 5 0
301915797 1 0
301915796 1 1
301915795 0 0
301915794 0 0
301915793 0 14
301915792 4 1
301915791 7 0
301915790 2 0
301915789 6 0
301915788 4 0
301915787 2 0
301915786 0 0
301915785 1 0
301915784 0 0
301915783 3 2
301915782 5 0
301915781 8 0
301915780 5 0
301915779 3 0
301915778 0 2
301915777 1 12
301915776 0 0
301915775 4 1
301915774 5 1
301915773 5 0
301915772 5 0
301915771 3 0
301915769 2 0
301915768 4 0
301915766 3 0
301915765 1 0
301915764 0 0
301915763 3 0
301915762 4 0
301915761 2 1
301915760 0 0
301915759 4 0
301915758 4 1
301915757 0 0
301915756 0 0
301915755 7 0
301915754 0 0
301915753 4 0
301915752 6 0
301915751 4 0
301915750 2 0
301915749 1 0
301915748 3 1
301915747 5 0
301915746 2 0
301915745 3 2
301915744 3 10
301915743 2 0
301915742 2 0
301915741 5 0
301915740 2 0
301915739 2 0
301915738 0 1
301915737 7 0
301915736 3 0
301915735 3 0
301915734 490 19
301915732 8 0
301915731 0 0
301915730 1 0
301915729 8 3
301915727 1 0
301915726 0 0
301915725 5 0
301915724 0 0
301915723 4 0
301915722 1 0
301915720 1 0
301915719 1 0
301915718 2 1
301915717 4 0
301915716 1 0
301915715 1 0
301915714 0 0
301915713 3 0
301915712 0 2
301915711 0 0
301915710 4 0
301915709 6 0
301915708 2 0
301915707 2663 115
301915706 1 0
301915705 5 0
301915704 8 0
301915703 2274 120
301915702 2 0
301915701 3 0
301915700 3 1
301915699 2 0
301915698 3 0
301915697 4 1
301915696 5 0
301915695 3 0
301915694 4 0
301915693 3 0
301915692 3 18
301915691 4 1
301915690 2 1
301915689 0 0
301915688 0 0
301915687 1 0
301915686 4 0
301915685 1074 8
301915684 2 4
301915683 5 0
301915682 5 0
301915679 1 0
301915678 8 1
301915677 6 2
301915676 3 0
301915675 2 0
301915674 1 0
301915673 3 1
301915672 1 0
301915671 9 0
301915670 2 1
301915669 716 103
301915668 5 0
301915667 6 0
301915666 2 0
301915665 2 0
301915664 7 0
301915663 3 0
301915662 6 4
301915661 8 0
301915660 2 1
301915659 5 0
301915658 2 0
301915657 1 0
301915656 4 1
301915655 1 2
301915653 491 51
301915652 3 0
301915651 2 0
301915650 3 0
301915649 5 2
301915648 0 0
301915647 2 3
301915646 0 0
301915645 4 0
301915644 1 0
301915642 1 0
301915641 4 0
301915640 6 0
301915639 1 1
301915638 1 0
301915637 1 0
301915636 0 0
301915635 3 0
301915634 0 4
301915633 8 2
301915632 4 0
301915631 6 2
301915630 5 0
301915629 0 4
301915628 5 1
301915627 4 0
301915626 0 0
301915625 2 0
301915624 1 3
301915623 4 0
301915622 0 0
301915620 1 0
301915619 2 3
301915618 2 3
301915617 1 0
301915616 2 3
301915615 1526 114
301915614 3 0
301915613 3 0
301915612 1428 13
301915611 1 0
301915610 0 0
301915609 1 0
301915608 8 0
301915607 0 0
301915605 0 0
301915604 9 1
301915603 1 0
301915602 2 0
301915601 0 0
301915600 1 3
301915599 11 0
301915598 0 0
301915597 2 3
301915596 2 4
301915595 1 0
301915594 2 17
301915592 2 0
301915591 4 1
301915590 1 0
301915589 1 0
301915588 2 0
301915587 8 1
301915586 11 0
301915585 1 0
301915584 1 0
301915583 9 0
301915582 0 0
301915581 2 4
301915580 4 0
301915579 0 0
301915577 2 0
301915576 4 8
301915575 2 3
301915574 4 0
301915573 3813 105
301915572 0 0
301915571 8 0
301915570 5 0
301915569 0 0
301915568 11 1
301915567 5 1
301915566 4 0
301915565 2 1
301915564 0 0
301915563 3 0
301915562 0 2
301915561 0 0
301915560 2 1
301915559 0 0
301915558 2 0
301915557 1 0
301915554 0 0
301915553 2 0
301915552 7 2
301915551 2 1
301915550 3 0
301915549 5 1
301915548 8 2
301915547 5 0
301915546 3 0
301915545 9 0
301915544 0 0
301915543 2 0
301915542 0 0
301915541 0 0
301915540 3 3
301915539 2 2
301915538 2 1
301915537 4 1
301915536 1 1
301915535 0 1
301915532 5 5
301915531 2 1
301915530 10 0
301915529 7 0
301915528 8 0
301915527 0 0
301915526 4 0
301915525 1 0
301915524 2 0
301915522 0 0
301915521 5 2
301915520 19 10
301915518 2 0
301915517 5 3
301915516 5 3
301915515 1 1
301915514 0 1
301915512 1 3
301915511 1 0
301915510 1 0
301915509 6 0
301915508 1 0
301915507 0 0
301915506 0 1
301915505 2 0
301915504 4 1
301915503 1 1
301915502 0 0
301915501 3 1
301915500 8 4
301915499 6 0
301915498 2 0
301915497 2 0
301915496 0 0
301915495 1 3
301915494 0 0
301915492 2 0
301915491 9 1
301915490 2 1
301915489 0 0
301915488 10 1
301915487 4 0
301915486 1 3
301915484 1 3
301915483 2 0
301915482 1 0
301915480 7 1
301915479 5 0
301915478 3 1
301915477 0 0
301915475 4 0
301915474 2 1
301915473 1 0
301915472 3 2
301915471 0 0
301915470 1 0
301915469 2 2
301915468 5 0
301915467 1 0
301915466 2 0
301915465 3 0
301915464 0 0
301915463 2 2
301915462 1 3
301915461 0 0
301915460 1 2
301915458 2 0
301915457 2 1
301915456 1 1
301915454 5 3
301915453 2 1
301915451 1 2
301915448 5 3
301915446 3 2
301915445 3 0
301915444 1 2
301915443 1 1
301915442 3 0
301915441 1 2
301915440 2 0
301915439 3 2
301915438 1 2
301915437 2 2
301915435 2 0
301915434 2 2
301915433 1 2
301915431 1 2
301915430 1 2
301915429 1 2
301915428 3 4
