303864771 0 0
303859492 0 0
303859382 0 0
303856850 1 0
303744875 0 0
303733604 1 0
303706316 0 0
303696304 0 0
303671750 0 0
303670528 0 0
303601567 0 0
303589709 0 0
303585919 2 0
303585906 2 0
303585875 1 0
303585842 2 0
303507605 0 3
303325831 0 0
303316611 3 0
303250264 0 0
303249805 1 3
303179295 0 0
303164162 10 0
303151285 3 2
303151269 2 1
303079570 3 0
303075155 2 1
303075147 0 3
303072014 3 0
303068534 1 0
303053496 8 1
303053467 3 0
303053454 9 0
303053446 1 1
303053435 3 0
302987135 4 0
302976215 10 0
302972360 8 0
302945874 1 12
302945741 10 0
302926839 1 4
302890208 13 2
302878033 2 0
302832213 12 1
302829776 8 0
302829771 2 0
302817401 2 0
302812185 0 1
302812077 1 0
302776161 1 0
302742489 6 0
302730877 1 0
302723395 15 1
302722363 3 1
302722356 3 0
302722352 7 0
302722348 5 0
302720284 1 0
302719414 2 1
302719403 9 0
302719379 3 0
302719359 3 0
302719329 4 1
302685146 1 0
302646938 7 0
302646086 5 0
302637259 1 0
302635654 7 0
302634555 11 0
302633744 10 0
302631097 13 2
302630834 8 1
302623593 7 0
302608806 9 0
302608798 3 1
302570432 7 0
302570295 0 0
302569862 1 0
302569849 1 0
302569141 4 0
302569132 8 2
302569129 0 0
302509825 1 2
302508615 2 3
302496257 0 0
302494697 12 1
302492295 0 8
302491919 2 5
302491104 1 1
302489759 3 1
302489752 4 1
302488523 2 5
302440149 13 1
302427040 5 0
302427035 10 1
302409594 13 0
302401138 2 1
302401123 4 1
302401093 6 0
302398374 2 0
302394794 4 1
302330007 3 0
302330002 9 0
302315291 0 3
302314796 9 0
302311005 1 0
302310997 3 0
302310992 9 0
302308494 6 7
302308124 3 27
302304933 5 1
302304924 4 0
302304902 12 3
302300116 5 0
302298621 14 0
302238260 6 5
302236635 6 0
302236027 38 3
302236015 6 2
302231216 0 32
302229770 3 2
302192021 4 0
302189246 1 0
302186391 7 0
302183854 8 0
302182071 5 27
302179276 10 1
302178815 30 0
302176288 9 0
302175546 1 7
302174895 17 2
302174697 0 0
302174363 5 0
302173267 0 0
302173266 0 0
302171828 5 2
302167793 6 2
302159198 6 0
302145294 1 24
302125906 16 5
302124866 9 2
302124837 3 0
302120008 22 4
302118063 6 12
302110685 5 2
302093698 5 40
302085449 13 0
302078436 16 0
302078426 6 0
302078419 1 1
302078417 8 3
302077838 7 0
302073303 0 0
302065124 15 0
302047518 14 2
302035446 0 3
302035333 18 22
302035197 7 1
302031378 2 0
302031374 6 2
302031373 7 0
302030587 3 0
302029556 8 0
302028154 1 1
302027568 6 1
302026745 9 0
302025868 10 0
302017671 6 0
302007828 0 0
302003942 1 0
301967577 9 0
301967276 0 0
301966092 3 17
301963152 0 0
301962328 11 2
301961940 5 0
301954056 3 0
301920190 4 1
301919070 0 4
301918174 29 1
301918168 12 6
301914447 0 0
301914260 15 4
301912894 1 0
301912494 24 0
301912455 0 4
301912236 6 0
301911790 4 0
301911786 6 1
301911526 25 0
301911323 1 0
301910571 13 0
301910559 15 8
301910558 3 0
301910557 2 1
301864014 1 0
301863943 8 14
301863717 2 1
301863707 13 0
301863427 0 0
301863354 12 0
301860895 3 0
301860894 4 2
301860757 18 10
301860754 10 0
301860613 2 3
301860533 4 0
301859848 7 0
301857956 4 7
301857762 4 2
301811597 0 0
301811347 3 3
301811330 4 2
301810712 6 0
301807543 4 0
301807339 4 2
301806501 25 1
301805637 60 5
301799203 1 0
301798858 6 0
301798848 2 1
301798772 24 18
301797737 0 0
301796804 14 2
301795614 5 33
301795598 2 51
301794106 5 2
301793886 1 0
301793883 1 1
301793484 11 1
301793418 12 6
301792493 5 1
301791881 3 2
301791546 0 0
301791532 17 0
301791523 3 0
301790691 1 2
301790365 6 0
301789585 11 2
301788796 3 50
301787417 3 19
301787175 10 0
301785898 12 0
301783540 2 0
301783149 1 8
301780900 6 3
301776793 22 1
301775654 27 2
301764105 5 1
301757924 14 0
301757500 0 0
301757266 21 3
301756842 3 0
301756123 7 2
301740359 11 2
301740164 2 1
301739796 2 0
301739497 1 0
301739359 6 1
301737827 3 0
301726336 0 0
301726128 3 1
301726123 15 8
301725824 10 12
301725466 11 0
301725233 6 0
301725079 0 0
301724992 3 0
301724991 4 0
301724805 8 13
301724798 12 0
301724702 17 56
301724695 7 0
301724244 1 1
301724038 0 0
301723521 10 6
301723091 5 3
301722573 22 0
301722281 24 0
301720752 7 0
301718704 9 1
301718655 1 3
301718651 4 3
301718490 16 11
301718343 23 0
301718340 12 1
301718272 0 0
301718126 8 1
301718045 44 4
301718043 58 4
301718040 4 1
301718037 9 1
301718001 23 0
301717964 0 0
301717908 17 0
301717871 4 3
301717760 5 10
301717729 4 0
301717711 0 0
301717693 8 1
301717690 3 0
301717677 1 0
301717641 12 4
301717453 6 14
301717437 3 1
301717435 6 1
301717433 9 0
301717426 2 3
301717399 12 2
301717304 57 0
301717275 0 0
301717188 1 0
301717176 2 1
301717032 9 0
301717015 49 1
301717012 8 0
301717007 7 8
301717006 2 9
301716990 4 0
301716940 26 0
301716896 3 2
301716810 0 0
301716717 1 2
301716698 11 2
301716690 4 0
301716485 0 0
301716455 50 3
301716364 2 1
301716349 2 49
301716344 5 26
301716186 2 61
301716164 13 63
301716031 3 0
301716010 0 0
301715901 5 1
301715839 0 0
301715792 0 0
301715726 6 0
301715722 0 0
301715718 16 0
301715701 11 0
301715652 1 0
301715619 0 2
301715586 2 4
301715584 0 0
301715474 8 16
301715378 22 1
301715340 4 0
301715329 1 3
301715167 0 0
301715162 6 1
301714854 29 0
301714847 0 0
301714837 0 4
301714821 11 0
301714710 7 1
301714655 12 0
301714643 33 0
301714609 0 0
301714566 20 6
301714480 3 0
301714458 0 0
301714370 37 67
301714284 1 3
301714248 20 4
301714135 17 45
301714127 6 1
301714098 0 5
301714074 8 0
301714052 3 10
301713969 2 17
301713913 2 25
301713877 5 0
301713859 0 0
301713798 7 0
301713769 6 1
301713635 14 4
301713628 11 1
301713603 11 5
301713600 3 4
301713516 19 10
301713466 1 1
301713409 9 2
301713403 3 17
301713395 26 2
301713068 2 2
301712968 4 0
301712957 1 1
301712708 32 40
301712702 54 56
301712640 2 3
301712448 2 0
301712393 0 0
301712221 0 0
301712044 19 0
301711928 3 0
301711879 14 1
301711786 0 0
301711468 1 0
301711146 20 0
301711079 4 1
301710344 18 0
301709678 16 0
301709503 3 10
301709463 1 1
301709450 5 2
301709158 7 6
301709031 0 0
301707985 12 0
301707783 9 30
301707675 1 1
301707631 0 0
301707270 13 12
301706808 1 0
301706675 48 0
301705945 6 7
301705659 1 0
301705651 0 0
301705648 1 0
301705497 0 0
301705463 4 2
301705452 4 32
301705437 1 1
301705436 2 0
301705390 4 7
301705383 4 2
301705351 11 2
301705348 5 0
301705344 7 3
301705280 11 0
301705260 0 1
301705245 7 10
301705213 2 16
301705212 2 16
301705209 0 2
301705208 38 2
301705206 2 22
301705116 0 1
301705090 2 19
301705048 16 4
301704942 9 12
301704928 0 1
301704818 3 1
301704817 4 3
301704718 1 0
301704711 7 24
301704704 9 5
301704677 1 1
301704589 0 2
301704567 6 1
301704532 1 0
301704474 11 8
301704464 6 26
301704441 6 0
301704425 8 5
301704394 1 0
301704359 9 4
301704348 8 3
301704282 12 3
301704171 7 0
301704127 14 7
301704041 2 21
301704011 1 4
301704004 4 3
301703988 5 30
301703985 5 42
301703982 7 10
301703950 6 36
301703893 1 1
301703796 4 0
301703788 7 2
301703702 0 4
301703625 3 30
301703542 24 53
301703532 7 50
301703513 8 33
301703504 18 49
301703477 0 0
301703471 25 10
301703432 3 0
301703183 4 0
301703020 0 1
301702923 6 1
301702718 1 1
301702664 3 6
301702591 27 19
301702435 0 3
301702304 2 0
301702284 15 0
301702227 0 0
301702199 29 1
301702134 4 5
301702002 5 14
301701916 2 5
301701890 4 1
301701640 17 11
301701620 19 2
301701596 36 1
301701542 43 0
301701518 6 3
301701508 11 0
301701494 17 4
301701485 5 0
301701475 6 1
301701447 0 0
301701258 1 37
301701242 2 0
301701131 4 34
301700851 20 2
301700293 4 3
301700176 0 0
301699685 11 0
301699414 4 1
301699024 7 0
301698615 0 0
301698570 6 4
301698445 0 0
301698204 0 0
301698099 11 0
301698086 11 1
301698067 11 2
301697850 9 9
301696315 14 2
301695200 4 2
301694836 1 16
301694474 1 4
301693787 0 2
301693055 0 0
301689052 1 5
301687171 9 1
301687128 12 1
301687118 29 4
301687074 8 6
301686937 4 29
301686918 19 4
301686727 18 14
301686679 1 0
301686662 14 21
301686651 5 2
301686647 11 0
301686641 10 4
301686628 5 1
301686579 14 1
301686575 5 1
301686535 12 1
301686533 4 0
301686523 31 6
301686511 44 1
301686499 11 13
301686391 42 0
301686202 9 1
301686024 2 8
301685874 1 3
301685868 9 0
301685642 1 2
301685594 4 15
301685486 6 0
301685391 2 14
301685233 7 2
301685069 3 20
301685053 15 1
301685050 1 0
301684966 0 0
301684871 2 8
301684869 5 14
301684673 10 2
301684556 0 0
301683541 0 1
301683488 1 2
301683267 2 2
301683192 14 14
301683118 1 27
301682819 5 0
301682348 8 17
301682154 3 0
301681965 22 7
301677558 0 2
301677279 2 14
301676984 0 0
301675856 1 30
301674023 3 9
301671428 3 3
301671015 4 1
301670725 3 2
301670253 3 27
301670033 61 28
301669685 0 0
301669678 0 2
301669366 5 12
301669349 6 28
301669173 0 0
301669166 0 3
301669132 0 2
301668828 19 7
301668745 2 0
301668578 17 1
301668554 21 3
301668418 12 5
301668402 4 1
301668353 3 3
301668067 1 0
301667813 11 28
301667777 4 61
301667059 0 0
301666991 2 0
301666544 2 3
301666495 3 2
301666435 0 11
301666432 1 34
301666186 0 2
301666182 2 0
301665986 26 12
301665978 4 1
301665780 8 0
301665733 3 2
301665602 13 59
301665490 2 0
301665348 22 2
301665263 61 6
301665234 0 1
301665049 12 7
301665012 0 0
301664916 10 2
301664842 0 0
301664841 0 0
301664837 0 0
301664813 16 5
301664733 14 4
301664686 21 5
301664577 8 33
301664529 2 0
301664333 43 0
301664210 12 9
301663947 1 2
301663496 1 1
301663457 35 0
301663453 0 0
301663447 12 8
301663440 22 5
301663429 17 23
301663422 0 0
301663313 1 0
301663296 49 0
301663294 11 20
301663274 2 16
301663272 4 27
301663271 39 93
301663259 5 2
301663233 4 0
301663203 68 9
301663178 14 1
301663149 1 4
301663145 1 0
301663108 3 1
301663104 26 1
301663068 3 2
301663062 15 0
301663037 2 74
301663026 30 54
301662994 2 2
301662981 15 17
301662977 9 14
301662969 2 4
301662906 24 8
301662895 3 5
301662857 12 28
301662847 2 2
301662817 29 29
301662797 3 0
301662788 0 3
301662785 4 2
301662778 12 3
301662765 29 9
301662764 5 7
301662724 0 5
301662694 0 2
301662692 9 2
301662681 45 2
301662660 4 2
301662652 0 2
301662647 2 1
301662626 9 1
301662621 0 4
301662607 0 4
301662597 2 2
301662562 8 5
301662544 2 0
301662536 4 0
301662522 21 9
301662500 18 3
301662492 0 1
301662425 11 1
301662415 13 6
301662397 10 1
301662357 2 0
301662322 6 5
301662315 2 3
301662314 1 14
301662309 10 3
301662302 17 52
301662301 3 3
301662271 3 1
301662268 3 2
301662246 2 1
301662236 0 1
301662144 36 20
301662140 0 1
301662122 0 1
301662090 0 1
301661958 8 2
301661924 1 5
301661914 12 2
301661884 0 3
301661871 1 1
301661868 12 3
301661865 12 0
301661860 7 3
301661849 3 1
301661843 10 1
301661828 0 1
301661827 2 3
301661796 18 79
301661732 11 12
301661713 14 14
301661704 9 18
301661694 18 37
301661602 4 1
301661570 1 1
301661529 0 1
301661524 14 27
301661514 2 2
301661501 0 1
301661435 1 1
301661396 0 1
301661376 9 17
301661375 13 1
301661374 9 3
301661368 9 4
301661348 0 1
301661194 14 5
301660974 25 1
301660963 15 7
301660941 40 1
301660888 0 2
301660793 2 2
301660644 4 1
301660596 0 1
301660567 6 3
301660562 0 3
301660529 33 43
301660522 0 4
301660445 23 2
301660436 5 1
301659857 0 1
301659773 51 53
301659764 43 62
301659660 2 1
301659484 19 1
301659393 15 0
301659211 3 1
301659060 9 9
301658966 3 4
301658927 17 2
301658886 20 2
301658818 2 1
301658805 2 3
301658774 12 2
301658750 4 39
301658468 25 2
301658398 1 1
301657849 20 21
301657615 5 3
301657564 2 2
301657515 0 1
301657506 10 2
301657377 64 21
301657336 37 8
301657328 14 1
301657278 21 11
301656968 12 7
301656926 24 13
301656910 85 4
301656886 23 30
301656831 0 2
301656789 1 1
301656736 2 4
301656693 7 4
301656688 13 3
301656676 1 18
301656672 4 1
301656391 3 7
301656366 62 88
301656255 15 2
301656247 2 2
301656204 1 1
301656182 5 22
301656132 11 3
301656108 1 1
301656013 10 4
301655997 4 1
301655974 1 1
301655444 11 35
301655356 31 11
301655300 1 1
301654001 50 22
301653344 15 21
301653339 10 12
301653304 16 2
301652820 3 9
301652802 10 0
301651804 28 9
301651503 2 1
301651462 21 6
301651423 7 2
301651390 45 5
301651386 28 22
301651337 1 0
301651336 0 0
301651322 23 0
301651311 0 0
301651304 0 0
301651297 1 0
301651294 2 1
301651290 24 0
301651289 9 2
301651279 39 39
301651277 3 1
301651269 40 40
301651259 0 0
301651254 37 0
301651251 0 0
301651244 7 1
301651242 1 0
301651239 22 18
301651236 1 0
301651228 2 5
301651221 14 0
301651218 18 12
301651211 3 0
301651210 46 30
301651206 24 18
301651205 3 0
301651204 28 29
301651203 17 9
301651201 2 1
301651197 3 1
301651196 5 0
301651195 2 13
301651194 7 24
301651191 12 8
301651190 29 1
301651188 1 0
301651187 11 4
301651185 7 10
301651183 0 0
301651182 9 2
301651181 0 1
301651180 1 7
301651178 8 4
301651172 1 0
301651169 0 1
301651167 4 9
301651159 8 1
301651158 3 1
301651157 13 5
301651156 5 0
301651150 5 2
301651147 5 1
301651145 1 17
301651144 12 15
301651141 3 1
301651139 11 4
301651135 7 5
301651131 7 2
301651128 6 16
301651124 5 2
301651119 0 0
301651118 1 2
301651117 2 61
301651114 24 2
301651112 0 0
301651110 0 0
301651108 15 1
301651102 0 0
301651097 5 1
301651092 0 0
301651090 3 4
301651084 5 0
301651080 15 5
301651079 0 1
301651072 7 5
301651070 0 0
301651069 5 0
301651068 5 0
301651066 3 0
301651063 3 1
301651059 13 31
301651051 6 4
301651048 8 2
301651046 0 2
301651044 4 13
301651042 0 2
301651040 0 2
301651039 0 3
301651038 0 2
301651037 0 7
301651033 0 6
301651032 5 5
301651029 3 5
301651028 6 3
301651026 0 2
301651025 4 11
301651020 0 2
301651018 1 2
301651017 0 1
301651015 10 29
301651014 0 1
301651013 5 1
301651012 0 1
301651010 2 8
301651009 0 3
301651008 0 6
301651006 5 1
301650997 0 1
301650996 0 1
301650995 1 8
301650994 28 40
301650993 12 4
301650988 5 2
301650987 2 2
301650986 4 1
301650985 8 40
301650983 16 6
301650982 2 9
301650981 0 3
301650979 11 2
301650972 3 2
301650968 9 3
301650963 0 1
301650957 3 2
301650952 18 1
301650951 0 1
301650947 17 4
301650946 12 5
301650944 7 6
301650941 11 2
301650940 5 1
301650939 16 4
301650938 1 0
301650937 1 50
301650936 3 1
301650934 16 1
301650932 21 16
301650931 0 0
301650930 44 3
301650929 0 0
301650928 13 3
301650927 7 3
301650926 33 34
301650924 149 10
301650923 2 0
301650920 0 0
301650919 16 1
301650918 0 1
301650915 10 5
301650914 11 2
301650912 7 0
301650909 13 4
301650906 7 0
301650905 20 8
301650895 0 1
301650893 38 0
301650891 0 3
301650890 28 0
301650889 0 1
301650884 4 0
301650883 17 21
301650879 14 6
301650877 9 3
301650872 8 7
301650871 11 24
301650869 16 6
301650868 1 1
301650867 0 0
301650865 6 18
301650862 5 5
301650858 8 24
301650853 48 7
301650851 5 4
301650850 3 0
301650848 0 4
301650846 10 5
301650844 1 2
301650843 8 1
301650840 0 1
301650837 8 31
301650836 0 1
301650830 5 5
301650825 13 0
301650824 0 0
301650823 0 0
301650819 3 31
301650816 13 4
301650814 0 0
301650810 6 0
301650809 0 27
301650808 0 0
301650806 17 4
301650803 0 0
301650802 1 4
301650800 20 2
301650798 1 0
301650796 8 21
301650795 20 7
301650792 0 0
301650790 7 41
301650786 8 5
301650780 1 0
301650779 20 4
301650778 3 0
301650773 14 3
301650772 12 14
301650769 8 1
301650766 11 2
301650765 10 0
301650764 0 1
301650762 5 22
301650761 45 6
301650753 6 19
301650752 7 0
301650747 9 2
301650742 0 0
301650739 1 4
301650738 3 8
301650736 34 7
301650733 1 0
301650731 23 11
301650730 0 0
301650729 3 56
301650728 1 0
301650723 8 0
301650722 1 0
301650721 1 1
301650719 2 2
301650717 5 0
301650715 1 2
301650711 1 2
301650702 0 6
301650700 0 1
301650699 1 0
301650697 18 3
301650692 21 1
301650689 3 2
301650688 5 25
301650687 9 24
301650684 18 19
301650681 6 3
301650678 15 0
301650676 9 2
301650672 9 61
301650671 7 29
301650670 7 23
301650655 19 8
301650654 6 3
301650653 5 18
301650652 2 0
301650649 8 4
301650645 0 0
301650639 35 2
301650638 0 0
301650636 18 1
301650635 5 3
301650634 31 4
301650633 11 5
301650632 0 0
301650629 0 0
301650627 8 29
301650626 8 4
301650623 39 4
301650622 0 3
301650621 9 1
301650617 2 1
301650615 33 0
301650611 0 0
301650610 11 20
301650609 2 0
301650603 0 0
301650600 4 3
301650598 14 6
301650597 2 21
301650596 13 6
301650594 0 1
301650593 19 5
301650592 0 2
301650591 9 2
301650589 8 33
301650588 7 4
301650585 1 0
301650574 15 3
301650572 1 2
301650570 15 2
301650568 1 0
301650567 0 0
301650566 32 1
301650564 8 22
301650563 1 0
301650560 9 0
301650559 2 13
301650558 1 2
301650557 20 27
301650556 16 96
301650552 11 0
301650551 9 88
301650549 4 1
301650547 4 10
301650546 47 9
301650545 6 7
301650541 7 23
301650540 1 0
301650539 0 0
301650538 25 33
301650537 2 2
301650534 1 26
301650533 10 37
301650531 0 0
301650530 1 0
301650529 3 0
301650526 4 30
301650525 1 0
301650524 6 0
301650523 2 27
301650522 1 4
301650520 14 5
301650519 4 42
301650517 2 0
301650516 2 43
301650510 1 4
301650501 0 10
301650500 1 3
301650499 12 63
301650497 2 3
301650495 2 45
301650490 2 1
301650486 9 46
301650485 0 1
301650484 17 2
301650482 35 3
301650480 15 0
301650479 0 0
301650475 10 2
301650474 5 1
301650473 13 21
301650471 166 12
301650470 2 0
301650469 8 0
301650467 3 0
301650466 22 16
301650460 20 10
301650458 1 0
301650456 31 0
301650447 1 1
301650446 13 42
301650445 0 1
301650442 16 5
301650441 11 19
301650440 17 38
301650438 29 11
301650436 43 2
301650434 22 2
301650433 1 0
301650432 1 0
301650429 6 2
301650427 1 0
301650424 3 1
301650422 7 2
301650421 9 1
301650420 12 6
301650418 8 36
301650413 4 1
301650412 6 2
301650410 42 32
301650409 20 47
301650407 0 4
301650399 2 0
301650398 13 1
301650397 12 4
301650395 12 1
301650394 1 1
301650391 7 36
301650389 3 25
301650383 16 8
301650376 0 0
301650374 14 9
301650371 15 3
301650370 7 4
301650369 3 4
301650365 2 9
301650363 0 0
301650362 5 4
301650361 19 23
301650358 26 8
301650357 0 0
301650356 1 2
301650353 0 2
301650351 18 8
301650349 6 0
301650348 3 19
301650347 8 10
301650340 46 2
301650339 1 0
301650338 7 75
301650337 3 4
301650331 21 2
301650330 2 12
301650327 0 0
301650325 8 5
301650324 1 2
301650323 6 1
301650322 0 16
301650321 12 3
301650320 0 0
301650318 75 4
301650317 3 49
301650315 4 2
301650314 1 1
301650311 0 0
301650308 3 0
301650305 11 12
301650304 0 0
301650303 0 0
301650302 0 0
301650301 1 3
301650300 0 0
301650299 1 0
301650297 12 34
301650294 6 8
301650293 6 0
301650291 0 0
301650289 15 36
301650288 4 69
301650287 1 7
301650286 0 0
301650281 0 2
301650276 1 0
301650275 6 40
301650273 6 1
301650271 35 5
301650270 9 1
301650268 18 19
301650267 0 3
301650266 12 1
301650265 0 1
301650261 1 1
301650259 1 1
301650258 347 6
301650257 2 0
301650256 40 53
301650252 5 7
301650251 6 6
301650250 1 2
301650249 4 3
301650248 5 4
301650244 2 0
301650243 7 0
301650241 3 16
301650240 10 30
301650238 1 4
301650236 2 0
301650235 2 3
301650233 2 0
301650232 7 10
301650230 5 6
301650228 42 21
301650227 2 2
301650225 53 12
301650223 6 3
301650221 15 40
301650220 5 0
301650218 4 2
301650213 3 0
301650211 5 8
301650210 5 8
301650208 2 0
301650207 22 21
301650206 67 6
301650205 1 0
301650204 0 0
301650203 1 1
301650202 2 7
301650200 15 52
301650196 1 6
301650195 1 2
301650194 3 60
301650193 1 0
301650191 11 20
301650190 9 14
301650187 4 100
301650185 0 1
301650181 3 10
301650178 7 1
301650177 2 0
301650174 14 0
301650172 2 4
301650165 5 15
301650164 10 1
301650163 0 0
301650162 7 0
301650160 13 11
301650157 37 14
301650156 22 0
301650153 11 4
301650152 11 14
301650150 1 2
301650149 1 2
301650148 0 2
301650145 0 2
301650136 4 0
301650134 0 2
301650130 0 0
301650126 0 2
301650123 1 0
301650120 0 0
301650118 0 0
301650115 0 0
301650113 0 5
301650111 8 4
301650107 45 0
301650105 3 1
301650102 0 1
301650100 34 4
301650099 1 0
301650098 0 0
301650097 1 0
301650096 36 1
301650093 0 0
301650092 11 47
301650091 6 3
301650090 12 34
301650088 0 0
301650083 6 76
301650082 26 16
301650081 10 6
301650080 3 0
301650079 40 8
301650078 9 5
301650077 0 1
301650076 5 1
301650075 9 26
301650074 0 0
301650073 3 3
301650072 0 0
301650071 0 1
301650066 1 5
301650065 0 0
301650063 7 5
301650062 4 0
301650061 12 38
301650060 0 0
301650057 7 2
301650056 0 2
301650055 12 6
301650053 1 1
301650049 50 38
301650047 0 1
301650046 31 9
301650042 3 0
301650041 0 0
301650037 12 0
301650035 0 0
301650031 1 0
301650030 5 19
301650026 5 20
301650024 1 1
301650023 1 1
301650022 7 45
301650017 8 2
301650016 10 9
301650015 2 3
301650012 0 3
301650009 0 0
301650008 0 0
301650006 0 0
301650004 14 35
301650003 0 2
301650002 26 21
301650000 17 8
301649998 1 0
301649997 57 0
301649995 10 0
301649994 14 39
301649993 4 11
301649991 1 1
301649990 4 19
301649989 3 7
301649987 8 4
301649986 0 0
301649985 8 4
301649984 43 31
301649983 8 0
301649982 0 1
301649981 0 0
301649980 2 3
301649979 12 30
301649978 0 19
301649976 1 0
301649975 0 0
301649974 15 1
301649973 3 0
301649969 1 6
301649968 7 6
301649967 28 16
301649965 0 0
301649964 0 0
301649963 10 34
301649962 8 6
301649961 15 9
301649960 1 0
301649959 3 8
301649958 36 20
301649957 1 0
301649956 466 13
301649955 1 2
301649954 3 0
301649953 16 12
301649950 15 9
301649949 0 0
301649948 9 3
301649946 0 0
301649945 5 2
301649944 8 0
301649941 0 2
301649938 11 6
301649936 3 0
301649935 7 2
301649933 2 5
301649932 5 9
301649927 3 2
301649926 1 2
301649920 37 7
301649918 9 1
301649916 0 3
301649914 3 0
301649913 2 0
301649912 42 1
301649910 11 13
301649909 33 5
301649908 31 14
301649907 13 6
301649906 23 12
301649905 2 0
301649904 5 0
301649903 7 2
301649901 6 11
301649900 38 37
301649899 6 2
301649896 1 1
301649895 26 2
301649892 14 78
301649891 5 0
301649887 2 8
301649886 3 1
301649885 0 5
301649882 1 0
301649881 1 0
301649880 3 0
301649878 6 3
301649877 0 0
301649876 2 0
301649874 58 41
301649871 26 0
301649870 6 5
301649869 0 0
301649868 0 9
301649867 2 4
301649866 10 16
301649865 15 3
301649864 9 9
301649863 13 1
301649861 0 1
301649860 17 2
301649859 18 21
301649858 0 1
301649857 43 0
301649855 0 0
301649854 11 3
301649852 0 2
301649850 1 0
301649849 22 16
301649847 2 3
301649846 2 14
301649845 7 5
301649844 9 4
301649843 10 12
301649841 10 1
301649840 11 4
301649838 6 8
301649837 5 2
301649836 286 15
301649835 0 1
301649834 5 0
301649833 3 1
301649830 8 0
301649827 11 76
301649826 0 2
301649824 0 0
301649823 1 2
301649822 9 1
301649821 0 1
301649820 12 5
301649819 0 0
301649818 4 0
301649817 7 7
301649816 14 6
301649815 3 72
301649814 12 8
301649811 3 3
301649810 22 6
301649809 0 0
301649807 15 3
301649805 35 4
301649804 2 6
301649802 8 0
301649801 0 0
301649800 37 3
301649799 18 1
301649798 11 4
301649797 0 0
301649796 10 0
301649794 12 4
301649793 6 6
301649792 1 0
301649791 4 4
301649789 160 7
301649788 0 0
301649787 0 0
301649786 9 0
301649784 0 0
301649783 24 0
301649782 460 22
301649781 20 6
301649780 9 16
301649779 10 5
301649778 3 15
301649775 3 2
301649774 11 4
301649773 9 8
301649770 2 1
301649769 8 9
301649768 18 1
301649767 2 1
301649766 0 0
301649765 25 1
301649763 10 1
301649762 2 1
301649761 19 18
301649758 1 0
301649757 25 25
301649756 10 0
301649755 0 1
301649754 1 6
301649751 2 1
301649750 5 7
301649748 1326 101
301649747 13 4
301649746 10 7
301649745 5 0
301649744 5 4
301649742 20 3
301649741 9 63
301649738 8 35
301649737 3 1
301649734 5 0
301649733 1 0
301649731 1 11
301649730 4 1
301649729 1 19
301649727 16 5
301649726 31 27
301649725 7 3
301649724 10 2
301649721 2 0
301649720 15 30
301649718 2 0
301649717 0 5
301649716 29 27
301649714 0 0
301649712 0 4
301649711 5 1
301649710 0 3
301649709 20 2
301649708 1 1
301649707 16 5
301649706 0 2
301649705 13 2
301649704 1 0
301649703 32 1
301649702 10 2
301649700 6 15
301649699 1 0
301649696 13 8
301649693 241 18
301649692 3 0
301649690 0 30
301649685 5 0
301649684 40 4
301649679 10 2
301649676 0 0
301649675 4 21
301649674 3 0
301649673 233 3
301649672 0 0
301649671 7 1
301649669 306 9
301649668 11 1
301649665 15 0
301649662 7 0
301649659 19 3
301649657 5 0
301649656 0 2
301649655 1 1
301649654 17 3
301649652 1 0
301649645 4 2
301649643 8 2
301649640 0 1
301649638 0 2
301649637 0 0
301649635 5 22
301649633 35 34
301649631 0 4
301649630 1 1
301649629 0 0
301649628 0 3
301649627 19 2
301649622 0 0
301649621 0 1
301649620 0 1
301649618 0 1
301649614 0 1
301649613 28 7
301649610 24 3
301649607 34 0
301649604 0 1
301649603 0 0
301649601 47 1
301649600 6 0
301649599 0 0
301649596 25 0
301649592 6 2
301649588 7 1
301649586 0 0
301649585 23 0
301649584 1 1
301649582 238 8
301649580 35 3
301649579 0 1
301649577 6 14
301649576 1 5
301649575 23 5
301649574 1 0
301649571 529 42
301649569 6 0
301649568 6 0
301649567 15 6
301649566 2 0
301649565 3 5
301649564 3 41
301649562 8 4
301649560 1 0
301649559 45 8
301649558 4 3
301649556 3 5
301649554 8 3
301649553 14 1
301649552 1 0
301649551 15 11
301649550 4 2
301649549 9 1
301649548 2 1
301649547 7 0
301649544 0 0
301649541 2 1
301649538 25 9
301649536 12 3
301649535 52 0
301649533 11 5
301649532 35 7
301649531 16 0
301649529 0 0
301649528 7 3
301649527 9 2
301649524 17 4
301649521 42 30
301649519 0 2
301649518 3 7
301649516 7 15
301649515 13 6
301649514 0 0
301649513 6 6
301649512 0 8
301649511 6 3
301649510 18 8
301649509 2 0
301649508 2 0
301649503 3 1
301649502 3 4
301649500 16 13
301649497 464 22
301649496 2 7
301649494 0 0
301649493 7 2
301649491 9 3
301649486 5 1
301649485 18 3
301649484 10 4
301649483 1 3
301649482 3 0
301649480 1 3
301649478 20 14
301649477 0 1
301649476 2 0
301649475 5 2
301649474 1 0
301649473 9 3
301649472 1 1
301649471 5 2
301649469 9 1
301649468 2 0
301649465 1 1
301649464 9 2
301649462 1 0
301649461 6 0
301649459 3 1
301649456 10 6
301649455 27 17
301649454 0 0
301649452 9 1
301649451 2 2
301649450 2 1
301649449 1 2
301649448 0 0
301649447 5 2
301649446 2 2
301649445 14 3
301649443 2 1
301649442 6 3
301649441 6 3
301649440 0 0
301649439 9 1
301649438 1 0
301649437 9 4
301649436 2 0
301649432 2 0
301649430 76 33
301649429 2 2
301649426 3 0
301649425 0 0
301649424 3 0
301649423 32 12
301649421 4 0
301649420 5 0
301649419 3 0
301649418 0 0
301649417 15 2
301649415 1 0
301649414 26 6
301649413 6 1
301649412 2 1
301649411 1 3
301649410 0 3
301649409 1 2
301649407 6 5
301649406 10 3
301649404 2 8
301649402 30 19
301649400 1 0
301649399 11 2
301649397 9 2
301649396 18 31
301649395 19 49
301649394 6 1
301649393 33 15
301649392 4 1
301649391 1 0
301649390 5 2
301649389 1 3
301649388 0 0
301649387 6 3
301649386 6 3
301649382 0 1
301649381 24 20
301649380 7 1
301649379 3 3
301649378 1 4
301649376 5 2
301649374 5 2
301649372 1 1
301649371 3 1
301649370 1 0
301649369 10 0
301649366 1 0
301649365 2 1
301649364 2 2
301649362 0 2
301649361 4 1
301649360 0 1
301649359 15 4
301649358 31 4
301649357 0 0
301649355 4 31
301649354 18 3
301649353 36 0
301649352 13 52
301649351 3 0
301649350 0 0
301649349 12 3
301649347 0 0
301649345 0 0
301649343 2 0
301649342 0 0
301649341 0 0
301649340 32 8
301649338 4 1
301649337 3 5
301649336 12 2
301649335 3 1
301649334 16 2
301649333 1 0
301649332 10 2
301649331 24 6
301649330 2 3
301649329 3 3
301649328 4 0
301649325 2 0
301649324 2 1
301649322 2 0
301649320 22 6
301649318 1 0
301649317 4 17
301649316 6 2
301649315 8 1
301649314 11 27
301649313 7 4
301649312 7 1
301649311 2 0
301649310 128 8
301649308 3 0
301649307 10 3
301649306 13 2
301649305 3 0
301649304 13 5
301649303 3 0
301649301 3 13
301649300 1 0
301649299 10 2
301649298 3 27
301649297 2 0
301649295 3 0
301649294 1 0
301649293 5 1
301649291 0 1
301649290 0 2
301649288 1 20
301649287 0 1
301649286 7 3
301649285 1 13
301649284 0 0
301649283 10 1
301649282 1 1
301649281 0 0
301649279 2 0
301649274 847 20
301649273 2 0
301649272 1 2
301649271 322 9
301649270 15 2
301649269 4 26
301649268 8 6
301649267 2 40
301649264 1 5
301649263 7 5
301649261 3 0
301649260 9 2
301649259 3 19
301649258 6 4
301649257 3 0
301649255 9 62
301649254 0 2
301649253 7 33
301649251 1 2
301649250 14 2
301649249 13 51
301649248 15 2
301649247 1 0
301649244 16 46
301649243 20 3
301649242 16 1
301649241 0 3
301649240 3 0
301649239 6 29
301649238 38 3
301649236 1 0
301649235 0 0
301649233 0 0
301649232 35 0
301649231 7 3
301649228 7 2
301649227 0 0
301649225 3 0
301649224 9 10
301649223 14 11
301649222 16 33
301649221 3 0
301649220 13 9
301649219 7 4
301649218 0 3
301649217 3 7
301649216 1 0
301649215 20 5
301649214 13 4
301649213 4 0
301649212 345 8
301649211 321 31
301649210 9 19
301649208 2 7
301649207 8 21
301649206 5 2
301649205 2 1
301649204 14 22
301649203 1 1
301649201 0 1
301649200 7 5
301649198 430 73
301649197 0 0
301649196 9 3
301649195 3 4
301649194 3 0
301649192 5 1
301649191 1 1
301649190 0 0
301649189 11 4
301649188 1 1
301649187 2 1
301649186 436 32
301649185 11 1
301649184 3 0
301649183 6 8
301649182 2 0
301649181 0 0
301649180 7 37
301649178 311 39
301649174 1 1
301649173 3 0
301649172 11 6
301649170 0 0
301649169 11 4
301649168 2 0
301649167 17 10
301649166 18 19
301649165 1 1
301649164 1 0
301649163 0 0
301649161 31 1
301649160 2 0
301649159 2 0
301649158 2 1
301649157 1 1
301649156 5 3
301649152 11 3
301649151 0 3
301649148 0 2
301649147 9 3
301649143 0 1
301649141 4 1
301649139 2 5
301649137 10 1
301649134 29 1
301649133 7 11
301649131 6 2
301649130 5 6
301649126 3 11
301649124 23 8
301649123 11 2
301649122 33 16
301649121 0 43
301649120 0 2
301649119 14 3
301649118 35 28
301649117 6 2
301649115 3 2
301649114 4 2
301649113 11 1
301649111 33 0
301649109 13 0
301649108 817 28
301649107 22 5
301649106 67 2
301649104 4 34
301649102 20 2
301649101 20 0
301649100 38 17
301649096 14 8
301649094 14 5
301649092 5 3
301649091 0 1
301649090 10 5
301649088 0 1
301649087 2 2
301649086 1 1
301649085 14 7
301649084 19 5
301649083 10 5
301649082 20 23
301649081 20 22
301649080 2 2
301649079 0 0
301649078 0 0
301649077 5 3
301649076 2 1
301649074 2 1
301649073 0 0
301649071 12 7
301649068 3 5
301649066 3 0
301649065 4 2
301649064 4 0
301649063 23 9
301649061 3 3
301649059 7 3
301649058 349 7
301649057 3 0
301649056 6 7
301649055 22 4
301649054 2 0
301649052 10 5
301649049 19 5
301649048 0 2
301649047 3 15
301649046 6 4
301649045 10 55
301649044 3 0
301649042 9 3
301649041 2 3
301649040 3 1
301649039 9 0
301649037 4 9
301649036 2 0
301649035 4 1
301649033 1 3
301649032 2 1
301649031 2 2
301649030 0 2
301649029 3 0
301649027 9 0
301649026 5 1
301649025 23 0
301649024 2 0
301649022 1 3
301649021 0 1
301649017 16 8
301649015 5 1
301649014 7 0
301649013 2 2
301649011 13 4
301649010 1 0
301649008 1 3
301649007 2 4
301649006 11 2
301649004 0 1
301649002 2 2
301649001 5 47
301649000 2 1
301648999 15 5
301648998 4 2
301648996 7 2
301648995 0 0
301648994 3 2
301648993 0 1
301648992 2 3
301648991 7 1
301648989 1 0
301648988 0 0
301648987 2 0
301648986 0 0
301648984 3 0
301648983 3 1
301648982 29 8
301648981 10 5
301648980 47 0
301648979 0 1
301648978 1 0
301648977 4 2
301648976 4 1
301648975 22 8
301648974 1 1
301648973 35 24
301648971 0 0
301648969 11 1
301648968 3 1
301648967 1 1
301648966 2 2
301648965 11 4
301648964 15 1
301648963 6 2
301648962 195 25
301648961 1 0
301648960 313 48
301648959 141 14
301648957 22 1
301648956 11 0
301648955 1 2
301648954 3 1
301648953 2 2
301648950 2 1
301648949 0 1
301648948 7 6
301648946 3 1
301648945 3 1
301648943 14 3
301648942 3 1
301648941 6 1
301648939 4 0
301648938 15 9
301648937 4 0
301648935 9 3
301648933 9 7
301648932 2 10
301648930 19 21
301648928 3 0
301648927 2 0
301648926 9 3
301648925 10 2
301648923 2 1
301648922 7 3
301648920 11 13
301648919 2 0
301648916 11 13
301648915 0 0
301648914 3 0
301648912 5 2
301648911 6 0
301648910 1 0
301648909 2 3
301648908 15 1
301648907 11 0
301648906 302 44
301648905 1 3
301648904 5 13
301648903 0 0
301648901 6 1
301648900 3 6
301648899 2 0
301648898 4 0
301648897 9 1
301648894 2 0
301648893 24 8
301648892 2 2
301648891 295 5
301648890 13 15
301648889 9 16
301648887 238 33
301648885 0 4
301648884 13 8
301648883 6 10
301648880 2 4
301648878 17 56
301648877 17 19
301648876 7 0
301648875 5 2
301648874 2 0
301648873 1 4
301648872 7 0
301648871 0 1
301648870 4 1
301648869 15 5
301648867 8 15
301648866 60 14
301648865 17 3
301648864 6 2
301648863 4 0
301648862 5 1
301648861 3 11
301648860 0 6
301648858 0 0
301648856 23 19
301648855 0 15
301648854 0 1
301648851 4 0
301648850 8 1
301648849 1 2
301648848 0 0
301648847 0 1
301648846 0 1
301648845 37 27
301648844 22 7
301648843 21 16
301648842 0 0
301648841 5 22
301648839 3 62
301648838 1 0
301648837 9 19
301648836 14 5
301648835 0 0
301648833 5 0
301648832 0 9
301648830 11 8
301648829 0 0
301648828 10 3
301648827 1 0
301648826 554 15
301648825 29 9
301648824 0 0
301648821 2 0
301648820 2 0
301648819 3 76
301648818 10 1
301648817 9 10
301648816 3 1
301648812 9 12
301648810 2 6
301648809 7 0
301648808 25 8
301648807 3 2
301648806 13 2
301648805 3 0
301648801 2 4
301648799 3 2
301648798 0 1
301648797 3 2
301648796 8 1
301648795 11 26
301648794 4 4
301648793 21 13
301648791 26 11
301648790 1 27
301648788 17 26
301648786 8 1
301648784 1 2
301648783 8 1
301648782 12 2
301648781 6 0
301648780 12 2
301648779 5 15
301648778 371 11
301648777 15 44
301648776 3 4
301648774 26 1
301648773 12 28
301648771 3 3
301648769 2 13
301648768 6 2
301648767 21 1
301648766 3 2
301648765 8 3
301648764 4 4
301648763 7 0
301648762 4 1
301648761 2 0
301648760 5 15
301648759 601 114
301648758 27 13
301648757 253 9
301648756 15 3
301648755 9 3
301648754 1 2
301648753 1 0
301648751 6 17
301648750 3 3
301648749 5 2
301648748 2 0
301648747 16 1
301648746 0 0
301648743 0 3
301648742 0 0
301648741 5 2
301648740 17 9
301648739 2 2
301648738 2 0
301648737 8 3
301648736 4 1
301648735 20 1
301648734 0 0
301648733 9 0
301648732 3 7
301648731 6 2
301648730 543 9
301648727 6 4
301648726 983 17
301648725 2 3
301648724 2 1
301648723 10 8
301648722 11 1
301648721 18 3
301648720 0 2
301648719 9 19
301648718 2 20
301648717 2 0
301648716 0 2
301648715 268 7
301648714 1 0
301648713 2 8
301648712 16 0
301648711 0 0
301648710 1 0
301648709 0 3
301648708 8 21
301648707 3 8
301648706 3 4
301648705 0 1
301648704 0 0
301648703 4 15
301648702 3 0
301648701 1 1
301648700 19 3
301648699 2 2
301648697 0 0
301648696 5 2
301648695 14 3
301648693 0 0
301648692 0 2
301648691 3 2
301648690 3 3
301648688 5 0
301648687 2 8
301648686 8 4
301648685 0 0
301648684 2 7
301648683 4 1
301648682 5 20
301648681 3 2
301648680 3 2
301648679 0 4
301648678 0 1
301648676 3 1
301648675 0 0
301648672 2 8
301648671 5 16
301648669 0 0
301648668 4 2
301648667 1 3
301648666 0 0
301648665 6 2
301648663 15 5
301648662 1 0
301648661 0 0
301648660 0 0
301648659 0 0
301648658 10 12
301648657 5 0
301648656 1 2
301648655 6 1
301648654 4 1
301648653 0 0
301648652 1 0
301648651 9 5
301648649 1 2
301648648 0 1
301648647 1095 49
301648646 16 2
301648645 0 0
301648644 3 1
301648643 1 1
301648642 10 2
301648641 9 1
301648640 1 3
301648638 8 6
301648637 669 13
301648636 27 0
301648635 6 35
301648633 1 1
301648632 0 2
301648631 12 10
301648630 18 13
301648629 2 2
301648628 3 1
301648627 4 4
301648625 3 6
301648624 8 0
301648623 0 0
301648622 0 2
301648621 0 5
301648620 1 0
301648619 0 0
301648618 4 1
301648616 17 1
301648615 6 10
301648614 0 0
301648613 30 26
301648612 8 1
301648611 3 2
301648610 40 0
301648608 3 4
301648605 0 3
301648603 0 0
301648601 1 1
301648600 10 1
301648599 4 0
301648598 0 0
301648597 2 11
301648596 10 14
301648595 0 4
301648594 28 3
301648593 401 68
301648592 0 5
301648591 2 3
301648590 6 0
301648589 6 5
301648588 12 1
301648587 4 1
301648586 2 5
301648585 12 5
301648584 0 2
301648583 12 1
301648582 2 7
301648581 6 0
301648580 1 1
301648578 1 0
301648576 0 0
301648575 221 10
301648574 0 0
301648573 3 4
301648572 4 4
301648571 6 1
301648570 7 0
301648569 1 0
301648566 2 3
301648564 0 0
301648562 2 3
301648561 10 0
301648560 0 0
301648559 7 0
301648558 3 3
301648557 13 2
301648556 20 3
301648555 13 3
301648554 3 4
301648553 3 1
301648552 7 1
301648551 6 17
301648550 18 3
301648548 4 1
301648547 10 1
301648546 3 3
301648545 5 2
301648544 0 0
301648542 0 1
301648540 211 22
301648539 0 1
301648538 645 12
301648536 9 1
301648535 6 1
301648534 228 20
301648533 0 0
301648532 0 0
301648531 14 19
301648530 7 2
301648529 0 0
301648527 6 1
301648526 640 7
301648525 2 1
301648524 4 11
301648523 0 0
301648520 4 1
301648519 7 0
301648517 1 1
301648516 1 1
301648515 0 0
301648514 0 0
301648512 3 2
301648511 2 2
301648510 4 11
301648509 13 22
301648508 0 3
301648506 9 5
301648503 0 0
301648502 5 20
301648501 2 2
301648499 7 1
301648498 0 0
301648497 0 0
301648496 2 3
301648494 5 2
301648493 2 3
301648490 3 7
301648489 6 0
301648488 0 0
301648487 0 0
301648486 0 8
301648485 1 1
301648483 0 4
301648482 0 1
301648481 3 7
301648480 3 2
301648479 0 2
301648478 5 0
301648477 4 11
301648476 5 1
301648475 4 4
301648473 2 3
301648472 0 1
301648471 0 1
301648470 2 1
301648469 0 1
301648467 0 0
301648465 9 0
301648463 3 27
301648462 4 15
301648461 3 2
301648460 0 0
301648459 0 0
301648457 5 3
301648456 5 2
301648454 4 5
301648453 1 3
301648452 3 2
301648451 2 3
301648449 9 1
301648448 2 34
301648447 5 0
301648444 5 6
301648443 0 3
301648442 3 6
301648441 0 5
301648440 3 1
301648439 6 0
301648437 1 2
301648436 0 0
301648435 32 1
301648434 0 5
301648433 4 1
301648432 0 0
301648431 6 2
301648430 3 2
301648429 3 2
301648428 10 1
301648427 6 2
301648426 6 3
301648424 1 2
301648423 8 3
301648422 0 1
301648421 5 0
301648420 4 0
301648419 9 2
301648418 7 3
301648417 0 0
301648415 3 0
301648414 11 0
301648413 1 0
301648412 5 2
301648411 2 1
301648410 1 0
301648408 0 0
301648407 11 8
301648406 11 2
301648405 14 7
301648403 4 4
301648402 3 2
301648401 4 2
301648400 16 9
301648399 1 0
301648398 11 1
301648397 0 0
301648396 0 1
301648395 5 1
301648394 19 9
301648393 3 2
301648392 2 1
301648391 0 0
301648390 2 2
301648389 0 0
301648388 22 7
301648385 8 1
301648384 0 0
301648383 0 0
301648382 14 13
301648381 0 0
301648380 5 3
301648379 17 31
301648378 6 15
301648377 8 2
301648376 7 0
301648375 1 9
301648374 5 2
301648373 1 0
301648372 13 15
301648371 4 5
301648369 3 13
301648367 2 3
301648366 3 2
301648364 7 3
301648362 7 2
301648361 0 0
301648360 3 3
301648359 21 0
301648358 0 0
301648357 15 1
301648354 6 6
301648353 0 0
301648352 1 6
301648351 4 2
301648350 11 2
301648349 5 4
301648348 1 5
301648347 2 0
301648346 4 28
301648344 3 6
301648343 1 0
301648341 5 5
301648340 11 12
301648339 1 0
301648338 0 1
301648337 6 2
301648336 1 4
301648335 0 5
301648334 1 0
301648332 734 22
301648331 6 3
301648330 5 7
301648329 4 5
301648328 9 2
301648327 1 3
301648326 647 12
301648325 8 1
301648324 3 6
301648323 4 12
301648322 4 2
301648321 0 1
301648319 5 11
301648318 4 2
301648317 20 2
301648316 6 0
301648315 2 0
301648314 8 3
301648313 6 1
301648312 5 2
301648311 0 0
301648310 0 0
301648309 5 31
301648307 0 0
301648305 15 6
301648304 0 0
301648303 0 1
301648302 6 2
301648301 3 6
301648300 8 2
301648299 3 1
301648297 8 2
301648296 6 2
301648295 13 4
301648294 0 0
301648293 7 0
301648292 0 0
301648291 6 4
301648290 11 0
301648288 5 1
301648287 3 4
301648286 2 0
301648285 424 15
301648284 8 2
301648283 0 0
301648282 11 3
301648281 5 3
301648280 3 0
301648279 7 1
301648278 7 3
301648277 8 1
301648276 1 0
301648275 0 1
301648274 9 4
301648273 5 2
301648271 4 3
301648269 8 1
301648267 0 0
301648266 6 0
301648265 8 1
301648264 1 0
301648263 10 1
301648262 7 1
301648258 4 14
301648257 277 7
301648256 0 0
301648255 6 1
301648254 1 1
301648253 1 0
301648251 470 17
301648250 0 0
301648249 9 1
301648248 10 15
301648247 0 0
301648246 11 1
301648245 0 1
301648244 0 0
301648243 0 1
301648242 7 2
301648241 5 5
301648240 7 4
301648239 0 2
301648238 373 18
301648237 0 0
301648236 13 10
301648235 1 0
301648234 5 0
301648233 7 0
301648232 4 19
301648231 0 0
301648230 472 12
301648228 276 12
301648227 3 1
301648226 2 1
301648224 1 1
301648223 3 0
301648222 0 2
301648221 4 4
301648220 1 1
301648219 4 1
301648218 1 0
301648217 0 1
301648216 1 0
301648215 8 2
301648214 1 0
301648213 8 0
301648212 2 1
301648211 2 1
301648210 4 2
301648209 6 3
301648208 450 17
301648207 10 18
301648206 3 3
301648204 6 4
301648203 4 1
301648202 7 5
301648201 19 0
301648200 12 4
301648199 4 2
301648198 8 2
301648197 0 1
301648195 6 3
301648194 1 2
301648193 7 3
301648192 3 5
301648191 11 5
301648190 11 0
301648189 0 2
301648188 3 0
301648186 6 3
301648184 0 0
301648183 1 0
301648182 15 3
301648181 3 2
301648180 1 0
301648179 0 0
301648178 2 4
301648177 474 11
301648176 0 3
301648175 0 0
301648173 0 0
301648172 6 7
301648171 8 0
301648169 6 4
301648168 1 4
301648166 8 2
301648164 1 0
301648162 0 0
301648161 1 7
301648160 17 2
301648159 16 17
301648158 4 20
301648157 6 2
301648156 1 0
301648155 0 1
301648154 0 2
301648153 7 4
301648152 2 3
301648151 7 4
301648150 0 2
301648149 1 1
301648148 2 1
301648147 1506 42
301648146 1457 26
301648145 6 9
301648144 0 3
301648143 2 29
301648142 4 4
301648140 5 9
301648139 0 1
301648138 8 3
301648137 4 3
301648134 4 15
301648133 5 5
301648132 2 2
301648131 1 1
301648130 5 7
301648129 5 3
301648128 4 4
301648125 0 1
301648124 4 4
301648123 2 5
301648122 2 3
301648121 538 13
301648120 3 4
301648118 6 20
301648116 1 4
301648115 8 5
301648114 0 0
301648113 947 47
301648112 4 1
301648111 1 2
301648110 8 3
301648108 6 1
301648107 2 12
301648106 563 15
301648105 8 0
301648104 1 5
301648103 4 0
301648102 2 2
301648101 2 0
301648100 5 2
301648099 447 30
301648098 5 3
301648097 10 1
301648096 3 7
301648095 1 0
301648094 1 0
301648093 2 2
301648092 0 0
301648091 9 2
301648090 4 0
301648089 5 7
301648088 2 2
301648087 0 0
301648086 4 3
301648085 5 2
301648084 5 5
301648083 9837 1502
301648082 11 0
301648081 0 0
301648080 9 2
301648079 8 2
301648078 5 0
301648076 8 4
301648075 2 1
301648074 13 8
301648073 0 0
301648072 5 0
301648071 2 0
301648070 8 3
301648069 2 7
301648068 1 0
301648067 4 1
301648066 9 0
301648065 0 1
301648064 0 2
301648063 10 2
301648062 10 6
301648061 8 3
301648059 3 0
301648058 1 0
301648057 0 0
301648056 10 2
301648055 0 0
301648054 4 1
301648052 2 2
301648051 8 0
301648050 4 0
301648049 0 0
301648048 13 2
301648047 4 1
301648046 11 0
301648045 8 1
301648044 0 0
301648043 3 2
301648042 4 1
301648041 4 1
301648039 8 3
301648038 2 0
301648037 8 2
301648036 5 3
301648035 9 1
301648034 0 1
301648033 3754 431
301648032 7 3
301648031 2 2
301648029 9 3
301648028 4 2
301648027 3 5
301648026 2 0
301648025 7 7
301648023 3 2
301648021 4 0
301648020 4 3
301648019 3 2
301648018 3 2
301648017 6 1
301648016 745 40
301648015 0 1
301648014 897 19
301648013 1085 25
301648012 5 1
301648011 6 3
301648010 4 2
301648009 3 2
301648008 1 0
301648007 4 4
301648006 4 18
301648005 0 0
301648004 4 6
301648003 554 7
301648002 0 0
301648001 0 6
301648000 2 2
301647999 0 0
301647998 15 9
301647996 5 1
301647994 190 7
301647993 2 2
301647992 4 4
301647991 13 2
301647989 0 0
301647987 3 6
301647986 1 1
301647985 4 1
301647984 5 1
301647983 0 1
301647982 0 0
301647981 8 1
301647980 0 1
301647979 1 0
301647977 3 2
301647976 2 1
301647975 0 2
301647974 4 2
301647973 3 1
301647972 9 2
301647971 3 2
301647970 0 1
301647969 0 0
301647968 6 1
301647967 2 0
301647966 2 0
301647965 0 0
301647964 0 0
301647963 1 4
301647961 2 0
301647960 1 3
301647959 985 29
301647957 3 2
301647956 3 1
301647955 4 1
301647954 3 3
301647953 0 0
301647952 1 1
301647951 1 1
301647950 6 9
301647949 0 0
301647948 0 2
301647947 733 34
301647946 4 1
301647945 6 1
301647944 866 29
301647943 3 2
301647942 4 2
301647941 2 1
301647940 1121 33
301647939 6 1
301647938 0 0
301647937 1 0
301647936 0 0
301647935 2 15
301647934 5 0
301647933 4 2
301647932 3 1
301647931 3 2
301647929 4 2
301647928 2 1
301647927 11 0
301647926 5 4
301647925 7 1
301647923 11 6
301647922 0 0
301647921 6 0
301647920 5 3
301647919 1 2
301647918 0 0
301647917 6 2
301647916 2 2
301647915 5 4
301647914 5 3
301647913 0 4
301647912 0 0
301647911 0 0
301647909 521 16
301647908 3 3
301647907 3 5
301647906 0 0
301647905 1764 194
301647904 4 0
301647902 1 0
301647901 4 1
301647900 14 5
301647899 7 2
301647898 8 2
301647897 0 6
301647896 1 1
301647895 4 1
301647894 4 2
301647893 9 1
301647892 7 0
301647891 3 0
301647890 0 0
301647889 9 1
301647888 2 4
301647887 2 0
301647886 8 2
301647885 7 2
301647884 9 1
301647883 1 0
301647881 0 1
301647880 9 1
301647879 4 2
301647878 2 0
301647877 1 0
301647876 3 2
301647874 10 4
301647873 4 4
301647872 3 2
301647871 741 29
301647868 9 2
301647867 6 1
301647866 0 0
301647865 6 1
301647864 4 0
301647862 8 2
301647861 0 0
301647860 7 9
301647859 4 9
301647858 2 2
301647857 5 2
301647856 1 1
301647855 1 0
301647854 1034 37
301647853 0 0
301647852 0 0
301647851 12 4
301647850 6 4
301647849 1 1
301647848 12 2
301647846 0 0
301647845 942 28
301647844 0 0
301647843 1 0
301647841 5 1
301647840 0 1
301647839 922 29
301647838 1 2
301647837 0 1
301647836 0 0
301647835 5 2
301647834 0 1
301647833 9 3
301647832 2 2
301647831 464 17
301647830 2 3
301647829 10 3
301647828 0 2
301647827 0 1
301647826 5 2
301647825 0 0
301647824 0 1
301647823 8 2
301647822 705 11
301647821 1 1
301647820 1527 50
301647819 3 0
301647818 4 2
301647817 3 2
301647816 0 3
301647815 8 2
301647814 1 0
301647811 551 19
301647810 1 2
301647809 11 4
301647808 0 5
301647807 5 3
301647806 2 0
301647805 4 1
301647804 1489 154
301647803 2 0
301647802 8 4
301647801 0 0
301647800 11 5
301647799 1 1
301647798 4 0
301647796 9 2
301647795 7 3
301647794 3 1
301647793 9 1
301647792 0 0
301647791 8 2
301647790 0 0
301647789 0 1
301647788 7 4
301647787 844 6
301647786 7 1
301647785 6 2
301647784 7 2
301647783 0 0
301647782 8 1
301647781 12 3
301647780 0 0
301647779 2 1
301647778 7 1
301647777 1 1
301647776 2 2
301647775 7533 342
301647774 5 3
301647773 2 1
301647772 865 30
301647771 1 1
301647770 230 6
301647769 0 4
301647768 9 0
301647767 8 0
301647766 4 2
301647765 1 2
301647764 6 14
301647763 10 1
301647762 13 4
301647761 1 1
301647760 1 1
301647759 2 3
301647758 1 3
301647757 1042 25
301647756 0 1
301647755 6 1
301647754 7 4
301647753 9 4
301647752 7 4
301647751 17 1
301647750 1 2
301647749 11 3
301647748 1 2
301647747 0 1
301647746 862 88
301647745 17 5
301647744 0 2
301647743 1 0
301647742 0 0
301647741 0 0
301647740 2 0
301647739 17 4
301647738 0 0
301647736 0 0
301647735 4 3
301647734 0 1
301647733 4 1
301647732 8 1
301647731 7 1
301647730 4645 314
301647729 2222 105
301647728 2 0
301647727 3 0
301647726 0 0
301647725 1 0
301647724 6 1
301647723 1 0
301647722 3 1
301647721 4 2
301647720 4 4
301647719 11 3
301647718 10 1
301647716 2 0
301647715 16 10
301647714 1 1
301647713 3 1
301647712 1 1
301647711 1 0
301647710 4 4
301647709 4 8
301647708 3 5
301647707 21 10
301647706 5 5
301647705 1 1
301647704 3 4
301647702 1 3
301647701 0 8
301647700 8 2
301647699 1 1
301647698 0 1
301647697 631 10
301647696 336 10
301647695 1002 50
301647694 8 0
301647693 1 0
301647692 1 1
301647691 562 11
301647690 5 15
301647689 5 6
301647688 1 0
301647687 3 4
301647686 4 2
301647685 0 0
301647684 2 0
301647683 5 3
301647682 7 2
301647681 11 7
301647680 9 2
301647679 1 10
301647678 2 10
301647677 1 0
301647676 0 0
301647675 9 6
301647674 0 4
301647673 1 0
301647672 0 0
301647671 0 0
301647670 0 0
301647668 1 1
301647667 9 2
301647666 1 0
301647664 0 0
301647663 0 0
301647662 10 2
301647660 4 0
301647659 398 8
301647658 2 2
301647657 0 0
301647656 2 2
301647655 6 3
301647654 638 12
301647653 0 3
301647652 3 1
301647651 2 4
301647649 0 1
301647648 33 11
301647647 11 1
301647645 2686 143
301647644 986 81
301647643 17 2
301647642 0 0
301647641 14 3
301647640 8 2
301647639 7 1
301647638 4 2
301647637 1 2
301647636 4 4
301647635 1 1
301647634 1 0
301647633 9739 163
301647632 4 2
301647631 15 0
301647630 23 13
301647629 0 0
301647628 1 0
301647627 18 6
301647626 9 3
301647625 658 22
301647624 2 2
301647623 0 0
301647622 3 2
301647621 2 0
301647620 1 1
301647619 612 22
301647618 4 33
301647617 4 0
301647616 3192 109
301647615 7 2
301647614 9 3
301647613 29 11
301647612 0 0
301647611 0 1
301647610 7 1
301647609 17 6
301647607 1 0
301647606 829 29
301647604 0 2
301647602 10 1
301647601 14 5
301647600 10 2
301647598 6 4
301647597 1 2
301647596 6 5
301647595 9 3
301647594 7 1
301647593 2 0
301647592 11 4
301647591 7 1
301647590 1 0
301647589 7 2
301647588 0 0
301647587 9 3
301647586 1 0
301647585 7 4
301647583 2 2
301647582 2 0
301647581 1753 272
301647580 2 1
301647579 8 4
301647578 4 1
301647576 3 1
301647575 2 2
301647574 3 3
301647573 5 2
301647572 6 3
301647571 3 3
301647570 6 3
301647569 4 1
301647568 3 2
301647567 1 1
301647566 7 0
301647565 0 0
301647564 0 0
301647563 0 0
301647562 604 22
301647561 3 1
301647560 5 0
301647558 1 0
301647557 10 1
301647555 0 0
301647554 862 72
301647553 7 2
301647552 11 6
301647551 0 1
301647549 0 0
301647548 9 3
301647547 0 0
301647546 0 1
301647545 4 0
301647544 5 2
301647543 6 1
301647542 1 0
301647541 0 0
301647540 4 2
301647539 5 2
301647538 8 2
301647537 5 0
301647535 0 0
301647534 11 1
301647533 7 1
301647532 5 4
301647530 10 2
301647529 10 1
301647528 1 0
301647527 7 1
301647526 6 3
301647525 2 0
301647524 1 1
301647523 10 3
301647521 9 1
301647520 3 1
301647519 0 0
301647518 7 2
301647517 3 2
301647516 1 0
301647515 0 0
301647514 4 1
301647513 2 1
301647512 2 2
301647511 5020 125
301647510 2389 164
301647509 10 2
301647508 9 4
301647507 7 1
301647506 9 2
301647505 2 1
301647504 0 1
301647503 812 11
301647502 11 2
301647501 1 0
301647500 4 1
301647499 2 1
301647498 7 3
301647497 1 0
301647496 3 0
301647495 6 0
301647494 1016 28
301647492 5 2
301647491 5 1
301647490 4 3
301647489 3 1
301647488 1 0
301647487 3 1
301647486 7 7
301647485 4 1
301647484 1 0
301647483 1 0
301647482 6 1
301647481 1 2
301647480 6 4
301647479 2 1
301647477 10 5
301647476 8 1
301647475 0 0
301647474 0 0
301647473 9 1
301647472 9 1
301647471 8 1
301647470 0 0
301647469 9 1
301647468 4 1
301647465 0 0
301647464 4 0
301647463 0 0
301647462 11 1
301647461 0 0
301647460 4 1
301647459 6 2
301647458 414 14
301647457 3 0
301647456 5 2
301647455 2 2
301647454 0 0
301647453 1717 135
301647452 0 0
301647451 5405 134
301647450 4 0
301647449 11 1
301647448 1 0
301647447 9 1
301647446 7 2
301647445 10 1
301647444 5 3
301647442 0 0
301647441 2 1
301647440 8 1
301647439 2 2
301647438 1 0
301647437 3 0
301647436 2 1
301647435 4 1
301647433 0 1
301647432 2 1
301647430 5 0
301647429 4 1
301647428 2 6
301647427 1 0
301647426 1 0
301647425 525 17
301647424 8 1
301647423 9 1
301647422 0 1
301647421 0 0
301647420 0 1
301647419 2 0
301647418 3 2
301647417 12 2
301647416 1 0
301647415 0 0
301647414 0 2
301647413 5 1
301647412 0 0
301647411 0 0
301647410 0 0
301647409 1 0
301647408 7 1
301647407 10 1
301647406 0 0
301647405 0 0
301647404 2 1
301647403 8 1
301647402 0 0
301647401 3 0
301647400 3 1
301647399 0 0
301647398 0 0
301647396 11 1
301647395 7 2
301647393 1 0
301647392 0 0
301647391 375 13
301647390 2 1
301647389 5 1
301647388 2 0
301647387 5 1
301647386 5 2
301647385 8 3
301647384 0 0
301647383 2 3
301647382 0 0
301647381 1 0
301647380 1 0
301647379 10 1
301647378 0 0
301647377 9 2
301647376 1 2
301647375 6 1
301647374 4 1
301647373 9 1
301647372 459 20
301647371 1 0
301647370 6 1
301647369 3 0
301647368 9 1
301647367 8 1
301647366 1 0
301647365 9 1
301647364 7 1
301647363 8 1
301647360 3 1
301647359 5 2
301647358 396 24
301647357 693 14
301647356 1 0
301647355 2 0
301647354 14 2
301647353 0 0
301647352 5 1
301647351 0 0
301647350 1 1
301647349 2 1
301647348 6 1
301647346 14 2
301647345 0 0
301647344 4 1
301647342 1 0
301647341 3 1
301647340 7 0
301647339 10 0
301647338 0 0
301647337 10 1
301647336 5 1
301647335 0 0
301647334 11 0
301647333 6 1
301647331 1 0
301647330 7 1
301647329 5 1
301647328 9 1
301647327 5 1
301647326 0 0
301647325 3 1
301647324 1 0
301647323 2 1
301647321 1 0
301647320 3055 93
301647318 1 0
301647317 6 2
301647316 0 0
301647315 11 2
301647314 6 1
301647313 0 0
301647312 3 1
301647311 2 0
301647310 0 0
301647309 9 2
301647308 0 3
301647307 2 1
301647306 5 1
301647305 4 2
301647303 0 0
301647300 9 1
301647298 8 2
301647297 0 0
301647296 10 0
301647295 0 0
301647294 5 1
301647293 5 2
301647292 5 1
301647291 1 5
301647290 0 0
301647289 5 1
301647288 2 4
301647287 4 2
301647286 0 0
301647285 0 0
301647284 10 1
301647283 0 0
301647282 8 1
301647280 273 15
301647279 1 0
301647278 6 1
301647277 0 0
301647276 0 0
301647275 8 1
301647274 8 1
301647273 7 0
301647272 5 0
301647270 0 0
301647269 7 1
301647267 4 1
301647266 0 0
301647265 4 1
301647264 8 1
301647263 7 1
301647261 9 1
301647260 9 2
301647259 11 2
301647258 10 2
301647257 7 1
301647256 1 1
301647255 0 0
301647254 0 0
301647253 0 0
301647251 6 0
301647250 0 1
301647249 0 0
301647248 9 1
301647247 0 0
301647246 9 1
301647245 0 0
301647244 5 0
301647243 0 0
301647242 0 4
301647241 1 0
301647240 2 1
301647239 0 0
301647238 186 20
301647236 4 0
301647235 0 0
301647234 0 0
301647233 0 0
301647232 1 0
301647230 8 1
301647229 3 0
301647228 0 0
301647227 0 0
301647226 0 0
301647225 9 2
301647224 6 0
301647222 7 0
