303957724 0 0
303956767 0 1
303956766 0 1
303956622 0 0
303956617 0 0
303953917 0 0
303941492 2 0
303941416 0 0
303941395 0 1
303940429 9 0
303938525 1 0
303938513 0 0
303938506 2 0
303938500 2 0
303865300 0 0
303863933 5 0
303862709 1 0
303862215 2 2
303851513 2 0
303849864 1 3
303799713 2 2
303793445 5 0
303793395 0 0
303790437 15 0
303790418 7 1
303790346 5 0
303777417 7 1
303777386 2 0
303765046 0 0
303744396 1 1
303744393 2 18
303743603 0 0
303738853 0 1
303738847 0 0
303735727 6 2
303735718 11 0
303735704 3 1
303672154 9 1
303663858 2 0
303643014 1 1
303623005 7 1
303622800 13 0
303587489 16 0
303587332 7 0
303587331 9 1
303587108 3 0
303583566 4 18
303583565 3 19
303579772 1 0
303578149 8 1
303573724 11 2
303568410 9 4
303537513 7 1
303523662 12 0
303507525 0 2
303504289 15 0
303501342 20 4
303495175 5 0
303493240 5 0
303471593 0 0
303412647 2 2
303409218 23 24
303398853 11 3
303371750 5 9
303371510 4 0
303348577 6 0
303326047 26 19
303325826 4 0
303324525 17 0
303324255 26 36
303323664 8 0
303315039 1 75
303315005 1 0
303291841 11 6
303251205 3 31
303251053 12 0
303249519 11 0
303242366 12 11
303233706 5 1
303233607 6 0
303233385 9 1
303233363 26 0
303163788 22 0
303156055 7 5
303155854 9 1
303155276 20 0
303155229 2 5
303154118 13 2
303152035 0 1
303145911 18 1
303135042 10 1
303135029 15 0
303087304 5 49
303079997 22 7
303079381 3 10
303078709 4 8
303078262 25 0
303076970 0 0
303076700 0 0
303065450 30 5
303062820 33 0
302987275 18 2
302987169 6 6
302987142 5 0
302987089 1 1
302985497 1 16
302980157 23 2
302979713 0 0
302979704 11 2
302979320 9 1
302979233 22 0
302979215 18 0
302979206 19 0
302978160 20 0
302978150 2 9
302978141 5 0
302973235 3 0
302969697 16 1
302968474 21 7
302968350 14 6
302933622 6 0
302893791 45 8
302893623 23 0
302893314 17 2
302893069 6 98
302892633 14 0
302884945 12 18
302884794 13 4
302884439 19 3
302883645 11 0
302883590 6 0
302883474 14 0
302883466 18 0
302882897 12 4
302882727 10 0
302882675 3 27
302882284 23 1
302882269 7 0
302882265 0 0
302882260 7 1
302882101 2 39
302879867 2 0
302877969 5 89
302877949 14 4
302876170 5 0
302871903 20 41
302852148 0 0
302852045 19 5
302852043 27 19
302832350 3 0
302832345 6 0
302832190 3 0
302832183 4 0
302832179 1 0
302831153 5 50
302831126 12 0
302818901 19 1
302818866 3 11
302818859 17 29
302818740 1 0
302818582 35 1
302818524 3 1
302818385 11 14
302818381 0 2
302818230 4 1
302818026 1 3
302817899 0 5
302817822 9 31
302817818 34 0
302817817 4 35
302817812 4 0
302816538 2 5
302816338 0 0
302816072 11 0
302813492 2 5
302811995 11 18
302811961 5 29
302811645 13 6
302810236 4 46
302810226 31 1
302809947 19 0
302809547 9 0
302809365 0 0
302808626 2 2
302807747 15 4
302805387 13 1
302805095 4 5
302804562 1 5
302798486 5 6
302796857 0 0
302787134 22 0
302770986 11 22
302770951 9 16
302770939 16 20
302765141 23 0
302765127 25 1
302752020 11 17
302749605 27 1
302745617 0 1
302745420 3 0
302745029 8 0
302744927 10 1
302743925 8 0
302743644 3 30
302742529 16 6
302742527 5 1
302731581 10 22
302731488 1 0
302731486 0 7
302731485 1 13
302731483 0 1
302731360 8 1
302730858 3 2
302730587 13 0
302730580 22 1
302730575 0 0
302730523 1 7
302730412 78 4
302730331 5 3
302730320 6 1
302729659 10 30
302729523 4 23
302729472 6 2
302729332 11 0
302728070 5 0
302728013 31 1
302726381 8 0
302726341 18 0
302726339 57 4
302726335 9 0
302726333 8 0
302726330 17 1
302726329 15 0
302726322 19 8
302725577 1 0
302725268 64 13
302725111 0 0
302724832 9 2
302724617 1 0
302724151 1 1
302723883 5 0
302723491 3 0
302722928 3 1
302722190 11 8
302722179 7 6
302721464 0 5
302720880 3 33
302720578 1 6
302720121 0 0
302719690 6 0
302719616 5 0
302719213 11 19
302718132 22 0
302715322 9 1
302713078 0 3
302712858 1 21
302712279 19 5
302712194 26 2
302712108 3 123
302711818 2 1
302707559 9 0
302707553 14 1
302707547 22 3
302707270 13 1
302688989 39 7
302688710 3 2
302688709 1 2
302688590 8 0
302687940 5 0
302687922 0 0
302686588 0 0
302678581 10 27
302677449 7 22
302677256 18 0
302676889 0 0
302676410 0 3
302676370 0 1
302674945 4 1
302674624 0 0
302674077 4 2
302674047 1 1
302663115 3 25
302663092 0 1
302662125 0 0
302661994 8 2
302661486 5 3
302661468 5 4
302660437 15 2
302659973 8 0
302659762 2 23
302654363 1 3
302653840 16 3
302653547 5 38
302645573 3 0
302645547 7 33
302645506 11 0
302645354 0 0
302645299 0 3
302645289 0 0
302645280 6 33
302645279 6 35
302645058 0 1
302645001 7 1
302644898 28 6
302644749 0 2
302644635 2 2
302644624 16 0
302644568 1 0
302644528 0 0
302644171 32 0
302644170 15 6
302644111 4 14
302644090 30 7
302644030 0 3
302644012 43 5
302643979 45 8
302643822 4 4
302643817 6 5
302643786 1 5
302643780 11 19
302643692 21 3
302643637 7 0
302643609 17 74
302643522 9 5
302643422 0 9
302643354 6 0
302643326 13 0
302643314 14 5
302643310 2 17
302643308 9 1
302643214 18 4
302643205 13 0
302643059 12 0
302643047 8 0
302643037 0 0
302642965 8 0
302642952 0 0
302642943 0 0
302642936 11 43
302642927 0 0
302642881 5 0
302642847 0 0
302642657 4 76
302642615 14 5
302642552 12 46
302642538 18 0
302642524 2 0
302642510 1 0
302642503 4 2
302642448 26 0
302642407 4 0
302642315 10 1
302642229 12 21
302642040 0 0
302641860 0 0
302641748 1 33
302641740 3 3
302641700 2 1
302641684 7 25
302641666 6 0
302641652 10 0
302641513 20 0
302641367 2 4
302641287 16 4
302641191 0 6
302641097 4 17
302640875 9 26
302640799 2 22
302640791 14 1
302640196 8 19
302640137 79 0
302639999 16 15
302639633 10 2
302639626 0 0
302639581 8 0
302639580 3 0
302639578 0 0
302639536 0 48
302639527 5 2
302639512 2 0
302639460 0 0
302639345 37 11
302639341 11 4
302639326 15 1
302639239 0 0
302639174 5 1
302639098 2 0
302639077 14 0
302639053 6 1
302638958 1 0
302638951 8 1
302638946 7 1
302638847 18 12
302638727 2 0
302638694 13 4
302638618 30 3
302638575 6 2
302638563 12 2
302638558 2 24
302638556 5 0
302638553 4 0
302638469 7 22
302638404 0 5
302638387 6 40
302638324 34 1
302638291 1 0
302638279 18 9
302638267 0 0
302638252 0 0
302638232 5 66
302638170 6 0
302638158 4 0
302638109 15 0
302638099 0 3
302638095 8 1
302638091 2 3
302638042 3 17
302638012 0 1
302637954 10 1
302637892 32 4
302637766 6 3
302637670 14 2
302637664 9 2
302637499 0 2
302637490 7 3
302637445 0 1
302637416 11 3
302637389 41 11
302637367 32 1
302637331 7 27
302637284 6 96
302637271 34 1
302637262 1 0
302637254 2 0
302637248 0 0
302637220 25 2
302637215 0 0
302637179 7 1
302637068 17 2
302637067 22 1
302637047 1 1
302637041 18 8
302637013 0 0
302636984 27 0
302636969 12 70
302636939 19 1
302636925 8 9
302636868 1 5
302636863 3 0
302636862 0 0
302636823 0 0
302636818 0 0
302636811 4 0
302636796 1 1
302636755 15 0
302636684 14 6
302636568 3 0
302636549 16 0
302636547 35 0
302636546 10 0
302636545 0 0
302636539 14 1
302636537 7 0
302636498 47 4
302636481 0 0
302636443 17 37
302636439 88 5
302636434 12 4
302636420 3 0
302636413 17 39
302636406 0 0
302636223 2 33
302636083 1 0
302636075 18 0
302635980 0 0
302635975 1 0
302635945 0 0
302635944 12 25
302635893 2 1
302635822 0 4
302635811 1 3
302635810 4 36
302635783 10 24
302635657 4 1
302635652 2 3
302635498 13 0
302635376 2 19
302635310 8 0
302635309 1 0
302635260 2 0
302635201 19 0
302635184 0 0
302635167 15 0
302635155 5 0
302635148 2 6
302635088 22 36
302635059 1 0
302634993 0 5
302634982 9 0
302634887 5 11
302634868 1 0
302634675 10 46
302634651 12 13
302634633 6 0
302634608 2 8
302634583 0 0
302634471 1 2
302634448 4 1
302634447 15 1
302634439 3 1
302634434 20 0
302634429 14 1
302634420 4 0
302634417 2 0
302634399 9 2
302634381 7 2
302634226 5 34
302634224 0 1
302634196 12 0
302634175 29 0
302634148 7 22
302634142 8 9
302634114 9 0
302634025 0 0
302633971 5 2
302633958 3 1
302633922 10 3
302633882 4 1
302633770 19 0
302633711 0 0
302633647 7 3
302633610 5 3
302633604 2 38
302633599 0 1
302633560 5 6
302633546 32 8
302633516 10 33
302633501 33 0
302633497 2 10
302633475 10 1
302633473 17 0
302633464 7 1
302633443 4 0
302633442 10 1
302633435 1 1
302633432 19 1
302633422 7 1
302633421 15 1
302633412 2 0
302633409 1 1
302633401 0 0
302633399 5 2
302633386 7 1
302633352 1 0
302633280 0 11
302633251 0 14
302633230 5 0
302633224 1 0
302633153 0 0
302633117 1 0
302632966 0 0
302632907 1 0
302632893 0 0
302632880 9 29
302632694 8 2
302632637 0 1
302632624 5 17
302632544 16 0
302632516 1 1
302632372 6 1
302632354 8 0
302632336 2 1
302632286 0 1
302632256 3 1
302632198 6 1
302632100 5 2
302632076 7 9
302632058 6 0
302632033 7 0
302631853 6 3
302631534 4 3
302631507 3 0
302631428 12 1
302631397 6 2
302631378 4 0
302631335 2 1
302631333 0 3
302631291 11 3
302631284 8 1
302631247 0 0
302631223 16 17
302631202 4 2
302631149 0 0
302630746 6 2
302630712 0 3
302630146 1 1
302629602 0 1
302629526 12 17
302629452 3 0
302629235 2 0
302629164 1 0
302629098 25 1
302628886 4 0
302628867 2 1
302628712 3 0
302628685 15 1
302628581 2 2
302628459 13 1
302628443 13 19
302628388 17 6
302628368 1 0
302628358 0 1
302628353 1 0
302628347 11 0
302628344 1 0
302628342 20 1
302628331 16 1
302628307 15 1
302628174 8 25
302628134 0 0
302627991 3 20
302627980 3 10
302627817 0 0
302627687 3 3
302627511 0 2
302627453 0 10
302627434 5 54
302627278 10 19
302627261 0 33
302627256 54 0
302627250 1 19
302627243 2 9
302627238 3 1
302627228 14 52
302627114 0 6
302626592 1 18
302626475 6 2
302626440 3 0
302626437 0 0
302626259 2 24
302626254 2 23
302626076 0 0
302626022 10 1
302625963 1 12
302625917 5 1
302625875 2 1
302625759 6 4
302625646 2 2
302625505 0 4
302625470 0 2
302625430 19 1
302625418 13 1
302625384 9 73
302625276 0 0
302625273 9 1
302625263 10 1
302625258 1 1
302625254 0 6
302625245 8 0
302624554 0 4
302624001 0 0
302623911 12 0
302623766 1 2
302623726 1 1
302623522 4 0
302622927 6 4
302621713 28 1
302619581 8 0
302619238 8 1
302615387 9 27
302615071 3 24
302610664 1 1
302610640 7 2
302610623 25 0
302610618 37 0
302610581 7 9
302610573 15 3
302610152 16 1
302610096 1 0
302609984 4 22
302609939 26 0
302609935 3 40
302609933 2 34
302609879 0 2
302609846 0 6
302609834 1 20
302609784 2 10
302609775 12 2
302609634 6 26
302609627 7 9
302609570 11 6
302609547 12 0
302609515 23 1
302609411 13 0
302609400 7 1
302609396 8 2
302609387 23 1
302609382 0 0
302609270 15 0
302609264 18 0
302608875 15 1
302608828 0 0
302608827 0 1
302608826 0 0
302608825 9 1
302608824 9 0
302608816 5 0
302608777 0 0
302608709 3 25
302608690 1 0
302608673 0 5
302608590 1 0
302608158 0 9
302608149 28 14
302608086 23 1
302608054 4 84
302608036 3 19
302608020 13 33
302607929 234 3
302607917 22 1
302607914 10 0
302607887 17 0
302607859 16 1
302607782 29 30
302606983 11 1
302606925 26 1
302606867 11 1
302606825 0 0
302606307 0 0
302605882 7 3
302605277 27 2
302605250 30 1
302605086 66 0
302605005 2 0
302603652 4 9
302603546 10 0
302603376 7 1
302599753 3 15
302599701 31 2
302599670 7 2
302599641 33 0
302599633 8 1
302599623 4 25
302599555 2 2
302599432 16 0
302599389 6 6
302599386 3 7
302599083 11 1
302598656 0 3
302598566 1 0
302598530 11 0
302598523 17 2
302598497 6 1
302598494 1 0
302598488 2 0
302598316 1 0
302598221 7 2
302598164 0 5
302598042 10 1
302597979 1 2
302597727 5 0
302597726 29 1
302597716 1 43
302597471 11 1
302597466 3 2
302597427 6 0
302597375 5 2
302597199 0 8
302597192 44 1
302597155 0 0
302597128 0 0
302596943 7 1
302596938 5 0
302596904 1 6
302596788 3 0
302596652 24 40
302596372 6 0
302596050 3 34
302595916 0 0
302595509 30 1
302595505 0 2
302595404 19 77
302595122 19 0
302595113 11 0
302595063 5 68
302594996 6 13
302594963 10 0
302594892 4 3
302594321 0 34
302594308 1 4
302594303 8 54
302594283 0 5
302594278 0 6
302594270 0 7
302594253 1 0
302594193 4 50
302593673 1 0
302591521 2 41
302590352 3 28
302590232 2 0
302589838 0 10
302587121 0 8
302586147 21 1
302586142 1 9
302586122 7 7
302586089 11 1
302586087 7 4
302586057 19 7
302586028 6 58
302586024 0 1
302585888 0 5
302585885 5 0
302585879 0 5
302585873 0 1
302585797 6 80
302585763 3 0
302585723 4 7
302585718 19 2
302585717 3 3
302585655 1 4
302585654 1 3
302585646 5 2
302585643 26 2
302585633 10 3
302585618 3 0
302585544 13 92
302585538 8 36
302585405 9 106
302585378 63 3
302585361 94 1
302585355 10 0
302585313 23 2
302585279 40 5
302585188 54 2
302585101 0 0
302585099 0 0
302585093 1 9
302585018 19 0
302584977 20 0
302584972 1 2
302584953 15 3
302584939 11 0
302584936 35 3
302584933 19 0
302584928 18 0
302584925 29 1
302584921 36 1
302584919 14 1
302584913 36 2
302584906 29 2
302584902 0 0
302584900 10 2
302584884 7 0
302584876 21 2
302584812 12 1
302584732 0 0
302584725 3 0
302584705 1 0
302584680 22 2
302584658 22 0
302584631 0 0
302584614 6 17
302584604 1 39
302584594 22 0
302584574 3 31
302584549 6 109
302584484 7 0
302584471 20 1
302584463 12 1
302584450 26 1
302584446 5 33
302584442 22 2
302584440 6 0
302584438 1 0
302584436 11 1
302584380 12 2
302584344 0 0
302584295 28 3
302584288 21 2
302584267 13 3
302584257 11 8
302584245 17 46
302584184 13 0
302584143 0 0
302584142 0 3
302584141 0 0
302584127 1 0
302584085 13 1
302584084 6 0
302584057 15 2
302583925 2 9
302583898 23 1
302583897 5 1
302583896 11 0
302583895 2 1
302583890 33 6
302583889 18 1
302583884 11 0
302583872 19 8
302583840 11 1
302583829 16 0
302583807 1 0
302583804 10 0
302583791 6 0
302583779 22 1
302583758 1 0
302583728 21 2
302583697 18 3
302583673 18 1
302583654 19 0
302583629 14 2
302583484 0 0
302583320 12 28
302583309 11 37
302583305 19 3
302583292 2 3
302583276 22 1
302583168 1 0
302583161 35 2
302583137 20 3
302583076 13 0
302583019 13 1
302583000 10 2
302582982 0 6
302582967 19 1
302582962 20 0
302582757 1 0
302582737 73 6
302582658 31 11
302582650 11 1
302582598 2 10
302582506 0 5
302582470 16 0
302582386 7 1
302582324 8 43
302582160 0 0
302582002 7 2
302581999 9 3
302581996 8 1
302581976 34 0
302581962 4 1
302581952 7 0
302581946 0 0
302581943 1 0
302581871 0 4
302581724 16 0
302581691 2 0
302581580 1 2
302581573 1 0
302581512 21 10
302581461 11 13
302581364 26 1
302581342 15 0
302581333 10 0
302581323 41 7
302581235 0 9
302581029 1 0
302580943 20 2
302580924 9 5
302580884 12 44
302580806 95 0
302580759 0 0
302580700 23 1
302580583 7 0
302580411 10 0
302580192 1 0
302580033 12 0
302580003 1 0
302579977 23 0
302579945 16 1
302579923 2 0
302579870 13 3
302579840 0 0
302579742 2 2
302579740 2 0
302579593 0 0
302579411 1 0
302579278 9 1
302579257 13 1
302579100 18 1
302579093 51 1
302579031 1 0
302579016 20 0
302578967 8 0
302578793 1 0
302578725 4 11
302578713 11 5
302578691 4 3
302578648 16 2
302578555 16 1
302578471 20 1
302578456 17 0
302578394 11 0
302578328 14 0
302578274 10 18
302578212 22 2
302578071 20 0
302577604 9 2
302577468 5 0
302577398 40 21
302577397 18 0
302577363 0 3
302577313 5 0
302577274 7 0
302577256 14 0
302576976 1 42
302576828 14 2
302576631 1 0
302576102 1 3
302575931 10 0
302575872 32 28
302575538 8 4
302575395 1 0
302575221 8 0
302575136 3 0
302575025 15 2
302574638 8 0
302574554 6 0
302574505 14 1
302574383 28 5
302574274 15 1
302573755 10 9
302573022 1 0
302572956 20 0
302571461 5 1
302571460 14 1
302571459 1 0
302571455 11 0
302571453 15 1
302571452 41 0
302571451 16 42
302571450 7 13
302571448 1 1
302571447 9 0
302571444 15 2
302571443 2 50
302571441 9 18
302571439 0 0
302571438 9 0
302571437 0 0
302571430 12 1
302571428 29 0
302571427 12 1
302571425 22 0
302571420 14 0
302571418 14 5
302571417 12 1
302571416 6 0
302571414 20 0
302571411 6 0
302571409 14 0
302571406 0 1
302571405 27 2
302571401 21 4
302571400 9 1
302571395 3 1
302571392 20 0
302571391 4 1
302571389 17 2
302571387 11 0
302571381 0 0
302571380 2 41
302571378 0 0
302571374 0 2
302571370 8 26
302571365 6 1
302571359 4 3
302571354 0 0
302571353 0 31
302571348 16 0
302571347 23 0
302571345 4 44
302571343 9 1
302571342 6 3
302571340 6 1
302571339 2 9
302571335 20 7
302571333 10 0
302571332 23 1
302571328 20 0
302571327 12 0
302571326 0 0
302571321 14 1
302571314 0 0
302571311 1 0
302571305 2 0
302571303 0 0
302571301 4 25
302571300 14 3
302571296 13 0
302571289 0 0
302571285 13 0
302571284 9 0
302571282 20 0
302571281 1 1
302571278 4 3
302571277 13 0
302571276 12 1
302571275 47 1
302571273 0 0
302571272 0 0
302571271 0 0
302571270 0 0
302571269 7 1
302571268 0 0
302571267 0 0
302571266 10 0
302571264 7 0
302571263 3 3
302571259 9 0
302571258 3 14
302571257 7 0
302571256 22 8
302571253 22 0
302571252 6 0
302571250 29 0
302571248 13 0
302571242 5 1
302571240 1 4
302571237 0 0
302571235 0 0
302571234 12 0
302571225 0 4
302571221 21 0
302571217 2 0
302571215 2 0
302571214 19 0
302571213 17 1
302571203 14 2
302571201 30 2
302571199 18 3
302571198 9 0
302571197 2 0
302571196 13 0
302571193 12 0
302571191 17 2
302571190 8 0
302571188 4 0
302571185 19 0
302571177 8 14
302571176 35 0
302571175 0 0
302571173 8 2
302571172 15 0
302571171 0 0
302571169 30 0
302571167 13 21
302571166 19 0
302571162 9 0
302571159 24 1
302571157 206 36
302571152 0 0
302571146 11 14
302571143 0 0
302571142 9 2
302571141 2 2
302571139 0 0
302571136 13 1
302571135 1 0
302571133 12 0
302571130 9 1
302571128 4 7
302571124 7 5
302571122 10 0
302571120 0 0
302571116 3 4
302571115 18 3
302571111 19 2
302571107 8 3
302571106 0 0
302571105 5 0
302571101 15 0
302571096 6 0
302571095 8 1
302571093 3 7
302571090 18 3
302571089 0 0
302571085 1 2
302571084 6 0
302571082 4 1
302571080 2 0
302571078 1 0
302571075 0 0
302571074 11 0
302571073 18 2
302571071 9 41
302571070 1 23
302571069 3 13
302571067 13 5
302571066 2 1
302571064 0 0
302571062 0 0
302571052 10 48
302571050 0 0
302571049 3 31
302571048 0 0
302571046 8 26
302571041 0 2
302571035 1 6
302571026 4 25
302571021 0 0
302571019 1 0
302571017 7 1
302571016 1 0
302571015 1 0
302571012 19 0
302571006 6 2
302571004 2 5
302571001 16 1
302570999 6 0
302570997 0 1
302570991 9 51
302570987 0 1
302570983 0 0
302570979 10 0
302570974 24 1
302570973 0 0
302570971 2 1
302570970 5 1
302570967 0 1
302570962 0 0
302570960 10 7
302570959 18 0
302570957 3 53
302570956 5 44
302570955 4 3
302570952 18 1
302570948 3 3
302570945 7 0
302570943 0 22
302570942 54 2
302570939 10 0
302570938 0 0
302570937 13 0
302570936 14 0
302570935 10 0
302570934 4 10
302570933 0 0
302570932 0 0
302570931 18 7
302570930 2 47
302570927 14 0
302570926 12 32
302570925 15 5
302570923 12 4
302570922 15 0
302570920 11 0
302570916 6 0
302570914 6 0
302570909 1 4
302570904 1 0
302570903 6 1
302570901 15 1
302570900 5 1
302570898 8 0
302570897 0 0
302570895 5 15
302570894 19 0
302570893 3 5
302570890 17 1
302570889 7 0
302570888 29 0
302570887 3 1
302570886 22 22
302570884 2 1
302570882 3 1
302570881 3 1
302570880 2 1
302570878 12 4
302570877 9 2
302570873 0 0
302570872 11 1
302570869 5 31
302570867 23 1
302570865 7 6
302570864 23 0
302570858 0 0
302570854 2 49
302570851 4 1
302570847 5 0
302570845 8 34
302570842 1 0
302570841 22 0
302570839 8 1
302570836 23 0
302570835 1 0
302570834 28 0
302570833 13 0
302570830 15 0
302570826 4 0
302570824 2 0
302570823 5 1
302570821 0 7
302570816 4 34
302570813 0 0
302570810 3 1
302570806 12 0
302570802 11 0
302570800 10 0
302570794 0 0
302570792 3 0
302570791 19 1
302570790 1 8
302570788 9 6
302570787 2 3
302570786 25 2
302570785 20 0
302570784 28 1
302570783 11 0
302570781 10 0
302570780 2 16
302570779 25 0
302570777 27 26
302570776 11 0
302570772 9 0
302570771 52 1
302570770 1 0
302570769 5 1
302570768 2 0
302570767 0 0
302570765 0 2
302570764 7 6
302570760 1 0
302570759 1 0
302570758 2 5
302570756 10 3
302570755 3 4
302570754 1 0
302570753 13 5
302570752 11 3
302570751 3 10
302570748 2 14
302570745 13 0
302570743 17 0
302570742 27 0
302570741 0 0
302570736 0 0
302570735 0 0
302570732 20 37
302570725 0 0
302570724 4 0
302570720 0 0
302570719 16 32
302570712 24 9
302570710 5 3
302570708 2 10
302570705 16 2
302570703 15 3
302570702 1 0
302570700 14 3
302570699 2 13
302570698 7 4
302570689 20 0
302570688 12 0
302570687 21 6
302570684 18 0
302570683 6 2
302570681 25 21
302570679 29 0
302570678 0 0
302570674 17 6
302570673 15 1
302570672 7 0
302570671 5 2
302570670 0 0
302570669 14 0
302570667 0 0
302570664 17 5
302570663 0 0
302570662 0 0
302570659 19 1
302570656 11 1
302570654 17 0
302570653 13 1
302570651 26 1
302570649 5 27
302570648 20 0
302570647 13 1
302570645 0 2
302570643 6 0
302570641 13 2
302570640 23 1
302570638 6 0
302570637 22 2
302570635 0 0
302570632 2 59
302570631 6 61
302570626 0 1
302570624 6 10
302570623 0 0
302570622 0 2
302570620 0 1
302570619 1 69
302570617 0 0
302570614 0 0
302570613 15 0
302570612 31 1
302570610 0 0
302570609 0 2
302570608 1 5
302570602 0 0
302570601 6 39
302570596 0 3
302570593 11 1
302570592 7 9
302570590 8 0
302570588 9 1
302570587 13 0
302570585 16 3
302570583 6 1
302570581 21 0
302570579 7 2
302570576 6 0
302570575 18 3
302570574 5 0
302570573 2 21
302570572 3 43
302570571 9 0
302570570 6 1
302570567 0 0
302570566 9 1
302570565 27 58
302570564 0 2
302570562 25 0
302570558 8 3
302570552 16 0
302570551 1 0
302570548 14 1
302570546 5 0
302570543 1 0
302570542 7 0
302570539 11 0
302570538 6 3
302570537 2 1
302570535 8 0
302570532 7 0
302570529 2 6
302570527 0 0
302570523 4 0
302570522 2 36
302570521 3 4
302570519 0 0
302570516 1 16
302570509 0 3
302570504 1 1
302570503 8 1
302570497 1 3
302570494 3 0
302570491 6 4
302570483 6 1
302570479 0 7
302570478 16 0
302570473 53 1
302570470 0 0
302570464 4 2
302570463 2 3
302570459 35 0
302570455 2 5
302570454 3 2
302570451 2 2
302570450 6 0
302570448 1 0
302570447 0 0
302570445 2 37
302570444 8 1
302570441 11 46
302570439 7 33
302570437 10 97
302570436 1 1
302570433 0 0
302570430 5 1
302570429 0 0
302570428 2 52
302570426 5 2
302570425 13 26
302570421 0 0
302570419 1 1
302570417 0 34
302570415 3 1
302570413 17 4
302570412 4 74
302570407 4 1
302570406 7 1
302570404 27 4
302570401 1 1
302570398 24 0
302570394 11 4
302570391 8 0
302570389 14 0
302570388 1 0
302570387 22 4
302570383 8 36
302570382 25 0
302570377 24 0
302570375 21 0
302570374 77 91
302570373 8 1
302570372 3 1
302570369 6 10
302570362 3 1
302570361 0 1
302570358 5 1
302570357 17 3
302570351 2 0
302570347 8 0
302570346 0 0
302570345 1 0
302570343 20 0
302570342 0 0
302570338 9 1
302570337 8 1
302570334 2 4
302570331 6 47
302570327 0 0
302570325 0 0
302570318 1 38
302570316 2 46
302570315 0 0
302570313 1 40
302570312 1 19
302570307 0 8
302570304 3 4
302570300 8 15
302570299 11 3
302570294 1 0
302570293 6 0
302570289 0 0
302570287 13 1
302570286 0 0
302570285 14 2
302570281 2 4
302570278 11 1
302570274 3 3
302570273 0 0
302570271 0 0
302570270 1 0
302570262 0 0
302570258 5 4
302570257 13 1
302570252 11 60
302570251 13 0
302570246 8 1
302570245 10 1
302570244 1 0
302570242 20 0
302570240 0 1
302570233 0 1
302570227 1 0
302570226 4 1
302570224 61 2
302570222 14 2
302570215 3 5
302570214 20 3
302570212 10 1
302570210 9 5
302570208 16 16
302570205 32 6
302570204 17 0
302570202 19 0
302570200 3 1
302570199 1 35
302570198 12 0
302570197 1 20
302570195 8 44
302570194 10 5
302570193 8 1
302570192 7 1
302570188 43 0
302570187 27 1
302570185 16 1
302570184 2 2
302570183 17 1
302570182 0 0
302570181 5 2
302570180 6 0
302570179 11 0
302570178 2 0
302570175 5 4
302570174 11 1
302570172 6 0
302570170 24 0
302570168 9 1
302570167 0 0
302570166 13 0
302570165 20 0
302570164 12 1
302570163 0 0
302570161 1 0
302570159 18 0
302570158 0 0
302570157 5 6
302570156 1 0
302570154 25 41
302570153 4 3
302570152 30 0
302570151 1 0
302570147 3 1
302570146 5 2
302570145 1 0
302570144 8 1
302570143 19 0
302570142 10 1
302570141 0 2
302570140 14 1
302570139 5 0
302570138 3 0
302570137 14 3
302570136 13 3
302570134 1 0
302570132 1 0
302570131 4 24
302570129 4 32
302570128 8 0
302570127 3 4
302570126 40 1
302570125 0 0
302570124 18 46
302570123 1 0
302570122 41 1
302570121 27 17
302570120 0 1
302570119 1 0
302570117 29 1
302570116 1 10
302570115 0 1
302570114 6 0
302570113 4 2
302570110 15 1
302570109 9 0
302570108 11 1
302570107 0 1
302570105 3 0
302570103 22 1
302570102 1 0
302570101 1 9
302570100 17 1
302570099 8 1
302570098 9 0
302570093 24 1
302570091 229 5
302570090 22 0
302570089 18 0
302570086 5 2
302570084 37 4
302570082 4 0
302570081 5 0
302570077 14 23
302570075 3 8
302570069 3 1
302570063 0 0
302570060 0 0
302570057 9 130
302570055 13 1
302570054 4 2
302570050 21 0
302570048 31 10
302570045 0 0
302570041 10 1
302570039 6 1
302570038 6 0
302570037 6 1
302570036 11 1
302570035 21 0
302570033 7 0
302570032 2 0
302570031 7 20
302570030 17 2
302570029 12 1
302570027 1 0
302570026 4 25
302570025 12 1
302570022 12 0
302570019 1 0
302570018 1 0
302570016 1 0
302570015 3 25
302570014 1 0
302570012 5 2
302570007 7 3
302570006 0 0
302570005 5 2
302570004 18 0
302570003 8 2
302570002 9 0
302570000 19 0
302569999 7 0
302569998 8 1
302569995 3 0
302569991 6 1
302569990 1 0
302569989 8 1
302569988 36 0
302569987 12 7
302569986 2 3
302569984 11 0
302569983 19 1
302569980 2 0
302569978 0 0
302569977 0 0
302569976 19 48
302569974 10 74
302569970 19 1
302569969 13 1
302569966 0 0
302569965 15 0
302569961 0 1
302569959 23 1
302569958 1 1
302569956 1 48
302569955 7 64
302569951 2 15
302569950 22 1
302569949 4 0
302569948 0 1
302569945 0 0
302569943 17 2
302569940 9 54
302569938 0 1
302569937 0 0
302569936 1 0
302569935 5 1
302569934 1 26
302569932 18 2
302569931 0 0
302569930 0 0
302569929 5 0
302569925 178 1
302569923 1 4
302569922 0 1
302569920 7 10
302569915 7 2
302569913 0 0
302569912 0 17
302569908 24 2
302569902 22 0
302569901 0 0
302569900 9 61
302569899 1 0
302569896 27 0
302569895 18 1
302569894 29 42
302569893 7 2
302569892 5 2
302569888 370 5
302569887 18 2
302569884 11 2
302569882 0 0
302569877 17 1
302569876 0 1
302569872 3 0
302569870 3 1
302569866 11 1
302569865 1 1
302569863 10 0
302569860 4 0
302569859 0 0
302569858 2 0
302569856 0 3
302569855 5 1
302569854 0 1
302569853 18 4
302569852 4 0
302569851 31 25
302569846 9 59
302569843 3 19
302569837 9 0
302569831 13 6
302569829 30 4
302569828 27 1
302569827 18 3
302569826 4 1
302569824 0 2
302569823 4 0
302569822 18 0
302569821 8 0
302569820 0 0
302569819 17 0
302569817 0 0
302569816 4 1
302569815 28 2
302569814 1 39
302569813 0 0
302569809 7 2
302569808 19 1
302569806 30 1
302569805 0 1
302569803 4 1
302569802 3 73
302569800 2 0
302569799 0 2
302569798 0 0
302569797 0 0
302569796 0 3
302569795 4 0
302569791 3 0
302569790 12 4
302569789 6 1
302569788 9 2
302569785 10 0
302569780 1 0
302569777 67 4
302569776 13 0
302569775 32 3
302569774 369 4
302569772 3 1
302569771 10 1
302569766 5 1
302569765 2 0
302569763 1 0
302569762 4 1
302569759 25 2
302569753 11 2
302569751 35 1
302569749 1 0
302569744 3 0
302569743 38 21
302569742 29 0
302569739 15 1
302569738 1 0
302569737 14 1
302569735 0 2
302569734 10 1
302569730 4 0
302569728 12 1
302569724 6 1
302569723 13 0
302569721 26 38
302569720 3 0
302569718 2 0
302569717 9 32
302569716 19 8
302569713 0 0
302569712 4 17
302569711 33 0
302569710 1 0
302569706 14 5
302569705 28 1
302569704 8 53
302569702 12 1
302569699 4 0
302569698 7 24
302569696 1 0
302569695 32 2
302569689 1 0
302569683 35 0
302569682 2 0
302569679 21 1
302569678 0 0
302569677 8 26
302569676 20 2
302569675 6 0
302569674 2 0
302569673 0 0
302569671 11 1
302569670 5 19
302569669 0 0
302569667 2 1
302569665 10 0
302569664 3 4
302569663 9 2
302569659 0 12
302569658 7 2
302569657 5 0
302569656 14 0
302569655 6 22
302569654 2 0
302569653 1 0
302569652 17 1
302569651 3 0
302569650 8 58
302569649 7 1
302569648 64 12
302569646 9 21
302569644 3 1
302569643 4 37
302569641 1 0
302569640 1 2
302569639 2 0
302569637 2 0
302569636 13 2
302569633 0 0
302569632 33 1
302569631 7 1
302569630 7 1
302569629 1 1
302569628 0 0
302569626 6 0
302569625 29 0
302569624 5 1
302569623 1 0
302569620 24 14
302569619 12 2
302569618 9 0
302569617 12 2
302569616 13 2
302569615 1 0
302569614 12 0
302569612 5 0
302569611 25 2
302569609 11 0
302569607 11 8
302569606 12 0
302569605 9 3
302569604 8 1
302569603 7 1
302569602 9 0
302569601 0 2
302569600 0 1
302569597 7 0
302569596 0 0
302569593 7 1
302569592 6 6
302569591 6 11
302569589 0 1
302569588 13 2
302569586 15 7
302569583 12 1
302569581 3 2
302569579 180 39
302569578 0 0
302569574 1 3
302569573 0 0
302569571 6 1
302569570 13 6
302569569 3 74
302569568 0 0
302569567 10 13
302569564 0 0
302569563 7 24
302569562 0 0
302569561 4 1
302569560 0 4
302569559 10 6
302569558 1 1
302569557 17 1
302569552 10 4
302569550 13 0
302569548 6 13
302569547 7 3
302569546 11 17
302569545 1 0
302569544 9 61
302569543 0 0
302569542 11 0
302569541 7 2
302569539 5 32
302569537 4 3
302569535 9 4
302569533 11 3
302569532 23 0
302569529 3 13
302569528 0 9
302569527 4 0
302569525 0 0
302569524 9 2
302569521 18 5
302569520 0 0
302569519 11 2
302569518 6 1
302569511 6 2
302569507 0 0
302569505 21 1
302569502 18 1
302569501 183 5
302569499 7 2
302569498 6 1
302569496 542 51
302569495 12 0
302569494 15 1
302569492 5 3
302569491 0 0
302569490 0 0
302569489 5 0
302569488 0 1
302569487 2 61
302569486 4 0
302569485 2 0
302569484 9 0
302569483 0 13
302569482 6 46
302569481 5 1
302569480 1 0
302569479 5 25
302569478 8 3
302569474 6 21
302569471 35 6
302569470 9 0
302569469 0 0
302569466 11 0
302569464 6 0
302569461 6 0
302569459 3 1
302569456 7 1
302569455 5 0
302569453 1 0
302569452 0 0
302569451 12 1
302569448 17 2
302569447 0 0
302569446 0 2
302569445 0 0
302569444 1 0
302569443 8 1
302569440 0 0
302569439 3 3
302569438 11 2
302569437 0 0
302569436 3 25
302569435 2 0
302569434 9 4
302569433 6 0
302569431 14 0
302569430 10 0
302569429 10 8
302569428 10 2
302569427 44 5
302569426 0 0
302569425 7 1
302569424 20 3
302569423 0 0
302569421 15 1
302569420 7 1
302569414 0 0
302569413 12 1
302569412 12 42
302569408 10 1
302569405 0 0
302569403 4 1
302569402 5 1
302569397 2 0
302569395 16 1
302569394 9 1
302569390 7 6
302569387 0 0
302569385 0 1
302569384 4 1
302569377 20 4
302569376 6 0
302569375 25 7
302569371 2 1
302569370 0 0
302569369 1 0
302569368 1 0
302569366 25 0
302569365 7 2
302569364 11 1
302569363 7 0
302569362 435 43
302569361 14 3
302569359 10 0
302569356 18 2
302569355 6 0
302569354 5 2
302569353 1 0
302569352 0 0
302569349 23 0
302569346 5 1
302569344 12 0
302569341 6 14
302569339 24 0
302569337 5 2
302569336 0 0
302569335 17 7
302569334 115 4
302569332 0 1
302569329 47 1
302569328 5 15
302569325 7 1
302569324 14 2
302569323 1 1
302569322 0 0
302569321 1 0
302569320 4 2
302569319 4 24
302569318 403 8
302569317 39 1
302569316 9 1
302569315 4 0
302569314 3 0
302569312 9 0
302569311 2 1
302569310 1 0
302569309 11 0
302569308 18 1
302569307 12 0
302569305 0 2
302569303 12 2
302569302 3 0
302569301 2 1
302569300 3 2
302569299 0 0
302569298 12 0
302569297 1 0
302569295 36 17
302569294 0 36
302569293 8 1
302569292 19 1
302569291 1 0
302569288 13 1
302569285 8 2
302569284 6 0
302569283 4 17
302569282 15 0
302569281 10 1
302569280 8 0
302569277 13 0
302569275 1 0
302569274 1 0
302569273 11 1
302569272 6 0
302569271 0 0
302569269 12 2
302569268 15 0
302569266 9 0
302569265 14 0
302569264 13 9
302569263 8 1
302569262 4 1
302569261 14 0
302569260 9 1
302569258 33 2
302569257 14 0
302569256 13 1
302569255 0 0
302569252 1 0
302569251 27 5
302569250 11 3
302569249 1 0
302569248 17 1
302569245 6 1
302569242 5 1
302569241 3 26
302569240 3 1
302569238 8 1
302569235 6 0
302569234 1 0
302569232 8 1
302569231 11 3
302569230 7 3
302569228 7 2
302569227 7 1
302569226 26 1
302569225 2 1
302569224 15 0
302569223 0 0
302569221 11 0
302569219 11 4
302569217 2 1
302569216 0 51
302569215 9 0
302569214 11 0
302569213 2 1
302569212 0 0
302569211 8 1
302569208 5 0
302569207 8 1
302569206 8 1
302569205 10 9
302569203 0 0
302569202 0 0
302569201 35 1
302569199 0 0
302569198 0 0
302569197 8 20
302569196 5 1
302569195 0 3
302569194 7 30
302569193 0 0
302569192 4 1
302569189 6 35
302569188 1 3
302569187 1 18
302569186 3 2
302569185 6 1
302569184 0 0
302569183 12 1
302569182 20 11
302569181 0 0
302569178 2 1
302569177 0 0
302569176 0 0
302569174 2 4
302569173 9 1
302569172 0 0
302569171 0 1
302569170 6 1
302569169 8 0
302569168 4 27
302569166 61 3
302569165 6 29
302569163 5 1
302569162 0 0
302569160 10 1
302569159 2 37
302569158 10 1
302569157 9 0
302569155 5 1
302569154 4 1
302569153 0 0
302569152 0 0
302569151 1158 39
302569150 5 1
302569149 5 5
302569148 10 34
302569147 10 1
302569146 5 30
302569143 30 4
302569142 4 52
302569139 0 0
302569138 0 3
302569137 5 0
302569136 0 0
302569135 1 38
302569131 466 11
302569130 1 2
302569128 19 0
302569127 13 0
302569125 6 4
302569123 1 0
302569122 7 1
302569120 1 0
302569119 32 4
302569118 1 0
302569117 4 0
302569115 14 2
302569114 26 1
302569113 2 0
302569112 14 0
302569111 15 12
302569110 9 2
302569109 2 41
302569108 28 0
302569107 11 3
302569106 7 1
302569105 9 3
302569104 0 0
302569103 12 1
302569102 28 1
302569101 463 6
302569100 18 0
302569099 5 1
302569098 755 5
302569097 0 0
302569096 3 61
302569095 16 2
302569094 582 3
302569091 2 0
302569090 15 2
302569089 27 1
302569088 9 1
302569087 3 1
302569086 6 33
302569085 1 1
302569084 7 1
302569083 18 3
302569081 174 6
302569080 671 10
302569079 15 1
302569078 1 2
302569077 4 44
302569076 11 1
302569075 2 0
302569074 2 0
302569073 0 9
302569072 30 0
302569071 20 0
302569069 836 8
302569068 3 0
302569067 11 1
302569066 12 30
302569065 0 1
302569063 4 0
302569061 8 1
302569060 4 1
302569059 5 1
302569057 12 0
302569056 5 0
302569055 1 0
302569053 0 1
302569052 22 2
302569051 5 0
302569050 4 5
302569048 7 0
302569047 0 1
302569046 6 3
302569044 200 3
302569043 6 29
302569042 8 16
302569041 10 2
302569040 1 0
302569039 17 2
302569037 2 0
302569036 1 0
302569034 2 0
302569033 13 0
302569032 15 1
302569031 2 0
302569030 7 0
302569029 9 0
302569027 0 3
302569025 2 2
302569024 3 1
302569023 1 1
302569022 8 1
302569020 7 0
302569019 23 1
302569017 9 0
302569016 11 1
302569015 10 1
302569014 1 0
302569013 2 0
302569011 59 18
302569010 1921 10
302569008 9 0
302569006 12 39
302569005 9 1
302569004 22 1
302569003 5 0
302569002 13 1
302569001 20 0
302569000 3 0
302568999 4 1
302568998 18 0
302568997 9 35
302568996 41 3
302568995 3 1
302568994 2 33
302568992 2 8
302568991 7 22
302568990 4 9
302568987 1026 5
302568986 15 1
302568984 15 0
302568983 3 31
302568982 4 3
302568981 0 20
302568979 7 0
302568978 12 0
302568977 15 2
302568976 21 1
302568975 27 0
302568974 2 0
302568973 4 0
302568972 798 12
302568971 12 1
302568970 0 12
302568965 13 3
302568964 1 0
302568962 1 7
302568961 2 24
302568959 9 2
302568958 11 0
302568957 25 27
302568956 1051 7
302568955 0 3
302568954 6 14
302568953 13 2
302568951 1 0
302568949 0 2
302568947 6 15
302568946 1 0
302568944 16 2
302568943 8 4
302568942 1 0
302568941 1 0
302568940 0 0
302568939 9 5
302568938 17 0
302568937 0 0
302568936 550 17
302568935 1 0
302568934 11 2
302568933 1040 21
302568931 14 3
302568930 11 10
302568929 2 0
302568928 5 3
302568926 7 2
302568925 1 1
302568924 16 0
302568922 2 4
302568921 1 10
302568920 3 0
302568919 1 0
302568917 8 0
302568916 15 8
302568915 19 0
302568914 12 2
302568912 2 0
302568911 9 2
302568910 7 2
302568909 1817 208
302568908 4 27
302568907 2 0
302568906 360 3
302568905 13 3
302568904 2 0
302568903 6 2
302568901 1 0
302568900 8 0
302568899 13 2
302568898 13 2
302568896 0 0
302568895 4 0
302568894 11 0
302568892 0 2
302568891 11 1
302568890 353 6
302568889 1 0
302568888 6 0
302568887 6 2
302568884 29 0
302568883 6 1
302568882 1 0
302568881 2 0
302568880 1 0
302568879 1 0
302568878 1 0
302568877 0 0
302568876 12 2
302568875 0 0
302568873 17 0
302568871 3 2
302568870 2 1
302568869 0 0
302568868 16 2
302568866 24 0
302568865 277 3
302568864 5 21
302568863 17 1
302568859 10 1
302568857 11 0
302568856 140 14
302568855 12 1
302568854 12 1
302568853 6 0
302568852 9 2
302568849 4 21
302568848 3 0
302568845 15 2
302568844 10 2
302568843 10 0
302568842 1 5
302568840 13 2
302568839 0 1
302568838 10 1
302568836 7 0
302568835 8 1
302568834 21 0
302568833 1 0
302568832 0 0
302568831 4 0
302568829 12 1
302568828 10 0
302568827 6 0
302568826 3 0
302568825 9 1
302568824 13 1
302568823 10 3
302568822 5 0
302568821 7 1
302568818 3 4
302568817 3 1
302568816 8 0
302568815 23 1
302568814 9 2
302568813 0 0
302568812 6 0
302568811 0 0
302568810 1 29
302568809 34 5
302568806 0 0
302568805 3 0
302568804 6 0
302568801 0 0
302568799 326 8
302568798 0 0
302568797 2 4
302568796 11 2
302568795 6 0
302568794 2 0
302568793 7 2
302568792 0 0
302568791 7 2
302568789 7 22
302568788 14 2
302568787 2 0
302568786 2 6
302568785 0 2
302568784 8 2
302568782 0 0
302568781 0 0
302568780 8 2
302568779 6 4
302568777 0 0
302568776 3 4
302568773 6 2
302568772 3 0
302568771 7 0
302568770 2 3
302568769 5 0
302568768 8 2
302568767 8 0
302568766 3 5
302568765 5 0
302568763 9 4
302568761 0 12
302568760 1110 6
302568759 2 0
302568758 7 44
302568757 638 5
302568756 7 2
302568755 15 3
302568754 1 1
302568753 7 4
302568751 1 1
302568749 1 1
302568748 4 2
302568747 1 1
302568745 2 5
302568743 17 3
302568741 0 1
302568739 6 1
302568737 18 3
302568736 3 5
302568735 0 0
302568734 0 0
302568732 7 0
302568730 12 0
302568729 12 2
302568726 15 2
302568725 17 1
302568724 8 2
302568722 11 3
302568721 0 0
302568720 8 1
302568719 7 3
302568718 3 0
302568717 2 0
302568716 2 0
302568715 1 0
302568713 989 130
302568712 526 5
302568711 7 2
302568710 7 1
302568708 11 1
302568707 13 1
302568706 2 0
302568705 16 1
302568704 1 4
302568702 0 0
302568701 8 1
302568700 742 26
302568699 11 1
302568698 3 25
302568697 2 2
302568696 671 9
302568695 3 9
302568694 11 1
302568693 18 1
302568690 3 0
302568689 1 0
302568688 6 1
302568687 7 1
302568686 7 1
302568684 10 1
302568683 7 0
302568682 5 1
302568680 11 0
302568679 0 0
302568678 0 0
302568677 12 0
302568676 2 0
302568675 10 1
302568673 9 0
302568672 4 2
302568671 8 0
302568670 5 0
302568669 595 8
302568667 11 0
302568666 9 1
302568665 11 3
302568664 8 0
302568663 21 1
302568662 6 1
302568661 0 25
302568660 0 0
302568659 12 0
302568658 0 0
302568657 0 0
302568656 11 0
302568655 984 10
302568654 9 0
302568652 1 0
302568651 5 1
302568650 6 0
302568649 15 2
302568648 10 0
302568647 12 0
302568646 4 1
302568645 5 3
302568641 0 0
302568640 0 0
302568639 19 0
302568638 10 0
302568636 0 0
302568635 0 0
302568634 0 0
302568633 12 0
302568632 0 0
302568631 0 1
302568630 0 0
302568629 6 2
302568628 7 0
302568627 6 0
302568626 3 1
302568625 13 2
302568623 13 43
302568622 11 0
302568621 6 0
302568620 0 0
302568619 19 0
302568618 1 0
302568616 2 2
302568615 0 0
302568614 14 1
302568613 2 0
302568612 10 0
302568611 730 16
302568610 8 0
302568608 8 0
302568607 2692 76
302568606 6 1
302568605 8 0
302568603 12 1
302568602 0 0
302568601 4 1
302568598 5 0
302568597 5 0
302568596 6 0
302568595 1 10
302568594 5 0
302568592 6 0
302568591 1 0
302568590 3 13
302568589 10 0
302568588 8 0
302568587 1 0
302568586 16 10
302568585 3 0
302568584 0 29
302568583 11 37
302568582 0 17
302568581 10 0
302568580 10 2
302568579 1 0
302568577 0 1
302568576 3 0
302568575 0 0
302568573 1 2
302568572 0 0
302568570 13 2
302568569 0 0
302568567 20 6
302568566 7 0
302568565 6 1
302568564 8 0
302568563 5 0
302568562 3 0
302568561 6 5
302568559 1 1
302568558 0 0
302568557 3 0
302568556 22 22
302568555 234 5
302568553 0 0
302568552 0 0
302568551 3 0
302568550 4 4
302568549 5 2
302568548 11 3
302568547 1 0
302568546 0 0
302568545 2 0
302568544 8 3
302568542 3 0
302568541 0 0
302568540 1 1
302568539 13 0
302568538 19 0
302568537 4 0
302568536 3 0
302568535 13 1
302568533 3 9
302568532 8 0
302568531 6 0
302568530 2 0
302568529 3 28
302568527 3 0
302568526 2 1
302568525 15 0
302568524 4 0
302568522 6 0
302568521 1652 13
302568520 0 0
302568519 7 1
302568518 130 1
302568517 3 0
302568516 1542 40
302568515 8 1
302568514 3 0
302568513 0 1
302568512 1187 49
302568510 0 0
302568507 2 0
302568506 2 9
302568504 4 0
302568502 531 8
302568501 773 21
302568500 10 1
302568498 0 1
302568497 1 36
302568495 18 0
302568493 8 20
302568490 14 0
302568487 6 2
302568486 11 2
302568485 2 0
302568484 2 1
302568483 1 0
302568482 7 2
302568480 8 19
302568479 7 1
302568475 5 0
302568474 18 0
302568473 12 0
302568472 10 0
302568470 5 0
302568469 12 1
302568468 5 0
302568467 9 0
302568466 1 0
302568465 7 5
302568464 2 0
302568463 6 29
302568462 1 0
302568460 6 1
302568459 14 1
302568458 6 0
302568457 4 0
302568456 11 3
302568455 5 0
302568454 6 0
302568453 3 0
302568452 13 2
302568451 0 8
302568449 9 0
302568448 0 0
302568447 4 0
302568446 10 3
302568445 11 0
302568444 10 8
302568443 0 0
302568441 7 1
302568440 3 2
302568439 2 0
302568438 7 1
302568437 269 14
302568436 3 0
302568435 6 0
302568433 14 1
302568432 15 1
302568431 8 1
302568430 3 1
302568428 7 0
302568427 0 0
302568426 3 0
302568425 3 0
302568424 1 0
302568423 7 2
302568422 18 0
302568421 1 0
302568420 749 1
302568419 2 16
302568418 10 2
302568417 7 0
302568416 0 0
302568415 1 0
302568414 0 15
302568413 9 1
302568412 3 0
302568411 6 0
302568410 9 1
302568409 0 0
302568407 9 18
302568406 3 0
302568403 4 0
302568402 0 0
302568401 6 5
302568400 14 4
302568399 0 0
302568398 1 1
302568397 0 0
302568396 0 1
302568395 3 0
302568394 3 0
302568393 9 7
302568392 8 1
302568389 397 5
302568388 0 10
302568387 2 0
302568386 0 0
302568385 3 1
302568383 9 0
302568382 9 0
302568381 2 2
302568379 9 0
302568378 17 1
302568377 4 1
302568376 0 0
302568375 7 2
302568374 0 0
302568373 12 16
302568372 7 1
302568371 2 23
302568369 8 0
302568368 10 1
302568367 3 0
302568366 3 3
302568365 0 0
302568364 4 0
302568362 0 1
302568361 0 0
302568360 1 5
302568359 6 72
302568357 2 0
302568356 6 1
302568354 1 1
302568353 6 0
302568352 2 1
302568350 1 0
302568349 20 0
302568347 8 12
302568346 1 0
302568345 5 0
302568344 1 5
302568343 0 0
302568342 10 0
302568341 8 1
302568340 3 0
302568339 0 2
302568338 3 0
302568337 4 0
302568336 0 0
302568335 5 2
302568333 0 0
302568331 1 1
302568330 6 0
302568329 9 0
302568328 1 0
302568327 531 2
302568326 0 0
302568324 2 39
302568323 6 16
302568322 4 2
302568321 0 1
302568320 0 18
302568319 0 0
302568317 0 1
302568316 1 11
302568315 0 0
302568314 0 0
302568312 1147 8
302568307 1 1
302568306 0 0
302568304 7 2
302568303 5 0
302568302 11 0
302568301 1 0
302568300 5 1
302568298 659 119
302568297 8 1
302568296 18 4
302568293 1 13
302568292 1 6
302568291 1 0
302568290 17 14
302568289 2 6
302568288 2 0
302568287 0 0
302568286 2 19
302568285 5 1
302568284 14 7
302568282 1 30
302568280 11 1
302568279 6 1
302568278 22 2
302568277 2 0
302568275 0 1
302568274 2 7
302568273 8 2
302568271 1 0
302568270 3 0
302568269 0 3
302568268 2 0
302568267 2 13
302568266 2076 16
302568265 1 1
302568262 3 0
302568261 8 1
302568260 8 1
302568259 2 4
302568258 2 5
302568257 1071 17
302568255 1 2
302568253 1 1
302568252 2 1
302568251 1 3
302568249 0 0
302568247 0 0
302568246 0 0
302568245 2 2
302568244 0 1
302568242 3 1
302568241 0 1
302568239 789 92
302568238 10 21
302568236 1 1
302568235 2 1
302568234 0 5
302568233 29 4
302568232 958 94
302568231 3 33
302568229 9 32
302568227 2 0
302568226 8 0
302568225 2 1
302568224 1 4
302568223 9 3
302568222 12 6
302568221 0 0
302568220 0 0
302568218 1 0
302568217 8 2
302568215 8 2
302568214 0 0
302568213 0 0
302568212 0 0
302568210 1 0
302568209 4 0
302568208 5 17
302568207 2 1
302568205 5739 42
302568204 6 1
302568202 2 1
302568201 8 4
302568200 1116 15
302568199 5 2
302568198 6 1
302568197 1353 16
302568196 0 0
302568195 1658 33
302568193 18 1
302568192 15 1
302568191 3 1
302568190 558 5
302568189 0 3
302568187 13 1
302568186 1951 31
302568185 2 0
302568184 2 0
302568183 8 1
302568182 2 1
302568181 0 0
302568180 3 0
302568178 7 2
302568177 1128 69
302568176 6 4
302568175 1 0
302568174 1 1
302568171 1 0
302568170 5 1
302568169 5 2
302568168 6 1
302568167 1 11
302568166 1 0
302568165 762 14
302568164 6 1
302568163 0 1
302568162 344 32
302568161 5 3
302568160 1150 18
302568159 0 0
302568157 0 0
302568155 0 0
302568154 3 1
302568153 0 0
302568152 0 0
302568151 7 1
302568150 0 0
302568149 2443 30
302568148 0 0
302568146 4 1
302568145 22 5
302568144 0 1
302568143 2355 16
302568141 5 0
302568140 2 0
302568139 0 0
302568138 10 2
302568137 0 0
302568136 18 1
302568135 10 4
302568134 0 0
302568133 10 0
302568132 8 1
302568129 10 6
302568128 0 0
302568127 2847 83
302568126 4 12
302568125 4 5
302568123 2620 12
302568122 4 3
302568121 14 1
302568120 793 39
302568119 7 0
302568118 988 47
302568116 11 3
302568115 11 0
302568114 12 7
302568113 10 1
302568112 11 1
302568111 1 1
302568110 5 1
302568109 4639 101
302568107 7 1
302568106 2 0
302568105 5 11
302568104 6 16
302568102 2 22
302568101 734 28
302568100 1 0
302568099 7 1
302568098 16 3
302568097 0 0
302568096 5 1
302568095 8 0
302568094 13 1
302568093 8 0
302568092 1 4
302568091 3 0
302568090 5 1
302568089 2 38
302568087 9 1
302568085 11 0
302568084 6 11
302568082 482 6
302568081 0 0
302568079 0 1
302568078 9 1
302568077 11 0
302568076 456 5
302568075 7 1
302568073 3 2
302568070 3 1
302568069 7 1
302568066 20 7
302568065 2 0
302568064 11 1
302568063 3 1
302568062 0 1
302568060 2 0
302568059 6 12
302568058 7 28
302568057 5 1
302568056 661 21
302568055 0 9
302568054 5 1
302568053 8 1
302568052 3 1
302568051 7 3
302568050 6 1
302568049 7 1
302568048 6 1
302568047 0 0
302568046 0 0
302568045 0 0
302568044 7 0
302568042 7 1
302568041 1692 52
302568039 6 12
302568038 2 0
302568037 3 1
302568036 2351 15
302568035 0 2
302568034 0 0
302568033 5 0
302568032 7 0
302568031 11 6
302568030 6 0
302568029 5 3
302568028 0 0
302568027 7 0
302568026 3 0
302568025 0 0
302568024 2 3
302568023 4 0
302568021 1305 6
302568020 0 1
302568019 1 0
302568018 2 0
302568017 5 1
302568016 980 6
302568014 0 1
302568013 0 5
302568011 0 1
302568009 7 6
302568007 0 0
302568006 7 0
302568005 0 0
302568004 9 1
302568003 6 1
302568002 11 1
302568001 3 17
302568000 7 1
302567998 0 8
302567997 0 0
302567996 3 29
302567995 4 15
302567994 0 3
302567993 0 1
302567991 12 1
302567990 1743 8
302567989 2599 10
302567987 10 1
302567986 571 1
302567985 7 25
302567983 7 0
302567982 10 1
302567981 0 0
302567980 3 2
302567979 2 0
302567978 3 0
302567977 0 9
302567976 0 0
302567975 10 1
302567973 1081 11
302567972 7 0
302567971 3 0
302567970 2 2
302567969 0 0
302567967 0 3
302567966 6 0
302567965 0 0
302567964 1984 18
302567963 7 1
302567962 2 2
302567961 0 2
302567960 4 1
302567959 14 2
302567958 0 0
302567957 4589 222
302567955 5 0
302567954 4 2
302567953 1 0
302567952 2 1
302567951 0 1
302567950 7322 66
302567949 8 1
302567948 1 1
302567947 3 3
302567946 13 1
302567945 7 0
302567944 1 3
302567943 8 0
302567942 2 1
302567941 0 0
302567940 11 1
302567939 6 1
302567938 2 1
302567937 0 0
302567935 0 0
302567934 2002 21
302567933 5 1
302567932 3 8
302567931 8 1
302567930 0 0
302567929 4 0
302567928 3 0
302567927 7 1
302567926 0 0
302567925 4 2
302567923 8 2
302567922 9 1
302567921 0 17
302567920 9 2
302567919 686 7
302567917 1177 6
302567916 10 0
302567915 1048 23
302567914 2 5
302567913 0 0
302567912 1 2
302567911 9 0
302567910 8 0
302567909 4 2
302567908 12 0
302567907 7375 57
302567906 4 18
302567905 2 1
302567902 4 0
302567901 11 2
302567900 1 3
302567899 1 0
302567898 0 0
302567896 9 0
302567894 525 7
302567893 1 0
302567892 2 3
302567891 7 1
302567886 17 1
302567884 6 1
302567883 4 0
302567881 11 0
302567880 10 2
302567879 1163 6
302567877 7 0
302567876 8 1
302567875 8 0
302567874 9 0
302567873 6 2
302567872 3 1
302567871 9 0
302567870 7 0
302567869 6 0
302567868 2 1
302567867 0 0
302567865 10 0
302567864 1482 12
302567863 3295 38
302567862 2 1
302567861 0 2
302567860 1 0
302567859 6 0
302567858 0 0
302567857 0 0
302567856 11 2
302567855 10 3
302567854 0 0
302567853 0 2
302567852 12 1
302567851 11 3
302567850 561 16
302567848 4 0
302567847 1 1
302567845 8 1
302567844 0 0
302567843 0 0
302567841 5 0
302567840 7 1
302567839 0 0
302567838 4 0
302567836 9 2
302567835 2 1
302567834 3 19
302567833 9 1
302567832 4 0
302567831 3 0
302567828 0 0
302567827 6 0
302567826 2 0
302567825 3 1
302567824 2 2
302567823 6 0
302567822 10 1
302567821 2210 11
302567820 4 2
302567819 0 0
302567818 0 0
302567817 4 1
302567816 10 0
302567815 6 0
302567814 5 5
302567813 2 0
302567811 1 0
302567810 0 0
302567809 1 0
302567808 6 0
302567807 4 0
302567806 1 0
302567805 4 7
302567804 0 2
302567803 6 0
302567802 7 0
302567801 3 0
302567800 0 0
302567799 0 1
302567798 3 1
302567797 10 1
302567796 3 1
302567795 0 2
302567793 0 0
302567792 4031 36
302567791 0 0
302567790 829 16
302567789 1 3
302567788 1 5
302567787 7 2
302567785 0 0
302567784 0 0
302567783 7 1
302567782 10 1
302567781 0 0
302567780 0 0
302567779 3 3
302567778 2 1
302567777 0 1
302567776 0 0
302567775 5 1
302567774 0 0
302567773 4211 51
302567772 1 2
302567771 9 1
302567769 5 1
302567768 0 0
302567765 0 0
302567764 5 4
302567763 9 3
302567762 2 1
302567761 7 2
302567760 10 0
302567759 0 0
302567758 1 1
302567756 9 1
302567755 4 0
302567754 4 2
302567753 2 0
302567752 9 0
302567751 4 1
302567750 5 0
302567749 5 0
302567748 4 4
302567747 6 1
302567746 0 0
302567745 2 1
302567743 3 1
302567742 4 0
302567741 6 1
302567740 1 1
302567739 4 1
302567738 2 0
302567737 9 0
302567736 0 1
302567735 6 1
302567734 1 0
302567733 1 0
302567732 4 1
302567731 2925 90
302567730 5 0
302567729 1 0
302567728 4 1
302567726 8 1
302567725 1 0
302567723 0 0
302567722 1 0
302567721 5098 80
302567720 0 4
302567719 8128 60
302567718 7 4
302567717 7 0
302567716 2 1
302567715 0 0
302567714 0 0
302567713 7 1
302567711 2 1
302567710 4 1
302567709 5 0
302567708 2 0
302567707 1586 39
302567706 1021 12
302567705 3 1
302567704 0 2
302567703 0 0
302567702 3 1
302567701 4759 68
302567700 1 2
302567699 3 0
302567697 4 0
302567696 4 0
302567695 1239 7
302567694 647 5
302567693 0 1
302567690 4 0
302567689 2 0
302567688 0 0
302567687 1 12
302567686 4 0
302567685 11 3
302567684 7 0
302567683 2 1
302567682 3 7
302567681 6 0
302567680 1 0
302567679 3 0
302567678 6 0
302567677 1 0
302567676 1 1
302567675 5 6
302567674 3 2
302567672 3 0
302567671 0 5
302567670 5 2
302567669 2 2
302567668 0 0
302567667 0 0
302567666 1 0
302567665 7 0
302567664 5 1
302567663 9096 54
302567660 4 2
302567659 3 2
302567658 7 2
302567657 3 2
302567656 9 1
302567655 1 5
302567654 1 4
302567653 5 1
302567652 4 0
302567651 6 1
302567650 2978 201
302567649 8 1
302567648 10 1
302567647 1 6
302567646 2 6
302567645 6 1
302567641 1 1
302567638 5 12
302567637 8 2
302567636 6 2
302567635 135 3
302567634 3 1
302567633 5 2
302567632 1 2
302567630 5 4
302567629 0 5
302567628 0 0
302567627 3 1
302567626 6 2
302567625 0 0
302567622 5 1
302567620 0 5
302567619 0 0
302567618 0 0
302567617 5 0
302567616 2 1
302567614 0 9
302567613 0 0
302567612 1 3
302567611 4 1
302567609 1 3
302567608 3 1
302567606 23 2
302567605 10 21
302567604 5 1
302567603 0 0
302567601 6 1
302567599 1 3
302567598 1 3
302567597 2 2
302567596 3 9
302567595 3 1
302567594 0 0
302567592 0 2
302567591 6 3
302567590 0 8
302567588 5 1
302567586 17 2
302567585 1 2
302567584 0 0
302567583 3 1
302567582 5 1
302567581 0 4
302567580 4 1
302567578 5 0
302567577 5 3
302567576 3 5
302567571 0 1
302567570 2690 42
302567569 2 2
302567568 5 2
302567567 1 2
302567565 0 5
302567564 4 3
302567563 1 1
302567562 10 2
302567559 0 0
302567558 0 0
302567557 6750 191
302567556 2 2
302567555 2 1
302567554 0 3
302567553 9 1
302567552 9 1
302567551 1 4
302567550 1 2
302567549 1 2
302567548 2 2
302567547 3 2
302567546 4 4
302567545 1 3
302567544 5 0
302567543 1 2
302567542 2 7
302567541 4 1
302567540 2 1
302567539 2 2
302567538 1 3
302567537 1 1
302567536 3 1
302567535 3 1
302567534 2 2
302567533 1 6
