303957244 0 0
303954298 0 0
303954267 0 0
303859754 1 0
303859744 0 0
303857791 2 1
303857775 0 0
303857752 0 0
303832600 0 0
303799054 0 0
303798635 1 0
303798326 2 0
303738832 1 0
303738065 1 0
303738043 0 0
303734009 0 0
303733871 0 0
303706870 0 0
303671766 0 0
303663853 0 0
303620393 2 0
303575176 0 5
303456897 0 1
303448232 4 0
303446852 0 0
303412474 1 0
303412471 0 0
303412467 0 0
303412211 5 0
303365381 1 0
303326046 0 0
303316582 8 0
303305389 1 0
303304342 2 1
303279605 0 1
303250270 0 0
303250083 1 0
303249368 1 0
303163449 3 0
303163436 0 1
303078440 5 7
303070692 7 0
303070349 0 2
303070034 0 0
303066108 3 0
303066092 3 0
303032170 1 0
302987788 1 0
302880511 2 1
302817751 2 1
302817654 10 0
302816228 2 3
302815283 0 0
302813508 7 2
302812118 0 3
302812117 3 0
302811980 2 0
302811067 9 0
302810067 5 0
302810060 0 7
302810048 4 1
302776200 0 0
302745916 0 0
302745912 6 0
302744367 2 1
302730801 3 0
302730735 1 9
302730667 13 0
302724519 0 0
302723789 4 0
302723078 14 0
302709932 2 1
302688177 0 0
302662670 0 0
302659614 6 1
302644277 7 0
302642951 0 0
302637847 4 1
302609826 0 0
302599346 0 0
302599334 2 0
302599316 15 0
302593950 0 0
302570359 10 1
302569898 0 1
302568124 4 0
302551703 6 0
302527018 22 0
302491486 0 0
302425194 4 0
302405698 0 0
302402870 1 0
302400949 0 0
302400174 2 5
302400148 17 2
302400116 2 0
302398077 3 0
302327470 0 5
302326099 17 0
302314618 5 0
302308821 3 0
302307232 5 0
302274264 14 1
302265460 6 3
302265438 2 0
302238300 1 1
302234162 0 0
302232208 4 4
302231743 33 0
302231407 0 1
302230698 12 0
302230572 6 2
302230200 0 0
302229799 3 1
302228556 6 0
302221766 2 0
302203010 1 0
302201698 13 1
302188620 22 0
302188446 2 0
302180061 10 0
302179445 4 1
302179443 6 1
302179438 8 0
302179435 8 0
302179432 13 0
302179415 0 0
302178353 0 15
302175839 1 1
302175834 0 0
302175807 7 1
302175806 11 1
302174875 0 0
302130236 17 2
302124841 3 0
302123500 1 0
302123495 7 2
302120669 6 1
302120404 14 1
302120400 5 1
302120202 11 0
302119683 1 10
302118933 4 1
302118504 9 0
302117994 6 0
302085458 10 0
302083922 6 1
302078618 4 1
302078612 10 1
302078591 6 1
302078543 1 1
302078536 8 1
302078530 4 0
302078522 7 1
302078226 51 0
302076961 3 1
302074360 9 0
302073769 6 4
302072945 2 0
302072781 8 7
302072573 4 0
302072394 1 0
302070254 5 0
302070223 3 0
302070105 16 0
302070083 12 0
302070067 1 0
302068610 38 0
302065005 7 0
302049803 15 1
302049497 1 0
302049490 2 1
302040463 24 0
302035894 2 0
302035892 14 0
302034069 4 0
302033407 0 0
302032194 6 0
302031785 0 0
302031129 11 1
302031023 11 1
302030858 8 1
302029771 6 8
302029748 15 1
302029380 2 0
302028960 6 0
302028111 4 1
302027129 8 1
302017857 7 0
302014719 0 0
302012716 13 0
301990226 0 0
301976296 1 22
301975883 5 4
301975876 1 0
301971737 0 1
301971424 0 0
301971421 0 0
301971096 39 0
301970124 11 0
301967022 4 0
301965417 3 0
301965315 7 0
301965304 14 0
301965302 1 0
301963807 16 1
301962982 6 1
301962963 10 0
301962952 11 2
301962934 0 0
301960652 0 0
301953555 0 0
301953538 9 0
301952726 2 1
301949195 3 1
301942273 6 1
301926294 4 0
301924935 10 7
301923636 16 25
301923307 0 0
301922770 3 1
301921521 13 1
301920607 11 0
301920282 17 1
301920240 2 0
301919941 62 1
301919709 19 4
301919702 0 0
301919559 0 0
301919486 12 1
301919185 27 1
301918890 0 0
301918750 7 0
301918721 7 0
301918542 8 0
301917273 10 0
301916536 6 1
301916287 0 0
301915346 4 1
301915122 5 2
301914997 0 0
301914919 0 0
301914688 10 1
301914628 0 0
301914618 4 8
301914495 14 1
301914479 1 7
301914473 17 2
301914466 23 1
301914462 3 1
301914460 0 0
301914454 11 0
301914372 0 0
301914281 32 4
301914160 12 0
301914155 4 0
301914082 1 4
301914064 2 5
301913705 34 0
301913694 5 2
301913693 0 0
301913511 18 0
301913350 0 0
301913326 1 0
301913109 0 0
301913017 1 8
301913007 9 0
301913003 1 0
301912800 20 0
301912634 1 0
301912612 2 14
301912550 0 0
301912543 19 0
301911937 0 0
301911776 0 0
301911774 0 0
301911632 22 1
301911310 0 0
301911243 0 1
301911181 2 1
301910979 4 0
301910974 10 0
301910966 9 0
301910922 5 30
301910920 1 0
301910895 0 0
301910859 24 0
301910810 10 5
301910802 0 0
301910774 29 5
301910740 10 1
301910505 0 0
301910499 1 0
301910478 30 0
301910386 16 4
301910200 0 0
301910120 0 0
301909875 3 0
301909705 3 1
301909266 10 1
301909090 37 4
301908939 3 5
301908731 14 50
301908636 11 1
301908191 0 0
301908128 0 1
301908110 8 0
301908028 2 4
301907880 6 0
301907812 6 0
301907662 28 0
301907581 29 1
301907483 16 2
301907206 5 2
301907142 12 0
301907079 4 0
301906298 1 16
301905658 2 1
301905467 6 1
301905048 3 3
301904449 0 0
301904398 4 0
301904102 16 1
301904053 5 0
301903943 0 0
301903724 5 1
301903510 2 0
301903449 1 1
301903441 7 0
301903355 1 30
301903295 2 22
301903269 3 21
301903200 12 0
301902957 10 3
301902937 6 1
301902746 1 0
301902732 6 3
301902725 6 3
301902664 2 0
301902642 12 1
301902473 0 0
301902424 18 1
301902387 6 2
301902262 3 6
301902210 6 4
301902086 0 0
301901941 0 0
301901938 0 0
301901917 1 0
301901907 0 0
301901543 0 0
301901487 2 22
301901448 2 6
301901296 7 6
301901126 8 46
301900929 3 2
301900784 2 5
301900354 10 0
301900044 0 1
301900023 0 0
301899975 4 1
301897967 0 0
301897788 7 2
301895004 13 5
301894887 9 15
301894841 2 2
301894748 3 23
301894735 1 8
301894486 3 0
301894465 3 16
301894277 0 0
301894183 5 25
301894018 8 0
301893418 4 38
301892853 0 1
301892492 6 31
301892352 1 2
301891812 4 6
301891647 2 0
301891433 2 1
301891413 6 0
301891395 2 2
301891369 3 1
301890031 5 3
301888516 1 1
301888489 3 23
301888486 4 11
301888440 3 27
301888372 1 22
301888248 4 24
301888092 0 0
301888034 0 2
301887991 0 1
301887820 3 30
301887818 38 1
301887783 5 0
301887766 21 0
301887733 3 16
301887724 2 0
301887618 26 1
301887562 11 0
301887307 0 0
301887112 0 1
301887017 9 14
301886736 2 1
301886716 26 0
301886675 19 0
301886134 5 3
301885936 11 0
301885847 2 25
301884339 1 0
301882151 3 0
301882129 12 29
301882055 0 1
301881752 3 2
301881751 23 1
301881645 0 1
301881595 0 1
301881497 0 0
301881435 12 0
301881224 0 5
301880811 10 0
301879912 0 2
301878579 14 2
301878471 1 3
301878451 13 1
301878448 30 6
301878416 6 0
301878375 1 0
301878372 5 1
301878357 1 1
301878338 12 2
301878329 13 1
301878285 2 1
301878227 13 2
301878223 1 2
301878211 0 3
301878170 8 1
301878115 24 0
301878022 0 1
301878005 0 2
301877976 4 1
301877970 9 0
301877828 7 24
301877780 1 0
301877740 10 1
301877736 1 0
301877554 1 0
301877492 22 2
301877452 5 0
301877414 0 0
301877410 2 4
301877363 12 20
301877120 80 3
301876942 4 3
301876914 1 1
301876716 3 0
301876590 0 0
301876573 5 1
301876567 4 2
301876561 0 0
301876513 16 0
301876421 4 1
301876410 0 0
301876336 4 22
301876267 16 1
301876183 3 43
301876059 1 0
301875644 4 0
301875633 2 0
301875518 12 2
301875504 5 0
301875057 97 0
301874802 12 0
301874714 4 0
301874509 7 2
301874500 3 0
301874480 7 0
301874469 7 2
301874455 1 0
301874426 27 1
301874364 1 0
301874281 2 0
301874233 1 0
301874118 2 0
301874037 11 1
301873873 11 11
301873845 2 0
301873762 31 2
301873412 0 0
301873386 0 0
301873378 7 0
301873105 5 0
301873031 0 0
301872752 10 1
301872731 2 1
301872696 4 1
301872622 12 0
301872606 5 0
301872578 3 0
301872409 0 0
301872212 12 1
301872101 1 1
301872092 6 5
301872058 0 0
301871955 2 1
301871918 19 0
301871916 6 18
301871911 0 0
301871829 7 0
301871735 10 33
301871672 23 0
301871440 8 4
301871293 8 12
301870599 1 0
301870521 6 25
301870429 2 2
301870412 39 0
301869570 19 3
301868928 5 0
301868878 10 0
301868681 0 0
301868428 28 0
301868205 1 0
301867932 1 0
301867547 2 0
301867499 0 0
301867229 1 0
301867153 1 0
301866401 8 3
301866148 2 2
301865904 0 0
301865318 10 26
301864730 2 0
301864607 2 1
301864597 1 0
301864582 2 0
301864522 4 0
301864521 21 0
301864513 0 0
301864509 3 0
301864504 0 0
301864499 5 18
301864498 1 0
301864497 1 0
301864496 2 1
301864489 7 0
301864486 16 3
301864480 18 0
301864477 26 0
301864472 11 2
301864471 6 1
301864468 1 0
301864467 1 0
301864466 6 0
301864464 21 1
301864463 4 29
301864462 0 2
301864461 8 0
301864459 6 0
301864457 0 0
301864455 17 24
301864454 3 0
301864453 22 0
301864451 1 0
301864450 3 0
301864449 10 0
301864448 1 0
301864437 4 0
301864430 8 2
301864426 1 0
301864417 9 2
301864415 6 1
301864407 7 44
301864405 1 0
301864399 0 0
301864394 3 0
301864388 6 45
301864385 4 0
301864381 3 0
301864378 1 0
301864376 3 0
301864375 2 0
301864371 1 0
301864358 7 4
301864355 3 1
301864354 6 0
301864352 4 0
301864350 39 4
301864345 17 0
301864344 2 0
301864339 43 0
301864338 3 0
301864334 6 0
301864330 1 0
301864328 2 0
301864327 7 0
301864320 54 10
301864310 2 0
301864309 1 0
301864304 1 1
301864296 1 0
301864283 1 0
301864281 4 0
301864276 0 1
301864256 8 0
301864254 1 2
301864253 5 44
301864249 51 0
301864246 1 0
301864245 6 1
301864238 10 0
301864237 0 0
301864235 1 2
301864233 1 3
301864231 2 16
301864230 0 0
301864227 3 11
301864224 21 1
301864222 25 1
301864221 1 11
301864220 14 1
301864217 5 1
301864208 4 54
301864207 5 0
301864206 0 0
301864203 11 2
301864202 0 3
301864199 18 0
301864197 1 2
301864195 6 44
301864194 6 47
301864193 3 43
301864192 0 5
301864191 1 1
301864186 8 30
301864184 14 3
301864181 15 0
301864180 0 10
301864179 3 0
301864177 7 0
301864176 2 1
301864175 9 4
301864173 4 0
301864172 13 0
301864164 4 39
301864163 0 1
301864162 11 35
301864160 7 24
301864159 2 0
301864156 12 1
301864153 22 14
301864143 4 0
301864139 17 3
301864137 0 0
301864136 4 0
301864134 0 0
301864132 4 34
301864130 1 0
301864129 3 0
301864126 10 1
301864125 11 0
301864120 5 30
301864118 6 0
301864117 0 0
301864116 0 1
301864112 3 0
301864111 6 0
301864110 7 0
301864109 4 1
301864108 5 31
301864107 34 3
301864106 0 17
301864101 3 1
301864100 9 16
301864098 0 0
301864093 6 22
301864092 1 0
301864089 6 0
301864085 2 1
301864081 3 0
301864080 4 0
301864075 18 3
301864072 5 31
301864071 6 28
301864069 6 1
301864067 13 0
301864065 2 0
301864055 0 0
301864053 1 0
301864051 1 1
301864050 1 0
301864049 14 4
301864048 0 0
301864047 0 0
301864046 0 0
301864043 12 0
301864038 11 5
301864034 3 5
301864033 0 0
301864032 2 1
301864029 0 0
301864025 9 0
301864024 0 0
301864021 0 0
301864018 6 27
301864012 1 0
301864011 6 12
301864008 10 1
301864004 17 0
301864001 0 0
301863999 5 0
301863998 43 2
301863997 0 1
301863995 12 1
301863988 13 1
301863986 0 0
301863985 10 10
301863981 2 0
301863978 36 1
301863975 1 0
301863969 10 0
301863968 23 7
301863967 4 0
301863964 16 0
301863961 17 1
301863960 40 3
301863959 0 0
301863958 20 2
301863956 0 1
301863955 8 0
301863954 19 0
301863948 3 31
301863946 5 0
301863944 0 0
301863938 0 0
301863937 0 4
301863934 1 0
301863931 1 0
301863927 18 1
301863925 11 0
301863924 2 0
301863922 6 72
301863921 1 0
301863918 13 0
301863913 7 1
301863908 1 10
301863907 7 61
301863906 1 17
301863903 0 0
301863902 2 1
301863897 217 14
301863892 1 1
301863891 5 0
301863885 3 10
301863884 0 0
301863878 4 4
301863877 0 1
301863876 2 0
301863875 27 0
301863874 0 0
301863873 4 3
301863868 11 2
301863866 6 4
301863864 31 1
301863863 4 9
301863862 1 12
301863861 1 1
301863860 4 21
301863859 5 0
301863857 14 1
301863856 56 1
301863855 9 0
301863854 7 6
301863853 0 0
301863852 220 23
301863851 4 4
301863847 0 1
301863845 13 0
301863844 17 3
301863841 23 2
301863840 3 1
301863838 0 2
301863837 1 0
301863836 9 0
301863832 47 4
301863831 2 1
301863830 45 0
301863829 9 1
301863827 3 1
301863823 43 19
301863822 5 0
301863821 9 0
301863820 2 0
301863819 16 39
301863817 6 49
301863815 0 0
301863812 0 3
301863810 3 1
301863809 15 1
301863806 3 0
301863804 73 3
301863801 5 2
301863800 7 2
301863796 28 1
301863794 0 4
301863792 7 3
301863791 0 3
301863790 3 0
301863789 3 45
301863787 2 1
301863786 161 1
301863784 12 1
301863783 10 62
301863781 2 0
301863780 12 0
301863778 36 0
301863777 6 1
301863764 2 0
301863759 10 15
301863758 7 7
301863757 2 0
301863756 11 1
301863755 9 1
301863753 5 1
301863749 17 0
301863748 8 0
301863745 10 0
301863742 1 0
301863741 19 4
301863740 0 0
301863738 3 2
301863737 11 9
301863735 2 3
301863732 11 1
301863729 1 0
301863726 7 30
301863725 8 16
301863724 5 1
301863722 1 1
301863721 0 1
301863719 6 2
301863718 1 0
301863716 9 40
301863714 6 0
301863711 27 5
301863706 0 0
301863705 32 2
301863702 0 0
301863701 11 2
301863699 3 0
301863696 7 1
301863695 0 0
301863694 0 0
301863692 1 0
301863689 6 1
301863685 0 0
301863682 2 64
301863679 10 0
301863674 14 8
301863673 55 7
301863669 1 0
301863667 1 0
301863666 1 0
301863663 3 0
301863662 20 0
301863661 13 2
301863660 1 0
301863659 0 0
301863658 0 0
301863657 0 0
301863655 1 0
301863654 2 0
301863653 0 0
301863652 4 30
301863651 3 1
301863650 4 7
301863648 0 0
301863646 0 0
301863645 0 0
301863644 20 0
301863643 45 17
301863641 0 15
301863639 4 2
301863636 10 0
301863635 0 0
301863627 4 1
301863626 0 0
301863625 0 0
301863617 5 0
301863615 20 6
301863614 2 1
301863613 5 0
301863612 5 0
301863611 7 0
301863610 5 0
301863609 0 0
301863608 205 3
301863606 0 0
301863604 0 0
301863603 0 0
301863602 0 0
301863601 0 0
301863600 2 0
301863598 0 0
301863596 0 0
301863594 18 10
301863592 0 0
301863591 1 1
301863590 1 10
301863589 0 0
301863588 8 2
301863585 1 0
301863584 18 4
301863583 13 1
301863582 111 8
301863581 19 7
301863579 23 2
301863576 0 0
301863575 11 1
301863574 10 4
301863573 0 0
301863572 0 0
301863568 0 0
301863566 0 0
301863562 9 3
301863560 0 0
301863559 0 0
301863558 0 0
301863557 0 0
301863556 5 1
301863553 2 0
301863552 2 5
301863551 0 0
301863550 0 0
301863549 0 2
301863546 6 0
301863544 5 1
301863543 4 1
301863542 117 3
301863541 0 0
301863539 3 4
301863538 232 5
301863537 8 7
301863536 6 4
301863535 3 0
301863534 1 5
301863532 2 3
301863531 0 0
301863530 4 5
301863529 7 0
301863528 1 3
301863527 3 1
301863525 19 3
301863524 2 4
301863523 8 0
301863522 1 0
301863521 3 0
301863518 0 0
301863516 10 1
301863515 0 1
301863514 9 0
301863513 0 0
301863512 1 3
301863511 0 0
301863510 1 3
301863508 6 6
301863506 5 2
301863504 7 17
301863503 3 23
301863502 12 5
301863500 0 0
301863499 8 1
301863498 4 1
301863497 3 0
301863489 6 0
301863488 16 12
301863487 1 0
301863486 15 23
301863485 10 2
301863484 8 3
301863482 3 2
301863479 5 0
301863476 4 13
301863474 6 0
301863473 0 0
301863471 0 0
301863469 4 2
301863467 9 0
301863466 19 7
301863464 4 2
301863462 0 1
301863459 5 0
301863458 1 0
301863456 2 0
301863454 1 0
301863453 7 12
301863452 4 0
301863451 21 8
301863450 1 0
301863448 11 5
301863447 2 0
301863446 2 2
301863444 0 0
301863443 1 0
301863441 4 0
301863437 1 2
301863436 7 18
301863434 1 0
301863433 25 7
301863432 5 1
301863431 2 2
301863430 21 2
301863429 6 15
301863428 0 0
301863426 10 2
301863425 8 0
301863423 20 20
301863422 15 2
301863421 19 4
301863420 2 1
301863419 17 2
301863417 2 1
301863416 10 2
301863415 4 1
301863414 1 2
301863413 8 0
301863411 12 7
301863410 0 1
301863409 10 1
301863406 1 0
301863404 8 3
301863403 3 1
301863402 0 0
301863401 11 0
301863400 320 2
301863399 0 0
301863398 0 0
301863397 0 0
301863396 0 1
301863395 3 2
301863394 10 0
301863387 0 0
301863386 3 1
301863385 4 1
301863381 65 0
301863379 0 0
301863377 4 0
301863376 6 1
301863374 42 13
301863372 11 0
301863358 4 1
301863357 1 1
301863356 3 0
301863355 3 0
301863353 0 0
301863350 0 0
301863349 1 0
301863342 18 0
301863335 13 0
301863331 31 0
301863330 1 0
301863329 3 0
301863325 4 0
301863324 3 0
301863323 1 0
301863320 0 0
301863319 0 0
301863316 7 2
301863315 9 0
301863307 0 0
301863298 11 1
301863282 1 0
301863281 9 0
301863280 46 3
301863278 11 0
301863277 3 65
301863275 7 0
301863272 7 0
301863271 8 0
301863270 2 0
301863269 2 0
301863268 3 0
301863267 2 0
301863266 1 1
301863265 5 2
301863264 2 0
301863263 12 0
301863262 4 1
301863261 0 0
301863259 1 0
301863257 0 0
301863256 5 0
301863255 623 3
301863253 38 0
301863252 9 2
301863251 37 1
301863249 1 1
301863246 14 2
301863241 10 0
301863239 12 1
301863238 0 0
301863237 4 0
301863233 18 0
301863231 9 65
301863229 0 2
301863225 7 0
301863224 14 0
301863220 6 0
301863219 9 0
301863217 2 0
301863216 1 0
301863215 0 0
301863214 15 1
301863213 3 0
301863212 9 0
301863211 12 3
301863210 3 0
301863209 23 1
301863207 3 0
301863206 5 0
301863203 1 0
301863202 13 1
301863200 2 1
301863199 2 0
301863197 0 0
301863196 10 5
301863195 2 71
301863194 1 0
301863193 1 0
301863192 0 0
301863190 0 0
301863188 0 0
301863186 2 0
301863185 10 3
301863184 6 1
301863183 3 2
301863182 9 4
301863178 19 2
301863174 5 0
301863170 16 1
301863169 9 1
301863168 2 1
301863164 0 0
301863163 14 0
301863159 0 0
301863158 8 1
301863154 1 0
301863152 5 1
301863151 0 0
301863149 3 0
301863148 243 3
301863147 2 8
301863143 0 0
301863142 7 3
301863140 7 0
301863138 10 2
301863137 3 0
301863136 0 0
301863135 1 0
301863134 0 0
301863132 16 3
301863131 7 0
301863130 19 1
301863129 6 3
301863128 2 0
301863126 0 29
301863125 8 13
301863124 4 0
301863123 7 2
301863119 2 0
301863118 0 2
301863116 25 1
301863115 0 0
301863114 10 4
301863111 5 8
301863110 1 1
301863109 1259 8
301863108 3 0
301863107 12 0
301863106 2 1
301863105 3 1
301863104 0 0
301863102 3 28
301863101 7 8
301863098 1 0
301863096 0 0
301863095 856 15
301863092 7 2
301863091 6 1
301863090 0 2
301863088 0 0
301863087 0 0
301863086 7 0
301863085 7 0
301863083 6 1
301863082 0 1
301863081 95 12
301863080 21 4
301863079 3 0
301863078 3 0
301863077 6 2
301863076 11 1
301863075 8 0
301863071 10 3
301863069 5 0
301863066 12 1
301863063 6 0
301863061 0 0
301863060 1 0
301863059 8 0
301863057 4 10
301863056 0 1
301863054 19 21
301863050 18 1
301863048 29 0
301863047 2 3
301863046 8 1
301863042 388 2
301863041 13 5
301863036 0 0
301863033 11 1
301863031 15 0
301863030 1 1
301863029 26 19
301863028 484 7
301863027 10 0
301863026 181 14
301863023 0 0
301863020 2 0
301863019 6 1
301863017 1 0
301863016 4 1
301863015 4 0
301863014 2 31
301863013 0 0
301863012 0 0
301863011 5 54
301863010 21 1
301863009 4 0
301863008 8 1
301863007 4 0
301863006 9 1
301863005 4 40
301863004 11 2
301863002 10 0
301863000 28 1
301862999 5 0
301862998 2 2
301862997 15 0
301862996 0 0
301862995 3 26
301862994 4 1
301862992 30 2
301862991 3 0
301862990 0 0
301862989 1 1
301862988 3 8
301862987 1 0
301862986 1 0
301862985 8 1
301862984 6 26
301862983 3 1
301862982 3 1
301862981 0 0
301862980 0 0
301862979 3 1
301862977 0 0
301862976 0 22
301862975 16 1
301862974 1 1
301862973 5 1
301862972 1 6
301862970 1 0
301862969 3 19
301862968 16 0
301862967 9 2
301862966 3 2
301862965 6 15
301862964 5 12
301862963 5 0
301862962 1 0
301862961 9 5
301862960 0 0
301862959 3 120
301862958 6 0
301862956 0 0
301862955 1 41
301862954 0 40
301862953 0 0
301862952 0 0
301862950 3 1
301862949 7 0
301862946 0 0
301862945 18 0
301862942 329 28
301862940 1 2
301862939 42 5
301862938 0 1
301862937 4 0
301862936 0 0
301862934 14 2
301862933 18 1
301862930 17 1
301862929 12 0
301862928 1 1
301862927 2 1
301862926 0 0
301862925 0 0
301862924 0 0
301862923 483 5
301862922 2 0
301862920 2 0
301862919 14 2
301862918 4 1
301862917 5 0
301862916 4 16
301862913 27 0
301862912 12 2
301862911 2 0
301862910 5 0
301862909 17 1
301862907 0 0
301862906 4 0
301862905 1 0
301862904 0 0
301862903 158 7
301862902 6 0
301862900 0 1
301862899 0 1
301862897 0 0
301862896 12 1
301862895 0 0
301862894 135 4
301862893 1 0
301862892 321 7
301862891 15 6
301862890 1 0
301862889 0 17
301862888 0 0
301862886 0 1
301862885 3 0
301862884 1298 6
301862883 0 0
301862882 3 0
301862881 1 0
301862879 0 1
301862878 12 0
301862877 0 0
301862876 3 0
301862875 8 0
301862873 21 1
301862872 3 0
301862871 59 1
301862870 8 0
301862868 8 1
301862867 0 0
301862866 3 26
301862863 14 1
301862862 13 3
301862860 10 1
301862859 2 0
301862858 2 0
301862857 0 4
301862856 6 0
301862855 11 0
301862854 7 0
301862853 5 0
301862851 4 2
301862849 5 0
301862847 4 1
301862846 5 2
301862845 7 0
301862844 3 1
301862843 8 0
301862842 0 0
301862840 8 0
301862839 8 1
301862836 5 0
301862835 0 0
301862834 12 0
301862833 5 6
301862831 4 1
301862830 5 2
301862828 1 0
301862825 11 8
301862823 9 0
301862822 1 0
301862820 0 0
301862819 1 0
301862818 0 0
301862817 2 26
301862815 0 0
301862814 7 1
301862813 0 9
301862812 0 0
301862810 0 1
301862807 10 1
301862805 6 0
301862804 1 4
301862803 3 1
301862802 7 0
301862801 0 0
301862800 1 1
301862798 5 0
301862797 13 2
301862796 2 0
301862795 600 5
301862794 4 1
301862789 8 3
301862788 2 27
301862787 13 2
301862786 1 0
301862785 11 5
301862784 473 2
301862783 4 0
301862782 7 1
301862781 4 3
301862779 26 0
301862778 3 1
301862777 1 0
301862776 1 13
301862775 2 0
301862774 9 0
301862772 0 0
301862770 8 1
301862769 1 1
301862768 4 2
301862767 4 0
301862766 1 0
301862765 3 0
301862764 4 0
301862762 16 2
301862761 21 0
301862760 6 0
301862758 0 0
301862755 2 0
301862753 1 0
301862750 15 1
301862749 1 1
301862747 2 1
301862744 6 25
301862743 3 8
301862742 11 1
301862740 8 9
301862738 6 0
301862737 0 0
301862736 0 0
301862735 10 3
301862734 9 1
301862733 1 1
301862732 1 0
301862731 0 0
301862730 0 0
301862729 4 0
301862728 1 1
301862727 1 0
301862726 7 0
301862725 1 0
301862724 6 0
301862723 2 18
301862722 2 1
301862721 1 0
301862720 10 1
301862719 3 0
301862718 24 1
301862717 2 0
301862716 2 0
301862715 1 0
301862714 9 0
301862713 8 0
301862712 6 1
301862711 0 1
301862710 0 7
301862709 6 0
301862707 5 0
301862705 415 4
301862704 0 0
301862703 2 5
301862702 1 0
301862701 0 0
301862700 6 1
301862699 4 2
301862698 1 1
301862697 31 3
301862696 2 0
301862694 0 0
301862693 9 2
301862692 8 1
301862691 1 0
301862689 3 0
301862687 2 0
301862686 13 0
301862685 17 1
301862684 0 8
301862683 1336 7
301862682 9 0
301862681 1 1
301862680 1 0
301862679 7 2
301862678 2 0
301862677 0 9
301862675 1 0
301862673 15 2
301862671 12 1
301862669 6 0
301862668 382 7
301862667 4 1
301862666 1 0
301862664 3 0
301862663 1 0
301862662 0 0
301862661 0 0
301862660 634 17
301862658 2 1
301862657 0 0
301862656 169 17
301862655 0 0
301862654 4 2
301862653 9 4
301862652 7 0
301862651 1 1
301862649 0 0
301862648 1 0
301862647 1 0
301862646 727 8
301862645 4 0
301862644 0 5
301862643 7 3
301862640 7 0
301862638 1 12
301862635 0 0
301862634 0 0
301862633 1 9
301862632 0 4
301862631 0 0
301862630 0 0
301862628 9 0
301862626 12 1
301862625 2 10
301862624 1222 30
301862621 0 0
301862620 6 1
301862619 0 0
301862618 3 0
301862617 5 2
301862616 0 0
301862615 1 0
301862614 4 0
301862611 12 0
301862609 5 0
301862608 4 4
301862606 1 1
301862604 679 11
301862603 4 5
301862602 9 0
301862600 2 0
301862599 5 1
301862598 311 3
301862597 1 22
301862596 24 8
301862595 1300 15
301862594 0 6
301862592 264 36
301862591 3 0
301862590 5 0
301862589 1 0
301862588 2 0
301862587 3 0
301862586 2 0
301862585 2 0
301862583 14 13
301862582 9 3
301862581 1100 35
301862580 2 6
301862579 4 0
301862577 0 0
301862576 4 1
301862575 3 1
301862574 0 0
301862572 7 1
301862571 0 0
301862570 2 1
301862569 15 2
301862567 10 2
301862566 11 1
301862564 0 1
301862563 2 0
301862562 6 0
301862561 2 0
301862559 1 0
301862558 0 1
301862557 566 7
301862556 3 1
301862554 0 0
301862553 1 1
301862552 402 45
301862551 1 0
301862550 1 43
301862547 9 3
301862546 0 0
301862545 1 0
301862542 7 3
301862541 3 0
301862540 9 17
301862538 1 0
301862537 1 3
301862536 4 0
301862535 24 3
301862534 10 2
301862533 5 0
301862532 0 27
301862531 3 4
301862530 4 1
301862529 371 4
301862528 11 2
301862527 138 2
301862525 6 0
301862524 3 0
301862523 11 12
301862522 4 0
301862521 0 0
301862518 2 0
301862517 121 2
301862516 7 0
301862515 6 0
301862513 1 0
301862512 9 1
301862511 5 0
301862510 2 1
301862509 0 0
301862508 0 0
301862507 4 0
301862503 6 1
301862502 4 1
301862501 7 0
301862500 2 0
301862499 4 1
301862497 1 0
301862496 699 14
301862494 1 0
301862493 8 0
301862492 3 7
301862491 7 2
301862490 7 1
301862488 4 31
301862487 0 0
301862486 11 4
301862484 11 0
301862483 0 0
301862482 6 0
301862481 6 0
301862479 0 0
301862478 423 5
301862477 3 2
301862476 0 0
301862472 1 0
301862471 10 4
301862470 970 11
301862468 511 2
301862467 6 1
301862466 2 0
301862465 1 0
301862464 1 0
301862463 5 16
301862462 0 0
301862461 227 3
301862460 12 0
301862459 3 0
301862457 24 1
301862456 0 0
301862453 0 0
301862452 8 1
301862451 0 0
301862450 0 0
301862449 9 1
301862448 432 4
301862447 502 10
301862446 10 1
301862445 2 1
301862444 1572 25
301862442 2 0
301862441 4 1
301862440 1 1
301862436 0 0
301862435 0 0
301862434 1 42
301862433 0 0
301862430 15 2
301862429 3 0
301862428 4 0
301862427 0 0
301862426 2 0
301862425 6 1
301862424 7 0
301862423 0 0
301862422 1 0
301862421 1 1
301862420 5 0
301862419 0 0
301862418 0 0
301862417 182 5
301862416 0 0
301862415 0 2
301862413 1569 4
301862412 1 0
301862410 1013 7
301862409 1 0
301862408 13 0
301862407 3 1
301862405 2 1
301862404 3 0
301862402 1 4
301862401 8 0
301862400 2 0
301862399 3 0
301862398 11 0
301862397 7 5
301862394 525 4
301862393 1 0
301862392 0 0
301862391 4 1
301862390 6 0
301862389 2 0
301862388 0 0
301862387 0 0
301862386 1348 25
301862385 1 0
301862383 0 1
301862382 1 0
301862381 1 0
301862380 3 0
301862379 0 0
301862376 363 31
301862375 0 0
301862374 1 0
301862373 11 0
301862372 393 5
301862371 2 0
301862370 11 0
301862369 0 0
301862368 0 0
301862367 7 0
301862366 0 0
301862365 10 1
301862364 1 0
301862363 2 0
301862362 735 24
301862361 1 1
301862360 0 0
301862359 2 0
301862358 7 3
301862357 2 1
301862356 1 4
301862355 1 1
301862354 2 0
301862353 0 1
301862352 0 0
301862351 3 0
301862350 3 0
301862349 5 0
301862348 2 0
301862347 487 5
301862346 1 1
301862345 3 0
301862344 1 2
301862343 2 0
301862342 3 1
301862341 2 0
301862339 1 2
301862338 1 2
301862337 1 0
301862335 1 1
301862334 60 1
301862333 515 1
301862332 421 4
301862331 4 1
301862330 33 14
301862329 9 11
301862328 0 0
301862327 1185 9
301862326 3 1
301862324 9 5
301862323 0 0
301862322 9 1
301862320 4 0
301862319 386 7
301862317 3 0
301862316 0 0
301862315 11 1
301862314 2 21
301862312 7 2
301862310 6 1
301862309 4 1
301862308 1 0
301862307 1264 48
301862306 0 0
301862305 2 0
301862303 3 1
301862301 0 0
301862300 0 0
301862299 6 16
301862298 0 8
301862297 1 2
301862296 3 0
301862295 0 17
301862294 5 17
301862293 0 1
301862292 1 1
301862291 4 1
301862290 1 0
301862289 1386 26
301862287 4 1
301862286 4 0
301862284 5 0
301862283 2 1
301862282 7 3
301862281 5 1
301862280 1 0
301862279 5 26
301862278 1 0
301862277 0 1
301862276 2 2
301862275 2 0
301862274 2 1
301862273 1 0
301862272 0 0
301862271 5 1
301862270 1 1
301862269 11 1
301862266 2 0
301862265 1 2
301862264 8 1
301862263 1170 8
301862262 2 6
301862261 1717 14
301862260 7 1
301862259 4 0
301862258 4 1
301862257 1 0
301862256 3 1
301862255 2 1
301862254 2 1
301862253 3 0
301862252 1 1
301862251 18 3
301862250 10 2
301862249 1 0
301862248 3 0
301862247 2 0
301862245 2 3
301862243 2 1
301862242 10 3
301862241 2 0
301862240 2 1
301862239 4 1
301862237 512 19
301862236 1 0
301862235 2059 6
301862233 0 0
301862232 0 0
301862231 4 1
301862230 1 1
301862229 12 2
301862227 12 4
301862226 0 0
301862225 2 0
301862223 6 1
301862222 2 3
301862221 1126 6
301862220 6 0
301862219 666 7
301862218 5 2
301862216 2 0
301862215 8 1
301862214 3 1
301862213 143 0
301862212 4 0
301862211 1 0
301862209 5 1
301862208 15 4
301862207 10 1
301862206 0 0
301862205 0 0
301862203 5 1
301862202 4 1
301862201 8 1
301862200 289 7
301862199 1 2
301862198 5 8
301862197 2 0
301862196 1 0
301862194 5 1
301862193 443 1
301862192 16 9
301862191 1 0
301862189 1591 19
301862188 1 1
301862187 1 2
301862186 6 1
301862185 6 1
301862184 0 1
301862183 9 1
301862182 7 0
301862181 3 1
301862180 1 0
301862179 0 0
301862178 4 4
301862176 4 0
301862175 9 0
301862174 8 0
301862173 776 20
301862172 2 1
301862171 2 1
301862170 9 0
301862169 1 1
301862168 327 4
301862167 9 0
301862166 2 1
301862165 1 0
301862164 4 0
301862163 12 1
301862162 1 0
301862160 6 0
301862159 4 2
301862158 91 1
301862157 11 4
301862156 0 60
301862155 8 1
301862154 8 0
301862153 1 1
301862152 848 7
301862151 2 0
301862150 1551 22
301862149 2 1
301862148 1 1
301862147 0 0
301862146 10 0
301862145 6 0
301862144 1 0
301862143 5 0
301862142 2 1
301862141 3 2
301862139 4 1
301862138 3 1
301862137 10 0
301862136 9 2
301862135 6 13
301862134 0 1
301862133 6 0
301862132 2 1
301862131 6 2
301862130 2 3
301862129 3 0
301862128 4 0
301862127 0 0
301862126 85 0
301862125 1 0
301862124 0 0
301862123 4 1
301862122 4 1
301862121 4 1
301862120 2 0
301862119 4 1
301862115 2 6
301862114 288 9
301862113 4 0
301862112 11 0
301862111 2 0
301862110 1961 15
301862109 5 0
301862108 3 1
301862106 784 14
301862105 2 0
301862104 1 1
301862103 9 1
301862102 8 1
301862101 5 1
301862099 380 3
301862098 1 0
301862097 1 0
301862094 1 0
301862093 278 6
301862092 5 1
301862091 1 0
301862090 4 2
301862089 0 0
301862087 0 1
301862086 0 1
301862084 15 6
301862082 2 0
301862081 4 0
301862078 0 0
301862077 4 11
301862076 292 2
301862075 4 1
301862074 565 13
301862073 1 1
301862072 0 0
301862071 0 0
301862070 6 1
301862069 11 5
301862068 9 1
301862067 0 0
301862066 4 0
301862065 1 1
301862064 6 1
301862063 3 0
301862062 0 0
301862060 1138 158
301862059 1 1
301862058 743 9
301862057 3 0
301862055 2 0
301862052 10 0
301862051 5 1
301862050 2 0
301862049 2 0
301862048 3 0
301862047 3 0
301862046 3 0
301862045 2 1
301862043 0 0
301862042 1164 9
301862041 3 0
301862040 3 2
301862039 3 1
301862037 2 1
301862036 7 0
301862035 2 1
301862034 2 6
301862033 0 0
301862032 3 1
301862031 3 1
301862029 7 1
301862028 958 6
301862027 5 0
301862026 2 0
301862025 0 0
301862024 3 2
301862023 3 6
301862022 4 0
301862021 1 1
301862020 8 1
301862019 1 0
301862018 11 1
301862017 527 3
301862015 1 0
301862014 7 1
301862013 8 1
301862012 3 0
301862011 0 0
301862010 13 1
301862009 8 1
301862008 0 0
301862007 4 1
301862006 1 1
301862005 3 1
301862004 2941 67
301862002 2 0
301862001 0 0
301862000 2097 84
301861999 3 0
301861997 8 0
301861996 0 0
301861995 5 1
301861994 2 0
301861993 4 0
301861991 4 0
301861990 2 0
301861989 3 0
301861988 0 0
301861987 0 0
301861986 0 0
301861985 3 0
301861984 1 0
301861983 0 0
301861982 5 0
301861981 4 0
301861979 1 0
301861976 2 0
301861975 2 1
301861974 8 1
301861973 11 1
301861972 5 1
301861971 2 0
301861970 0 0
301861969 0 0
301861968 5 1
301861967 3 0
301861966 1 0
301861965 2 0
301861964 5 1
301861963 3 1
301861962 1716 30
301861960 8 0
301861959 3 0
301861958 1 0
301861957 803 5
301861956 0 0
301861955 1 2
301861953 3 1
301861952 10 2
301861950 1 0
301861948 6 1
301861947 3 3
301861946 1 1
301861945 0 0
301861944 0 0
301861943 0 1
301861942 5 6
301861941 1 1
301861940 0 1
301861939 4 0
301861938 1 3
301861937 0 0
301861936 0 0
301861935 2 1
301861934 0 0
301861933 1 3
301861932 2591 406
301861931 0 1
301861930 5 1
301861929 7 1
301861926 0 0
301861925 4 1
301861923 5 1
301861922 0 1
301861920 1 1
301861919 0 0
301861918 3 1
301861917 9 2
301861916 4 13
301861915 1 0
301861914 0 1
301861913 1 0
301861912 0 0
301861911 0 0
301861910 0 0
301861909 0 0
301861908 2 0
301861907 2 0
301861906 3 0
301861905 1 0
301861904 4 1
301861903 230 70
301861902 5 1
301861901 2 2
301861900 7 0
301861899 4414 40
301861896 0 0
301861894 1 0
301861893 1 1
301861892 1 0
301861891 1 1
301861889 1 0
301861887 5 0
301861886 302 13
301861884 5 0
301861883 1 1
301861882 5 0
301861881 1 1
301861880 0 0
301861879 1013 9
301861878 0 0
301861876 0 0
301861874 6 0
301861873 2 7
301861872 1 1
301861871 5 3
301861869 6 0
301861868 0 0
301861867 3 0
301861866 0 0
301861864 1 0
301861863 0 0
301861862 2 2
301861861 10 2
301861860 1 0
301861859 3 1
301861858 0 0
301861857 30 12
301861856 2 0
301861855 1 0
301861854 0 0
301861853 1 0
301861852 482 5
301861850 0 1
301861849 1 1
301861848 1 1
301861847 1 0
301861846 4 4
301861845 0 0
301861844 3 0
301861843 1 0
301861842 0 0
301861841 0 1
301861840 7 1
301861839 0 0
301861838 1 2
301861836 3 1
301861835 0 5
301861834 0 0
301861833 2 2
301861832 1 1
301861831 3 1
301861830 1 2
301861829 3846 45
301861828 8 2
301861827 1 1
301861826 0 0
301861825 0 0
301861824 2 0
301861823 0 0
301861822 1 1
301861819 5 0
301861818 0 0
301861817 2 1
301861816 1 1
301861815 0 0
301861814 1 2
301861813 0 0
301861812 0 0
301861811 1 1
301861810 6 0
301861809 1 1
301861808 10 2
301861807 4 1
301861806 4 0
301861805 11 5
301861804 9 11
301861803 2 0
301861802 2 9
301861801 6 1
301861800 7 2
301861799 1 0
301861797 6 2
301861796 1 0
301861795 4 2
301861794 0 0
301861793 2 1
301861791 1 0
301861790 0 0
301861789 0 21
301861788 0 0
301861787 1703 415
301861786 9 0
301861785 4572 180
301861784 0 0
301861783 7 0
301861782 2 1
301861780 6 0
301861779 0 0
301861776 0 0
301861775 2 0
301861774 0 1
301861773 6 6
301861772 5 0
301861771 8 5
301861770 0 1
301861769 2 2
301861768 2 2
301861767 0 1
301861766 1 1
301861765 1422 7
301861764 507 6
301861763 0 4
301861762 2 2
301861761 0 0
301861760 540 10
301861759 6 1
301861758 0 0
301861757 0 0
301861756 6438 52
301861755 0 0
301861754 4 2
301861753 0 0
301861752 0 0
301861751 3 0
301861750 4 0
301861748 3 2
301861747 12 9
301861746 0 0
301861745 602 2
301861744 4 1
301861743 0 0
301861741 6 0
301861740 5 0
301861739 5 3
301861738 0 0
301861737 0 1
301861736 1 0
301861735 2 3
301861734 1 1
301861733 0 0
301861732 0 0
301861731 0 1
301861730 6 0
301861729 0 0
301861728 7 1
301861727 0 0
301861725 1 0
301861724 1 1
301861723 1263 5
301861722 1 2
301861721 2 2
301861720 2 1
301861719 1 0
301861718 6 4
301861717 9 2
301861716 0 0
301861715 1 0
301861714 0 0
301861713 0 0
301861712 0 0
301861711 6 0
301861710 2 0
301861709 3 0
301861708 0 0
301861706 4 2
301861705 4 3
301861704 4287 93
301861703 2 1
301861702 2 3
301861701 0 1
301861700 5 0
301861699 0 0
301861698 0 0
301861697 0 0
301861694 4 1
301861693 1 1
301861692 0 1
301861691 6 0
301861690 2 1
301861689 7 0
301861687 1 1
301861686 1 1
301861684 1834 34
301861682 0 0
301861681 0 0
301861679 2 0
301861678 1 1
301861677 8 2
301861676 4 1
301861675 2 0
301861674 3 0
301861673 3 0
301861672 0 0
301861670 11 1
301861669 1 0
301861668 0 0
301861667 3 2
301861666 1 0
301861665 1 0
301861664 2 1
301861663 1 0
301861662 0 0
301861659 0 0
301861658 5 2
301861657 0 0
301861656 1 0
301861655 5 1
301861654 1 0
301861653 5 0
301861652 4 0
301861651 1 3
301861650 5 1
301861649 0 0
301861648 2 1
301861647 736 5
301861646 8 0
301861645 1 2
301861644 0 0
301861643 1 1
301861641 2 2
301861640 8 1
301861639 0 0
301861638 0 0
301861637 6139 45
301861635 0 0
301861634 2488 40
301861633 0 0
301861632 4 3
301861631 4 1
301861630 5 0
301861629 7 1
301861628 0 0
301861627 5504 33
301861626 2 1
301861625 385 10
301861624 5 1
301861621 1 0
301861620 7 2
301861619 1 2
301861618 0 0
301861617 1 1
301861616 0 3
301861615 0 0
301861614 8 1
301861612 4 2
301861611 3 1
301861610 1 3
301861609 1 0
301861608 1 1
301861607 1 1
301861606 2 1
301861604 2 2
301861603 1 0
301861602 2 1
301861601 0 15
301861599 0 2
301861598 0 2
301861597 1 2
301861596 9 1
301861595 9 2
301861594 256 2
301861593 1 0
301861592 6 1
301861591 9 1
301861590 6268 70
301861589 0 3
301861588 0 0
301861587 8 1
301861586 1 4
301861585 0 0
301861584 0 0
301861583 2 0
301861582 2 0
301861581 0 2
301861580 3 0
301861579 0 0
301861578 3 0
301861575 0 0
301861574 3 0
301861573 0 0
301861572 1 0
301861570 8 0
301861569 7 0
301861568 1 1
301861567 0 0
301861566 1 3
301861565 4 0
301861564 5 1
301861563 0 0
301861562 0 2
301861561 1 1
301861560 0 0
301861559 3 0
301861558 1 0
301861557 5 0
301861556 0 0
301861555 2 0
301861554 2 0
301861552 1 0
301861551 4 0
301861549 4 0
301861548 5 2
301861547 1 1
301861545 0 0
301861544 1 1
301861543 5 2
301861542 0 5
301861541 0 0
301861539 2 1
301861538 7 0
301861537 0 0
301861536 507 7
301861535 0 3
301861534 0 0
301861533 1 0
301861532 0 0
301861531 1 2
301861530 1 0
301861529 3 0
301861528 0 1
301861527 0 0
301861526 0 0
301861525 1 1
301861524 1 0
301861523 0 0
301861522 3 4
301861521 1 0
301861519 1 2
301861518 0 0
301861516 0 0
301861515 1 0
301861514 3 3
301861513 0 0
301861512 4 1
301861511 0 0
301861510 4 0
301861509 0 2
301861508 1 1
301861506 1 0
301861505 1 0
301861504 0 0
301861503 3 0
301861502 0 0
301861501 1 0
301861500 2 0
301861498 0 1
301861497 0 3
301861496 0 1
301861495 3 2
301861492 2 1
