303941474 0 0
303938007 3 1
303931722 0 4
303931721 1 1
303931711 1 0
303931700 0 2
303865834 1 0
303863618 1 1
303862579 1 0
303862576 3 0
303862547 2 0
303862542 2 1
303861219 3 0
303836976 1 0
303805200 2 0
303799691 9 4
303753281 3 2
303742666 3 0
303742625 6 0
303741643 1 0
303738170 4 0
303737599 2 0
303732997 12 1
303731952 3 1
303731909 2 0
303731879 3 0
303731867 4 0
303729806 9 0
303729708 2 3
303682184 1 1
303671990 4 0
303671989 0 0
303667835 1 0
303585262 6 31
303578901 5 0
303574206 1 0
303506352 4 0
303506341 3 1
303497601 6 1
303496936 18 0
303496904 8 0
303494981 0 0
303493632 6 0
303447310 0 0
303429341 6 0
303412601 0 0
303412587 5 1
303411423 9 0
303411413 1 0
303408781 1 0
303402405 7 0
303401804 8 1
303385479 3 0
303345685 2 0
303325487 5 0
303317006 30 17
303316985 3 0
303316298 1 0
303314013 2 0
303238927 4 0
303177667 1 0
303163342 0 27
303154424 17 1
303152370 40 8
303148817 10 2
303138124 0 5
303133979 3 1
303120980 20 1
303110794 8 1
303110770 6 1
303110478 28 9
303110006 0 0
303109955 0 1
303109836 2 1
303079319 11 2
303079243 3 1
303078085 7 2
303076726 4 0
303076289 2 3
303074093 9 0
303070979 6 0
303070403 0 1
303068583 9 4
303062537 4 0
303052994 4 0
303052754 4 2
303030650 5 0
303001894 2 3
302999171 35 0
302998848 0 1
302998650 4 0
302997106 24 0
302987924 18 8
302987898 2 19
302987105 18 6
302986687 5 3
302984042 4 1
302980912 16 1
302980053 4 2
302979555 21 4
302979427 2 3
302976150 4 1
302974974 3 2
302971701 8 3
302970357 5 0
302970322 18 0
302955065 0 0
302950813 7 1
302948009 17 2
302912210 7 0
302912079 0 0
302894166 6 0
302894044 8 0
302894042 0 13
302893812 4 0
302893731 0 0
302893165 5 1
302893159 0 0
302891941 4 3
302891665 5 0
302886680 2 2
302884785 2 0
302884699 3 7
302884423 0 0
302883605 3 12
302883591 11 8
302883432 9 0
302882961 11 0
302881711 4 0
302881702 6 0
302880655 6 0
302877714 3 1
302877628 2 1
302875893 3 0
302873130 6 2
302872571 5 1
302871598 0 1
302867364 14 0
302862497 5 0
302857607 13 1
302842657 19 2
302832830 3 7
302832428 5 0
302832315 11 0
302832216 0 0
302832118 5 0
302832115 18 0
302832095 4 3
302829778 5 2
302829197 1 0
302829028 12 3
302826842 6 0
302818927 9 1
302818912 0 7
302818800 0 1
302818781 63 1
302818617 1 24
302818614 20 2
302818613 1 8
302818611 10 42
302818607 7 4
302818604 2 0
302818603 4 1
302818600 13 1
302818244 3 3
302817913 0 0
302817908 5 1
302817884 1 0
302817828 1 0
302817585 2 0
302817569 4 0
302817500 14 0
302817463 0 0
302817415 7 1
302816802 5 1
302816656 14 3
302816650 13 0
302816641 10 0
302816635 1 0
302816630 9 0
302816627 15 0
302816550 5 3
302816542 4 9
302816354 23 0
302816344 5 0
302816056 16 2
302815778 0 0
302815719 31 0
302815647 0 5
302815590 22 1
302814974 3 1
302814932 21 1
302814728 5 0
302813344 1 0
302813236 2 2
302812997 6 0
302812990 22 8
302812737 0 0
302812710 14 1
302812697 2 0
302812696 3 0
302812578 11 0
302812568 16 0
302812542 2 0
302812454 2 10
302812443 9 0
302812442 18 1
302812437 14 0
302812433 0 9
302812321 1 4
302812257 4 0
302812256 4 0
302811894 6 1
302811779 13 0
302811595 9 0
302811593 14 1
302811502 0 0
302811500 16 0
302811360 10 2
302811158 15 5
302811089 11 1
302811052 9 5
302811051 9 1
302810910 2 12
302810688 0 3
302810562 3 2
302810527 0 1
302810430 1 1
302810402 13 1
302810391 6 4
302810387 21 1
302809913 2 1
302809907 0 1
302809905 7 1
302809894 3 2
302809751 4 3
302809744 12 1
302809675 19 1
302809670 6 3
302809538 2 1
302809364 5 2
302809064 4 3
302808776 5 3
302808679 17 1
302808472 19 9
302808459 1 5
302808455 19 2
302808320 5 6
302808280 12 4
302808186 0 13
302808149 1 0
302808117 0 1
302808003 19 2
302807970 26 5
302807792 19 2
302807544 7 7
302807361 16 17
302807347 3 7
302807072 21 2
302806970 11 1
302806914 10 1
302806762 3 1
302806590 5 11
302806571 9 3
302806562 3 1
302806553 13 1
302806536 10 1
302806518 17 1
302806452 1 1
302806279 27 1
302806236 8 4
302806217 7 2
302806202 2 1
302805856 9 2
302805761 87 2
302805715 6 1
302805680 2 3
302805670 2 16
302805244 1 3
302805020 11 1
302804883 3 3
302804762 40 19
302804221 14 1
302804198 6 8
302803905 10 2
302803839 14 1
302803536 22 2
302803418 4 3
302802451 1 13
302802218 3 1
302801114 7 3
302800432 1 6
302800106 5 2
302800032 2 3
302800016 3 48
302799682 5 1
302799509 9 1
302799461 15 29
302799456 29 5
302799449 16 1
302799377 8 3
302799173 3 1
302799163 1 51
302799137 5 1
302799018 23 1
302798795 1 2
302798644 11 50
302798534 0 2
302798533 0 2
302798183 2 1
302798072 2 49
302797759 41 6
302797643 6 4
302797401 8 3
302797102 2 3
302796972 10 1
302796915 3 1
302796885 1 3
302796471 4 42
302796459 12 3
302796349 1 42
302796303 1 42
302796047 21 7
302796029 7 2
302796024 18 1
302795525 1 3
302795114 2 4
302794937 6 3
302794926 9 5
302794912 28 9
302794658 15 17
302794574 6 3
302794560 7 1
302794541 20 4
302794184 9 4
302793238 25 3
302792723 8 0
302791315 0 1
302788842 28 6
302788095 1 1
302787694 25 2
302787010 16 3
302783901 5 20
302776526 2 1
302776516 3 19
302776473 13 0
302776462 0 0
302776175 7 22
302775825 31 2
302775716 2 0
302775634 2 0
302775503 13 3
302775490 16 0
302774758 0 0
302774617 12 1
302774578 0 0
302774551 7 0
302774545 5 1
302774543 10 0
302773063 12 49
302772388 1 1
302772380 6 1
302772146 16 5
302772140 8 0
302772111 9 0
302772090 12 0
302772065 3 0
302771932 0 2
302771919 20 1
302771823 0 0
302771812 12 0
302771446 25 0
302771375 4 59
302771134 5 3
302764924 9 2
302764861 5 0
302764854 1 10
302764424 16 0
302764293 21 2
302763679 0 0
302763641 11 2
302763071 1 1
302762803 44 3
302762743 11 1
302762731 18 0
302762675 1 0
302762583 2 1
302762568 18 0
302762468 4 1
302762144 0 1
302762139 0 0
302761425 1 1
302761418 4 2
302761401 0 0
302761012 19 0
302761005 23 0
302760776 10 1
302760629 8 0
302760570 1 1
302760326 1 0
302760225 10 0
302759823 15 6
302759469 31 0
302758839 0 36
302758818 22 1
302758645 0 0
302758269 13 3
302758260 1 2
302758114 4 0
302756635 8 42
302756610 11 1
302756399 15 1
302756210 9 1
302756062 11 2
302755854 21 30
302755844 9 0
302755830 6 0
302754900 4 42
302754237 1 0
302753853 21 36
302753694 2 1
302751642 5 41
302751614 2 35
302749707 2 1
302748385 4 2
302747695 5 0
302746079 17 2
302746068 7 0
302746059 10 2
302746011 6 53
302745964 15 0
302745949 2 25
302745938 2 1
302745936 13 3
302745933 1 0
302745883 4 25
302745808 13 9
302745798 10 2
302745720 0 0
302745503 21 1
302745456 17 0
302745388 8 4
302745383 5 36
302745337 23 1
302745309 1 0
302745300 0 0
302745277 23 1
302745218 7 0
302745202 22 3
302745123 6 53
302745033 0 0
302745009 43 0
302744986 1 2
302744976 6 10
302744848 10 0
302744845 11 0
302744842 2 3
302744841 0 0
302744830 24 5
302744820 1 40
302744810 2 2
302744776 8 0
302744704 14 1
302744689 13 1
302744678 14 7
302744649 22 9
302744625 0 1
302744545 3 6
302744516 0 0
302744515 6 9
302744415 6 31
302744404 6 47
302744394 1 1
302744387 19 2
302744327 6 17
302744311 0 1
302744307 0 0
302744268 9 2
302744238 17 8
302744221 7 1
302744187 14 8
302744181 14 3
302744160 18 2
302744128 16 2
302743997 0 0
302743892 0 0
302743830 6 8
302743789 16 3
302743715 20 2
302743688 4 4
302743687 24 1
302743669 23 0
302743668 17 0
302743647 6 0
302743596 9 2
302743578 14 0
302743566 1 4
302743558 10 5
302743554 14 2
302743544 1 4
302743532 5 53
302743520 16 0
302743502 20 3
302743383 30 2
302743366 16 1
302743320 6 2
302743247 15 0
302743234 12 1
302743221 24 2
302743164 10 2
302743157 9 1
302743068 0 0
302743062 6 1
302742995 12 1
302742986 1 0
302742975 8 0
302742964 4 2
302742953 8 4
302742766 12 1
302742719 1 0
302742681 15 1
302742653 20 19
302742361 1 0
302742254 23 18
302742198 21 1
302741962 15 2
302741931 11 0
302741888 13 5
302741864 36 3
302741842 10 0
302741535 0 8
302741329 12 2
302741219 39 1
302741201 19 0
302741114 8 4
302741098 5 5
302741073 34 0
302741062 13 0
302740998 8 0
302740896 2 3
302740886 18 7
302740630 1 0
302740431 18 0
302740409 23 0
302740014 3 20
302739793 5 0
302739675 19 0
302739314 4 2
302739277 18 10
302738889 1 3
302738883 1 1
302738280 18 40
302738080 0 1
302737980 15 4
302737825 13 1
302737679 38 1
302737677 14 2
302737579 13 3
302737529 19 2
302737459 19 5
302737112 5 66
302737054 1 1
302737013 1 1
302736976 9 3
302736919 14 1
302736892 2 12
302736802 24 1
302736735 1 1
302736615 1 1
302736318 14 2
302736126 9 0
302736098 6 1
302736035 1 0
302735896 18 1
302735770 5 10
302735133 26 1
302734857 13 11
302734824 4 1
302734390 15 1
302734106 0 0
302733580 3 24
302733119 9 2
302732345 6 8
302731705 0 0
302731626 3 0
302731598 13 23
302731597 1 0
302731592 2 2
302731589 14 1
302731584 1 0
302731583 16 0
302731570 0 0
302731568 0 2
302731561 13 1
302731559 13 2
302731557 11 2
302731553 4 0
302731545 9 1
302731542 2 0
302731539 4 1
302731535 26 4
302731531 0 0
302731530 12 1
302731528 3 15
302731524 4 7
302731520 1 0
302731517 3 1
302731516 16 1
302731508 8 0
302731489 5 0
302731484 34 1
302731479 8 0
302731478 4 2
302731473 16 8
302731470 11 1
302731469 17 6
302731446 1 0
302731439 13 1
302731432 24 1
302731427 15 0
302731425 10 0
302731423 1 2
302731422 9 47
302731415 18 0
302731412 57 1
302731410 8 3
302731409 10 3
302731408 26 0
302731398 0 0
302731397 5 0
302731390 10 0
302731378 9 0
302731374 19 1
302731373 8 0
302731371 14 0
302731370 10 3
302731369 18 0
302731343 16 0
302731342 2 0
302731341 9 0
302731334 16 2
302731327 15 0
302731325 43 0
302731324 24 0
302731320 0 0
302731306 4 0
302731304 0 0
302731299 19 3
302731295 24 13
302731294 4 0
302731288 4 0
302731287 0 0
302731281 3 23
302731280 3 0
302731277 0 0
302731271 39 1
302731270 1 0
302731266 3 0
302731265 20 1
302731255 14 0
302731254 3 2
302731252 0 3
302731251 35 4
302731249 0 3
302731245 1 0
302731244 6 26
302731243 20 0
302731240 10 0
302731238 0 0
302731232 9 1
302731231 5 20
302731229 7 24
302731227 11 0
302731226 15 45
302731225 8 24
302731222 14 0
302731220 9 0
302731219 8 1
302731212 6 58
302731211 0 0
302731209 3 28
302731208 37 1
302731207 8 0
302731204 11 1
302731203 15 1
302731202 10 0
302731199 37 0
302731195 12 1
302731189 24 4
302731186 0 3
302731182 19 0
302731181 35 10
302731180 2 0
302731179 12 1
302731177 47 2
302731174 2 1
302731166 25 5
302731157 5 23
302731156 2 22
302731141 3 51
302731139 18 3
302731136 36 9
302731134 2 0
302731128 26 5
302731120 36 7
302731119 6 28
302731116 50 10
302731109 31 12
302731107 5 32
302731106 2 0
302731102 14 8
302731101 1 2
302731100 5 2
302731098 9 18
302731097 14 8
302731092 1 1
302731087 20 4
302731083 8 7
302731082 1 19
302731078 5 2
302731075 1 29
302731074 9 5
302731071 55 0
302731069 15 3
302731068 0 0
302731067 7 2
302731065 9 46
302731064 3 17
302731062 1 0
302731054 8 1
302731053 6 65
302731052 3 3
302731051 6 1
302731050 11 0
302731048 5 5
302731047 15 1
302731045 5 70
302731044 15 4
302731043 17 2
302731042 9 1
302731041 7 6
302731039 2 0
302731035 0 0
302731033 13 2
302731031 13 1
302731028 1 1
302731025 12 2
302731020 6 1
302731009 1 1
302731006 10 6
302731004 2 0
302731002 19 5
302730996 19 0
302730994 15 4
302730989 0 0
302730988 5 8
302730982 8 1
302730981 2 0
302730979 4 4
302730977 21 5
302730956 0 0
302730953 22 0
302730945 0 0
302730941 0 1
302730940 23 6
302730937 17 1
302730933 22 4
302730932 1 5
302730931 3 1
302730926 3 8
302730925 0 5
302730920 1 0
302730919 9 3
302730916 12 2
302730912 1 0
302730910 7 2
302730903 1 0
302730902 2 0
302730901 2 0
302730900 2 0
302730897 16 8
302730895 13 2
302730894 17 0
302730893 0 0
302730892 3 1
302730889 8 15
302730888 1 0
302730886 16 4
302730880 31 4
302730875 2 62
302730872 26 12
302730866 3 0
302730864 0 3
302730860 1 0
302730854 4 2
302730850 0 0
302730848 10 1
302730846 5 1
302730843 6 27
302730839 8 0
302730835 1 0
302730834 15 20
302730829 7 1
302730823 0 0
302730822 0 1
302730812 11 1
302730808 4 11
302730807 7 4
302730805 41 0
302730800 14 4
302730795 1 0
302730794 10 2
302730788 1 0
302730787 10 0
302730786 20 2
302730785 23 3
302730784 6 2
302730782 14 2
302730781 20 1
302730779 6 3
302730778 8 1
302730777 13 0
302730775 12 0
302730774 2 9
302730773 0 0
302730772 15 2
302730768 7 0
302730766 33 0
302730763 48 2
302730762 11 5
302730761 16 2
302730760 16 4
302730759 35 3
302730758 9 1
302730755 8 1
302730754 20 1
302730751 18 1
302730747 3 34
302730746 13 1
302730745 26 0
302730744 18 2
302730738 59 4
302730736 19 6
302730734 46 0
302730733 0 0
302730732 6 2
302730731 8 0
302730730 21 5
302730728 1 2
302730727 1 2
302730726 1 2
302730725 0 3
302730721 0 4
302730719 42 2
302730718 2 0
302730717 29 1
302730716 25 0
302730713 17 1
302730712 0 0
302730705 31 20
302730703 33 1
302730701 0 0
302730699 97 0
302730697 10 5
302730696 1 0
302730695 2 0
302730694 12 4
302730693 29 1
302730690 7 1
302730689 10 1
302730683 44 3
302730681 8 5
302730679 11 1
302730678 10 1
302730676 9 0
302730672 7 0
302730671 8 1
302730670 14 2
302730664 9 0
302730661 5 17
302730658 13 3
302730657 5 24
302730654 6 19
302730651 12 7
302730648 0 0
302730644 5 1
302730642 4 3
302730634 5 2
302730633 39 4
302730632 2 0
302730631 9 9
302730628 0 0
302730625 9 0
302730622 39 0
302730617 11 0
302730612 65 0
302730608 12 1
302730605 12 0
302730604 27 7
302730603 9 0
302730602 14 0
302730598 15 0
302730593 20 1
302730592 11 0
302730591 9 1
302730590 24 0
302730589 5 25
302730588 33 0
302730585 0 0
302730583 0 35
302730581 32 0
302730576 2 3
302730574 23 0
302730573 5 3
302730571 20 2
302730567 16 0
302730562 7 0
302730559 6 1
302730558 24 1
302730557 14 4
302730554 1 18
302730553 0 0
302730552 4 9
302730551 6 6
302730542 17 4
302730537 6 6
302730533 0 4
302730531 5 1
302730529 13 3
302730527 21 0
302730526 8 0
302730525 1 14
302730522 2 0
302730521 3 11
302730517 9 0
302730513 0 0
302730511 1 0
302730509 0 2
302730506 7 4
302730502 3 0
302730496 10 2
302730494 24 0
302730493 5 2
302730490 10 4
302730488 15 3
302730485 7 2
302730484 3 55
302730483 7 1
302730482 0 0
302730479 8 0
302730477 3 40
302730473 21 5
302730472 2 0
302730468 1 2
302730466 9 1
302730464 8 0
302730463 8 1
302730459 9 0
302730458 1 0
302730457 1 0
302730456 13 3
302730455 9 4
302730452 9 1
302730447 13 0
302730446 12 1
302730445 3 0
302730444 1 0
302730443 26 0
302730442 8 0
302730441 1 0
302730440 12 0
302730438 10 0
302730435 6 4
302730433 1 0
302730432 2 1
302730431 0 2
302730430 27 4
302730427 1 2
302730426 13 12
302730425 19 3
302730416 3 2
302730414 4 4
302730409 10 1
302730406 7 1
302730403 5 1
302730401 19 0
302730397 7 9
302730396 16 8
302730395 4 0
302730394 0 5
302730386 35 1
302730384 0 0
302730383 7 5
302730382 0 0
302730374 0 2
302730373 16 0
302730366 46 3
302730364 0 2
302730363 6 1
302730360 35 0
302730359 0 0
302730357 0 0
302730356 4 7
302730355 0 0
302730354 9 0
302730351 10 2
302730349 13 20
302730341 20 13
302730340 8 3
302730337 33 0
302730326 27 4
302730322 6 2
302730319 1 0
302730318 20 4
302730313 18 1
302730305 20 3
302730304 1 1
302730302 0 7
302730298 16 5
302730294 24 0
302730293 12 1
302730291 0 3
302730290 11 2
302730289 6 1
302730288 0 1
302730286 16 0
302730284 11 0
302730283 1 4
302730281 9 0
302730276 15 2
302730274 14 2
302730272 18 0
302730269 6 4
302730268 34 0
302730266 5 0
302730262 15 4
302730261 10 2
302730259 8 2
302730256 0 0
302730255 28 21
302730254 5 2
302730253 9 0
302730252 11 1
302730251 7 0
302730250 14 4
302730249 8 0
302730248 10 1
302730246 14 2
302730243 0 0
302730242 15 0
302730241 9 3
302730240 10 1
302730238 6 3
302730237 8 1
302730234 3 42
302730232 7 0
302730231 12 0
302730228 11 0
302730227 0 0
302730225 10 9
302730220 2 0
302730218 33 1
302730216 16 0
302730215 2 0
302730212 0 0
302730210 3 2
302730209 5 16
302730208 0 0
302730207 16 1
302730206 40 9
302730203 1 0
302730201 6 0
302730199 14 1
302730197 0 0
302730196 11 2
302730194 10 0
302730192 22 2
302730191 4 16
302730190 4 0
302730189 4 16
302730188 10 2
302730187 9 2
302730186 14 1
302730181 23 50
302730180 23 2
302730179 16 18
302730177 25 2
302730175 0 3
302730174 15 2
302730171 32 29
302730170 12 0
302730169 31 1
302730166 0 2
302730165 8 0
302730164 4 1
302730162 2 2
302730159 0 2
302730158 0 2
302730156 0 0
302730155 7 3
302730154 7 52
302730152 23 0
302730150 20 21
302730149 31 19
302730148 12 1
302730147 19 1
302730145 4 0
302730144 2 51
302730142 13 0
302730140 0 0
302730139 7 3
302730138 8 15
302730135 8 0
302730133 1 27
302730132 12 2
302730131 0 2
302730130 0 8
302730127 10 1
302730126 7 0
302730124 5 1
302730120 20 2
302730119 0 0
302730116 2 0
302730113 0 0
302730110 6 0
302730108 16 1
302730106 25 1
302730105 9 2
302730104 0 0
302730103 0 0
302730099 34 22
302730096 0 0
302730084 6 6
302730082 3 15
302730081 17 3
302730080 0 0
302730077 15 4
302730076 16 21
302730074 3 3
302730073 14 2
302730071 5 8
302730069 24 0
302730067 19 0
302730065 12 1
302730061 0 0
302730060 0 0
302730057 9 3
302730056 1 1
302730055 30 7
302730053 0 2
302730050 10 1
302730049 0 0
302730045 18 1
302730038 0 0
302730037 10 4
302730036 11 7
302730032 14 1
302730031 9 0
302730027 14 1
302730026 0 0
302730024 4 47
302730023 1 6
302730021 0 0
302730019 3 0
302730018 0 1
302730017 16 0
302730015 4 0
302730014 3 3
302730013 6 2
302730012 0 0
302730010 2 43
302730009 1 2
302730007 40 5
302730005 8 2
302730003 13 1
302730001 0 2
302730000 13 0
302729999 1 3
302729997 4 11
302729996 1 0
302729995 0 0
302729994 1 0
302729993 7 0
302729992 11 0
302729990 0 1
302729989 4 0
302729986 1 0
302729984 12 1
302729983 0 3
302729982 17 2
302729979 0 0
302729975 0 1
302729974 7 0
302729973 11 0
302729972 2 2
302729971 2 0
302729970 13 3
302729969 3 80
302729965 7 1
302729962 12 1
302729959 0 0
302729957 9 0
302729955 0 0
302729953 45 10
302729951 0 0
302729949 5 45
302729948 29 8
302729944 7 2
302729942 3 1
302729928 0 0
302729927 0 0
302729926 3 3
302729924 21 6
302729921 4 0
302729919 21 10
302729918 9 1
302729914 4 0
302729913 2 0
302729912 4 0
302729906 17 1
302729905 26 5
302729902 2 24
302729899 8 4
302729897 21 7
302729896 4 0
302729894 2 4
302729892 4 5
302729891 0 0
302729890 4 0
302729889 17 5
302729886 1 0
302729880 14 1
302729876 0 0
302729874 19 5
302729873 7 0
302729870 1 0
302729869 4 0
302729864 23 8
302729861 0 0
302729859 3 1
302729854 13 52
302729852 12 3
302729851 2 0
302729850 28 4
302729849 9 2
302729845 16 1
302729842 7 0
302729840 0 0
302729839 26 0
302729837 14 1
302729836 1 0
302729835 0 1
302729832 15 8
302729831 0 0
302729830 4 0
302729829 0 0
302729825 11 1
302729824 11 0
302729823 33 0
302729822 0 0
302729819 10 0
302729815 474 30
302729814 33 0
302729812 13 0
302729811 23 4
302729810 12 0
302729809 19 2
302729806 26 1
302729805 10 0
302729803 10 1
302729802 1 44
302729801 5 2
302729799 3 12
302729798 15 0
302729795 13 3
302729794 0 0
302729793 12 1
302729792 0 0
302729790 0 1
302729788 21 15
302729787 9 0
302729785 5 0
302729784 15 1
302729779 7 77
302729778 4 0
302729777 7 4
302729776 13 6
302729774 19 9
302729772 19 1
302729771 26 3
302729768 0 0
302729767 4 0
302729765 0 0
302729763 10 3
302729762 16 4
302729760 7 1
302729759 14 0
302729758 3 5
302729757 17 2
302729756 7 26
302729755 12 12
302729754 14 1
302729753 6 3
302729752 13 3
302729751 33 7
302729749 9 0
302729747 10 2
302729746 10 2
302729745 4 60
302729744 47 1
302729742 6 2
302729741 0 0
302729740 16 19
302729739 12 5
302729738 9 3
302729736 5 0
302729735 3 3
302729734 5 0
302729733 1 6
302729732 7 2
302729731 1 0
302729730 7 28
302729729 26 2
302729728 3 1
302729727 0 0
302729725 17 1
302729724 14 3
302729723 0 1
302729722 8 9
302729715 1 0
302729714 0 1
302729713 10 1
302729711 4 5
302729708 36 0
302729707 6 11
302729706 23 2
302729705 3 16
302729703 0 1
302729702 18 20
302729700 0 0
302729699 12 8
302729698 32 0
302729697 23 1
302729696 0 0
302729694 4 1
302729693 49 5
302729691 4 8
302729690 6 3
302729689 16 1
302729685 0 0
302729684 27 1
302729683 36 1
302729682 6 0
302729681 18 26
302729680 28 3
302729679 0 2
302729678 6 3
302729677 19 10
302729676 3 1
302729675 3 57
302729674 26 3
302729672 6 9
302729669 0 0
302729668 22 4
302729667 16 2
302729666 15 5
302729661 1 4
302729660 21 0
302729658 1 24
302729654 3 1
302729646 16 4
302729642 4 0
302729640 1 0
302729639 14 0
302729638 226 33
302729637 20 3
302729636 18 0
302729634 2 0
302729633 0 0
302729630 2 2
302729629 7 1
302729628 14 2
302729625 80 1
302729624 28 1
302729622 0 0
302729617 1 1
302729615 6 4
302729614 0 0
302729608 0 0
302729604 25 0
302729603 24 0
302729602 10 1
302729601 10 4
302729600 5 2
302729598 4 0
302729597 1 1
302729595 11 2
302729593 1 0
302729591 4 6
302729590 2 8
302729588 11 8
302729582 289 8
302729581 4 0
302729580 15 2
302729579 7 1
302729576 244 6
302729575 34 0
302729574 8 1
302729572 10 16
302729571 7 5
302729570 1 1
302729568 14 23
302729567 0 0
302729561 13 2
302729557 23 2
302729554 20 0
302729550 19 1
302729548 0 0
302729546 5 2
302729545 49 1
302729544 12 2
302729541 13 7
302729539 4 0
302729537 7 1
302729536 6 1
302729535 4 0
302729534 30 1
302729531 27 0
302729530 20 0
302729529 14 0
302729528 17 3
302729525 0 1
302729522 3 1
302729520 32 2
302729518 8 76
302729517 14 5
302729516 21 1
302729515 7 1
302729514 10 0
302729512 9 0
302729510 0 0
302729509 37 4
302729508 0 0
302729507 16 2
302729506 9 7
302729505 7 0
302729503 13 0
302729502 16 9
302729501 5 18
302729500 11 3
302729499 0 0
302729498 4 4
302729494 1 0
302729490 25 5
302729482 12 8
302729481 19 0
302729477 705 5
302729476 20 5
302729474 21 0
302729473 6 1
302729468 7 0
302729466 23 18
302729465 10 4
302729461 7 3
302729460 8 3
302729456 0 1
302729453 2 2
302729451 5 3
302729448 19 2
302729444 4 1
302729440 7 20
302729438 8 1
302729436 4 1
302729433 3 1
302729430 11 2
302729429 2 1
302729428 12 2
302729426 3 3
302729424 3 1
302729420 34 4
302729415 1 2
302729413 4 1
302729411 18 5
302729410 19 6
302729408 3 1
302729406 10 2
302729405 6 1
302729402 0 2
302729400 3 3
302729398 5 1
302729397 7 3
302729394 12 5
302729393 8 4
302729391 0 1
302729388 5 1
302729384 8 4
302729380 4 3
302729379 11 3
302729378 6 3
302729377 0 0
302729375 4 4
302729374 4 6
302729373 21 62
302729369 0 1
302729368 14 1
302729367 34 1
302729365 32 2
302729364 13 10
302729362 3 0
302729361 12 7
302729360 5 4
302729358 5 4
302729351 8 11
302729350 22 0
302729349 1 3
302729344 1 1
302729342 9 1
302729341 27 6
302729339 9 3
302729337 9 0
302729336 1204 11
302729333 4 2
302729328 10 1
302729327 1 0
302729326 9 4
302729325 0 3
302729323 6 0
302729322 3 0
302729321 5 2
302729320 20 1
302729319 11 0
302729318 10 0
302729317 24 0
302729316 10 4
302729314 2 14
302729312 7 1
302729311 0 0
302729310 12 0
302729309 0 0
302729307 5 10
302729306 6 4
302729305 3 9
302729304 11 3
302729303 12 1
302729300 2 2
302729298 6 8
302729296 10 3
302729295 23 1
302729293 7 3
302729292 22 14
302729291 0 0
302729290 3 0
302729285 8 0
302729284 22 0
302729283 7 14
302729281 11 1
302729280 1 2
302729279 10 2
302729278 14 5
302729277 3 0
302729276 0 0
302729275 10 1
302729272 0 0
302729271 19 4
302729269 11 2
302729268 7 2
302729267 1 0
302729266 2 4
302729264 348 8
302729263 4 2
302729260 18 2
302729258 8 0
302729257 2 7
302729256 1 0
302729253 23 0
302729252 5 9
302729251 4 3
302729244 7 3
302729243 12 3
302729242 12 2
302729241 8 0
302729237 16 3
302729236 6 3
302729235 18 0
302729234 851 19
302729232 14 0
302729230 7 2
302729229 3 1
302729227 2 8
302729226 11 3
302729224 11 0
302729223 6 0
302729220 9 2
302729219 5 1
302729218 5 1
302729216 1 0
302729214 7 0
302729213 16 2
302729212 0 0
302729211 7 0
302729210 3 0
302729209 0 0
302729208 4 3
302729207 1 0
302729206 24 1
302729203 5 3
302729202 14 1
302729201 0 0
302729200 6 0
302729196 0 0
302729191 9 0
302729189 9 0
302729188 0 0
302729187 11 2
302729186 4 1
302729185 11 1
302729184 0 0
302729183 1 1
302729182 9 88
302729181 2 3
302729180 7 2
302729179 3 1
302729176 3 1
302729174 8 4
302729173 284 10
302729172 4 0
302729171 5 1
302729168 1 0
302729166 11 2
302729162 9 0
302729157 1 0
302729155 6 2
302729154 4 0
302729150 7 0
302729149 11 0
302729148 11 3
302729147 9 0
302729146 14 0
302729142 13 4
302729141 0 3
302729138 13 0
302729137 1 18
302729136 4 2
302729135 11 1
302729131 2 0
302729129 16 1
302729128 2 57
302729126 34 1
302729124 0 0
302729122 12 1
302729121 6 0
302729120 1 0
302729119 12 0
302729118 12 3
302729117 15 3
302729114 2 0
302729112 5 7
302729111 16 1
302729108 0 1
302729107 0 0
302729105 0 0
302729104 0 2
302729103 39 21
302729102 4 1
302729101 4 0
302729100 3 43
302729099 7 23
302729097 7 3
302729095 0 0
302729092 12 0
302729091 14 3
302729090 10 3
302729089 5 5
302729087 12 1
302729086 1 3
302729083 2 0
302729082 1 2
302729081 0 0
302729080 1365 10
302729079 6 4
302729077 3 2
302729076 3 4
302729073 1 2
302729071 15 4
302729070 4 3
302729069 5 2
302729068 4 1
302729067 7 2
302729066 0 0
302729064 0 1
302729063 13 6
302729061 3 5
302729060 3 0
302729058 0 0
302729057 12 1
302729056 10 2
302729055 0 0
302729053 21 1
302729052 4 11
302729051 0 1
302729049 0 0
302729048 9 2
302729047 7 3
302729046 5 0
302729045 38 4
302729043 19 16
302729042 22 0
302729041 6 3
302729040 2 0
302729039 0 0
302729038 8 1
302729037 0 0
302729036 17 2
302729034 11 2
302729033 0 1
302729032 5 8
302729031 5 3
302729030 453 86
302729029 13 1
302729028 11 4
302729027 31 0
302729026 0 0
302729024 3 2
302729022 0 5
302729021 1 0
302729020 3 3
302729019 500 13
302729018 1 2
302729017 1 0
302729016 4 1
302729015 6 0
302729014 12 2
302729013 6 1
302729012 5 2
302729011 0 0
302729010 5 0
302729009 4 0
302729008 10 2
302729004 4 2
302729003 8 1
302729002 34 0
302729000 7 1
302728999 26 2
302728997 4 2
302728996 7 1
302728995 1 0
302728994 14 2
302728993 0 0
302728992 2 1
302728990 3 0
302728988 25 0
302728986 1 0
302728985 2 6
302728984 12 0
302728982 12 0
302728981 0 0
302728979 2 0
302728978 16 1
302728977 6 2
302728975 2 3
302728974 0 0
302728973 9 1
302728972 6 0
302728971 0 0
302728970 842 52
302728969 2 5
302728968 7 2
302728967 34 1
302728966 10 3
302728965 9 8
302728964 7 3
302728963 5 7
302728960 3 1
302728959 12 2
302728958 6 1
302728957 240 7
302728954 435 5
302728953 6 1
302728952 2 3
302728950 1410 21
302728948 0 0
302728946 2 3
302728945 4 3
302728943 12 15
302728939 5 3
302728935 443 19
302728933 10 1
302728932 1 3
302728930 3 2
302728929 8 2
302728928 4 1
302728927 12 1
302728926 37 2
302728924 6 1
302728923 6 5
302728921 8 1
302728920 23 0
302728919 1 0
302728918 10 34
302728917 11 1
302728913 1 0
302728912 16 4
302728911 15 26
302728910 10 2
302728908 5 1
302728907 3 3
302728906 38 1
302728905 29 2
302728902 9 1
302728901 9 7
302728899 7 2
302728898 7 1
302728896 1 1
302728894 6 0
302728893 6 1
302728892 1 0
302728889 2 0
302728888 24 0
302728885 4 2
302728884 16 2
302728883 11 1
302728882 1 0
302728881 13 9
302728880 6 0
302728878 1 0
302728877 2 1
302728875 539 11
302728874 7 1
302728873 5 1
302728872 5 1
302728871 8 3
302728870 3 0
302728869 11 0
302728868 8 0
302728867 3 0
302728864 5 0
302728863 4 1
302728861 26 1
302728859 6 1
302728857 0 0
302728854 3 15
302728853 778 53
302728850 0 1
302728849 3 1
302728848 6 1
302728847 8 1
302728845 0 0
302728843 22 4
302728842 10 5
302728841 5 0
302728839 21 0
302728838 7 6
302728837 2 0
302728836 0 0
302728834 0 0
302728832 501 26
302728831 11 2
302728830 15 0
302728828 9 1
302728827 23 8
302728826 2 1
302728825 5 1
302728824 7 0
302728823 524 48
302728821 148 17
302728818 6 0
302728817 3 1
302728816 1 0
302728813 14 0
302728809 9 1
302728808 0 1
302728807 10 0
302728806 2 3
302728803 4 0
302728802 1 0
302728801 1 1
302728800 26 2
302728799 420 14
302728798 3 0
302728796 19 3
302728795 12 3
302728794 3 0
302728792 7 1
302728789 15 1
302728787 32 33
302728784 0 3
302728782 26 1
302728781 48 1
302728780 5 1
302728779 14 2
302728778 3 1
302728777 0 0
302728776 5 1
302728774 6 2
302728773 32 0
302728772 3 17
302728771 9 0
302728770 6 1
302728769 11 3
302728768 11 0
302728767 0 1
302728766 0 0
302728764 8 1
302728763 4 2
302728762 12 0
302728760 3 2
302728759 4 1
302728758 15 0
302728757 7 3
302728756 6 46
302728755 1 1
302728754 4 3
302728752 28 1
302728751 10 0
302728749 9 0
302728747 21 7
302728745 3 1
302728743 7 7
302728742 24 1
302728741 1 0
302728739 0 4
302728735 8 3
302728734 4 2
302728733 12 1
302728732 5 8
302728731 6 3
302728730 7 2
302728729 4 3
302728728 15 2
302728727 1 0
302728726 4 0
302728725 1482 32
302728724 3 0
302728723 1 1
302728721 7 0
302728720 11 1
302728719 2080 41
302728718 12 2
302728717 3 1
302728716 276 5
302728715 2 0
302728714 14 2
302728712 3 3
302728711 6 1
302728710 2 0
302728709 7 0
302728708 1 1
302728707 6 0
302728706 2 100
302728705 8 2
302728704 2 0
302728703 5 0
302728702 0 4
302728701 2 1
302728700 7 1
302728699 21 3
302728698 1 1
302728696 3 0
302728695 6 0
302728694 4 0
302728693 1 1
302728692 2 0
302728691 4 0
302728690 1 0
302728689 25 4
302728687 6 0
302728686 16 2
302728685 7 0
302728684 6 0
302728683 408 10
302728682 4 1
302728680 1 1
302728679 4 7
302728678 2 1
302728677 39 1
302728673 0 0
302728672 17 3
302728671 5 1
302728669 2 1
302728666 1 0
302728665 9 7
302728664 0 0
302728663 7 0
302728662 11 0
302728661 3 0
302728660 5 0
302728659 0 0
302728658 4 0
302728657 3 0
302728656 8 2
302728655 9 1
302728654 0 0
302728653 2 0
302728651 5 0
302728650 6 1
302728649 6 2
302728648 1 1
302728647 0 1
302728646 10 4
302728645 8 1
302728644 11 4
302728643 1 2
302728642 6 1
302728640 4 0
302728639 0 0
302728638 3 2
302728637 0 0
302728636 5 3
302728635 1 0
302728634 18 2
302728633 8 0
302728632 3 0
302728628 4 0
302728627 7 1
302728626 1 1
302728625 5 2
302728624 5 0
302728623 40 0
302728622 1 0
302728621 3 2
302728620 0 0
302728617 2 0
302728616 4 0
302728614 3 0
302728613 772 9
302728610 16 2
302728609 6 3
302728608 2 2
302728606 0 0
302728605 6 3
302728604 5 2
302728602 0 1
302728600 20 1
302728599 2 0
302728598 9 13
302728597 0 1
302728596 453 7
302728595 1 0
302728594 15 0
302728592 5 2
302728591 10 2
302728589 0 0
302728588 0 0
302728587 10 4
302728586 10 2
302728585 3 6
302728584 3 2
302728583 17 2
302728582 23 0
302728581 29 0
302728580 4 0
302728579 1 0
302728577 13 7
302728574 47 0
302728573 567 6
302728572 1 2
302728571 6 1
302728570 9 0
302728569 3 2
302728567 1 0
302728566 0 0
302728565 1 0
302728564 11 7
302728562 0 0
302728560 2 3
302728558 1 0
302728556 2 0
302728555 0 0
302728553 8 0
302728552 385 24
302728551 5 0
302728550 3 0
302728549 13 2
302728548 4 6
302728546 8 0
302728545 10 1
302728544 9 2
302728543 8 2
302728542 1 0
302728541 9 0
302728539 7 10
302728538 946 34
302728537 10 2
302728536 3 2
302728535 0 0
302728534 3 0
302728533 3 1
302728532 4 0
302728531 0 1
302728530 1 0
302728529 15 0
302728527 2 1
302728526 1 0
302728525 3 0
302728524 0 6
302728522 0 0
302728521 2 0
302728520 33 0
302728519 20 1
302728518 7 1
302728517 0 0
302728516 3 0
302728515 0 0
302728514 7 0
302728513 17 0
302728512 0 0
302728511 2 0
302728510 4 0
302728509 7 10
302728508 0 0
302728507 4 0
302728506 3 1
302728504 5 1
302728503 9 1
302728502 5 0
302728501 5 0
302728500 1 7
302728499 11 3
302728498 7 1
302728497 0 0
302728496 7 1
302728495 4 0
302728494 3 1
302728493 2 1
302728492 515 11
302728491 1 0
302728489 4 0
302728486 0 1
302728485 1 2
302728484 5 2
302728483 0 0
302728482 0 2
302728481 908 7
302728480 7 1
302728479 0 2
302728478 5 1
302728477 6 3
302728476 1 1
302728475 0 0
302728474 0 0
302728473 1 0
302728472 8 2
302728471 0 0
302728469 6 5
302728468 5 0
302728467 0 0
302728466 2 0
302728465 20 0
302728463 5 0
302728462 4 2
302728461 3 1
302728460 1 1
302728459 1 0
302728457 6 1
302728456 6 0
302728454 5 1
302728453 0 0
302728452 4 0
302728451 0 0
302728450 3 2
302728448 6 2
302728447 2 0
302728446 0 0
302728443 1 1
302728441 639 22
302728440 4 0
302728439 1 0
302728438 4 1
302728436 26 1
302728434 8 4
302728433 5 12
302728432 3 0
302728431 0 3
302728430 4 1
302728429 3 6
302728428 4 0
302728424 0 1
302728422 7 2
302728421 8 3
302728420 0 0
302728418 7 1
302728417 0 1
302728416 15 0
302728415 1 0
302728414 4 0
302728413 0 0
302728412 1 1
302728411 5 0
302728410 0 0
302728409 5 0
302728408 31 0
302728406 24 1
302728405 1 4
302728404 4 1
302728401 18 0
302728400 1 0
302728399 0 0
302728398 1 0
302728397 8 0
302728396 3 3
302728395 3 0
302728394 0 0
302728393 235 10
302728392 8 1
302728391 4 1
302728390 3 0
302728389 14 1
302728387 6 0
302728386 4 0
302728385 7 0
302728384 0 0
302728383 3 0
302728382 1 8
302728381 4 0
302728379 4 0
302728378 0 0
302728377 7 1
302728376 20 1
302728375 4 0
302728374 0 0
302728373 0 0
302728372 4 2
302728371 14 0
302728370 0 0
302728368 1 0
302728367 7 2
302728366 10 0
302728365 11 3
302728364 1 1
302728363 2 1
302728362 5 2
302728361 4 1
302728360 3 1
302728358 0 1
302728357 0 1
302728355 0 1
302728354 2 2
302728353 1 0
302728352 2 1
302728351 17 5
302728350 8 1
302728349 1 1
302728347 2 4
302728345 5 1
302728344 4 0
302728343 5 0
302728342 2 0
302728340 1 0
302728339 0 0
302728338 11 0
302728336 3 0
302728333 30 0
302728332 0 0
302728331 5 2
302728329 1 19
302728328 7 0
302728327 2 0
302728326 0 0
302728324 6 4
302728323 3 0
302728322 0 0
302728321 1 1
302728320 0 0
302728319 0 0
302728318 2 0
302728317 4 0
302728315 5 0
302728314 2 0
302728313 0 0
302728312 7 0
302728311 8 2
302728310 13 0
302728309 1 1
302728307 3 1
302728306 0 1
302728303 3 1
302728302 3 0
302728301 2 2
302728300 1 0
302728299 8 3
302728298 3 0
302728297 2 0
302728295 17 4
302728294 0 1
302728293 0 12
302728290 1 2
302728288 2 14
302728287 3 0
302728285 3 15
302728282 508 6
302728281 0 0
302728279 1 0
302728276 6 7
302728275 0 0
302728274 0 0
302728273 5 1
302728272 23 0
302728270 2 0
302728268 8 6
302728267 7 0
302728265 10 2
302728263 253 7
302728260 1 0
302728259 1 0
302728258 5 0
302728257 4 1
302728256 9 2
302728255 23 0
302728254 0 0
302728253 0 0
302728251 5 2
302728250 2 0
302728248 15 2
302728247 1 0
302728246 1 0
302728243 1 0
302728242 357 8
302728241 2 0
302728240 4 0
302728238 5 2
302728237 2 0
302728235 4 0
302728234 4 2
302728233 5 0
302728230 20 2
302728228 3 0
302728226 7 34
302728224 2 7
302728222 1 0
302728221 0 41
302728220 10 1
302728219 21 2
302728217 6 1
302728215 0 0
302728214 2 1
302728212 3 1
302728211 17 2
302728210 2 0
302728209 3 0
302728208 5 0
302728207 2 1
302728205 4 0
302728204 193 14
302728203 2 0
302728202 0 0
302728201 0 0
302728200 0 0
302728199 3 0
302728198 2 6
302728197 9 1
302728196 674 5
302728195 1 2
302728194 2 2
302728193 2 1
302728192 0 0
302728191 16 1
302728190 3 0
302728188 7 0
302728186 2 1
302728185 6 1
302728183 16 5
302728182 8 2
302728181 3 2
302728180 7 0
302728179 1 0
302728178 3 4
302728176 6 4
302728175 0 0
302728174 0 0
302728171 5 0
302728170 2 0
302728168 14 0
302728167 3 0
302728166 0 0
302728165 3 0
302728164 1085 58
302728162 2 8
302728161 1 0
302728160 0 0
302728159 3 0
302728158 3 0
302728157 1 2
302728156 0 0
302728155 1 0
302728154 0 0
302728153 1 0
302728152 0 1
302728151 15 1
302728150 6 14
302728149 5 1
302728148 3 1
302728147 0 0
302728146 3 1
302728145 4 0
302728144 2 0
302728143 8 0
302728142 2 1
302728141 1 0
302728140 0 3
302728139 18 2
302728138 3 0
302728137 3 0
302728136 21 0
302728135 3 0
302728134 1 5
302728133 1 0
302728131 4 9
302728130 0 0
302728129 0 0
302728128 6 2
302728127 1 1
302728126 1 6
302728123 1 0
302728122 1017 27
302728121 2 0
302728120 2 0
302728119 0 3
302728118 1 0
302728117 5 2
302728116 381 7
302728115 4 1
302728114 3 0
302728111 1 0
302728109 2 1
302728108 7 1
302728107 6 13
302728106 10 1
302728105 14 2
302728104 1 1
302728102 0 0
302728101 3 0
302728099 0 0
302728098 3 0
302728097 0 0
302728096 914 16
302728095 1 0
302728094 2 0
302728093 17 2
302728091 905 12
302728090 26 0
302728088 6 1
302728087 13 0
302728086 0 0
302728085 0 0
302728083 5 1
302728082 5 0
302728080 20 0
302728079 0 0
302728077 5 1
302728076 506 36
302728075 0 0
302728074 0 0
302728073 1 5
302728071 9 1
302728069 15 2
302728067 0 0
302728066 8 0
302728065 5 0
302728064 5 7
302728063 3 0
302728061 0 0
302728060 2 0
302728059 0 0
302728056 404 18
302728055 1 0
302728054 1 0
302728053 11 1
302728052 2 2
302728051 11 1
302728050 0 0
302728049 2 0
302728047 2 0
302728046 326 13
302728045 6 0
302728043 0 0
302728042 0 0
302728041 1 0
302728039 0 0
302728036 7 1
302728035 1188 10
302728034 0 0
302728033 0 0
302728032 4 0
302728031 1 1
302728029 3 1
302728028 0 0
302728027 0 2
302728026 6 1
302728025 8 3
302728024 4 29
302728022 293 5
302728021 32 0
302728020 3 0
302728018 7 0
302728017 3 1
302728016 0 0
302728015 469 84
302728014 17 1
302728012 1 1
302728011 2 1
302728010 2 1
302728007 5 0
302728006 2 1
302728005 8 0
302728004 2 0
302728003 4 0
302728001 0 0
302728000 0 0
302727999 4 3
302727998 329 13
302727997 3 1
302727996 21 0
302727994 9 0
302727993 663 34
302727992 3 0
302727991 1 0
302727990 5 2
302727989 0 1
302727988 4 0
302727987 1 0
302727986 2 3
302727985 1 1
302727984 3 0
302727983 1 0
302727982 2 1
302727981 0 0
302727979 1 1
302727978 7 0
302727977 3 0
302727976 3 0
302727975 10 3
302727974 1061 37
302727973 1 1
302727971 0 1
302727970 8 1
302727969 2 2
302727968 0 2
302727967 0 0
302727966 6 0
302727964 0 0
302727963 5 1
302727962 7 1
302727961 0 1
302727959 0 0
302727958 0 0
302727957 3 0
302727956 0 1
302727955 0 0
302727954 6 1
302727952 16 2
302727951 23 1
302727950 4 0
302727948 1 0
302727947 7 0
302727946 0 0
302727945 0 0
302727944 6 2
302727942 3 11
302727941 7 1
302727940 6 0
302727939 1 0
302727938 1 1
302727937 3 11
302727936 2 1
302727935 23 1
302727934 6 2
302727933 4 0
302727932 5 4
302727931 3 0
302727930 5 2
302727927 1 1
302727926 7 2
302727925 5 0
302727924 8 0
302727923 0 0
302727922 4 0
302727921 5 0
302727920 962 172
302727918 0 0
302727917 5 0
302727916 2 1
302727915 5 0
302727914 3 0
302727913 6 2
302727912 1 1
302727911 7 3
302727910 3 0
302727909 0 0
302727908 0 0
302727907 7 0
302727906 3 1
302727905 5 2
302727904 1 3
302727903 4 0
302727902 7 3
302727901 19 0
302727900 22 0
302727899 2 1
302727898 4 0
302727896 2 2
302727895 10 0
302727894 966 11
302727893 791 43
302727890 694 31
302727889 5 2
302727888 17 0
302727887 5 0
302727886 3 0
302727885 2 2
302727884 678 14
302727883 17 1
302727882 1 0
302727881 12 3
302727880 2 3
302727879 1134 30
302727878 5 0
302727877 1 0
302727876 1 3
302727875 2 7
302727874 0 2
302727873 19 1
302727872 5 0
302727871 3 1
302727870 4 0
302727869 8 0
302727868 5 3
302727867 0 0
302727866 8 0
302727865 6 0
302727863 7 0
302727862 3 0
302727860 23 1
302727857 6 1
302727856 4 3
302727854 7 2
302727853 8 0
302727851 4 0
302727850 0 0
302727849 3 1
302727848 3 0
302727847 3 0
302727845 0 4
302727844 5 0
302727843 10 0
302727842 2 0
302727841 7 5
302727839 6 0
302727837 9 2
302727836 4 0
302727835 2 2
302727834 2 2
302727833 510 7
302727832 3 0
302727831 2 0
302727830 0 0
302727829 2 0
302727828 2 0
302727827 1 5
302727826 8 8
302727825 2 4
302727824 7 0
302727823 2 0
302727821 1 0
302727820 2 0
302727819 0 0
302727818 8 4
302727817 8 3
302727815 7 4
302727814 6 0
302727812 4 2
302727811 0 0
302727810 0 0
302727809 0 0
302727808 912 29
302727806 3 1
302727805 3 2
302727804 1 0
302727803 0 1
302727802 1 0
302727801 4 1
302727800 2 2
302727799 0 0
302727798 7 0
302727796 3 0
302727795 7 1
302727794 5 2
302727793 1 3
302727792 0 0
302727791 3 3
302727790 2 1
302727789 643 10
302727788 8 0
302727785 8 1
302727784 1 0
302727783 3 4
302727779 6 6
302727778 2 5
302727777 662 8
302727776 1 7
302727775 3 0
302727774 1 0
302727773 6 4
302727772 5 1
302727771 4 2
302727770 0 0
302727769 0 0
302727768 0 0
302727767 0 0
302727766 6 0
302727765 735 6
302727763 8 1
302727762 1 2
302727761 1 2
302727760 8 0
302727759 2 8
302727758 2 0
302727757 0 0
302727756 4 0
302727755 0 0
302727753 3 0
302727752 1 1
302727751 0 0
302727750 0 0
302727749 9 3
302727748 4 0
302727747 9 1
302727746 6 2
302727745 1 2
302727744 0 0
302727743 24 1
302727742 0 0
302727741 3228 99
302727740 0 0
302727738 1 0
302727737 13 0
302727736 6 1
302727735 3 2
302727734 3 0
302727733 3 0
302727732 0 0
302727731 3 1
302727730 0 2
302727727 0 0
302727726 8 0
302727725 6 3
302727724 7 4
302727722 6 0
302727721 2 0
302727720 0 3
302727719 6 1
302727718 1 9
302727717 3 0
302727716 2 0
302727715 2 2
302727714 3 0
302727713 4 2
302727712 1 0
302727711 7 1
302727710 11 0
302727709 2 3
302727708 1 2
302727707 2 0
302727706 3 4
302727705 0 0
302727704 0 0
302727703 0 0
302727702 9 12
302727701 0 0
302727699 1218 12
302727698 4 3
302727697 9 2
302727696 1 2
302727695 5 0
302727694 4 1
302727693 0 0
302727691 2 1
302727690 0 0
302727689 3 0
302727688 0 0
302727687 0 0
302727686 7 1
302727685 3 2
302727683 7 0
302727682 0 0
302727681 0 1
302727680 2 0
302727679 1644 12
302727678 3 0
302727677 2 0
302727676 3 0
302727675 1 0
302727673 4 0
302727672 0 0
302727671 0 1
302727670 0 0
302727669 4 0
302727668 1 1
302727667 3 1
302727665 0 0
302727663 4 0
302727662 3 3
302727660 2 1
302727659 1 1
302727657 16 24
302727656 1 3
302727654 0 0
302727653 2233 157
302727652 8 3
302727651 1 0
302727650 11 1
302727649 13 1
302727648 0 0
302727647 5 1
302727646 0 0
302727645 1 2
302727644 0 3
302727643 0 0
302727642 5 2
302727641 7 0
302727640 1247 20
302727639 7 7
302727638 11 0
302727637 0 0
302727636 5 1
302727635 7 0
302727634 891 15
302727633 2 1
302727632 2 16
302727631 1 4
302727630 3 1
302727629 2 0
302727628 11 1
302727627 2 10
302727625 14 3
302727624 6 2
302727623 0 7
302727622 4 0
302727620 930 55
302727619 4 0
302727618 0 0
302727617 7 1
302727616 2 0
302727614 8 1
302727613 3 3
302727612 0 0
302727610 0 0
302727609 6 0
302727608 4 0
302727607 0 0
302727605 0 2
302727604 1 0
302727603 1 0
302727602 1 0
302727601 1261 33
302727599 2 2
302727598 1007 33
302727597 4 1
302727596 5 1
302727595 1861 17
302727594 3 1
302727593 10 0
302727592 0 0
302727589 3 1
302727586 4 1
302727585 5 2
302727584 6 2
302727583 1 0
302727582 2 4
302727581 0 0
302727580 4 1
302727579 7 1
302727578 1 1
302727577 1504 34
302727576 0 1
302727575 0 3
302727574 7 2
302727573 6 1
302727572 638 6
302727570 8 2
302727569 4 1
302727568 836 30
302727567 3174 43
302727566 0 4
302727565 3 7
302727564 4 1
302727563 1 11
302727561 0 4
302727560 4 4
302727559 2 12
302727558 4 2
302727556 4 0
302727555 1 1
302727554 10 0
302727553 2 1
302727552 4 1
302727551 0 0
302727550 3 3
302727548 1 1
302727547 0 0
302727545 0 0
302727544 3 0
302727543 12 2
302727542 3 1
302727541 4 1
302727540 6 2
302727539 3 1
302727538 1 1
302727537 1 0
302727536 2 0
302727535 7 0
302727534 4 0
302727533 0 1
302727531 1873 33
302727529 2 0
302727528 702 15
302727527 3 0
302727525 12 1
302727524 6 1
302727523 1 0
302727522 1 1
302727521 4 2
302727519 8 1
302727517 1 0
302727516 6 9
302727515 8 1
302727514 7 1
302727513 3 0
302727512 3 1
302727511 4 0
302727510 8 8
302727509 0 0
302727508 2 3
302727507 2 0
302727506 3 1
302727503 2 0
302727501 1 0
302727500 4 1
302727498 0 3
302727497 0 1
302727496 2 0
302727494 2 0
302727492 1 0
302727491 2 2
302727490 0 1
302727489 1 6
302727488 1 5
302727487 0 0
302727486 4 0
302727483 8 1
302727482 3 32
302727480 754 11
302727479 4 1
302727477 3 2
302727476 0 3
302727475 7 2
302727474 9 2
302727473 3 0
302727472 3 2
302727471 7 0
302727470 3 0
302727469 3 0
302727467 5 0
302727466 5 2
302727465 3 0
302727464 3 9
302727463 2 0
302727462 5 1
302727461 12 1
302727458 4 1
302727457 1 0
302727456 1 0
302727454 0 0
302727453 4 0
302727452 16 1
302727451 970 12
302727450 1 0
302727448 8 0
302727447 7 2
302727446 6689 132
302727445 10 3
302727444 4 0
302727442 7 11
302727441 2 0
302727439 1 0
302727438 4 2
302727437 2 0
302727436 1583 49
302727434 0 2
302727433 0 3
302727432 12 2
302727431 4 0
302727430 2 0
302727429 3 3
302727427 0 0
302727425 8 0
302727424 4 1
302727423 6 1
302727422 0 1
302727421 5 0
302727420 0 2
302727419 5 0
302727418 0 1
302727416 8 2
302727415 2 0
302727414 8 2
302727413 8 1
302727412 2 1
302727411 6 3
302727409 3 4
302727408 3 0
302727407 2 1
302727406 3 1
302727405 2 0
302727404 0 0
302727403 1 0
302727402 6 0
302727399 2 0
302727398 1 1
302727397 1 1
302727396 1 1
302727395 2 0
302727394 2 1
302727392 5 3
302727391 764 11
302727390 3 3
302727389 0 1
302727388 5 1
302727387 1115 93
302727386 1 1
302727385 2 0
302727384 973 10
302727382 495 11
302727380 3 0
302727379 2 3
302727378 1 0
302727377 3 0
302727376 0 0
302727375 1 1
302727374 2 1
302727373 0 1
302727372 6 3
302727371 0 0
302727370 1 7
302727369 2 1
302727367 2 1
302727366 2 2
302727365 3 3
302727363 4 1
302727362 1 0
302727359 3 1
302727357 2 0
302727356 0 0
302727355 3 0
302727353 1 2
302727352 3 2
302727351 0 0
302727350 1 0
302727349 2 5
302727348 1 3
302727347 6 1
302727346 15 0
302727345 2 1
302727344 12 0
302727343 4077 240
302727342 3 2
302727341 2 0
302727340 536 40
302727339 1 2
302727338 708 7
302727337 0 0
302727336 616 11
302727335 0 0
302727332 7 0
302727331 7 0
302727330 4 2
302727328 0 0
302727327 2 2
302727325 9 3
302727324 6 1
302727323 5 2
302727322 8 1
302727321 11 1
302727319 1 1
302727317 6 2
302727316 0 1
302727314 777 9
302727313 0 0
302727312 4 1
302727311 18 1
302727310 0 0
302727309 7 0
302727308 0 0
302727307 5 0
302727306 4 1
302727305 2 1
302727304 5 1
302727303 9 4
302727302 6 1
302727301 1 0
302727300 2 1
302727299 1 0
302727298 8 1
302727297 1036 8
302727295 10 19
302727292 0 1
302727291 20 0
302727290 9 1
302727289 2 0
302727287 0 0
302727285 0 2
302727284 5 0
302727283 5 3
302727282 0 2
302727281 4 2
302727280 2 1
302727279 3 0
302727278 1 3
302727277 0 0
302727276 1 1
302727275 19 0
302727274 14 0
302727272 1 1
302727271 6 1
302727270 4802 159
302727269 0 1
302727268 3 9
302727267 0 1
302727266 1 0
302727265 6795 474
302727264 6 3
302727263 11 9
302727262 0 0
302727261 0 1
302727260 3 2
302727259 9 1
302727258 2 4
302727256 0 0
302727255 2668 107
302727254 8 1
302727253 1014 41
302727252 1 0
302727251 5 1
302727249 4 0
302727248 4 0
302727247 9 1
302727244 4 0
302727243 10 1
302727242 7 0
302727241 4 0
302727239 11 0
302727237 6 2
302727236 5 0
302727235 0 0
302727233 2 0
302727232 10 8
302727231 0 1
302727230 4 1
302727229 1 2
302727228 0 0
302727227 2 0
302727226 3 0
302727225 2 1
302727224 3 0
302727223 3 1
302727222 3 0
302727221 6 2
302727220 0 1
302727219 1 4
302727218 2 0
302727217 4 1
302727216 5 1
302727215 2 0
302727214 3 1
302727212 7 1
302727210 2 0
302727209 4 1
302727208 2 0
302727207 2 2
302727206 740 14
302727205 3 1
302727204 0 0
302727203 4 0
302727200 506 13
302727199 8 1
302727198 0 0
302727197 5 0
302727196 2 0
302727195 0 0
302727194 2 1
302727193 1188 43
302727192 1 0
302727191 1 1
302727190 1 0
302727189 6 2
302727188 1 1
302727187 583 3
302727186 0 0
302727185 5 0
302727184 1 0
302727183 2 2
302727182 337 8
302727181 617 13
302727180 2138 58
302727178 10 1
302727177 1172 11
302727176 2 0
302727175 2 0
302727174 4 2
302727173 3 2
302727172 1177 6
302727171 4 1
302727170 4 2
302727169 4 1
302727168 4 1
302727167 5 0
302727166 1 2
302727165 4 1
302727163 0 1
302727162 1 2
302727161 1 0
302727160 4 1
302727158 0 0
302727157 2 2
302727156 4 0
302727155 4 2
302727154 3366 76
302727152 5 16
302727151 1 0
302727149 5 0
302727148 8 2
302727146 1256 28
302727145 1 0
302727144 4 0
302727143 11 0
302727141 4 0
302727140 3 0
302727139 4 0
302727138 0 0
302727137 2 0
302727136 1 1
302727135 3 0
302727134 1 5
302727133 0 0
302727132 3 0
302727130 4 0
302727128 7 2
302727127 5 0
302727126 3 1
302727125 1 1
302727124 5 0
302727122 6 1
302727121 2 0
302727120 3 0
302727117 1 1
302727116 4193 37
302727115 2 0
302727114 0 0
302727113 4 0
302727112 2 0
302727111 5 1
302727110 0 0
302727109 0 2
302727107 1 1
302727105 17 0
302727104 1 0
302727103 3 0
302727102 10 1
302727101 1 1
302727100 5 1
302727099 0 0
302727097 10 0
302727096 4 1
302727095 0 0
302727093 4 1
302727092 5 0
302727090 9 0
302727089 1 4
302727088 3 0
302727087 0 0
302727085 1 1
302727084 6 0
302727083 9 2
302727082 4 1
302727081 5 0
302727079 0 0
302727078 0 0
302727077 1 0
302727076 3 0
302727075 3 2
302727074 3 0
302727073 8 2
302727072 11 1
302727071 1 1
302727070 2 1
302727069 9 0
302727068 12 0
302727067 3 1
302727066 10 0
302727064 1 0
302727063 0 0
302727062 3 1
302727061 3 0
302727060 10 0
302727059 3 1
302727058 6 0
302727056 0 0
302727055 11 0
302727054 1 1
302727053 0 0
302727052 1 0
302727051 2 0
302727050 6 2
302727049 0 0
302727048 0 0
302727047 7 1
302727046 0 7
302727045 12 1
302727044 0 1
302727043 1 2
302727042 802 11
302727041 5 3
302727040 1 0
302727039 0 0
302727038 0 1
302727037 7 1
302727036 6 2
302727035 1 2
302727034 1 2
302727033 7 3
302727031 0 1
302727030 8 1
302727029 0 3
302727028 12 7
302727027 4 2
302727025 4 1
302727024 3 1
302727023 4 2
302727022 6 1
302727021 789 6
302727020 0 0
302727018 0 1
302727017 2 2
302727015 4 3
302727014 0 2
302727013 3 2
302727012 7023 79
302727011 1 0
302727010 1552 58
302727009 1 0
302727008 5 2
302727007 1 4
302727006 2 1
302727005 1 1
302727004 6 1
302727003 5 1
302727002 3 1
302727001 1 1
302727000 4 4
302726999 6 2
302726997 0 0
302726996 2486 117
302726995 4 1
302726994 0 0
302726993 1 2
302726992 6 1
302726991 1 1
302726990 6 1
302726989 0 0
302726988 15 1
302726986 3 1
302726985 1588 74
302726984 0 0
302726983 7 0
302726982 0 0
302726981 8 2
302726980 2421 59
302726979 2 3
302726978 2 1
302726977 4 0
302726976 4 2
302726975 0 0
302726974 0 0
302726973 1 1
302726972 1 1
302726971 4 0
302726970 0 0
302726969 5 2
302726968 2 1
302726967 0 0
302726966 3 2
302726965 0 1
302726964 4 2
302726963 4 2
302726962 3 3
302726961 1 2
302726960 0 1
302726959 0 0
302726958 7 3
302726957 6 3
302726956 3 0
302726955 2 3
302726954 9 2
302726953 4 2
302726951 0 1
302726950 1 1
302726949 3 2
302726948 2 3
302726947 6 3
302726946 3 1
302726945 4 2
302726944 1 3
302726943 4 1
302726942 0 0
302726941 3 7
302726940 1 0
302726939 2 1
302726938 1 3
302726937 1 5
302726936 3 2
302726935 0 0
302726933 5 2
302726932 0 1
302726931 0 1
302726930 3 0
302726929 2 2
302726928 10 2
302726927 1 0
302726926 0 1
302726925 0 1
302726924 0 2
302726922 5 1
302726921 4 0
302726920 0 0
302726919 4 2
302726918 5 1
302726917 3980 158
302726916 1 1
302726915 6 2
302726914 8 3
302726913 1 4
302726912 2 2
302726911 0 1
302726910 0 0
302726909 2 4
302726908 1 2
302726907 3 1
302726906 6 1
302726905 2 1
302726904 5 1
302726903 1 2
302726902 2 1
302726901 10 4
302726900 5 1
302726899 0 2
302726898 0 0
302726897 0 0
302726896 0 0
302726895 2 0
302726894 5 1
302726893 5 1
302726891 3 1
302726890 2 1
302726889 0 0
302726888 5 2
302726887 5 1
302726886 5 3
302726885 1 2
302726884 1 1
302726883 4 1
302726882 0 0
302726881 3 4
302726880 6 3
302726879 4 3
302726878 1 2
302726877 0 0
302726876 3 3
302726874 2 0
302726873 3 3
302726872 0 0
302726871 1 0
302726870 6 1
302726869 4 3
302726868 5 2
302726867 1 0
302726866 0 1
302726865 5 3
302726864 2 3
302726863 4 1
302726862 1 0
302726861 0 0
302726860 4 1
302726859 1 3
302726858 0 0
302726857 2 0
302726856 0 0
302726855 2 2
302726854 0 0
302726853 0 0
302726852 1 0
302726851 4 1
302726849 4 4
302726848 2 2
302726847 4 2
302726846 0 0
302726845 9 3
302726844 6 2
302726843 4 2
302726842 1 2
302726841 0 2
302726840 5 2
302726839 2 2
302726838 1 2
302726836 0 0
302726835 5 2
302726832 4 0
302726831 2 2
302726830 10 0
302726828 6 1
302726827 0 0
302726826 4 2
302726825 2 0
302726824 2 1
302726822 2 3
302726821 2 2
302726820 2 2
302726819 5 1
302726818 2 2
302726817 4 2
302726816 3 1
302726815 8 0
302726814 3 2
302726813 0 0
302726812 2 2
302726811 5 2
302726810 0 0
302726809 7 2
302726807 0 2
302726806 1194 26
302726805 0 0
302726804 0 2
302726803 1 0
302726802 5 4
302726801 8 0
302726800 0 2
302726799 2 0
302726798 3 1
302726797 3 2
302726796 0 0
302726795 4 2
302726794 1 0
302726793 0 0
302726792 0 0
302726791 0 0
302726790 6 2
302726789 1 0
302726788 2 2
302726787 0 0
302726786 0 0
302726785 0 0
302726784 0 0
302726783 5161 297
302726781 0 0
302726780 2 1
302726778 0 0
302726777 0 0
302726776 11 3
302726775 3 2
302726774 1 1
302726773 1 1
302726772 5 2
302726771 5 2
302726770 6 1
302726769 7 0
302726768 3 1
302726767 2 0
302726766 650 14
302726765 6 1
302726764 4 2
302726763 5 0
302726762 5 2
302726761 1 1
302726760 5 2
302726759 7 2
302726758 4 2
302726757 1 0
302726755 4 2
302726754 1 2
302726753 4 2
302726750 1 0
302726749 6 1
302726748 4 2
302726747 7 1
302726745 1 0
302726744 921 10
302726743 2 0
302726742 1 0
302726741 6 2
302726740 0 0
302726739 2 2
302726738 3 5
302726737 0 0
302726736 4 2
302726735 0 4
302726734 2 2
302726732 3 1
302726731 6 0
302726730 3 2
302726729 3 3
302726728 3 2
302726727 4 1
302726726 0 0
302726725 5 2
302726724 0 0
302726723 1 0
302726722 0 1
302726721 2 1
302726720 1 2
302726719 0 0
302726718 3261 96
302726717 2 2
302726715 5 2
302726714 1 2
302726713 5 0
302726712 2 1
302726711 1 1
302726710 15 9
302726709 0 0
302726708 3 3
302726707 3 1
302726706 0 0
302726705 2 2
302726704 5 2
302726703 4 2
302726702 2 1
302726699 0 0
302726698 0 2
302726697 2 2
302726696 4 1
302726694 1 2
302726693 3 0
302726692 2 0
302726691 0 0
302726690 0 1
302726688 0 3
302726686 0 0
302726682 3 0
302726680 0 0
302726679 1 2
302726677 1 0
302726676 1 0
302726674 5 2
302726673 0 1
302726672 1 0
302726671 1 0
302726670 0 0
302726668 1 1
302726666 5 0
302726664 11 0
302726663 0 1
302726662 0 0
302726661 0 0
302726660 0 1
302726659 2 1
302726658 0 0
302726657 0 0
302726656 0 0
302726655 1 1
302726653 0 0
302726652 5 1
302726651 0 0
302726650 0 0
302726649 0 0
302726648 0 0
302726647 3 2
302726646 0 0
302726645 1 0
302726644 0 0
302726643 0 1
302726642 0 0
302726640 3 1
302726639 5 0
302726638 5 2
302726637 0 0
302726636 0 0
302726633 2 2
302726632 5 2
302726631 0 8
302726630 0 0
302726629 0 2
302726628 1 1
302726627 0 0
302726625 2 1
302726624 2 0
302726623 0 0
302726622 0 0
302726620 1 1
302726619 0 0
302726618 3 2
302726617 0 0
302726616 0 0
302726615 0 0
302726613 0 1
302726612 5 2
302726611 3 2
302726610 2 0
302726609 0 2
302726608 2 1
302726607 4 2
302726606 0 0
302726605 0 0
302726604 0 1
302726603 2 2
302726601 0 0
302726599 0 0
302726598 0 0
302726597 0 0
302726596 1 0
302726595 0 0
302726594 0 0
302726593 0 0
302726592 0 2
302726590 1 2
