303956534 0 0
303941118 1 1
303938312 1 0
303937399 0 0
303936831 0 0
303930114 0 0
303930082 0 0
303930070 5 0
303930057 3 0
303930049 2 0
303871177 5 0
303865286 0 0
303864464 0 0
303864459 0 0
303864065 5 0
303863823 2 0
303859610 3 0
303859173 1 0
303858853 0 0
303855656 0 0
303855114 1 0
303855091 0 0
303814262 0 0
303804776 1 0
303799049 6 0
303799044 1 0
303798321 2 0
303790006 7 0
303745167 0 0
303744903 5 0
303743510 3 0
303739859 6 0
303739219 0 0
303738607 12 0
303738594 3 0
303738316 1 0
303737906 3 0
303737904 2 0
303737895 4 0
303736555 0 0
303734005 0 0
303732179 0 0
303731088 8 0
303671077 11 0
303670203 12 0
303670117 4 0
303669733 2 0
303668523 5 0
303666213 5 0
303664675 8 0
303662532 0 39
303654183 0 0
303622964 3 0
303622958 0 0
303572835 6 0
303567517 3 0
303507428 1 0
303504131 6 0
303504128 9 0
303501036 1 2
303500566 0 0
303494027 7 1
303490678 5 0
303490572 1 1
303404292 3 2
303403248 5 0
303403208 7 1
303402961 8 0
303391134 2 1
303385670 5 0
303369169 2 0
303369164 7 0
303369162 7 0
303340597 8 0
303325377 10 0
303324928 7 0
303324927 11 0
303324791 0 0
303322775 0 0
303316255 7 0
303312251 3 3
303311622 18 0
303311613 3 8
303308740 23 0
303242316 0 0
303226094 8 0
303215814 0 0
303191970 16 0
303191965 7 1
303161843 4 0
303148683 24 0
303148664 13 0
303148635 8 0
303148585 5 1
303138541 8 0
303136821 7 0
303123053 22 0
303123041 20 0
303123031 11 0
303123029 14 0
303123026 18 0
303123020 9 0
303123012 8 0
303123000 9 0
303122994 11 0
303105309 1 1
303103142 0 0
303069320 20 3
303067620 0 0
303064523 2 0
303052937 5 0
303033250 2 1
303005581 2 0
302988016 0 0
302979672 2 0
302979646 4 0
302979454 3 0
302979186 12 0
302979164 4 0
302976610 19 0
302950948 13 2
302893743 3 0
302893740 17 2
302893738 16 14
302893530 0 0
302892993 3 0
302892992 5 0
302884941 13 0
302884936 8 1
302882965 3 0
302881404 1 0
302872260 0 0
302842630 16 1
302839184 5 0
302832225 0 0
302831263 0 0
302818358 15 0
302817929 6 0
302817665 13 0
302817640 0 0
302817632 13 0
302817374 0 0
302816007 3 0
302813280 7 0
302811484 16 0
302811141 1 2
302810669 0 0
302810159 0 0
302809448 6 0
302802567 27 0
302802432 13 3
302796844 0 0
302788782 13 0
302774619 6 0
302761388 9 1
302745947 19 0
302745935 17 0
302744171 4 2
302742411 17 1
302742405 14 1
302742380 5 1
302742367 28 1
302742365 12 6
302742358 17 1
302742353 22 1
302742297 25 1
302731361 6 21
302731358 4 21
302730665 23 1
302730550 9 1
302730548 22 2
302730541 8 2
302730536 8 2
302730004 1 2
302729817 2 2
302729789 4 2
302729748 2 1
302729619 15 1
302728736 6 4
302727493 4 1
302725176 1 1
302724961 9 1
302724555 4 51
302724545 7 33
302724526 1 3
302724522 1 5
302724515 0 4
302724507 1 1
302724491 3 5
302724462 1 8
302724202 23 1
302721962 14 1
302721469 6 1
302721465 9 1
302720849 1 2
302720847 12 2
302720367 17 3
302719888 4 1
302719786 9 2
302718237 9 1
302716047 2 2
302706684 4 2
302688081 9 1
302678069 2 1
302663761 32 2
302661440 7 12
302660213 1 1
302656566 9 3
302645532 8 2
302644991 7 2
302644762 0 1
302644571 22 0
302644104 0 1
302644023 38 1
302643747 2 1
302643345 8 1
302642628 2 1
302640795 1 9
302640018 15 2
302639892 10 1
302639855 9 1
302639411 8 1
302638851 3 8
302638301 6 1
302638218 3 1
302638207 12 1
302638039 2 4
302638037 1 3
302637767 8 1
302637414 1 1
302637405 13 3
302637015 10 1
302636717 9 1
302636308 27 7
302635558 11 1
302635261 3 1
302635053 16 2
302634945 7 1
302634666 8 1
302633685 6 1
302633036 8 2
302632421 7 1
302632272 6 1
302631101 6 1
302629017 6 4
302628436 3 2
302628186 0 1
302627318 14 1
302627207 18 1
302626417 2 1
302625985 1 1
302625965 3 1
302625921 6 29
302625900 11 5
302625878 8 2
302623941 1 1
302623744 10 1
302616429 2 3
302610476 8 3
302609715 0 2
302609682 9 3
302599022 3 3
302598821 15 2
302598799 16 2
302598018 9 2
302597976 0 2
302585622 10 47
302585074 6 2
302585036 1 1
302585025 5 5
302585008 12 1
302584917 17 2
302584371 10 2
302584363 4 2
302584064 3 4
302584054 1 1
302583531 4 1
302583478 6 1
302583434 11 1
302582873 10 1
302582021 36 3
302582014 25 0
302582010 1 31
302581750 2 3
302581429 26 1
302571434 0 1
302571376 9 44
302571308 9 1
302571280 7 3
302571077 9 3
302571027 5 1
302570921 1 1
302570746 10 1
302570474 2 2
302570355 11 17
302570249 2 13
302570053 6 2
302569942 0 1
302569907 2 6
302569472 6 1
302569306 2 31
302569290 5 1
302569267 55 2
302568489 9 1
302568308 3 1
302568131 6 3
302567473 5 3
302567402 9 1
302567277 7 1
302567276 6 1
302567275 7 1
302567171 5 0
302567048 9 8
302567017 5 3
302566994 4 1
302566992 31 2
302566892 10 1
302566848 7 1
302566800 23 1
302566767 4 1
302566751 11 10
302566730 12 1
302566694 3 1
302566401 17 1
302566396 20 3
302566359 2 5
302566242 13 1
302566151 4 0
302566008 24 1
302565744 10 1
302565742 9 1
302565671 21 1
302565574 6 4
302565561 9 4
302565505 14 3
302565461 7 1
302565430 3 27
302565372 23 2
302565354 24 3
302565337 6 2
302565241 8 1
302565125 0 2
302565110 27 1
302565092 13 2
302565045 8 1
302565042 0 1
302564936 7 1
302564840 7 1
302564524 12 2
302564236 12 1
302564225 7 11
302564214 5 29
302564181 6 1
302564043 7 1
302564036 15 4
302564030 22 9
302564021 8 1
302564018 4 2
302563949 0 1
302563915 0 1
302563752 6 2
302563679 7 1
302563678 4 1
302563671 14 1
302563661 8 1
302563588 5 52
302563482 3 1
302563479 1 7
302563470 1 3
302563447 28 11
302563415 5 6
302563397 5 5
302563382 1 0
302563377 6 4
302563139 2 1
302563068 16 1
302563061 7 4
302562857 7 2
302562769 10 1
302562743 9 1
302562730 5 3
302562697 9 2
302562670 1 4
302562669 0 4
302562668 0 4
302562667 1 3
302562666 0 4
302562622 6 1
302562154 15 30
302562086 1 37
302562033 7 1
302562032 2 0
302562014 11 1
302562010 7 2
302562007 15 2
302561769 6 1
302561684 5 28
302561592 6 1
302561576 4 1
302561169 13 0
302561102 20 0
302561080 13 1
302561049 5 1
302561017 12 2
302560928 16 1
302560805 8 1
302560611 15 32
302560496 5 36
302560390 5 3
302560364 5 12
302559886 6 2
302559727 8 2
302559723 10 1
302559342 1 1
302558891 6 0
302558416 1 0
302558403 9 16
302557927 6 1
302557887 5 1
302557672 4 0
302556171 5 0
302554486 3 2
302554215 4 4
302554213 12 7
302554140 5 10
302554130 9 1
302554003 5 0
302553759 3 28
302553708 4 1
302553670 19 1
302553655 24 2
302553566 10 2
302553490 1 0
302553483 0 2
302553258 5 0
302553114 21 1
302553101 18 0
302553086 22 0
302552980 3 0
302552912 11 0
302552845 6 29
302552833 6 32
302552744 0 3
302552682 25 0
302552652 10 1
302552626 15 0
302552608 0 24
302552508 23 1
302552497 3 0
302552411 18 1
302552396 5 0
302552350 3 22
302552299 0 3
302552078 9 28
302552063 9 1
302551961 3 1
302551675 2 0
302551385 59 1
302551349 3 0
302551212 18 1
302551186 11 1
302551176 10 0
302550767 6 0
302550632 13 0
302550519 18 9
302550449 24 1
302550435 5 0
302550434 3 0
302550258 1 0
302550096 38 1
302550046 6 30
302549988 1 0
302549976 4 0
302549949 7 29
302549942 1 4
302549285 18 4
302548835 8 3
302548826 18 6
302548604 23 4
302548422 0 0
302547395 1 2
302546718 25 1
302546714 15 4
302545266 4 61
302544468 10 2
302543579 16 1
302535999 0 0
302535958 0 0
302535870 8 2
302535864 5 3
302535826 3 18
302535798 0 1
302535552 14 0
302535536 30 6
302535533 12 5
302535524 2 5
302535513 11 1
302535469 5 2
302535415 1 1
302535331 0 1
302535289 9 2
302535279 8 24
302534951 8 1
302534840 18 1
302534806 15 3
302534805 0 0
302534792 5 2
302534782 18 1
302534777 17 3
302534776 5 1
302534756 66 2
302534752 23 2
302534743 23 2
302534733 4 0
302534724 51 1
302534710 22 1
302534703 5 1
302534662 51 4
302534590 10 3
302534560 13 1
302534442 19 1
302534386 1 0
302534304 29 2
302534280 7 45
302534116 29 1
302534109 6 1
302534071 9 3
302534013 6 2
302534008 3 2
302532809 6 1
302532806 3 3
302532805 3 1
302532786 0 0
302532751 16 4
302532745 47 7
302532739 13 2
302532738 10 11
302532602 18 2
302532596 10 2
302532590 10 1
302532575 11 1
302532554 4 1
302532495 13 9
302532328 3 0
302532250 14 2
302532203 3 1
302532088 23 1
302532063 17 0
302532050 22 2
302532040 16 2
302532020 31 0
302531999 28 0
302531982 9 0
302531106 4 0
302530550 3 0
302528348 19 1
302527560 32 0
302524761 12 0
302524715 2 0
302524598 14 0
302524479 1 10
302524461 10 0
302524435 26 2
302524345 2 0
302524339 0 0
302524240 12 1
302524198 5 0
302524185 2 0
302524128 7 0
302524098 5 0
302523955 9 0
302523947 2 30
302523939 30 0
302523763 15 3
302523667 5 0
302523648 11 1
302523390 4 3
302523311 9 0
302523075 0 0
302523054 12 0
302523027 1 2
302522944 11 1
302522811 0 0
302522701 7 1
302522694 35 0
302522682 13 0
302522672 30 0
302522659 12 1
302522656 22 0
302522639 25 2
302522617 35 1
302522615 16 0
302522614 1 0
302522598 2 0
302522550 4 28
302522521 5 2
302522510 9 0
302522505 10 1
302522402 26 0
302522333 12 0
302522226 7 0
302521933 5 0
302521866 19 0
302521863 9 4
302521755 10 0
302521696 0 0
302521535 0 0
302521187 15 0
302521024 1 7
302520730 26 15
302520727 26 0
302520582 1 0
302520550 0 0
302520330 27 1
302520323 46 0
302520280 19 0
302519955 1 0
302519806 0 0
302519534 0 0
302519443 0 0
302519068 0 0
302517177 24 0
302516850 0 2
302515371 7 1
302513710 4 1
302513173 32 1
302512923 22 0
302512888 13 0
302512869 8 0
302510795 0 1
302510366 4 0
302510342 13 3
302510337 0 1
302510334 16 0
302510332 1 0
302510246 14 39
302510233 12 0
302510190 7 0
302510151 27 1
302510145 2 0
302510118 28 4
302510106 50 1
302510098 2 68
302510096 1 3
302510064 3 0
302510059 9 1
302510048 2 0
302509997 5 10
302509935 3 0
302509887 23 1
302509882 19 3
302509866 30 2
302509860 20 2
302509855 2 0
302509853 15 0
302509843 21 1
302509827 13 0
302509804 2 0
302509773 21 2
302509768 19 1
302509755 7 20
302509747 11 1
302509720 0 2
302509680 32 1
302509639 1 21
302509631 14 3
302509603 2 2
302509565 11 1
302509468 35 1
302509445 18 0
302509414 7 1
302509334 27 10
302509333 2 104
302509320 5 63
302509291 10 3
302509270 50 0
302509211 0 10
302509203 10 0
302509201 5 0
302509152 16 6
302509139 21 1
302509070 41 2
302509035 20 0
302509032 20 0
302508936 6 0
302508872 11 0
302508848 28 1
302508835 20 1
302508832 22 20
302508830 3 0
302508814 24 0
302508798 15 1
302508765 12 1
302508729 23 0
302508677 14 1
302508621 2 15
302508525 11 0
302508461 13 0
302508457 14 0
302508404 10 73
302508342 5 2
302508333 1 2
302508324 9 1
302508316 6 1
302508314 17 5
302508283 17 1
302508280 10 0
302508277 22 2
302508271 13 1
302508266 19 2
302508261 15 6
302508252 19 1
302508239 34 2
302508194 2 1
302508116 37 2
302507909 1 0
302507907 7 1
302507887 2 1
302507849 13 0
302507700 8 1
302507684 9 0
302507682 1 3
302507666 11 0
302507653 11 0
302507599 4 0
302507582 9 0
302507263 22 0
302507229 32 10
302507190 9 0
302507187 11 0
302507184 10 0
302507180 17 0
302507176 12 1
302507172 13 4
302507169 15 0
302507167 9 1
302507165 4 10
302507161 7 1
302507159 6 1
302507146 6 0
302507143 10 1
302507072 12 0
302507045 11 0
302507044 49 0
302507040 27 0
302507029 8 1
302507013 34 0
302507000 1 0
302506998 10 1
302506971 6 1
302506958 19 0
302506934 9 0
302506891 0 0
302506866 14 0
302506864 15 0
302506816 2 0
302506774 9 1
302506730 4 0
302506726 0 0
302506697 2 29
302506621 3 0
302506613 11 0
302506593 32 1
302506575 0 6
302506556 24 1
302506536 8 0
302506509 13 0
302506507 5 1
302506486 8 0
302506451 13 0
302506449 8 0
302506391 23 0
302506382 9 0
302506367 10 1
302506364 0 1
302506352 26 7
302506335 15 0
302506334 19 1
302506323 3 3
302506314 3 0
302506268 14 0
302506252 8 0
302506206 5 0
302506174 23 0
302506155 9 0
302506148 9 1
302506067 12 0
302506047 20 0
302506032 14 0
302505999 16 0
302505992 1 0
302505929 10 1
302505887 14 1
302505878 9 0
302505809 12 0
302505799 14 1
302505759 7 0
302505741 7 1
302505719 16 0
302505699 11 0
302505693 14 0
302505596 18 0
302505552 7 0
302505434 1 0
302505433 14 0
302505361 9 1
302505314 11 1
302505290 1 0
302505246 6 1
302505225 18 2
302505113 2 0
302504960 1 0
302504681 9 4
302504624 2 0
302504601 7 0
302504577 7 0
302504474 11 17
302504366 13 1
302504064 18 1
302503927 27 0
302503914 12 1
302503709 3 0
302503671 7 0
302503579 13 0
302503568 6 3
302503555 11 0
302503529 13 2
302503516 4 0
302503497 12 0
302503420 11 0
302503384 11 1
302503361 7 4
302503323 0 0
302503277 9 0
302503182 8 0
302503146 5 0
302503114 12 0
302503086 2 1
302503033 13 1
302503018 8 1
302503001 0 1
302502948 21 1
302502898 13 0
302502819 8 0
302502705 5 0
302502670 0 0
302502639 1 0
302502612 32 9
302502588 14 3
302502572 11 0
302502568 10 1
302502537 15 0
302502474 7 0
302502017 1 0
302501951 11 0
302501917 12 1
302501911 1 0
302501796 9 1
302501761 2 0
302501720 9 0
302501646 0 1
302501627 2 2
302501532 7 0
302501508 0 0
302501469 9 1
302501289 8 0
302501242 12 1
302501234 6 0
302501226 1 0
302501128 9 0
302500998 4 0
302500966 3 23
302500928 9 0
302500851 1 0
302500686 13 2
302500472 13 0
302500456 1 0
302500447 2 0
302500174 5 0
302499885 9 0
302499136 10 1
302498988 5 0
302498608 14 1
302498439 5 0
302498427 7 0
302498388 11 1
302498364 1 0
302498344 14 0
302498322 6 0
302498136 0 2
302498077 10 0
302497937 15 1
302497930 8 1
302497928 3 2
302497924 12 1
302497922 3 25
302497921 3 0
302497920 3 0
302497919 15 1
302497917 13 1
302497916 4 1
302497913 14 0
302497912 14 0
302497911 7 0
302497910 4 0
302497898 1 0
302497897 9 0
302497896 7 0
302497894 7 0
302497887 23 16
302497882 19 0
302497879 1 0
302497874 7 0
302497872 0 0
302497871 0 4
302497870 14 0
302497869 7 0
302497868 0 3
302497866 0 0
302497858 2 26
302497849 5 25
302497848 6 0
302497839 3 18
302497838 14 0
302497833 5 0
302497830 7 0
302497825 13 0
302497824 3 0
302497823 5 0
302497822 13 3
302497821 7 1
302497819 0 2
302497817 0 4
302497813 2 1
302497811 0 0
302497807 0 5
302497804 1 5
302497801 21 0
302497798 0 2
302497795 14 0
302497791 10 1
302497788 29 7
302497787 7 0
302497783 6 12
302497781 15 0
302497780 13 0
302497778 17 0
302497775 0 3
302497774 7 0
302497773 0 2
302497770 9 0
302497765 0 0
302497761 0 6
302497757 8 1
302497752 4 2
302497749 20 1
302497745 6 0
302497739 8 1
302497736 0 2
302497735 8 0
302497724 2 3
302497721 28 2
302497709 12 0
302497708 3 23
302497705 28 0
302497703 6 1
302497702 17 3
302497701 9 0
302497700 29 1
302497698 15 0
302497694 1 0
302497693 4 0
302497692 13 0
302497691 17 0
302497690 0 0
302497689 7 0
302497687 23 0
302497685 14 1
302497684 10 0
302497681 7 0
302497676 6 0
302497674 5 5
302497673 16 2
302497669 25 3
302497668 9 1
302497667 28 3
302497665 18 1
302497663 9 0
302497660 9 5
302497659 7 1
302497658 15 1
302497656 13 0
302497651 15 0
302497650 8 2
302497647 8 0
302497645 5 37
302497642 2 0
302497641 5 38
302497639 13 0
302497634 10 0
302497632 0 17
302497631 19 0
302497625 6 30
302497624 17 0
302497617 7 1
302497612 13 2
302497611 13 2
302497610 0 0
302497609 13 0
302497605 0 0
302497603 6 0
302497602 13 0
302497600 14 6
302497598 31 3
302497594 0 0
302497593 10 0
302497592 0 0
302497589 0 0
302497586 22 1
302497585 2 0
302497583 8 1
302497580 17 0
302497577 8 0
302497573 13 0
302497568 20 0
302497566 16 0
302497562 4 2
302497558 14 4
302497556 7 0
302497554 1 1
302497548 15 1
302497544 1 4
302497543 11 0
302497539 8 1
302497538 2 2
302497534 1 0
302497524 0 0
302497523 9 0
302497519 13 0
302497517 1 0
302497515 8 0
302497513 0 4
302497510 5 1
302497509 0 2
302497508 14 0
302497507 14 1
302497505 16 0
302497504 14 0
302497503 17 0
302497501 0 1
302497500 0 0
302497492 6 1
302497491 0 16
302497490 5 0
302497487 1 0
302497479 13 0
302497478 1 3
302497474 15 1
302497473 7 1
302497471 23 0
302497470 12 0
302497466 18 0
302497459 11 0
302497458 14 1
302497457 29 2
302497455 12 1
302497454 3 56
302497453 10 22
302497448 30 1
302497447 7 0
302497444 7 18
302497441 7 12
302497439 0 3
302497437 1 0
302497436 0 6
302497434 9 0
302497433 5 0
302497432 7 1
302497431 5 0
302497426 2 0
302497423 13 1
302497420 6 0
302497417 4 0
302497416 17 0
302497415 15 4
302497412 39 1
302497410 10 0
302497409 19 0
302497408 12 0
302497407 1 0
302497404 23 3
302497402 0 0
302497395 11 0
302497394 8 0
302497393 13 1
302497391 11 1
302497389 0 2
302497388 0 0
302497387 0 0
302497386 0 0
302497384 16 1
302497383 0 2
302497377 4 2
302497374 0 6
302497373 0 1
302497371 12 2
302497368 19 95
302497366 0 0
302497365 0 1
302497364 0 2
302497361 6 79
302497357 10 0
302497354 10 2
302497353 11 0
302497346 9 0
302497344 8 0
302497343 6 0
302497342 10 10
302497340 15 0
302497339 24 0
302497334 10 1
302497330 8 1
302497327 2 59
302497326 12 0
302497313 1 1
302497312 15 0
302497311 4 0
302497309 4 23
302497304 16 6
302497303 25 0
302497302 25 7
302497293 10 0
302497290 23 0
302497289 14 0
302497287 7 0
302497283 8 0
302497282 4 0
302497281 16 0
302497278 20 0
302497277 12 0
302497272 8 0
302497271 1 0
302497269 22 0
302497265 11 8
302497263 36 0
302497259 16 3
302497258 34 10
302497256 0 6
302497250 8 36
302497248 17 1
302497242 80 9
302497240 34 2
302497239 6 45
302497233 11 1
302497231 9 0
302497228 0 3
302497223 28 3
302497216 12 1
302497215 9 58
302497212 21 0
302497211 32 3
302497207 35 0
302497204 21 1
302497199 7 0
302497198 20 1
302497195 9 34
302497193 3 0
302497192 13 1
302497191 11 0
302497189 15 3
302497182 4 56
302497181 2 1
302497180 25 3
302497179 24 20
302497177 2 0
302497176 2 0
302497175 21 0
302497173 25 3
302497170 0 5
302497169 19 0
302497167 7 69
302497166 15 0
302497164 0 0
302497163 16 1
302497162 10 1
302497161 15 2
302497159 22 2
302497157 9 0
302497156 44 4
302497152 11 1
302497150 20 0
302497148 9 5
302497146 25 0
302497145 40 2
302497142 14 0
302497141 12 3
302497140 7 6
302497139 15 0
302497137 10 0
302497135 6 0
302497133 19 0
302497131 7 9
302497130 3 56
302497129 19 0
302497128 12 1
302497126 13 1
302497124 15 0
302497123 13 0
302497120 10 0
302497119 18 4
302497115 6 1
302497114 27 0
302497110 14 1
302497107 0 4
302497106 9 61
302497101 1 0
302497099 23 1
302497095 1 31
302497092 18 1
302497090 5 23
302497087 14 0
302497086 29 0
302497085 28 37
302497084 5 0
302497082 3 0
302497078 1 62
302497075 0 1
302497073 19 0
302497070 0 0
302497069 5 36
302497066 0 1
302497065 2 0
302497063 3 2
302497061 14 6
302497060 4 0
302497055 5 33
302497054 0 0
302497053 18 3
302497051 2 2
302497049 2 0
302497047 25 1
302497045 11 0
302497044 14 0
302497041 1 0
302497040 25 0
302497039 22 2
302497038 0 6
302497036 15 7
302497032 8 1
302497031 6 43
302497026 0 5
302497025 2 53
302497023 13 14
302497022 12 0
302497021 23 9
302497020 0 2
302497019 0 2
302497017 0 0
302497016 21 1
302497015 3 6
302497013 4 0
302497012 190 1
302497010 9 0
302497009 52 0
302497008 6 0
302497006 0 2
302497004 20 3
302496997 24 0
302496994 10 0
302496985 13 1
302496983 9 0
302496982 6 1
302496981 4 0
302496973 2 0
302496968 28 5
302496961 8 0
302496959 1 0
302496955 3 0
302496954 17 3
302496950 32 0
302496947 18 0
302496945 9 0
302496944 46 46
302496941 39 6
302496940 49 3
302496935 4 0
302496934 6 53
302496932 14 21
302496931 4 0
302496928 21 3
302496926 3 0
302496925 59 1
302496924 2 1
302496923 3 0
302496921 38 7
302496919 12 48
302496918 16 0
302496917 6 1
302496916 7 2
302496914 30 2
302496912 27 2
302496911 14 0
302496910 4 1
302496908 22 2
302496907 9 1
302496905 8 0
302496903 7 0
302496902 7 0
302496901 3 0
302496900 0 4
302496899 18 1
302496896 25 0
302496892 7 0
302496890 10 0
302496889 46 1
302496888 1 7
302496887 21 3
302496886 5 17
302496885 8 0
302496884 3 0
302496883 7 0
302496880 23 7
302496875 26 3
302496871 18 1
302496870 2 52
302496869 24 1
302496868 3 0
302496867 46 1
302496865 2 1
302496864 10 49
302496863 28 0
302496859 20 0
302496858 10 1
302496856 12 0
302496854 23 1
302496851 5 40
302496850 18 2
302496848 3 0
302496847 5 3
302496846 40 1
302496845 4 0
302496842 19 0
302496840 2 61
302496838 0 9
302496837 23 4
302496836 23 2
302496834 3 44
302496833 11 1
302496830 7 1
302496829 10 1
302496828 8 0
302496827 1 51
302496823 2 0
302496821 3 0
302496820 2 0
302496818 1 51
302496817 3 25
302496815 46 0
302496814 2 0
302496812 0 3
302496810 7 0
302496809 2 0
302496808 8 22
302496807 0 8
302496803 8 85
302496802 7 85
302496797 13 2
302496791 2 0
302496790 4 42
302496789 2 0
302496787 3 0
302496783 10 8
302496781 22 37
302496780 2 0
302496779 13 2
302496778 40 1
302496777 9 1
302496775 29 0
302496774 31 1
302496773 6 0
302496765 21 2
302496764 13 1
302496762 5 0
302496758 5 0
302496757 32 8
302496755 20 3
302496753 24 2
302496751 13 0
302496750 0 2
302496748 11 0
302496746 2 0
302496745 21 2
302496744 31 1
302496743 1 0
302496740 1 0
302496738 2 0
302496735 8 0
302496734 9 0
302496732 0 0
302496731 21 2
302496728 60 0
302496726 1 0
302496725 0 0
302496724 10 1
302496722 0 0
302496721 0 0
302496720 13 0
302496719 5 0
302496717 8 0
302496716 0 0
302496715 5 0
302496712 2 48
302496711 7 0
302496709 12 1
302496706 21 2
302496704 5 0
302496703 19 2
302496702 25 0
302496700 11 0
302496699 4 0
302496697 3 24
302496696 56 13
302496694 22 0
302496691 9 1
302496690 5 0
302496689 4 75
302496688 43 19
302496687 13 2
302496686 7 1
302496685 30 1
302496681 1 0
302496680 15 2
302496678 10 0
302496675 29 1
302496674 22 1
302496673 5 0
302496672 18 1
302496671 9 0
302496670 15 1
302496668 4 0
302496667 13 0
302496666 6 0
302496664 17 0
302496663 1 0
302496662 0 0
302496661 51 3
302496660 12 16
302496658 33 19
302496657 16 0
302496656 23 2
302496655 2 0
302496651 8 3
302496650 13 0
302496649 19 0
302496648 16 3
302496646 0 0
302496645 15 0
302496644 16 0
302496641 25 0
302496639 0 0
302496638 12 0
302496636 2 72
302496635 0 0
302496633 0 1
302496632 0 0
302496631 17 0
302496630 6 0
302496628 5 24
302496625 4 0
302496624 13 1
302496623 0 0
302496622 5 0
302496621 2 15
302496619 0 0
302496618 13 0
302496616 1 0
302496614 15 0
302496613 32 11
302496612 9 0
302496610 0 0
302496609 3 0
302496608 13 1
302496600 1 0
302496599 1 1
302496593 4 76
302496592 13 8
302496591 5 2
302496590 0 0
302496589 5 0
302496588 22 2
302496587 0 0
302496586 1 75
302496584 0 75
302496582 25 13
302496581 16 0
302496578 1 1
302496575 14 23
302496572 34 8
302496570 2 0
302496569 11 2
302496564 5 0
302496563 5 0
302496562 7 0
302496561 4 0
302496560 22 1
302496559 3 0
302496558 0 3
302496557 10 2
302496555 19 27
302496554 21 1
302496553 0 0
302496552 5 0
302496550 3 0
302496544 11 1
302496543 1 0
302496542 0 5
302496541 4 0
302496540 28 1
302496539 6 0
302496538 0 0
302496536 19 5
302496534 10 0
302496532 14 0
302496531 10 1
302496530 9 2
302496528 1 60
302496525 3 1
302496524 19 8
302496523 19 3
302496521 17 2
302496520 0 0
302496519 0 0
302496517 2 0
302496515 0 0
302496511 20 0
302496509 41 3
302496507 21 0
302496504 34 2
302496503 0 0
302496502 15 0
302496501 6 0
302496500 7 3
302496499 6 2
302496498 6 2
302496497 7 0
302496496 6 1
302496494 26 2
302496493 0 0
302496492 4 46
302496490 0 0
302496488 8 0
302496484 1 0
302496482 5 1
302496481 8 0
302496479 1 0
302496476 2 5
302496474 1 0
302496472 7 0
302496471 0 0
302496470 4 0
302496469 0 0
302496467 1 5
302496463 14 59
302496458 3 54
302496457 1 0
302496456 17 0
302496455 18 1
302496454 3 0
302496452 3 0
302496451 2 8
302496450 3 0
302496449 4 0
302496447 4 0
302496446 0 0
302496445 3 0
302496443 11 0
302496442 17 1
302496441 10 0
302496440 3 9
302496438 5 48
302496437 2 0
302496436 1 0
302496434 34 1
302496432 3 32
302496430 5 1
302496429 10 5
302496427 0 0
302496426 13 0
302496425 0 1
302496423 6 1
302496422 1 0
302496421 3 0
302496420 3 0
302496417 0 2
302496416 1 0
302496415 13 8
302496409 1 0
302496407 1 0
302496405 22 4
302496404 27 0
302496403 18 0
302496402 40 1
302496400 10 0
302496399 0 0
302496397 10 0
302496395 13 0
302496392 12 0
302496390 2 16
302496389 10 2
302496388 0 0
302496387 0 0
302496386 0 0
302496383 0 0
302496381 7 17
302496379 2 22
302496376 0 6
302496375 4 0
302496373 0 0
302496371 18 0
302496370 36 1
302496369 9 1
302496368 5 0
302496367 8 5
302496366 19 4
302496363 13 0
302496362 13 5
302496360 4 0
302496359 2 0
302496358 9 0
302496357 8 0
302496356 16 1
302496355 2 2
302496353 13 0
302496351 17 1
302496349 3 0
302496344 10 0
302496343 3 2
302496341 18 6
302496340 15 1
302496339 1 0
302496337 12 1
302496334 19 0
302496333 31 2
302496332 12 2
302496331 21 0
302496330 7 19
302496329 17 0
302496328 8 2
302496327 12 2
302496326 6 3
302496325 7 1
302496324 7 1
302496322 9 5
302496320 2 0
302496318 7 0
302496316 26 0
302496315 2 0
302496314 1 0
302496313 13 4
302496311 5 0
302496308 15 2
302496306 9 1
302496305 5 59
302496304 1 0
302496303 18 0
302496302 9 0
302496301 3 0
302496299 13 3
302496298 19 0
302496297 4 0
302496295 3 0
302496294 10 1
302496293 4 0
302496291 3 0
302496290 2 0
302496288 8 0
302496287 1 0
302496285 6 29
302496284 6 1
302496282 8 0
302496281 17 0
302496280 23 0
302496279 22 0
302496278 2 0
302496277 4 0
302496276 4 7
302496275 12 1
302496273 8 19
302496272 12 1
302496271 16 0
302496268 28 0
302496267 27 2
302496265 8 0
302496264 4 0
302496263 20 1
302496262 16 3
302496261 11 0
302496259 13 16
302496258 11 0
302496256 29 3
302496255 30 0
302496254 20 1
302496252 0 0
302496251 0 0
302496250 25 1
302496249 3 0
302496248 0 0
302496246 0 0
302496245 8 0
302496243 8 0
302496242 0 0
302496241 6 0
302496240 7 0
302496237 1 0
302496236 12 2
302496235 7 0
302496234 3 0
302496233 12 0
302496232 6 0
302496231 2 0
302496230 23 0
302496229 0 0
302496228 6 1
302496227 13 0
302496225 13 0
302496224 7 1
302496223 6 1
302496222 19 0
302496221 1 0
302496220 9 0
302496219 5 0
302496218 16 1
302496216 4 1
302496215 2 0
302496214 4 0
302496213 15 19
302496212 23 0
302496211 6 2
302496210 2 29
302496209 45 33
302496208 0 0
302496207 4 2
302496205 5 1
302496204 25 2
302496203 18 0
302496202 27 4
302496201 8 0
302496200 8 1
302496199 4 2
302496198 15 2
302496196 0 0
302496195 18 4
302496194 3 0
302496193 21 6
302496192 1 0
302496191 15 1
302496190 13 0
302496189 4 0
302496187 0 16
302496186 24 3
302496185 8 0
302496184 27 0
302496183 7 0
302496182 7 0
302496181 1 0
302496179 12 92
302496178 1 0
302496176 3 0
302496175 3 0
302496174 1 0
302496170 4 1
302496169 5 0
302496167 24 1
302496166 7 0
302496165 7 1
302496164 11 0
302496161 5 0
302496158 1 0
302496157 25 0
302496156 0 0
302496154 65 29
302496153 1 0
302496151 8 0
302496145 14 0
302496144 1 0
302496143 0 1
302496142 29 0
302496141 31 15
302496137 6 7
302496135 4 37
302496133 4 0
302496132 9 1
302496131 1 0
302496130 1 0
302496129 27 0
302496127 38 0
302496125 8 0
302496124 0 18
302496123 11 2
302496122 2 0
302496119 26 0
302496118 16 0
302496117 2 0
302496116 12 0
302496115 3 0
302496113 8 1
302496111 32 4
302496109 1 0
302496108 10 1
302496107 2 0
302496104 13 0
302496103 25 16
302496102 23 0
302496101 1 0
302496100 22 3
302496093 10 0
302496092 18 0
302496091 12 0
302496090 10 0
302496089 29 2
302496087 33 29
302496086 20 0
302496085 22 5
302496084 43 1
302496082 18 0
302496081 25 1
302496080 13 0
302496079 11 0
302496075 7 1
302496074 9 7
302496073 31 0
302496071 0 0
302496068 0 0
302496067 5 1
302496064 18 0
302496063 5 1
302496059 1 0
302496057 4 1
302496054 0 0
302496051 14 0
302496048 18 0
302496046 56 20
302496044 21 0
302496040 16 0
302496039 17 1
302496038 9 0
302496037 23 2
302496035 1 0
302496032 34 11
302496031 6 0
302496030 17 0
302496028 7 0
302496026 0 0
302496023 57 12
302496022 37 7
302496021 0 0
302496020 11 0
302496018 14 0
302496016 1 0
302496012 2 0
302496011 12 1
302496008 0 0
302496004 1 0
302496003 37 17
302495998 17 1
302495996 9 1
302495993 18 4
302495992 9 0
302495991 0 0
302495989 5 0
302495988 9 0
302495987 8 0
302495985 9 0
302495984 0 0
302495983 22 0
302495982 14 0
302495980 24 1
302495978 26 0
302495977 8 0
302495976 9 0
302495974 10 0
302495970 6 1
302495967 10 0
302495965 33 1
302495962 0 0
302495960 11 1
302495957 1 0
302495956 1 0
302495955 1 0
302495954 0 0
302495953 7 0
302495952 2 0
302495951 19 2
302495950 0 0
302495948 26 1
302495947 2 0
302495946 0 0
302495941 8 0
302495938 0 0
302495937 2 0
302495936 0 0
302495934 0 0
302495933 12 2
302495932 3 0
302495931 0 0
302495930 0 0
302495929 9 0
302495928 1 0
302495927 28 4
302495925 0 0
302495924 17 2
302495923 2 0
302495922 7 1
302495921 12 0
302495920 2 0
302495919 39 1
302495917 18 1
302495916 1 1
302495915 0 0
302495913 3 0
302495912 2 0
302495910 57 5
302495908 0 1
302495907 1 0
302495904 3 0
302495903 0 0
302495902 1 0
302495901 0 0
302495900 0 4
302495899 0 0
302495898 0 3
302495897 0 0
302495896 9 1
302495895 0 3
302495894 0 0
302495893 0 0
302495892 0 4
302495891 0 0
302495890 1 0
302495889 0 0
302495888 0 3
302495887 0 0
302495886 0 2
302495885 19 5
302495884 0 3
302495883 0 0
302495882 0 3
302495880 0 0
302495879 0 3
302495877 0 0
302495876 0 1
302495875 0 2
302495874 1 1
302495873 1 1
302495872 25 0
302495871 12 1
302495870 0 2
302495869 22 0
302495868 36 48
302495867 0 0
302495866 0 0
302495865 0 3
302495864 0 0
302495863 6 71
302495862 1 1
302495861 0 4
302495860 25 0
302495857 1 1
302495855 1 1
302495854 6 0
302495853 0 4
302495852 1 1
302495849 2 1
302495848 3 0
302495847 1 0
302495846 1 0
302495845 0 4
302495843 0 1
302495842 6 2
302495841 0 3
302495840 19 1
302495839 0 3
302495838 1 1
302495837 1 1
302495836 2 0
302495835 21 0
302495834 3 1
302495832 0 4
302495831 0 0
302495829 0 0
302495828 1 2
302495827 18 1
302495826 0 3
302495825 0 3
302495824 15 1
302495822 0 4
302495820 20 2
302495819 4 2
302495818 2 1
302495817 0 5
302495816 46 5
302495814 20 2
302495813 0 3
302495812 27 5
302495811 1 1
302495810 1 0
302495809 1 1
302495808 0 6
302495806 2 0
302495805 36 5
302495803 4 77
302495802 0 5
302495801 4 0
302495798 1 1
302495796 6 35
302495795 15 0
302495794 0 0
302495793 11 2
302495792 0 7
302495791 17 1
302495790 2 1
302495789 7 78
302495787 12 2
302495786 0 4
302495785 27 2
302495784 25 4
302495783 1 1
302495782 2 1
302495781 22 0
302495780 10 1
302495778 14 1
302495777 15 1
302495776 14 2
302495775 35 3
302495774 8 1
302495773 1 1
302495772 2 0
302495771 1 1
302495770 0 2
302495769 18 2
302495768 40 1
302495766 16 2
302495765 14 6
302495763 42 2
302495762 8 101
302495761 2 1
302495760 29 2
302495758 1 0
302495757 27 4
302495754 20 2
302495752 1 1
302495751 24 0
302495750 11 1
302495749 0 1
302495748 22 2
302495747 10 11
302495746 0 5
302495745 16 2
302495744 6 3
302495742 21 4
302495740 15 2
302495739 20 3
302495738 11 1
302495736 1 1
302495735 28 4
302495734 12 4
302495733 3 2
302495732 1 1
302495731 31 3
302495730 6 1
302495729 11 33
302495728 9 2
302495727 28 3
302495726 21 1
302495725 20 1
302495723 18 2
302495721 15 0
302495720 23 1
302495719 36 0
302495718 13 1
302495717 5 1
302495716 33 0
302495715 0 2
302495714 23 0
302495713 62 0
302495712 10 1
302495711 1 0
302495709 25 0
302495707 16 0
302495706 2 1
302495705 17 0
302495704 22 1
302495703 3 0
302495700 26 0
302495698 13 0
302495697 16 2
302495696 24 2
302495694 17 2
302495693 24 1
302495692 1 0
302495691 11 0
302495690 0 0
302495688 10 2
302495687 25 1
302495686 9 1
302495685 18 1
302495684 4 0
302495683 22 0
302495682 14 1
302495681 22 1
302495680 1 1
302495679 18 0
302495677 17 0
302495676 1 0
302495674 0 0
302495672 1 0
302495671 9 0
302495670 3 0
302495669 18 2
302495668 17 1
302495667 6 0
302495666 6 0
302495665 6 2
302495663 18 23
302495662 7 0
302495661 26 3
302495660 1 0
302495659 1 0
302495658 10 0
302495657 12 1
302495656 60 14
302495655 14 1
302495650 6 0
302495649 15 14
302495647 3 2
302495646 2 0
302495645 7 0
302495643 11 0
302495642 20 1
302495641 0 0
302495640 9 1
302495639 11 0
302495638 29 1
302495637 19 1
302495636 4 5
302495635 21 0
302495634 1 0
302495633 5 0
302495632 418 1
302495631 2 0
302495630 21 1
302495629 11 2
302495628 5 1
302495627 16 7
302495626 13 2
302495625 27 1
302495624 17 4
302495623 2 1
302495622 22 1
302495620 5 1
302495617 8 1
302495616 11 2
302495615 5 0
302495614 10 1
302495612 11 2
302495611 2 0
302495610 13 3
302495609 9 0
302495608 19 0
302495606 11 4
302495604 15 1
302495602 7 1
302495601 1 0
302495599 12 0
302495598 11 0
302495597 10 0
302495596 3 0
302495595 4 2
302495594 1 0
302495593 494 8
302495591 1 0
302495590 21 1
302495589 1 2
302495588 6 1
302495586 11 1
302495585 4 1
302495584 13 0
302495583 1 0
302495582 4 1
302495581 4 0
302495580 7 0
302495578 3 1
302495576 3 0
302495575 16 0
302495574 8 0
302495571 15 1
302495570 1 0
302495569 6 1
302495568 9 1
302495566 6 0
302495565 10 0
302495564 6 0
302495563 2 0
302495562 14 0
302495561 11 2
302495559 33 1
302495558 13 10
302495557 2 51
302495556 22 2
302495555 4 0
302495554 1 22
302495553 1 0
302495552 10 1
302495551 1 0
302495550 1 0
302495549 24 0
302495548 5 0
302495547 3 0
302495546 10 0
302495545 11 0
302495543 22 0
302495542 14 0
302495541 4 1
302495539 14 0
302495538 7 0
302495537 6 0
302495536 14 0
302495535 3 0
302495534 3 6
302495533 6 0
302495530 2 0
302495529 52 14
302495528 9 0
302495526 12 0
302495524 14 1
302495523 3 0
302495519 1 1
302495518 2 0
302495517 12 47
302495516 6 0
302495515 26 0
302495514 8 1
302495512 29 0
302495510 3 0
302495509 4 0
302495508 3 56
302495507 2 0
302495506 12 0
302495505 14 0
302495504 10 0
302495503 18 1
302495502 9 0
302495501 5 0
302495500 1 0
302495494 11 0
302495490 2 0
302495489 33 3
302495485 8 1
302495484 17 0
302495483 26 0
302495482 41 12
302495481 13 1
302495480 18 1
302495479 18 0
302495477 4 0
302495476 2 0
302495475 15 0
302495474 29 0
302495473 26 1
302495472 14 0
302495471 11 0
302495470 3 0
302495468 0 0
302495467 7 0
302495466 17 1
302495465 35 2
302495464 28 0
302495463 33 0
302495462 3 0
302495461 13 1
302495460 11 2
302495459 36 3
302495458 5 0
302495457 1 0
302495456 30 1
302495455 10 1
302495451 4 0
302495450 2 43
302495449 13 0
302495448 35 26
302495447 19 1
302495446 46 0
302495445 6 0
302495444 5 0
302495442 29 0
302495440 3 0
302495439 4 0
302495438 3 0
302495437 8 5
302495436 37 1
302495435 9 0
302495434 29 0
302495433 32 0
302495432 13 1
302495431 18 1
302495430 30 0
302495429 17 0
302495428 17 0
302495427 6 0
302495426 40 0
302495425 10 1
302495424 4 0
302495423 51 0
302495422 13 1
302495421 16 0
302495419 11 1
302495418 0 0
302495417 20 0
302495416 31 0
302495415 16 0
302495414 1 0
302495413 24 0
302495412 16 0
302495411 8 0
302495410 12 0
302495409 28 0
302495408 3 0
302495406 23 0
302495405 8 0
302495403 6 0
302495402 22 2
302495401 41 0
302495400 19 0
302495399 1 0
302495398 13 0
302495397 31 1
302495396 6 0
302495395 8 0
302495394 29 0
302495393 14 1
302495392 0 0
302495391 4 0
302495390 8 1
302495389 12 2
302495388 15 2
302495387 7 2
302495386 7 1
302495382 19 1
302495381 5 1
302495380 43 3
302495377 14 3
302495376 40 7
302495374 8 2
302495372 26 2
302495371 19 1
302495370 3 1
302495369 9 1
302495368 12 1
302495366 12 1
302495363 1 1
302495361 24 27
302495360 14 0
302495359 2 1
302495358 18 1
302495357 4 0
302495356 12 2
302495355 9 1
302495354 6 1
302495353 14 1
302495352 5 1
302495350 7 1
302495349 13 1
302495347 21 2
302495346 14 2
302495345 6 1
302495344 21 1
302495343 17 1
302495341 29 3
302495340 28 3
302495339 34 3
302495338 1 3
302495337 31 1
302495336 20 1
302495335 2 1
302495334 24 2
302495333 5 4
302495332 34 1
302495331 7 1
302495330 29 0
302495329 0 1
302495328 13 1
302495326 15 0
302495325 19 0
302495324 0 40
302495323 12 0
302495322 8 0
302495321 25 0
302495320 13 2
302495319 2 1
302495318 15 3
302495317 40 0
302495315 46 0
302495314 22 0
302495313 0 0
302495312 19 1
302495311 16 1
302495310 6 65
302495309 12 0
302495308 2 59
302495307 36 0
302495306 20 0
302495305 14 1
302495304 0 1
302495303 10 1
302495302 0 1
302495300 8 1
302495298 11 1
302495297 7 2
302495296 7 0
302495294 15 1
302495293 2 0
302495291 5 29
302495290 23 1
302495288 8 3
302495287 5 1
302495285 20 0
302495284 8 1
302495283 19 0
302495281 10 4
302495280 9 1
302495279 5 1
302495278 35 5
302495277 4 0
302495276 23 0
302495275 10 2
302495274 13 4
302495273 0 1
302495268 20 1
302495267 15 1
302495266 6 1
302495265 659 7
302495262 5 0
302495261 19 1
302495260 23 0
302495259 16 0
302495256 9 4
302495254 11 2
302495253 8 2
302495252 6 2
302495251 3 2
302495250 17 2
302495249 8 2
302495247 7 2
302495246 4 76
302495245 18 1
302495244 0 3
302495242 28 2
302495240 9 2
302495237 22 6
302495236 25 1
302495235 24 0
302495234 0 0
302495233 13 0
302495232 7 0
302495231 5 0
302495229 4 1
302495228 9 1
302495227 4 2
302495226 2 0
302495224 5 1
302495223 2 0
302495222 22 1
302495219 9 1
302495218 12 1
302495217 8 0
302495216 17 0
302495214 9 1
302495212 6 0
302495211 22 1
302495210 14 0
302495208 29 0
302495207 3 11
302495206 9 0
302495205 14 1
302495204 5 0
302495203 3 0
302495202 8 0
302495201 26 0
302495200 16 0
302495199 4 18
302495198 7 39
302495196 11 0
302495195 0 0
302495194 3 0
302495193 18 0
302495192 16 1
302495191 3 0
302495190 26 0
302495188 8 0
302495187 10 0
302495186 32 4
302495185 29 1
302495184 19 0
302495183 13 0
302495182 17 3
302495181 32 0
302495180 7 0
302495178 11 0
302495177 2 0
302495176 2 4
302495175 36 2
302495174 0 0
302495173 18 0
302495172 21 0
302495169 0 0
302495167 2 2
302495166 8 0
302495165 9 1
302495164 37 1
302495163 4 1
302495161 23 0
302495160 18 0
302495159 8 0
302495158 3 0
302495157 13 0
302495155 12 0
302495154 12 0
302495153 19 0
302495152 0 1
302495150 9 0
302495149 13 0
302495148 2 1
302495147 10 0
302495146 2 0
302495144 2 0
302495143 19 0
302495142 3 0
302495141 2 0
302495140 3 0
302495139 16 0
302495138 9 2
302495137 19 0
302495136 1 0
302495135 8 0
302495134 3 0
302495133 37 1
302495132 18 0
302495131 3 0
302495130 8 0
302495129 22 1
302495127 17 0
302495126 15 2
302495125 19 0
302495124 29 2
302495123 9 0
302495122 7 0
302495121 0 4
302495120 10 0
302495119 35 0
302495118 13 1
302495117 0 0
302495116 38 0
302495115 10 1
302495114 1 0
302495113 10 0
302495111 10 0
302495110 3 0
302495109 0 0
302495106 7 1
302495105 11 1
302495104 31 0
302495103 13 0
302495100 0 0
302495099 0 0
302495098 6 0
302495097 25 1
302495096 2 0
302495095 17 0
302495093 5 1
302495092 7 1
302495091 39 1
302495090 16 0
302495089 50 0
302495088 2 1
302495087 10 3
302495084 1 0
302495083 13 0
302495082 0 0
302495081 15 0
302495078 11 0
302495077 11 0
302495076 3 0
302495075 9 1
302495074 8 0
302495073 0 0
302495071 1 0
302495070 16 0
302495069 1 0
302495067 19 0
302495065 11 0
302495064 22 0
302495063 30 1
302495062 1 1
302495061 1 0
302495060 2 0
302495059 42 0
302495058 13 1
302495057 0 0
302495056 0 0
302495055 1 0
302495054 24 0
302495053 15 1
302495052 10 0
302495051 19 0
302495050 25 2
302495049 12 0
302495048 0 0
302495047 11 0
302495046 3 6
302495045 6 73
302495044 2 0
302495043 8 1
302495042 15 2
302495041 16 0
302495040 6 3
302495039 0 0
302495037 15 0
302495036 9 0
302495035 4 2
302495034 4 0
302495031 1 0
302495030 20 1
302495029 29 1
302495028 12 0
302495027 19 0
302495026 3 0
302495025 3 1
302495023 10 0
302495022 20 0
302495020 16 0
302495019 16 3
302495018 6 0
302495017 5 1
302495016 14 0
302495015 12 0
302495014 1 0
302495013 2 0
302495012 5 0
302495011 6 0
302495010 13 0
302495009 18 0
302495008 8 0
302495007 16 2
302495006 0 0
302495005 12 2
302495004 17 3
302495002 9 0
302495001 17 25
302495000 7 0
302494999 1 0
302494998 4 0
302494996 9 0
302494995 9 0
302494994 15 2
302494993 2 0
302494992 8 2
302494991 3 14
302494990 35 0
302494989 9 0
302494988 7 0
302494987 13 0
302494986 20 1
302494985 3 1
302494984 0 0
302494983 11 0
302494982 5 0
302494981 3 0
302494980 16 1
302494979 0 0
302494978 4 0
302494976 0 0
302494975 17 2
302494974 0 0
302494973 3 0
302494972 26 0
302494971 11 1
302494970 18 0
302494969 0 0
302494968 2 0
302494967 1 1
302494965 2 0
302494963 6 0
302494962 4 0
302494961 12 4
302494960 0 0
302494958 10 0
302494957 3 1
302494956 24 0
302494955 4 1
302494954 21 2
302494953 2 0
302494952 1 1
302494951 7 0
302494950 12 5
302494949 0 0
302494948 15 1
302494946 15 5
302494945 2 0
302494944 29 3
302494943 14 0
302494941 4 0
302494940 4 0
302494939 16 0
302494938 1 0
302494937 2 0
302494934 0 0
302494933 18 1
302494931 1 19
302494930 5 0
302494929 0 0
302494928 0 0
302494927 1 0
302494926 1 2
302494925 6 0
302494924 8 0
302494923 3 0
302494922 16 1
302494921 2 0
302494920 6 1
302494919 24 0
302494918 19 0
302494917 30 1
302494915 3 0
302494914 2 1
302494913 11 0
302494912 16 2
302494911 9 0
302494909 11 0
302494908 14 0
302494907 0 0
302494906 4 10
302494905 2 0
302494903 7 1
302494901 0 0
302494900 13 0
302494899 5 2
302494897 34 5
302494896 4 1
302494894 20 1
302494893 7 1
302494892 6 2
302494891 5 1
302494890 0 0
302494889 0 1
302494887 0 1
302494886 34 1
302494885 6 2
302494884 15 3
302494883 9 52
302494882 2 1
302494881 1 0
302494880 1 0
302494879 7 0
302494878 4 0
302494877 2 0
302494876 2 1
302494875 41 1
302494874 10 2
302494873 6 0
302494872 17 0
302494871 4 1
302494870 1 2
302494869 1 0
302494868 17 0
302494867 1 0
302494866 1 0
302494865 1 0
302494864 7 0
302494863 18 0
302494862 1 0
302494861 8 0
302494860 12 0
302494858 0 0
302494857 18 1
302494856 6 0
302494855 10 0
302494853 7 0
302494852 7 0
302494851 12 0
302494848 10 6
302494847 5 9
302494846 340 5
302494845 21 0
302494844 1 0
302494843 0 0
302494842 11 0
302494841 0 0
302494840 14 0
302494839 24 7
302494837 0 0
302494836 9 1
302494835 8 0
302494834 1 0
302494833 1 0
302494832 17 0
302494830 1 0
302494828 14 0
302494827 21 2
302494826 12 0
302494825 25 4
302494824 19 0
302494823 5 0
302494822 0 0
302494821 1 2
302494819 6 0
302494818 0 0
302494817 3 0
302494816 18 0
302494815 2 0
302494814 9 0
302494813 4 4
302494812 0 0
302494811 0 0
302494810 3 0
302494808 1 0
302494807 12 0
302494806 15 2
302494805 12 1
302494804 0 0
302494803 18 0
302494802 6 0
302494801 0 0
302494800 3 1
302494799 11 0
302494798 12 0
302494797 16 0
302494796 13 0
302494795 4 1
302494793 14 0
302494792 18 0
302494791 0 0
302494790 6 0
302494788 29 75
302494787 7 0
302494786 12 0
302494785 6 0
302494784 5 0
302494781 6 0
302494780 12 0
302494779 2 0
302494778 6 0
302494777 0 0
302494776 6 0
302494775 2 0
302494774 0 0
302494773 11 0
302494770 2 0
302494769 4 3
302494768 13 0
302494767 2 0
302494766 15 0
302494765 17 0
302494764 1 0
302494763 28 1
302494762 10 0
302494761 14 17
302494760 19 0
302494759 1 0
302494758 10 0
302494756 11 0
302494755 13 5
302494754 19 0
302494753 3 0
302494750 1 3
302494749 35 4
302494748 2 1
302494747 10 0
302494746 3 0
302494745 0 0
302494744 12 0
302494742 9 0
302494740 1 0
302494739 3 0
302494737 0 0
302494735 0 0
302494734 13 0
302494733 0 0
302494732 18 0
302494731 17 0
302494730 1 0
302494729 0 1
302494728 10 0
302494726 0 0
302494723 2 0
302494722 18 0
302494721 14 0
302494719 11 0
302494718 21 0
302494716 11 0
302494715 8 0
302494714 1 0
302494713 1 0
302494712 11 0
302494711 2 0
302494710 12 0
302494708 8 0
302494707 8 1
302494706 4 1
302494704 20 0
302494703 9 0
302494701 20 0
302494700 0 0
302494699 11 0
302494698 7 1
302494696 5 0
302494695 18 0
302494694 14 2
302494693 9 1
302494692 4 0
302494691 10 0
302494690 7 0
302494689 16 0
302494688 0 0
302494687 7 1
302494685 32 8
302494683 8 0
302494682 8 1
302494681 328 3
302494680 10 0
302494679 4 21
302494678 5 0
302494677 7 0
302494676 11 0
302494675 24 0
302494674 977 18
302494673 6 1
302494671 1 0
302494669 5 0
302494668 0 0
302494667 13 2
302494666 12 0
302494664 5 0
302494663 0 0
302494662 6 0
302494660 24 0
302494659 3 0
302494657 9 0
302494656 6 29
302494654 20 70
302494653 24 0
302494652 1 0
302494650 9 0
302494649 0 1
302494648 11 1
302494645 7 0
302494643 4 8
302494642 15 2
302494641 12 0
302494639 3 0
302494638 19 0
302494637 15 0
302494636 3 2
302494634 22 1
302494633 3 0
302494632 7 0
302494631 2 0
302494630 7 5
302494626 2 0
302494625 7 0
302494624 9 0
302494623 0 10
302494621 544 8
302494619 18 1
302494618 14 12
302494616 4 0
302494614 13 1
302494613 6 0
302494612 19 0
302494609 1 0
302494608 24 2
302494604 18 1
302494603 18 0
302494602 30 4
302494601 721 137
302494599 597 37
302494598 22 0
302494597 13 2
302494596 17 2
302494595 15 1
302494594 23 3
302494593 11 1
302494592 42 2
302494591 1008 14
302494590 3 0
302494589 5 1
302494588 11 0
302494587 3 0
302494586 7 0
302494584 27 2
302494583 10 13
302494582 12 1
302494579 19 1
302494578 4 0
302494577 14 2
302494576 2 0
302494575 10 0
302494574 7 0
302494573 3 0
302494570 2 0
302494568 24 0
302494566 13 1
302494565 2 0
302494563 3 0
302494561 42 5
302494560 11 1
302494558 5 1
302494557 2 0
302494556 745 11
302494555 0 2
302494554 13 0
302494553 1 0
302494552 17 2
302494551 17 0
302494550 0 1
302494549 8 5
302494547 10 2
302494546 17 2
302494544 1 1
302494543 18 1
302494542 11 1
302494540 13 2
302494539 9 2
302494538 3 3
302494537 17 1
302494536 2 2
302494535 25 1
302494534 12 1
302494532 2 39
302494530 13 1
302494529 8 1
302494528 9 1
302494527 6 1
302494525 12 2
302494522 0 2
302494521 18 4
302494520 6 1
302494519 14 4
302494518 11 7
302494515 1 2
302494514 620 31
302494513 22 3
302494512 4 2
302494509 1 3
302494508 2 2
302494507 17 3
302494506 1 3
302494501 6 4
302494499 17 1
302494498 2 1
302494497 0 1
302494496 20 1
302494495 2 1
302494493 6 3
302494492 19 1
302494491 2 7
302494489 15 1
302494488 4 3
302494485 7 0
302494483 12 2
302494482 17 0
302494481 13 0
302494480 17 2
302494479 1 2
302494477 2 37
302494475 6 0
302494474 5 0
302494473 16 2
302494472 7 2
302494470 3 0
302494468 15 1
302494467 4 38
302494466 13 0
302494462 3 0
302494460 9 0
302494459 20 1
302494458 16 1
302494457 27 0
302494456 9 0
302494454 16 1
302494453 10 1
302494451 0 13
302494449 9 0
302494448 5 0
302494446 12 0
302494442 7 1
302494440 21 4
302494439 1 0
302494438 3 0
302494437 16 4
302494436 17 1
302494433 10 0
302494432 6 1
302494430 12 1
302494428 3 0
302494427 0 0
302494426 2 1
302494425 7 0
302494424 17 0
302494423 20 0
302494421 9 0
302494420 1 0
302494419 4 0
302494418 0 0
302494417 12 0
302494416 15 0
302494415 13 0
302494412 23 0
302494410 23 0
302494409 42 45
302494408 20 1
302494406 18 1
302494405 12 0
302494404 9 0
302494402 12 11
302494401 4 0
302494400 10 0
302494399 3 0
302494398 14 1
302494397 13 0
302494395 14 1
302494394 9 1
302494393 11 0
302494392 599 4
302494391 4 4
302494389 0 0
302494385 12 0
302494384 10 1
302494383 10 0
302494382 0 1
302494381 8 1
302494379 9 1
302494378 12 2
302494377 12 0
302494376 11 0
302494373 4 1
302494372 0 0
302494371 6 1
302494370 15 1
302494369 17 0
302494368 8 3
302494366 8 0
302494365 4 1
302494364 1 1
302494363 3 0
302494362 11 0
302494360 4 1
302494359 30 7
302494358 17 1
302494357 2 1
302494356 1 0
302494355 2 0
302494354 12 0
302494353 19 0
302494351 3 1
302494350 3 0
302494349 13 0
302494348 7 0
302494347 2 0
302494345 6 0
302494344 1 0
302494342 17 1
302494341 1 0
302494339 17 1
302494338 13 1
302494337 10 0
302494335 1 0
302494334 10 0
302494333 15 2
302494332 4 0
302494331 7 2
302494330 25 0
302494329 3 45
302494328 6 24
302494327 9 15
302494326 12 1
302494325 6 0
302494324 6 5
302494323 1568 22
302494322 3 13
302494321 10 0
302494320 23 2
302494316 2 0
302494315 278 4
302494314 2 0
302494311 8 0
302494310 5 0
302494309 1 0
302494307 3 0
302494305 2 0
302494304 2 0
302494303 1 0
302494302 0 4
302494301 17 4
302494299 1006 19
302494298 0 0
302494297 5 1
302494296 9 0
302494295 6 1
302494294 791 25
302494293 2 0
302494292 2 0
302494291 8 1
302494290 1 0
302494289 2 0
302494288 8 0
302494287 1 0
302494286 10 0
302494285 3 0
302494283 14 0
302494282 18 0
302494281 1 0
302494280 2 0
302494279 1 0
302494278 13 0
302494276 9 0
302494274 3 0
302494272 20 0
302494271 8 0
302494269 12 0
302494268 3 0
302494267 3 4
302494265 9 0
302494264 1528 14
302494263 18 4
302494261 11 0
302494259 1 0
302494258 1 1
302494256 17 10
302494255 0 0
302494254 3 0
302494253 8 1
302494252 11 1
302494251 1 1
302494250 28 4
302494248 8 1
302494247 6 0
302494246 12 0
302494244 22 1
302494243 8 1
302494242 10 0
302494241 13 0
302494240 11 1
302494239 0 4
302494238 4 0
302494237 7 0
302494236 1 1
302494235 7 2
302494234 4 1
302494233 7 0
302494232 4 1
302494231 9 2
302494230 8 0
302494229 5 1
302494228 0 0
302494227 8 0
302494224 1 0
302494223 1 0
302494221 4 1
302494220 4 1
302494218 10 24
302494217 4 1
302494216 10 1
302494215 3549 36
302494213 608 9
302494211 0 2
302494210 4 0
302494209 7 0
302494208 8 0
302494207 9 1
302494206 2 11
302494205 5 1
302494204 15 2
302494203 9 2
302494202 25 0
302494201 10 0
302494199 1 0
302494196 11 0
302494194 3 2
302494193 1 5
302494192 3 1
302494191 16 0
302494190 6 0
302494189 4 0
302494188 517 11
302494187 10 1
302494184 4 0
302494181 10 1
302494180 11 2
302494179 20 8
302494178 1 0
302494177 8 1
302494175 27 1
302494174 6 1
302494171 4 1
302494170 16 0
302494166 25 1
302494165 9 1
302494164 22 5
302494162 14 0
302494161 19 10
302494160 1 0
302494159 24 2
302494158 10 0
302494155 2345 21
302494153 494 2
302494152 5 1
302494151 2 0
302494150 10 2
302494147 0 0
302494146 10 0
302494145 8 2
302494144 2 0
302494143 4 0
302494141 0 0
302494139 0 4
302494138 2 2
302494137 5 0
302494136 8 0
302494135 7 1
302494134 8 1
302494133 0 5
302494132 8 0
302494131 32 0
302494130 496 7
302494127 2 3
302494126 8 0
302494125 2 0
302494124 6 0
302494123 29 0
302494122 6 1
302494121 10 0
302494120 8 1
302494118 15 0
302494117 25 0
302494116 23 3
302494115 2 0
302494114 1 0
302494113 7 0
302494111 3 0
302494109 3 52
302494108 5 0
302494107 26 0
302494106 2 1
302494104 9 1
302494103 5 0
302494101 15 0
302494100 3 1
302494098 4 1
302494097 20 0
302494096 2 0
302494095 9 1
302494094 0 0
302494093 11 0
302494092 1 0
302494091 7 1
302494090 1 0
302494089 1 0
302494087 6 1
302494086 655 5
302494085 10 22
302494083 10 0
302494081 10 0
302494079 2 0
302494077 15 1
302494076 7 0
302494075 7 0
302494073 13 0
302494072 1 0
302494071 1240 51
302494070 4 1
302494069 36 17
302494067 32 4
302494066 5 1
302494065 1 0
302494063 5 1
302494062 2 0
302494061 2 1
302494060 2 0
302494057 1 0
302494056 12 1
302494055 8 0
302494054 18 1
302494053 15 1
302494052 8 10
302494051 5 0
302494050 702 33
302494047 25 0
302494046 12 1
302494045 10 0
302494044 23 13
302494043 8 0
302494042 12 1
302494041 17 0
302494040 13 0
302494039 22 0
302494038 2 0
302494037 6 0
302494036 276 3
302494035 4 0
302494034 18 0
302494033 2 0
302494032 1 38
302494031 3 0
302494030 10 0
302494029 5 1
302494028 3 10
302494027 3 0
302494026 1 10
302494025 9 1
302494024 0 3
302494023 11 1
302494022 1 0
302494021 14 0
302494019 9 1
302494018 4 0
302494017 12 2
302494016 1 7
302494015 14 1
302494014 12 0
302494013 1 0
302494012 3 0
302494011 6 1
302494010 9 2
302494009 5 0
302494008 20 3
302494007 1 0
302494006 21 9
302494004 6 0
302494003 3 0
302494002 12 0
302494000 8 0
302493999 8 2
302493998 6 1
302493997 14 0
302493996 1 26
302493995 19 0
302493994 2360 137
302493993 3 0
302493992 8 0
302493991 9 0
302493990 1 0
302493989 9 1
302493988 8 0
302493987 16 1
302493986 4 0
302493985 8 1
302493984 20 0
302493982 12 1
302493981 24 5
302493980 7 1
302493979 3 0
302493977 20 3
302493976 9 1
302493975 12 0
302493974 2 72
302493972 1120 46
302493971 1 0
302493970 1 0
302493969 10 0
302493968 1059 17
302493967 6 1
302493966 3 1
302493965 15 2
302493964 0 0
302493963 8 1
302493962 8 1
302493961 9 0
302493960 23 2
302493958 1445 14
302493957 9 1
302493956 13 4
302493955 14 0
302493954 10 1
302493953 4 0
302493952 7 0
302493951 13 2
302493950 5 44
302493949 6 0
302493948 644 8
302493947 5 0
302493943 4 0
302493942 0 2
302493940 10 1
302493939 3 1
302493938 14 2
302493937 11 0
302493936 29 7
302493934 12 0
302493933 3 0
302493932 1 0
302493931 15 2
302493930 655 5
302493928 5 0
302493927 12 0
302493926 9 1
302493925 14 1
302493924 7 0
302493923 20 1
302493922 2 0
302493921 2 0
302493919 10 1
302493917 8 1
302493915 11 0
302493914 7 0
302493913 3 0
302493912 18 0
302493911 5 0
302493910 4 1
302493909 12 0
302493908 5 4
302493907 6 0
302493906 4 0
302493905 8 0
302493904 6 1
302493903 15 1
302493901 1 0
302493898 10 1
302493897 3 90
302493896 1 0
302493895 7 0
302493894 3 2
302493893 4 2
302493892 7 7
302493891 3 51
302493890 7 0
302493889 2 0
302493888 15 0
302493887 17 0
302493886 9 0
302493885 4 0
302493884 9 1
302493883 1489 51
302493882 555 3
302493881 2 0
302493880 13 3
302493879 20 0
302493878 18 0
302493877 1 0
302493875 6 0
302493874 3 0
302493873 8 5
302493872 29 14
302493871 2 0
302493870 14 0
302493869 0 1
302493868 8 1
302493867 3 0
302493866 27 2
302493865 5 0
302493864 672 5
302493863 5 0
302493862 1 0
302493861 9 0
302493860 16 1
302493858 0 0
302493857 16 1
302493855 9 35
302493854 14 0
302493853 7 0
302493851 4 0
302493850 3 0
302493849 6 0
302493848 22 2
302493847 9 1
302493846 0 63
302493845 2 0
302493844 1 0
302493843 18 5
302493841 4 0
302493840 1 0
302493839 9 1
302493838 10 1
302493837 19 1
302493836 18 0
302493835 7 0
302493833 10 1
302493831 1049 10
302493830 1 0
302493829 10 0
302493828 1 0
302493827 9 0
302493826 18 1
302493825 2 0
302493824 6 0
302493823 15 1
302493822 2 0
302493820 5 0
302493819 2 0
302493818 14 0
302493817 368 2
302493816 1 0
302493815 17 1
302493814 6 0
302493812 17 4
302493811 6 1
302493810 12 29
302493809 1 0
302493808 2 0
302493807 3 0
302493806 7 1
302493805 1 0
302493804 4 1
302493803 9 0
302493802 3 1
302493801 0 2
302493800 1 0
302493799 15 0
302493798 1 0
302493797 12 1
302493796 9 0
302493795 15 2
302493794 3 0
302493792 2 0
302493791 13 6
302493790 10 4
302493789 10 1
302493788 3 55
302493786 1 0
302493785 4 0
302493784 3 0
302493783 178 17
302493782 2 0
302493781 24 12
302493780 7 1
302493779 2324 15
302493778 15 0
302493777 5 1
302493776 0 0
302493775 9 0
302493774 6 0
302493773 5 0
302493771 2 0
302493770 16 0
302493769 2 0
302493768 3 0
302493767 6 2
302493766 1 0
302493765 15 2
302493764 10 0
302493763 8 0
302493762 2 25
302493761 9 1
302493760 10 1
302493759 2 0
302493758 6 0
302493757 6 1
302493755 6 82
302493754 1406 7
302493753 1 0
302493752 5 0
302493750 0 0
302493749 12 0
302493748 10 0
302493747 8 0
302493746 5 0
302493745 9 4
302493744 21 0
302493743 1 0
302493742 1380 13
302493741 0 3
302493739 0 0
302493738 6 1
302493737 0 0
302493736 12 3
302493735 21 5
302493734 0 0
302493733 3 2
302493732 9 1
302493731 2 0
302493730 4 0
302493729 14 0
302493728 5 0
302493727 11 28
302493726 0 0
302493725 5 1
302493724 1356 13
302493722 2 29
302493721 0 1
302493720 0 0
302493719 5 1
302493718 0 0
302493717 5 1
302493714 0 3
302493713 7 1
302493712 7 2
302493711 5 0
302493710 3 1
302493708 5 1
302493707 14 0
302493706 0 0
302493705 775 88
302493704 8 1
302493703 1 0
302493702 2 0
302493701 11 0
302493700 0 1
302493699 1 2
302493698 37 8
302493697 3 0
302493696 9 0
302493694 14 4
302493693 20 0
302493692 6 1
302493691 0 1
302493690 12 0
302493689 8 4
302493688 7 0
302493687 6 0
302493686 2 1
302493684 4 0
302493682 6 2
302493681 8 0
302493680 6 39
302493679 34 9
302493678 1 1
302493677 10 1
302493676 8 0
302493675 1 0
302493673 5 0
302493672 1 0
302493671 1232 73
302493669 1 3
302493668 1199 7
302493667 2 0
302493666 5 0
302493665 5 0
302493664 7 1
302493663 11 0
302493662 1250 66
302493661 4 0
302493660 1427 50
302493659 3 0
302493658 17 0
302493657 4 0
302493656 411 30
302493655 8 0
302493653 0 0
302493652 6 0
302493651 0 2
302493650 15 2
302493648 12 0
302493647 2 0
302493646 1176 120
302493645 2 0
302493644 9 2
302493643 0 0
302493642 1 0
302493641 0 0
302493640 4 0
302493638 0 0
302493637 3 7
302493635 0 0
302493634 6 0
302493633 6 0
302493632 3 0
302493631 6 0
302493630 2 0
302493629 13 4
302493628 1 0
302493627 4 0
302493626 787 16
302493625 11 0
302493622 3 33
302493621 15 0
302493620 14 1
302493619 2 0
302493618 15 3
302493617 3 0
302493616 14 2
302493615 5 1
302493614 6 0
302493612 6 2
302493610 11 1
302493609 932 11
302493608 728 6
302493607 5 0
302493606 1 0
302493604 5 1
302493603 2155 21
302493601 5 9
302493600 9 1
302493599 0 0
302493598 0 0
302493597 0 0
302493596 9 0
302493595 10 2
302493594 8 0
302493593 33 7
302493591 1 2
302493587 3 0
302493586 562 13
302493585 2 2
302493584 10 1
302493583 649 14
302493582 27 11
302493581 9 3
302493580 867 4
302493579 7 2
302493578 4 49
302493577 528 7
302493576 0 0
302493575 5 0
302493574 4 0
302493572 0 0
302493571 0 0
302493570 0 0
302493569 0 0
302493568 0 0
302493567 3 0
302493566 7 0
302493565 16 0
302493564 838 2
302493563 3 1
302493562 447 6
302493561 837 9
302493559 3 1
302493558 5 1
302493557 6 0
302493555 1 1
302493554 3585 27
302493552 4 1
302493551 0 1
302493550 2 1
302493549 5 0
302493548 7 0
302493546 8 1
302493542 0 0
302493541 5 0
302493540 5 2
302493539 0 2
302493537 812 5
302493536 28 6
302493533 0 0
302493532 3 0
302493531 1 0
302493530 8 0
302493529 4 0
302493528 1 0
302493527 0 0
302493526 1208 12
302493525 0 29
302493523 12 1
302493522 11 0
302493520 5 1
302493519 16 3
302493518 10 1
302493517 6 1
302493515 1154 11
302493514 6 1
302493513 5 0
302493512 9 1
302493511 1027 20
302493510 7 1
302493509 5 2
302493507 7 0
302493506 4 0
302493505 15 5
302493504 2 1
302493503 10 1
302493502 12 1
302493501 10 37
302493500 3 0
302493499 6 4
302493498 1139 9
302493497 7 0
302493496 5 0
302493495 1073 23
302493494 6 3
302493492 7 0
302493491 3 1
302493490 610 11
302493488 7 0
302493486 0 0
302493485 6 0
302493483 8 2
302493482 27 5
302493481 1172 15
302493479 7 1
302493478 2 1
302493477 982 3
302493476 15 4
302493475 3 0
302493473 6222 64
302493471 6 2
302493469 723 3
302493468 14 1
302493467 14 5
302493466 8 0
302493465 1 0
302493464 4 0
302493463 9 3
302493462 4166 62
302493461 1 0
302493460 4 0
302493459 20 4
302493458 1772 32
302493457 15 0
302493456 17 1
302493455 9 2
302493454 5 3
302493453 1 1
302493452 2 1
302493451 7 1
302493450 10 3
302493449 6 0
302493448 3 37
302493447 11 1
302493446 3 1
302493445 715 19
302493443 2 1
302493442 2 1
302493440 9 2
302493438 22 6
302493437 4 0
302493436 2 1
302493435 4 0
302493434 0 0
302493433 3 0
302493432 5 33
302493431 1 2
302493430 15 1
302493427 6 1
302493426 0 3
302493425 1 0
302493424 12 0
302493423 2 0
302493422 10 1
302493421 8 3
302493420 0 6
302493419 5 1
302493418 0 0
302493417 1 2
302493416 1 2
302493415 11 2
302493414 14 2
302493413 8 1
302493412 0 0
302493410 12 0
302493409 15 0
302493408 6 1
302493407 7 1
302493406 10 0
302493404 0 8
302493403 15 0
302493401 14 0
302493400 12 3
302493399 0 1
302493398 23 6
302493397 6 0
302493396 16 1
302493395 14 0
302493394 3411 123
302493393 5 0
302493392 5 1
302493391 8 8
302493389 15 2
302493387 17 0
302493386 15 2
302493385 0 0
302493383 3 0
302493382 8 1
302493381 1276 16
302493379 3 2
302493378 7 1
302493377 0 2
302493376 14 0
302493375 2 2
302493374 1 0
302493373 7 0
302493372 8 0
302493371 1 3
302493370 9 2
302493369 4 1
302493368 2 23
302493367 2 6
302493366 10 0
302493365 5 1
302493364 6 0
302493363 3 1
302493362 2 1
302493361 10 1
302493360 0 0
302493359 3 0
302493358 9 1
302493357 9 0
302493355 3 0
302493354 7 0
302493353 1 1
302493352 5 0
302493351 4 1
302493350 0 0
302493348 9 0
302493347 1 0
302493345 4 1
302493344 832 8
302493343 3 1
302493342 2 0
302493341 8 2
302493340 1583 14
302493339 4 10
302493338 7 0
302493337 0 0
302493336 1428 23
302493334 3 0
302493332 6 1
302493331 0 0
302493330 12 1
302493329 486 9
302493328 6 5
302493326 4 1
302493325 3 4
302493324 1 0
302493322 1 0
302493321 2 0
302493320 8 0
302493319 13 0
302493318 6 0
302493317 5 1
302493316 0 0
302493315 2 1
302493313 2 0
302493312 11 1
302493310 10 0
302493309 8 0
302493308 5 2
302493307 7 2
302493306 8 1
302493304 2 2
302493303 3 1
302493300 547 4
302493299 5 0
302493296 4 1
302493295 7 1
302493294 635 14
302493291 5 0
302493289 4 1
302493287 0 0
302493286 9 0
302493285 12 0
302493284 6 1
302493282 0 0
302493281 2266 22
302493280 7 0
302493279 12 1
302493278 2 0
302493277 1 0
302493275 3 1
302493274 6 0
302493273 2 23
302493272 8 0
302493271 6 1
302493270 0 0
302493269 2 2
302493268 7 2
302493267 11 0
302493266 9 0
302493264 1196 12
302493263 18 4
302493261 922 7
302493260 2 1
302493259 4 1
302493258 927 13
302493257 4 1
302493256 0 0
302493255 1 1
302493254 4 1
302493253 9 1
302493252 6 1
302493251 4 0
302493250 2 0
302493249 711 6
302493248 3 1
302493247 7 1
302493246 6 1
302493245 1 0
302493244 6 0
302493243 4 1
302493242 5 0
302493241 4 0
302493240 5 0
302493239 14 1
302493238 7 1
302493237 3 0
302493236 3 0
302493235 10 0
302493234 15 0
302493232 0 0
302493231 1 0
302493230 1021 14
302493229 7 0
302493228 4 1
302493227 12 1
302493226 8 1
302493225 11 0
302493224 0 0
302493223 4 0
302493222 5 0
302493221 670 13
302493220 0 0
302493219 1 0
302493218 1023 30
302493217 1 1
302493216 9 4
302493215 9 3
302493214 3 0
302493213 1 0
302493212 7 1
302493211 0 0
302493210 5 1
302493209 1240 11
302493208 2 1
302493207 0 3
302493206 4 0
302493205 9 0
302493204 0 0
302493203 12 0
302493202 7 0
302493201 11 2
302493200 3 39
302493199 0 0
302493196 6 0
302493195 3 0
302493194 0 0
302493191 12 1
302493189 10 0
302493188 0 0
302493187 0 0
302493186 15 2
302493185 735 11
302493184 5 0
302493183 16 5
302493182 10 0
302493181 0 6
302493180 9 1
302493179 1468 38
302493178 4 0
302493177 2 0
302493176 2 0
302493175 0 0
302493174 6 3
302493173 10 0
302493172 6 0
302493171 14 0
302493168 6 2
302493166 9 1
302493164 2 0
302493163 6 1
302493162 24 4
302493161 0 0
302493160 3 0
302493157 6 1
302493156 0 0
302493155 8 0
302493153 12 0
302493152 1 0
302493151 4 2
302493149 9 1
302493148 6 2
302493147 6 2
302493146 4 0
302493145 2 2
302493143 8 1
302493142 2 1
302493141 7 0
302493140 6 0
302493138 13 0
302493137 7 0
302493136 4 0
302493135 2 0
302493134 7 0
302493133 2 0
302493131 0 0
302493130 0 0
302493129 11 0
302493128 4 1
302493126 2 14
302493125 1 1
302493122 1 5
302493120 2 0
302493119 7 0
302493118 14 0
302493117 7 1
302493116 0 1
302493115 9 0
302493114 1 0
302493113 5 0
302493112 8 3
302493111 0 0
302493110 10 3
302493109 12 0
302493108 5 0
302493107 5 0
302493106 4 0
302493104 0 0
302493103 0 0
302493102 6 0
302493101 4 0
302493100 4 1
302493099 6 10
302493098 2 0
302493097 0 1
302493095 2 0
302493094 8 0
302493093 0 0
302493092 9 0
302493091 0 0
302493090 6 1
302493089 0 0
302493088 0 0
302493087 9 0
302493086 4 0
302493084 1117 9
302493083 2 1
302493082 0 0
302493081 1 0
302493080 5 2
302493078 5 0
302493077 2 0
302493076 405 8
302493075 4 4
302493074 17 0
302493073 0 0
302493072 0 3
302493070 656 4
302493069 6 0
302493068 6 0
302493067 784 35
302493066 1266 14
302493065 5 0
302493064 7 3
302493063 7 3
302493062 431 7
302493061 2 0
302493059 3 1
302493058 0 0
302493057 9 0
302493056 7 0
302493055 1 0
302493054 5 2
302493053 0 0
302493052 9 1
302493051 0 1
302493049 2 0
302493048 1045 42
302493047 7 0
302493046 4 2
302493045 15 0
302493044 14 0
302493043 0 0
302493042 0 0
302493041 0 0
302493040 14 0
302493039 6 0
302493038 11 0
302493037 1 0
302493035 1 0
302493034 2 22
302493033 0 0
302493032 14 0
302493030 8 0
302493029 0 0
302493028 3 1
302493027 6 0
302493026 0 0
302493025 22 7
302493023 6 0
302493020 9 0
302493019 13 0
302493018 9 0
302493017 8 0
302493014 1 0
302493012 0 0
302493011 1157 17
302493010 5 3
302493009 11 0
302493006 2 44
302493005 3 0
302493004 10 0
302493003 9 0
302493002 4 0
302493001 3 1
302493000 3 1
302492999 1 31
302492997 15 2
302492995 4 0
302492994 8 0
302492993 2608 78
302492992 0 1
302492991 8 0
302492990 2 3
302492989 10 1
302492988 7113 114
302492987 2 1
302492986 0 0
302492985 7 0
302492984 7 1
302492983 7 1
302492981 4 2
302492980 6 2
302492979 5 1
302492978 0 2
302492977 551 3
302492976 6 0
302492975 9 2
302492974 8 4
302492973 2 0
302492972 2 0
302492971 6 0
302492970 8 0
302492969 3964 80
302492967 5 0
302492966 2 0
302492965 9 0
302492964 4 0
302492963 5 0
302492962 0 1
302492961 2 0
302492960 6 0
302492959 19 6
302492958 4 0
302492957 3 0
302492956 7 0
302492955 0 0
302492953 2 0
302492952 9 1
302492951 2 32
302492950 11 0
302492949 7 0
302492947 0 0
302492946 3 0
302492944 8 1
302492942 0 2
302492941 2 1
302492939 7 0
302492938 7 1
302492937 2 0
302492936 6 0
302492935 6 0
302492934 9 0
302492933 4 1
302492932 10 1
302492931 10 0
302492930 4 1
302492929 12 0
302492928 5 0
302492927 1 0
302492926 4 1
302492925 1 0
302492924 0 0
302492921 3 5
302492920 7 0
302492919 8 1
302492918 1 0
302492917 6 1
302492915 489 8
302492914 12 0
302492913 4 0
302492911 0 0
302492910 13 0
302492909 0 1
302492908 3 0
302492905 1 0
302492904 3 1
302492903 10 0
302492902 2 1
302492901 1 0
302492900 10 1
302492897 1 1
302492896 5 1
302492895 2 1
302492894 0 0
302492893 1 1
302492892 0 0
302492891 0 0
302492889 10 0
302492888 0 0
302492887 9 0
302492886 1 0
302492885 1 1
302492884 11 0
302492881 6 0
302492880 0 0
302492878 0 0
302492877 3 1
302492876 10 0
302492875 4 1
302492874 1 0
302492873 11 1
302492872 4 1
302492871 4 0
302492870 3 1
302492869 7 0
302492868 0 0
302492867 1 1
302492866 8 0
302492865 13 0
302492864 1 0
302492863 5166 46
302492861 15 0
302492860 1 0
302492859 9 2
302492858 4324 46
302492857 7 0
302492856 12 0
302492855 9 2
302492853 8 0
302492852 0 0
302492851 2 0
302492850 6 3
302492849 0 0
302492848 3 2
302492846 0 1
302492845 0 1
302492844 4 2
302492843 7 2
302492842 1 1
302492841 13 0
302492840 4 1
302492839 3 0
302492838 7 1
302492837 0 0
302492836 2956 77
302492835 0 0
302492834 11 1
302492833 3103 36
302492832 3 1
302492831 8 1
302492829 0 0
302492828 1 17
302492827 5 0
302492826 12 0
302492825 10998 116
302492824 1618 31
302492823 0 0
302492822 6 1
302492821 0 0
302492820 4 0
302492819 7 1
302492818 2 0
302492816 0 1
302492815 2 1
302492814 5 0
302492813 10 1
302492812 550 5
302492811 8 0
302492810 0 0
302492809 4 0
302492808 10 15
302492807 21 6
302492806 2 0
302492805 2 11
302492804 4 0
302492803 11 3
302492802 3 0
302492801 7 0
302492800 7 0
302492799 11 1
302492798 1 0
302492797 4 0
302492796 3 0
302492795 6 0
302492794 8 0
302492793 6 1
302492792 5 0
302492791 8 0
302492790 3 0
302492789 5 0
302492788 4 0
302492787 5 0
302492786 2 7
302492784 1 0
302492783 3 0
302492782 0 0
302492781 2 0
302492779 3 0
302492778 0 0
302492777 2 0
302492776 10 0
302492775 7109 1184
302492774 4 3
302492773 4 0
302492772 5 1
302492771 2 0
302492770 0 0
302492768 7 1
302492767 6 0
302492766 4 0
302492765 5 1
302492764 0 0
302492763 6 1
302492762 3 0
302492761 8 1
302492760 9 0
302492759 6 1
302492758 0 3
302492757 0 0
302492755 4 1
302492754 15 0
302492753 0 0
302492752 4 0
302492751 10 7
302492750 3 0
302492749 4 0
302492748 6 0
302492746 4 0
302492745 0 0
302492744 2 1
302492742 4 0
302492740 1864 22
302492739 11 1
302492738 20 6
302492737 4 0
302492736 3 0
302492735 6 0
302492734 11 1
302492733 10 7
302492732 4 0
302492731 8 6
302492730 1 0
302492729 2 0
302492728 7 1
302492727 5 1
302492726 1 1
302492725 7 8
302492724 2 1
302492723 3 0
302492722 0 0
302492721 1 0
302492720 12 2
302492719 6 1
302492718 2 1
302492716 6 2
302492715 5 1
302492714 3 1
302492713 7 1
302492711 4 2
302492710 4 1
302492709 2 0
302492708 1 0
302492707 5 0
302492705 3 1
302492704 0 0
302492703 2 1
302492702 9 3
302492701 7 0
302492700 0 0
302492697 2 0
302492696 0 0
302492695 0 0
302492694 7 1
302492693 0 0
302492692 1729 28
302492691 0 0
302492690 1 1
302492689 2 1
302492688 5 0
302492687 9 0
302492686 0 0
302492685 12 0
302492684 4885 88
302492683 4 2
302492681 4 0
302492680 6 0
302492679 1 2
302492678 6 2
302492677 3 2
302492676 2 1
302492675 7 1
302492674 823 7
302492673 0 0
302492671 5 0
302492670 3 0
302492669 0 0
302492668 5 2
302492667 20 5
302492666 1 0
302492665 2 1
302492663 3 0
302492661 8 1
302492660 5 0
302492659 2 0
302492658 9 1
302492657 0 0
302492656 4 1
302492654 198 29
302492653 4 0
302492652 1 0
302492651 0 0
302492650 1 2
302492649 9 3
302492648 7 1
302492647 7 1
302492646 6 3
302492645 0 0
302492644 3 2
302492643 1 0
302492640 6 0
302492638 6 0
302492637 0 0
302492636 2 0
302492635 2 1
302492634 5 0
302492633 6 0
302492632 0 5
302492631 0 1
302492629 9 1
302492628 0 0
302492627 9 1
302492626 0 3
302492625 2 1
302492624 4 1
302492623 8 2
302492622 1 1
302492621 2 1
302492619 0 0
302492617 0 1
302492616 302 23
302492615 2 0
302492614 0 1
302492613 0 3
302492612 3 2
302492611 3 1
302492610 3 2
302492609 1 1
302492608 2 1
302492607 9 1
302492606 16 3
302492605 0 1
302492604 0 9
302492603 574 3
302492601 1 0
302492600 11 1
302492599 0 1
302492598 3 0
302492597 0 1
302492596 4 0
302492595 1 2
302492593 0 1
302492592 11 1
302492591 0 1
302492587 0 1
302492586 2 1
302492585 2 1
302492583 0 0
302492582 0 0
302492579 1 0
302492578 4 0
302492576 11 2
302492575 9 2
302492574 11 5
302492572 0 0
302492571 0 0
302492568 1 0
302492565 5 1
302492564 8 0
302492563 1 1
302492562 2 3
302492561 6 1
302492560 8 1
302492559 3 0
302492558 2 0
302492557 0 0
302492556 7 0
302492555 0 0
302492554 1 1
302492553 1 0
302492551 1 1
302492550 1 1
302492549 0 0
302492548 1 0
302492547 0 0
302492546 1 0
302492544 5 1
302492543 1 3
302492540 2 1
302492539 5 1
302492538 1 1
302492537 6 0
302492536 1 1
302492534 1 0
302492533 0 3
302492532 5 0
302492531 0 4
302492530 1 0
302492529 1 0
302492528 0 0
302492527 2 2
302492526 12 1
302492525 0 0
302492524 2 1
302492523 0 0
302492522 1 2
302492521 0 0
302492520 1 0
302492519 3 0
302492518 1 0
302492517 4 1
302492516 0 0
302492515 5 1
