303957452 0 0
303955895 0 0
303949714 1 0
303940503 0 0
303913470 0 0
303857742 1 0
303857713 2 1
303857646 2 0
303856861 2 0
303802517 3 0
303789350 0 5
303753904 5 0
303753753 3 0
303734906 4 0
303733642 7 1
303733634 4 0
303706466 8 0
303698776 6 1
303585994 3 1
303585972 4 0
303585964 1 0
303583617 0 0
303580668 1 0
303580099 5 0
303558918 3 1
303558644 4 2
303558180 5 0
303558175 4 0
303558164 4 0
303558161 3 0
303502963 8 0
303501130 2 1
303498911 0 0
303417618 11 0
303412201 0 5
303325988 10 3
303325959 6 0
303325931 11 0
303325921 5 0
303325914 17 3
303322954 0 0
303322918 1 1
303316289 9 1
303261331 3 2
303251142 0 0
303250890 6 6
303250265 0 0
303240688 2 0
303175592 0 4
303164294 4 1
303164175 2 0
303155843 0 0
303151345 0 0
303151336 4 0
303138514 11 1
303122876 1 0
303122081 0 0
303103358 0 1
303079370 4 2
303078436 1 3
303072645 9 6
303067740 0 0
303066487 19 4
303054017 0 0
302981744 8 2
302977561 2 0
302976410 4 1
302949322 4 0
302946195 1 0
302927740 11 3
302927738 5 1
302913823 17 5
302888716 18 13
302884847 4 0
302883056 23 1
302883046 7 1
302883033 3 0
302882624 0 0
302882491 3 0
302882476 5 0
302882466 7 0
302880499 3 0
302870138 0 0
302818789 5 2
302818784 8 4
302818549 3 0
302812174 8 74
302811729 1 0
302811066 7 2
302809981 2 1
302800242 3 2
302776169 1 0
302764773 3 30
302737257 14 1
302731170 3 0
302730128 2 0
302730087 5 0
302729618 27 16
302726543 4 0
302726540 35 0
302724455 0 2
302722387 8 0
302722379 4 1
302719439 9 3
302662752 30 3
302644220 19 0
302643815 2 2
302643546 22 8
302643299 7 1
302643193 2 0
302641884 3 6
302636901 24 17
302634677 13 2
302634634 2 0
302634468 17 0
302633787 0 0
302632590 16 2
302632179 10 4
302631993 4 5
302631866 9 1
302610461 4 1
302610451 4 6
302570302 5 1
302569953 0 0
302569867 1 1
302566903 2 2
302565100 4 4
302508359 0 0
302508243 8 0
302496238 9 1
302495511 7 0
302489469 0 0
302485971 2 0
302478737 1 21
302427061 8 0
302427057 11 1
302424994 18 7
302412671 23 9
302412427 12 0
302409705 5 1
302409703 7 0
302409702 23 23
302403562 4 0
302402895 7 1
302402025 0 0
302401452 1 2
302401182 2 6
302401172 4 0
302401160 13 0
302401158 7 0
302395959 1 0
302395930 2 5
302394998 2 0
302390548 0 0
302365599 10 1
302330274 15 41
302330031 0 1
302316910 11 3
302316900 8 0
302316572 14 2
302315146 2 0
302314500 6 1
302310356 1 0
302309200 16 0
302309154 13 10
302308417 1 11
302308139 10 0
302308136 0 1
302305146 12 1
302304967 0 0
302297835 5 2
302265593 16 24
302238053 0 0
302235720 34 16
302234893 6 0
302234741 16 0
302231250 6 63
302230692 13 0
302226487 12 5
302224978 3 0
302224917 4 0
302220170 14 1
302220167 10 1
302220162 12 0
302220145 5 1
302220079 4 1
302220059 20 0
302219509 19 1
302219503 7 4
302214972 9 2
302195491 2 0
302189313 8 0
302180957 9 0
302180819 2 6
302180293 4 38
302179660 13 5
302178912 7 4
302178882 16 20
302176909 14 3
302176330 9 2
302176327 10 5
302176295 2 0
302176291 2 1
302176290 8 0
302175917 0 0
302175472 2 2
302174862 9 0
302174678 5 2
302174032 11 3
302174028 8 2
302174021 4 2
302174016 2 37
302173038 30 0
302172337 8 1
302163597 11 3
302163591 0 1
302162697 2 0
302162694 2 30
302142441 9 1
302135890 23 0
302125589 20 3
302124876 3 1
302124528 54 8
302122614 13 1
302122133 9 1
302119353 2 0
302118521 16 13
302118517 0 4
302118432 13 0
302118008 3 0
302117088 6 0
302116763 13 0
302116401 16 8
302115662 1 59
302115609 1 21
302115577 36 81
302113331 18 0
302081013 17 0
302078118 18 5
302077962 6 0
302077515 2 4
302075103 9 2
302074500 6 1
302073892 3 1
302073891 5 0
302072918 0 0
302071986 1 1
302035887 14 5
302035859 11 1
302035558 7 7
302035467 29 21
302035451 1 4
302035396 36 24
302034883 14 2
302033382 13 0
302031384 25 2
302030825 15 2
302029727 13 6
302028374 6 6
302027733 12 5
302018039 22 8
302015795 12 0
301976347 24 6
301976171 21 1
301976138 0 0
301973648 3 0
301972082 13 3
301971857 13 3
301971787 2 5
301969349 1 0
301967095 13 2
301966886 0 1
301966060 5 2
301965819 3 0
301965542 29 14
301965483 0 0
301963911 2 0
301963241 8 45
301961676 7 1
301959440 42 5
301958558 19 9
301952056 22 15
301951801 0 0
301951797 0 1
301951795 3 0
301920534 0 2
301920397 3 1
301920198 1 1
301914632 18 0
301914609 16 1
301914036 39 3
301914029 3 1
301913187 3 3
301912933 12 0
301912796 40 83
301912470 25 20
301911848 1 0
301911796 13 2
301911316 0 1
301908016 13 0
301903328 8 2
301903325 12 4
301903252 1 0
301903246 1 0
301902891 4 0
301902882 27 1
301902400 0 0
301902271 62 5
301887338 7 0
301877322 7 1
301864023 1 0
301863730 1 0
301863712 5 0
301863629 48 35
301863593 0 0
301863569 12 0
301863565 2 0
301863346 5 36
301863337 24 2
301863260 20 33
301863161 40 7
301862411 1 0
301862228 5 2
301862085 20 1
301861389 0 0
301861388 1 0
301860901 9 2
301860899 9 0
301860898 20 15
301860897 16 1
301860802 2 3
301860796 31 41
301860794 12 2
301860789 41 67
301860787 46 36
301860339 32 14
301860056 4 15
301859812 3 18
301859734 0 0
301859719 2 0
301859165 2 0
301859162 2 24
301859001 6 25
301858839 11 19
301855822 19 1
301855802 3 0
301848941 1 4
301848189 13 3
301842398 7 9
301831770 23 20
301831133 6 0
301830837 10 0
301829578 19 3
301823322 15 9
301823244 4 44
301820249 7 4
301813600 4 17
301811171 5 39
301810222 3 0
301809835 26 2
301809695 1 0
301808614 24 3
301808442 4 12
301807900 0 15
301806296 8 3
301806170 8 0
301806128 3 0
301806035 1 0
301806007 5 17
301799073 7 4
301799064 10 3
301799016 0 0
301799003 0 0
301798962 10 10
301798936 0 1
301798893 17 0
301798825 0 0
301798808 3 0
301798768 3 0
301798764 4 0
301798763 2 0
301798619 10 43
301798617 0 0
301798608 9 0
301798598 0 0
301798589 0 0
301798185 7 4
301798016 3 0
301797983 14 4
301797962 12 1
301797844 29 52
301797838 14 46
301797809 5 0
301797716 1 1
301797715 2 25
301797712 2 0
301797711 2 1
301797710 22 3
301797611 7 15
301797569 21 11
301797561 22 36
301797420 2 2
301797363 10 0
301797341 7 23
301796950 10 15
301796839 28 7
301796805 10 1
301796502 4 37
301794563 6 5
301794224 4 1
301794156 20 15
301794154 15 21
301793893 6 2
301793591 22 12
301793583 1 3
301793539 2 9
301793488 7 0
301793426 24 5
301793374 30 2
301793340 64 9
301793225 11 0
301793155 5 15
301793151 12 18
301792954 6 0
301792918 8 6
301792834 21 40
301792797 4 14
301792701 1 0
301792602 18 1
301792538 44 4
301792323 14 0
301792294 7 0
301792175 32 20
301792157 2 0
301792140 4 6
301792012 1 0
301791993 0 0
301791895 14 17
301791589 12 3
301791538 20 3
301791480 6 40
301791403 1 2
301791376 11 2
301791370 5 11
301791355 2 5
301791232 12 16
301791160 15 2
301791153 29 2
301791140 43 5
301791123 15 0
301791119 14 1
301791107 10 11
301791066 10 0
301791030 16 4
301790883 11 0
301790875 12 41
301790637 22 34
301790440 6 6
301790319 18 3
301789820 0 0
301789819 17 29
301789570 25 1
301789501 0 0
301789308 0 0
301788866 1 56
301788688 10 11
301788624 16 18
301788443 20 0
301787892 4 7
301787747 12 0
301787427 3 35
301787350 1 1
301787324 1 1
301786876 0 0
301786121 3 11
301784323 15 0
301780599 8 2
301780390 12 1
301780085 0 0
301775288 5 0
301765018 9 93
301758468 39 3
301757974 6 3
301757319 6 0
301757004 0 0
301756396 12 2
301756392 32 0
301756374 36 3
301756353 17 1
301756328 11 1
301756310 57 7
301753047 21 2
301740482 9 0
301738944 6 35
301738884 4 1
301738587 7 2
301736424 14 0
301735691 1 2
301734946 14 2
301734780 29 5
301727404 20 50
301727190 0 0
301726563 0 37
301726541 15 42
301726364 0 0
301726315 22 8
301726167 44 5
301726039 17 1
301726023 14 3
301726018 6 3
301725965 49 6
301725954 0 0
301725891 43 0
301725888 0 6
301725753 5 8
301725717 0 0
301725698 0 0
301725575 9 0
301725564 8 4
301725561 24 4
301725538 14 7
301725508 12 2
301725437 12 0
301725409 1 2
301725357 3 7
301725346 7 1
301725342 13 0
301725260 5 0
301725252 46 68
301725250 21 78
301725245 7 17
301725243 13 13
301725240 37 30
301725238 10 18
301725221 19 0
301725190 0 0
301725188 0 0
301725185 0 0
301725155 7 61
301725133 28 0
301725109 31 22
301725104 34 0
301725053 0 0
301725024 22 0
301724988 0 0
301724987 0 0
301724955 1 0
301724954 48 9
301724912 2 0
301724892 0 1
301724856 7 2
301724851 2 0
301724840 6 0
301724836 23 3
301724834 14 5
301724826 18 0
301724807 14 21
301724800 28 4
301724795 20 1
301724754 8 42
301724728 29 44
301724725 23 3
301724672 9 18
301724671 5 4
301724669 0 0
301724642 26 0
301724620 1 0
301724619 4 7
301724569 4 15
301724388 0 0
301724226 1 0
301724214 0 3
301724049 37 0
301724010 9 0
301723871 0 0
301723835 23 0
301723807 21 3
301723572 11 0
301723541 4 14
301723508 0 1
301723393 0 1
301723325 136 3
301723098 17 0
301722840 0 3
301722764 25 40
301722759 2 0
301722751 15 0
301722705 8 3
301722642 11 1
301722428 49 63
301722397 26 2
301722112 26 0
301722084 1 0
301722066 0 1
301722048 0 1
301721694 31 3
301721626 16 1
301721597 1 13
301721189 6 1
301720195 6 1
301718981 27 0
301718892 23 4
301718882 0 0
301718852 0 0
301718841 2 3
301718838 19 4
301718837 27 2
301718834 22 1
301718833 15 2
301718825 2 16
301718822 1 0
301718818 23 0
301718816 40 6
301718809 24 19
301718805 3 47
301718800 18 1
301718794 5 4
301718790 10 28
301718786 25 1
301718779 26 1
301718778 26 1
301718775 7 0
301718758 22 1
301718757 2 0
301718750 1 1
301718733 0 2
301718730 9 5
301718723 1 2
301718719 7 10
301718706 2 0
301718696 0 0
301718690 0 4
301718667 30 14
301718660 16 0
301718657 21 12
301718653 21 1
301718647 5 2
301718646 21 0
301718637 0 0
301718632 17 1
301718631 8 1
301718606 29 2
301718599 10 4
301718598 2 1
301718596 2 21
301718593 2 0
301718587 16 1
301718584 16 0
301718572 2 1
301718568 15 13
301718565 1 0
301718563 12 0
301718557 1 0
301718550 6 8
301718533 17 1
301718529 19 0
301718524 8 4
301718522 27 22
301718500 18 1
301718497 22 0
301718481 1 0
301718460 0 3
301718450 7 1
301718446 18 2
301718443 0 0
301718441 0 0
301718434 18 1
301718433 14 24
301718432 10 22
301718430 23 5
301718429 1 10
301718415 0 0
301718409 1 0
301718407 52 23
301718388 1 0
301718387 0 0
301718386 28 8
301718384 20 1
301718383 10 7
301718370 8 0
301718368 7 6
301718363 0 0
301718361 20 0
301718360 0 0
301718353 1 0
301718351 19 3
301718349 21 1
301718348 21 9
301718337 18 1
301718335 16 11
301718334 1 0
301718332 0 0
301718326 15 2
301718325 1 0
301718323 19 5
301718320 0 0
301718307 23 1
301718302 19 3
301718300 0 0
301718299 0 0
301718292 0 0
301718291 0 0
301718289 0 6
301718280 0 0
301718279 1 0
301718267 1 0
301718265 0 5
301718262 1 0
301718253 3 0
301718234 0 6
301718228 1 0
301718219 1 0
301718195 4 1
301718193 5 5
301718192 6 5
301718191 10 1
301718172 7 3
301718170 1 1
301718168 1 0
301718151 0 0
301718144 0 0
301718141 12 2
301718139 0 0
301718138 0 0
301718135 2 9
301718133 6 5
301718132 1 35
301718129 10 5
301718128 7 4
301718125 14 2
301718115 2 0
301718103 16 2
301718081 2 1
301718079 22 2
301718077 24 4
301718075 3 2
301718073 1 0
301718070 4 3
301718069 4 0
301718067 8 0
301718065 18 2
301718064 13 2
301718063 13 0
301718057 13 16
301718051 9 0
301718038 0 0
301718022 24 1
301718018 19 0
301718015 6 1
301718012 6 0
301718005 2 3
301718004 20 3
301717992 7 37
301717991 0 0
301717990 11 5
301717987 22 7
301717974 5 7
301717972 1 0
301717969 10 14
301717944 0 2
301717943 67 40
301717942 33 3
301717940 4 36
301717936 16 2
301717929 16 30
301717926 1 0
301717918 46 22
301717897 26 0
301717886 4 0
301717884 26 3
301717882 25 3
301717881 14 7
301717879 64 32
301717874 25 18
301717866 63 5
301717859 11 26
301717853 0 1
301717823 1 0
301717822 17 1
301717821 2 0
301717820 8 24
301717816 7 1
301717814 8 2
301717812 2 0
301717808 38 2
301717807 2 0
301717799 38 0
301717797 2 0
301717795 20 5
301717793 11 15
301717790 19 4
301717782 24 1
301717781 0 0
301717780 23 1
301717775 0 0
301717771 3 32
301717767 0 0
301717766 23 1
301717763 6 25
301717750 3 18
301717749 30 4
301717744 32 3
301717738 31 2
301717737 27 66
301717734 32 2
301717733 24 1
301717728 24 2
301717724 26 1
301717721 4 38
301717719 3 36
301717713 0 0
301717705 1 0
301717703 8 2
301717685 4 17
301717670 1 0
301717667 0 1
301717665 1 15
301717664 5 5
301717660 4 0
301717657 18 3
301717654 1 20
301717652 3 0
301717649 0 0
301717647 0 1
301717646 13 0
301717645 26 2
301717635 10 0
301717633 0 0
301717632 4 2
301717622 7 23
301717597 22 2
301717595 6 23
301717592 55 29
301717591 2 6
301717587 26 2
301717584 8 0
301717577 20 3
301717570 4 1
301717569 25 3
301717567 10 5
301717565 2 7
301717564 12 6
301717563 1 0
301717561 2 0
301717560 1 35
301717555 16 23
301717550 5 17
301717536 7 4
301717524 2 0
301717520 1 0
301717517 1 23
301717516 1 0
301717512 16 0
301717509 18 1
301717506 9 2
301717503 3 17
301717499 15 2
301717498 17 1
301717496 32 15
301717483 1 0
301717480 1 1
301717475 16 1
301717474 11 8
301717466 5 0
301717462 7 0
301717452 18 2
301717450 3 0
301717449 0 2
301717446 9 1
301717441 2 0
301717440 3 0
301717428 4 1
301717425 2 0
301717423 3 1
301717419 1 0
301717415 1 4
301717413 1 0
301717412 6 3
301717411 33 57
301717410 7 18
301717408 1 1
301717407 27 26
301717404 14 1
301717381 2 0
301717372 0 1
301717369 19 3
301717364 16 0
301717360 8 32
301717352 23 2
301717350 17 1
301717348 1 0
301717344 4 0
301717341 17 1
301717338 15 1
301717328 3 1
301717327 19 3
301717324 7 1
301717318 2 0
301717303 1 1
301717297 19 5
301717294 2 2
301717288 1 7
301717285 1 0
301717284 0 0
301717283 0 1
301717280 18 1
301717279 23 1
301717278 0 1
301717272 1 0
301717270 40 2
301717269 3 1
301717267 37 52
301717257 0 4
301717246 2 1
301717245 3 14
301717243 23 2
301717242 1 29
301717234 1 2
301717226 5 5
301717220 25 2
301717209 17 3
301717202 26 1
301717197 6 22
301717189 19 2
301717185 3 1
301717184 0 1
301717181 0 0
301717172 0 0
301717169 1 1
301717168 2 16
301717159 2 69
301717155 0 0
301717154 14 19
301717152 10 29
301717144 2 21
301717138 3 58
301717136 4 21
301717133 3 0
301717129 3 1
301717123 2 14
301717118 1 5
301717116 1 1
301717103 0 0
301717102 1 0
301717100 0 0
301717098 32 2
301717096 3 0
301717095 1 0
301717090 8 0
301717085 15 18
301717083 0 0
301717079 27 4
301717077 21 0
301717069 6 21
301717066 16 0
301717064 2 1
301717061 0 0
301717058 2 0
301717056 0 0
301717055 1 0
301717052 1 0
301717049 23 2
301717048 0 0
301717047 27 2
301717045 4 18
301717043 0 0
301717040 0 1
301717039 8 57
301717038 3 21
301717027 28 1
301717024 8 0
301717020 24 1
301717018 9 2
301716996 8 5
301716994 0 0
301716993 3 4
301716989 0 0
301716987 27 5
301716985 1 17
301716974 1 1
301716973 0 2
301716968 2 0
301716952 0 0
301716949 6 7
301716944 27 0
301716943 8 38
301716937 2 0
301716930 1 9
301716928 27 1
301716927 10 53
301716917 21 0
301716915 0 2
301716913 23 0
301716908 7 2
301716906 56 0
301716904 3 7
301716897 0 0
301716893 14 11
301716888 21 0
301716887 1 3
301716886 1 0
301716873 28 4
301716871 0 0
301716869 0 0
301716856 3 7
301716853 0 0
301716850 1 0
301716845 3 5
301716844 13 0
301716843 0 0
301716842 0 0
301716840 0 0
301716838 5 10
301716835 0 0
301716824 50 1
301716821 16 0
301716814 171 7
301716812 0 0
301716804 13 2
301716792 0 0
301716791 15 15
301716787 14 5
301716786 0 1
301716784 6 31
301716780 4 0
301716771 4 1
301716770 19 3
301716764 0 2
301716756 8 0
301716753 24 22
301716750 1 1
301716746 22 6
301716743 1 0
301716740 0 0
301716738 4 0
301716733 11 1
301716724 1 0
301716723 0 0
301716720 28 2
301716718 1 35
301716712 0 0
301716702 0 1
301716701 15 2
301716700 1 30
301716691 1 0
301716686 15 1
301716685 10 4
301716680 8 33
301716678 33 30
301716674 0 3
301716673 13 1
301716671 2 17
301716670 8 0
301716669 7 5
301716659 12 24
301716654 1 0
301716647 20 40
301716646 0 0
301716645 0 0
301716641 9 2
301716639 10 48
301716637 3 1
301716635 0 0
301716634 17 0
301716631 0 0
301716627 36 10
301716623 24 2
301716622 9 1
301716610 0 0
301716609 11 0
301716608 2 0
301716603 0 0
301716598 14 19
301716595 22 0
301716593 63 2
301716590 0 0
301716588 0 0
301716587 10 3
301716586 11 2
301716585 0 0
301716578 29 19
301716571 0 0
301716569 1 0
301716564 3 2
301716561 8 0
301716558 1 0
301716554 8 6
301716523 3 2
301716515 6 27
301716514 0 0
301716511 0 0
301716506 1 1
301716501 7 28
301716499 1 0
301716496 22 0
301716495 10 0
301716486 3 0
301716479 13 21
301716472 67 0
301716471 8 3
301716467 29 5
301716466 7 12
301716465 4 0
301716459 0 2
301716457 4 13
301716453 0 0
301716446 8 28
301716445 4 23
301716442 7 0
301716441 7 21
301716437 18 6
301716435 19 2
301716433 36 54
301716431 17 36
301716430 7 20
301716429 1 21
301716427 11 19
301716425 2 0
301716421 22 0
301716418 23 0
301716416 0 13
301716415 25 2
301716413 2 0
301716412 1 3
301716411 17 9
301716405 14 5
301716404 0 0
301716387 0 0
301716386 1 0
301716384 6 11
301716383 4 1
301716376 14 0
301716373 19 0
301716372 0 0
301716367 5 7
301716362 3 15
301716359 8 0
301716357 6 0
301716355 0 3
301716353 19 0
301716351 0 0
301716345 2 13
301716342 1 0
301716337 0 0
301716336 7 10
301716330 1 2
301716326 0 2
301716324 4 14
301716321 6 18
301716320 0 0
301716319 5 44
301716317 1 10
301716316 0 5
301716315 5 6
301716314 1 19
301716313 12 3
301716310 0 1
301716309 11 4
301716308 16 2
301716306 2 20
301716304 1 4
301716302 1 27
301716298 24 5
301716283 21 2
301716282 49 11
301716281 0 0
301716279 3 0
301716274 7 2
301716273 0 0
301716268 1 1
301716265 24 0
301716260 262 5
301716259 25 1
301716258 16 7
301716257 1 7
301716256 3 33
301716250 5 1
301716244 4 25
301716240 24 3
301716237 4 20
301716233 6 7
301716231 0 2
301716225 1 0
301716224 15 1
301716223 2 19
301716221 7 0
301716217 22 1
301716213 1 1
301716210 22 0
301716209 17 14
301716206 0 0
301716205 2 64
301716202 0 0
301716192 5 49
301716189 0 0
301716188 0 0
301716185 8 25
301716183 15 18
301716181 0 2
301716179 0 2
301716174 30 1
301716173 20 2
301716170 8 0
301716169 6 24
301716167 1 0
301716166 5 27
301716163 34 7
301716161 3 1
301716159 5 1
301716157 1 0
301716156 2 57
301716149 13 1
301716147 10 1
301716142 23 4
301716137 12 19
301716136 24 2
301716135 11 11
301716130 0 2
301716127 30 5
301716125 0 2
301716124 7 11
301716122 28 1
301716120 0 2
301716117 9 54
301716115 30 0
301716114 5 4
301716112 18 7
301716111 24 1
301716109 0 14
301716108 6 0
301716106 1 1
301716105 0 1
301716103 5 41
301716102 105 2
301716100 1 1
301716098 0 0
301716096 4 0
301716093 11 0
301716092 0 0
301716090 2 10
301716088 2 1
301716071 0 0
301716070 23 1
301716069 31 4
301716068 4 0
301716066 1 11
301716063 4 31
301716061 0 14
301716060 6 20
301716055 1 2
301716054 1 0
301716053 3 0
301716048 4 2
301716047 25 1
301716045 25 2
301716035 28 1
301716033 0 3
301716029 11 18
301716023 1 2
301716017 2 17
301716013 3 38
301716012 25 0
301716007 4 0
301716006 10 1
301716003 24 0
301716002 1 0
301716001 26 0
301715999 22 0
301715998 0 0
301715997 7 21
301715996 4 19
301715995 0 0
301715986 32 1
301715984 0 1
301715983 4 23
301715982 10 9
301715981 0 0
301715980 4 18
301715979 0 0
301715971 3 0
301715970 0 0
301715969 4 0
301715968 0 0
301715967 31 1
301715960 0 0
301715955 0 0
301715948 3 1
301715942 4 0
301715939 30 1
301715934 9 1
301715933 25 6
301715930 11 0
301715929 29 0
301715928 1 0
301715922 6 10
301715916 30 0
301715910 3 0
301715908 9 6
301715905 1 1
301715903 3 0
301715898 2 0
301715895 33 2
301715890 0 0
301715886 1 0
301715880 1 0
301715876 0 0
301715871 11 17
301715869 8 27
301715867 3 0
301715864 0 0
301715863 5 16
301715861 4 2
301715860 10 4
301715855 0 0
301715852 25 4
301715851 0 0
301715848 27 16
301715847 2 2
301715840 29 2
301715833 246 10
301715829 9 18
301715822 2 21
301715818 30 13
301715812 12 8
301715811 0 0
301715809 0 0
301715808 12 2
301715802 57 39
301715800 9 1
301715798 10 21
301715795 12 24
301715794 3 0
301715793 0 2
301715789 1 0
301715788 3 1
301715787 3 0
301715782 32 8
301715781 1 0
301715780 4 0
301715779 9 21
301715775 7 11
301715772 7 0
301715771 6 15
301715765 2 1
301715762 4 2
301715761 3 0
301715754 0 1
301715750 13 1
301715740 24 1
301715737 2 0
301715735 0 5
301715734 0 0
301715733 0 0
301715730 0 0
301715729 5 0
301715715 0 2
301715711 7 3
301715710 19 13
301715705 1 1
301715702 16 7
301715697 0 1
301715695 2 0
301715694 3 0
301715687 2 0
301715685 1 1
301715679 6 3
301715678 8 3
301715675 5 6
301715673 16 1
301715672 14 8
301715671 0 1
301715668 2 8
301715666 1 1
301715663 4 5
301715662 19 3
301715660 12 25
301715659 16 3
301715658 12 2
301715657 1 1
301715653 1 1
301715650 6 2
301715647 5 12
301715645 49 4
301715641 2 3
301715640 4 0
301715636 2 0
301715635 22 0
301715634 9 15
301715633 16 1
301715632 4 1
301715631 1 2
301715628 11 1
301715623 15 16
301715621 2 0
301715618 10 1
301715615 0 0
301715614 0 0
301715609 0 0
301715608 10 0
301715606 0 0
301715601 5 2
301715597 2 0
301715594 2 3
301715588 17 0
301715581 23 16
301715578 0 0
301715571 1 2
301715565 0 0
301715564 118 2
301715560 6 16
301715558 10 7
301715554 23 22
301715553 33 1
301715551 0 0
301715548 7 22
301715543 2 0
301715539 9 0
301715538 27 6
301715534 2 18
301715531 0 0
301715529 22 2
301715527 13 2
301715526 8 0
301715523 7 1
301715522 12 0
301715520 5 69
301715519 2 0
301715517 13 0
301715507 0 0
301715505 3 0
301715500 0 0
301715499 29 1
301715498 2 4
301715497 7 19
301715489 23 0
301715480 39 0
301715473 1 0
301715462 7 0
301715457 10 18
301715454 0 0
301715450 0 1
301715449 8 2
301715447 5 2
301715444 24 2
301715443 0 0
301715441 33 2
301715440 18 4
301715439 0 0
301715438 14 1
301715434 11 1
301715430 8 1
301715426 9 1
301715419 18 21
301715416 1 0
301715413 30 0
301715404 0 4
301715400 1 2
301715399 2 0
301715398 37 0
301715397 0 2
301715396 7 11
301715393 3 0
301715392 259 48
301715383 19 1
301715382 0 2
301715380 13 1
301715377 35 2
301715376 4 0
301715374 16 1
301715371 4 6
301715360 2 0
301715353 6 7
301715352 15 20
301715346 7 52
301715345 1 0
301715344 3 0
301715343 6 3
301715342 13 1
301715337 17 39
301715336 4 0
301715330 0 0
301715324 1 0
301715313 26 1
301715311 7 60
301715309 0 0
301715308 4 15
301715304 0 61
301715300 12 17
301715299 29 2
301715296 10 0
301715293 14 50
301715292 3 3
301715290 32 2
301715289 8 22
301715287 27 3
301715286 25 3
301715284 18 20
301715283 11 11
301715279 29 4
301715277 8 32
301715271 28 6
301715270 7 37
301715269 10 2
301715268 1 1
301715267 24 4
301715261 3 8
301715259 24 5
301715256 6 0
301715254 2 0
301715251 20 10
301715250 0 0
301715247 15 0
301715246 5 0
301715242 22 3
301715240 6 9
301715239 4 0
301715238 3 6
301715235 19 1
301715231 5 0
301715227 1 2
301715226 0 0
301715224 0 0
301715223 6 1
301715220 27 2
301715219 6 1
301715214 21 1
301715213 20 1
301715207 19 1
301715204 20 1
301715197 1 0
301715196 48 29
301715192 3 45
301715189 6 2
301715188 21 14
301715184 5 40
301715183 1 4
301715182 0 1
301715178 16 7
301715165 19 1
301715164 0 9
301715163 14 33
301715158 705 23
301715150 1 2
301715148 28 1
301715139 14 0
301715137 23 1
301715136 0 1
301715135 10 25
301715133 1 0
301715128 20 1
301715125 1 0
301715123 1 15
301715121 2 0
301715119 15 11
301715118 2 15
301715117 0 1
301715115 1 6
301715112 1 1
301715105 20 2
301715102 22 11
301715099 21 3
301715096 23 43
301715094 1 0
301715092 14 3
301715091 7 4
301715089 9 7
301715088 3 46
301715085 4 1
301715084 3 44
301715082 3 0
301715078 3 0
301715071 22 0
301715068 8 2
301715066 19 0
301715061 0 0
301715058 20 1
301715055 19 0
301715052 8 0
301715042 0 0
301715040 3 0
301715038 26 0
301715035 3 0
301715028 6 2
301715027 27 0
301715024 24 0
301715021 3 1
301715020 4 14
301715019 32 4
301715017 17 0
301715012 1 0
301715009 0 0
301715008 19 0
301715007 5 1
301715006 194 21
301715004 3 3
301715003 2 0
301715002 2 2
301715000 1 1
301714993 18 0
301714992 2 1
301714991 10 2
301714990 8 3
301714985 15 0
301714983 18 26
301714980 2 0
301714978 17 0
301714976 2 2
301714973 15 0
301714972 0 0
301714969 16 0
301714968 1 5
301714965 6 10
301714961 17 0
301714960 18 0
301714954 1 0
301714953 15 0
301714952 3 3
301714946 0 0
301714941 0 0
301714939 0 0
301714938 6 15
301714935 3 0
301714934 36 2
301714933 14 18
301714929 5 2
301714924 3 6
301714920 15 16
301714919 19 0
301714916 0 0
301714915 21 0
301714914 9 0
301714911 1 7
301714910 15 7
301714909 33 32
301714908 7 1
301714905 7 1
301714903 6 7
301714902 9 8
301714899 0 7
301714898 11 7
301714897 6 1
301714894 3 1
301714893 5 1
301714892 15 20
301714888 0 0
301714887 1 0
301714883 1 1
301714882 2 14
301714880 0 0
301714879 5 11
301714877 16 2
301714875 2 0
301714874 26 8
301714873 5 6
301714872 24 4
301714870 2 10
301714869 13 0
301714866 7 37
301714864 905 9
301714857 0 0
301714853 10 17
301714849 2 3
301714848 5 0
301714846 9 0
301714842 0 14
301714841 25 1
301714839 16 0
301714838 0 0
301714830 2 7
301714829 17 1
301714828 0 0
301714826 2 1
301714820 17 2
301714818 5 18
301714817 0 0
301714813 0 0
301714808 12 3
301714801 15 0
301714799 22 1
301714797 8 0
301714795 17 1
301714793 9 5
301714789 15 0
301714785 4 1
301714778 2 7
301714774 16 0
301714770 500 60
301714769 2 0
301714768 17 1
301714767 0 0
301714766 7 0
301714763 11 1
301714762 0 4
301714760 22 0
301714759 4 2
301714756 1 3
301714755 18 1
301714752 0 1
301714745 0 0
301714744 6 0
301714743 0 0
301714738 20 2
301714736 0 0
301714735 6 0
301714734 20 0
301714731 11 1
301714728 21 0
301714726 0 0
301714724 3 0
301714719 4 11
301714717 5 1
301714712 3 5
301714694 8 2
301714691 13 3
301714687 12 10
301714684 0 0
301714682 5 1
301714681 26 1
301714680 17 3
301714678 24 1
301714677 23 1
301714676 3 19
301714674 22 1
301714669 1 1
301714667 5 7
301714666 9 5
301714663 0 1
301714662 2 19
301714656 5 15
301714653 0 1
301714649 13 11
301714639 1 14
301714636 0 3
301714631 26 1
301714629 0 0
301714628 2 10
301714625 5 2
301714623 0 0
301714621 1 0
301714619 5 5
301714613 1 0
301714612 5 13
301714610 21 3
301714608 15 2
301714603 9 0
301714602 7 40
301714601 0 1
301714600 8 0
301714598 21 1
301714597 9 2
301714590 19 41
301714589 2 3
301714588 11 14
301714586 4 1
301714585 9 0
301714580 14 25
301714576 1 2
301714575 2 0
301714574 1 1
301714569 21 6
301714567 15 18
301714560 4 12
301714559 9 5
301714557 9 6
301714556 4 12
301714553 0 2
301714549 0 0
301714548 22 3
301714547 0 0
301714546 0 0
301714545 10 16
301714542 0 0
301714541 22 1
301714540 4 0
301714535 7 1
301714532 1 1
301714530 5 2
301714529 5 7
301714523 0 2
301714522 0 0
301714521 3 2
301714519 8 11
301714509 9 1
301714506 17 0
301714504 6 8
301714500 13 0
301714499 0 0
301714498 7 0
301714497 8 5
301714496 4 41
301714495 0 0
301714493 1 2
301714490 2 2
301714489 7 0
301714485 3 5
301714484 9 0
301714478 16 0
301714477 5 6
301714476 19 0
301714473 8 35
301714472 3 0
301714470 7 2
301714469 4 2
301714467 0 0
301714465 2 5
301714464 20 4
301714461 0 1
301714460 7 13
301714459 22 16
301714457 2 5
301714448 1 0
301714446 4 8
301714442 17 2
301714440 28 34
301714439 8 5
301714437 3 0
301714434 1 1
301714433 0 0
301714431 0 0
301714429 18 3
301714428 12 16
301714425 16 2
301714423 2 1
301714421 6 2
301714419 0 0
301714418 8 31
301714417 15 2
301714415 5 11
301714412 17 2
301714408 0 0
301714405 18 2
301714404 11 32
301714398 17 2
301714397 0 0
301714396 9 1
301714394 0 0
301714391 10 0
301714390 26 1
301714380 5 1
301714377 18 1
301714376 15 0
301714375 4 12
301714373 5 0
301714372 6 5
301714366 20 6
301714359 21 31
301714355 25 38
301714354 5 38
301714353 20 1
301714352 7 1
301714351 431 11
301714349 2 4
301714348 4 7
301714345 19 0
301714343 10 1
301714342 19 0
301714341 0 0
301714340 17 0
301714338 825 138
301714336 8 10
301714334 5 2
301714331 3 24
301714329 17 28
301714320 2 1
301714317 4 5
301714315 1 1
301714314 24 7
301714311 5 1
301714307 6 2
301714305 8 8
301714300 19 3
301714299 4 1
301714292 23 0
301714291 13 65
301714285 28 38
301714275 0 0
301714271 3 1
301714269 5 4
301714268 9 34
301714266 17 4
301714260 22 0
301714258 21 0
301714252 11 7
301714247 16 1
301714242 20 2
301714238 18 1
301714236 0 0
301714235 0 1
301714234 5 12
301714224 1 1
301714223 0 1
301714221 3 1
301714218 0 39
301714217 16 1
301714214 16 0
301714212 1 0
301714205 34 42
301714204 2 0
301714201 16 24
301714200 7 1
301714196 10 1
301714191 4 14
301714189 18 15
301714187 18 4
301714174 21 17
301714172 10 17
301714166 12 1
301714161 9 6
301714160 0 0
301714159 17 0
301714153 11 15
301714151 32 16
301714146 9 9
301714144 15 0
301714140 2 0
301714133 10 14
301714131 13 1
301714128 10 0
301714126 9 2
301714124 2 0
301714122 0 0
301714120 1 0
301714118 10 1
301714117 1 0
301714114 0 0
301714112 13 0
301714111 13 19
301714105 25 5
301714097 12 2
301714093 10 11
301714092 16 7
301714090 3 34
301714068 0 0
301714067 0 3
301714064 29 1
301714062 287 21
301714061 0 0
301714059 22 1
301714058 1 1
301714057 8 2
301714054 15 1
301714053 1 1
301714051 0 0
301714050 10 0
301714046 25 0
301714033 0 1
301714031 7 12
301714020 2 0
301714008 1 2
301714007 223 5
301714006 7 0
301714005 17 1
301714003 722 42
301714001 19 1
301713999 6 2
301713997 15 2
301713995 1 1
301713992 7 0
301713990 4 0
301713989 2 2
301713988 0 0
301713986 0 0
301713985 2 8
301713984 10 5
301713983 2 4
301713982 574 9
301713981 23 3
301713979 2 22
301713974 0 0
301713973 1 2
301713972 0 1
301713968 12 23
301713965 1 0
301713964 15 2
301713960 2 17
301713959 10 37
301713956 6 0
301713949 14 1
301713947 16 1
301713943 7 0
301713939 7 10
301713937 7 2
301713935 18 0
301713927 0 0
301713924 0 1
301713922 6 5
301713911 0 1
301713905 11 0
301713903 0 0
301713901 0 1
301713898 8 4
301713894 5 1
301713892 8 9
301713886 7 8
301713885 8 8
301713881 2 1
301713876 14 4
301713874 12 4
301713872 4 10
301713867 0 0
301713866 32 38
301713864 5 6
301713853 3 10
301713848 16 3
301713847 7 10
301713846 2 10
301713843 3 10
301713841 11 12
301713840 1 26
301713837 8 27
301713831 1 0
301713829 0 0
301713828 0 0
301713827 5 9
301713823 0 0
301713821 26 1
301713820 6 2
301713819 16 2
301713816 11 5
301713815 0 0
301713814 6 5
301713809 4 2
301713806 14 3
301713805 13 1
301713804 4 1
301713803 30 11
301713801 11 3
301713800 0 1
301713799 0 5
301713796 0 14
301713794 5 1
301713793 6 0
301713791 6 6
301713790 32 2
301713788 5 30
301713787 5 0
301713785 3 1
301713784 19 3
301713781 37 23
301713780 1 0
301713779 7 1
301713778 6 1
301713772 2 9
301713771 5 0
301713767 18 1
301713766 6 0
301713760 1 0
301713757 1 1
301713756 4 1
301713754 6 2
301713752 15 1
301713750 9 0
301713746 6 5
301713745 0 0
301713744 2 3
301713741 0 0
301713740 18 0
301713739 16 0
301713738 10 42
301713731 10 3
301713730 15 0
301713727 36 19
301713726 8 4
301713722 6 5
301713721 8 24
301713708 13 0
301713707 6 0
301713705 0 1
301713704 4 1
301713702 3 20
301713693 16 1
301713689 6 1
301713678 17 1
301713671 17 1
301713670 0 0
301713666 4 1
301713664 7 9
301713663 10 1
301713661 18 0
301713642 2 5
301713636 7 31
301713627 0 7
301713626 1 3
301713623 1 0
301713621 21 1
301713617 1 0
301713607 534 12
301713604 722 16
301713586 25 1
301713581 21 1
301713577 0 0
301713575 21 1
301713566 5 1
301713562 4 0
301713560 3 9
301713559 6 28
301713548 8 26
301713543 0 0
301713531 10 1
301713529 20 6
301713528 22 0
301713524 1 2
301713511 1 3
301713509 21 0
301713505 0 1
301713502 1 2
301713501 25 9
301713498 15 0
301713492 19 0
301713488 22 1
301713473 0 2
301713471 16 1
301713460 0 0
301713452 20 2
301713448 9 3
301713447 0 0
301713429 1 0
301713424 0 0
301713417 2 0
301713416 13 14
301713415 16 0
301713411 4 14
301713405 20 0
301713400 8 0
301713388 2 2
301713386 7 10
301713384 21 0
301713383 4 5
301713380 16 4
301713375 18 0
301713364 16 28
301713359 18 1
301713351 2 14
301713343 457 11
301713338 20 0
301713323 14 4
301713319 13 0
301713309 1 1
301713305 7 2
301713304 17 1
301713302 0 0
301713299 1 0
301713297 2 21
301713293 0 1
301713292 4 108
301713287 0 2
301713283 20 0
301713281 4 0
301713277 7 2
301713274 6 1
301713273 5 0
301713270 2 0
301713268 5 2
301713264 5 1
301713261 0 2
301713259 21 0
301713258 4 2
301713257 9 0
301713255 17 3
301713253 19 0
301713250 1 0
301713248 7 0
301713240 22 22
301713237 0 0
301713236 2 11
301713232 2 1
301713226 19 0
301713222 9 3
301713220 15 1
301713218 9 16
301713215 25 50
301713213 4 0
301713210 3 0
301713207 11 1
301713195 4 0
301713187 6 0
301713177 0 0
301713168 3 1
301713161 16 0
301713158 14 0
301713154 4 2
301713148 756 14
301713144 8 4
301713139 1 6
301713137 0 0
301713133 24 0
301713131 5 0
301713130 3 1
301713122 1 0
301713118 4 0
301713117 0 0
301713115 4 3
301713114 1 0
301713112 20 0
301713109 9 2
301713099 9 20
301713097 13 0
301713089 15 0
301713086 230 21
301713084 0 1
301713078 3 4
301713075 2 2
301713059 22 11
301713058 20 0
301713053 2 0
301713048 0 0
301713039 1 3
301713038 0 0
301713036 11 1
301713031 12 2
301713028 13 2
301713027 7 2
301713025 13 4
301713009 0 0
301713007 0 0
301713003 24 25
301713001 4 2
301712995 25 46
301712994 0 1
301712991 17 1
301712986 1 8
301712979 14 1
301712971 15 2
301712960 9 1
301712958 11 5
301712956 5 44
301712955 1 2
301712954 11 2
301712951 9 2
301712950 20 0
301712949 14 2
301712947 0 0
301712940 8 2
301712938 22 183
301712936 11 1
301712932 400 45
301712925 8 0
301712919 18 1
301712917 1 1
301712914 0 0
301712908 0 0
301712904 2 2
301712894 19 1
301712888 18 1
301712887 10 4
301712885 66 1
301712881 12 4
301712877 9 18
301712875 1 0
301712868 5 4
301712867 17 2
301712865 11 0
301712864 4 1
301712858 6 14
301712857 0 1
301712852 10 0
301712850 13 2
301712849 7 10
301712846 4 2
301712845 0 0
301712842 2 6
301712840 13 3
301712837 0 1
301712836 0 0
301712835 9 1
301712831 0 1
301712798 14 3
301712797 15 3
301712794 12 3
301712785 3 1
301712784 8 0
301712781 325 22
301712777 2 1
301712765 13 12
301712764 22 4
301712756 4 2
301712754 1073 20
301712751 21 3
301712750 0 0
301712746 7 17
301712742 591 43
301712740 3 0
301712739 8 3
301712737 1 1
301712736 9 1
301712734 2 2
301712733 0 0
301712728 17 1
301712725 1 2
301712723 0 0
301712721 0 1
301712717 1 0
301712711 20 1
301712705 7 1
301712700 16 2
301712699 9 0
301712695 0 0
301712693 0 0
301712692 19 1
301712689 4 51
301712687 15 23
301712684 0 0
301712683 18 1
301712681 0 0
301712678 34 3
301712670 1 0
301712665 17 2
301712664 9 15
301712647 6 2
301712639 0 0
301712633 5 1
301712632 0 0
301712629 15 3
301712626 18 1
301712622 16 1
301712613 12 1
301712607 7 33
301712606 16 1
301712605 1 24
301712597 3 3
301712582 17 2
301712577 0 0
301712575 6 4
301712570 5 13
301712569 0 0
301712566 9 3
301712561 22 2
301712552 3 3
301712548 3 0
301712547 31 0
301712546 2 9
301712545 0 0
301712544 0 0
301712543 1 0
301712541 0 0
301712537 5 6
301712532 0 0
301712530 0 0
301712525 10 4
301712520 18 3
301712517 2 9
301712514 19 1
301712512 2 0
301712510 3 2
301712507 7 4
301712506 5 7
301712504 1308 173
301712495 0 6
301712490 4 0
301712486 18 11
301712484 3 1
301712481 18 2
301712480 1 6
301712477 15 2
301712476 15 5
301712473 6 38
301712468 7 2
301712466 23 5
301712456 0 0
301712449 8 1
301712444 1 1
301712440 15 2
301712439 453 60
301712435 6 1
301712433 1 14
301712432 2 0
301712428 22 1
301712426 23 1
301712425 10 3
301712422 2 1
301712418 0 0
301712410 1 1
301712409 0 0
301712407 11 4
301712406 5 2
301712399 1 0
301712389 4 3
301712387 17 34
301712386 2 1
301712385 18 6
301712382 2 5
301712381 7 18
301712377 8 19
301712374 4 3
301712372 1 0
301712370 7 14
301712368 1 9
301712365 21 4
301712363 4 9
301712357 12 6
301712355 22 2
301712350 0 0
301712349 6 1
301712348 5 4
301712343 8 1
301712338 27 6
301712337 0 5
301712336 713 11
301712334 22 8
301712328 19 3
301712321 19 2
301712319 16 1
301712312 28 26
301712311 6 12
301712310 0 0
301712309 14 1
301712304 7 1
301712294 4 36
301712281 20 4
301712274 150 4
301712269 10 1
301712267 1 9
301712264 2 4
301712257 4 0
301712256 10 0
301712251 182 3
301712240 4 1
301712234 2 11
301712217 6 6
301712211 25 2
301712207 449 7
301712205 1 0
301712203 19 1
301712199 10 11
301712193 3 1
301712192 0 9
301712190 0 0
301712184 6 3
301712179 3 4
301712176 15 6
301712172 3 11
301712170 16 4
301712169 1 4
301712165 0 5
301712160 0 1
301712157 3 3
301712151 19 2
301712148 10 4
301712141 20 3
301712140 0 1
301712134 0 0
301712133 3 0
301712131 7 13
301712130 4 13
301712128 3 4
301712125 162 6
301712124 14 2
301712119 18 1
301712109 16 1
301712107 16 2
301712102 2 1
301712097 15 7
301712096 0 2
301712094 3 1
301712089 18 4
301712087 3 9
301712086 1 1
301712085 16 10
301712082 1 1
301712081 3 2
301712078 0 1
301712074 9 1
301712072 7 2
301712068 2 9
301712064 18 2
301712061 0 0
301712060 0 2
301712058 20 13
301712048 144 16
301712045 13 27
301712042 5 6
301712040 1 5
301712036 2 10
301712035 4 10
301712033 9 3
301712030 6 12
301712029 0 1
301712027 6 2
301712011 20 1
301712010 2 1
301712007 980 36
301711999 1 0
301711997 1 2
301711989 16 6
301711988 3 6
301711983 3 1
301711982 1 1
301711974 5 19
301711971 1 4
301711969 4 12
301711950 13 6
301711949 6 8
301711947 17 1
301711940 0 4
301711939 0 2
301711937 16 5
301711931 0 1
301711919 152 8
301711914 1 1
301711899 9 15
301711897 2 4
301711896 0 2
301711894 26 8
301711886 0 2
301711881 6 5
301711878 6 7
301711876 4 3
301711873 0 2
301711872 0 2
301711866 0 2
301711864 6 7
301711863 15 3
301711860 0 3
301711859 3 10
301711856 0 2
301711855 1 2
301711854 0 3
301711848 0 3
301711847 14 6
301711843 2 6
301711842 13 22
301711840 18 3
301711830 0 4
301711811 0 1
301711804 3 11
301711789 2 1
301711784 16 19
301711773 4 7
301711772 11 29
301711769 0 3
301711763 3 5
301711760 0 1
301711758 0 3
301711757 0 3
301711744 16 2
301711727 2 6
301711725 1 1
301711723 1 44
301711714 5 3
301711712 4 6
301711711 11 18
301711704 0 0
301711702 5 2
301711699 7 3
301711698 4 5
301711696 15 21
301711693 16 1
301711692 12 5
301711690 4 3
301711683 2 2
301711679 0 0
301711675 0 7
301711674 7 16
301711671 3 11
301711670 20 25
301711662 15 2
301711657 5 2
301711654 1 14
301711647 5 6
301711646 8 9
301711637 0 4
301711634 3 2
301711627 0 3
301711625 9 4
301711624 0 1
301711622 21 1
301711618 13 8
301711616 5 5
301711613 9 4
301711612 1 15
301711610 1 2
301711604 8 2
301711598 1 2
301711595 0 1
301711590 1 10
301711583 7 12
301711581 5 3
301711576 26 22
301711572 877 2
301711570 0 1
301711565 0 3
301711564 0 1
301711563 4 12
301711557 4 15
301711556 2 2
301711555 6 18
301711552 9 21
301711550 0 1
301711549 3 2
301711542 0 2
301711541 10 9
301711537 6 3
301711536 21 3
301711531 0 10
301711528 0 1
301711526 7 11
301711525 3 0
301711520 2 3
301711517 9 11
301711510 5 2
301711508 261 16
301711505 4 6
301711502 16 2
301711496 2 4
301711495 2 1
301711493 0 3
301711484 18 4
301711483 0 1
301711482 3 7
301711474 0 3
301711469 1 10
301711462 13 16
301711460 17 2
301711455 0 1
301711443 23 3
301711442 10 1
301711437 8 24
301711435 9 2
301711427 2 8
301711416 3 1
301711414 8 7
301711410 0 0
301711398 21 2
301711395 3 0
301711388 25 1
301711382 2 2
301711375 1 1
301711362 3 4
301711360 1237 9
301711358 3 7
301711351 2 0
301711347 1 0
301711343 7 0
301711341 3 2
301711338 20 14
301711335 3 1
301711326 0 0
301711325 7 15
301711323 7 7
301711322 0 1
301711320 0 0
301711317 1 1
301711315 0 0
301711311 10 5
301711305 31 1
301711304 2 13
301711300 11 2
301711299 7 0
301711290 17 0
301711289 5 5
301711288 4 3
301711281 5 5
301711280 13 2
301711273 696 10
301711267 18 1
301711256 6 4
301711250 2 3
301711248 0 0
301711244 21 12
301711243 14 19
301711241 19 1
301711239 11 4
301711233 6 3
301711232 15 1
301711230 2 1
301711228 23 0
301711227 2 3
301711222 0 5
301711220 0 0
301711219 0 9
301711216 10 3
301711214 19 2
301711211 6 1
301711210 2 4
301711208 1 1
301711206 18 2
301711205 2 3
301711201 15 2
301711200 3 1
301711199 16 3
301711197 7 2
301711185 1 1
301711181 3 3
301711178 4 8
301711174 1 1
301711170 4 2
301711164 16 1
301711163 3 1
301711157 763 29
301711154 1 1
301711151 1 10
301711140 1 3
301711136 9 3
301711131 3 9
301711130 2 7
301711129 0 1
301711127 1 1
301711123 1 8
301711119 10 5
301711114 8 2
301711113 2 2
301711107 32 22
301711106 559 89
301711071 248 16
301711067 0 0
301711065 10 7
301711063 0 2
301711057 2 5
301711053 20 3
301711047 1 0
301711046 4 7
301711039 2 4
301711035 1 4
301711031 0 3
301711030 1 0
301711028 1 2
301711020 1 3
301711018 81 4
301711012 5 10
301711006 18 4
301711005 1 10
301711002 1 3
301710997 1 2
301710993 10 9
301710990 0 1
301710989 9 3
301710988 2 6
301710986 0 3
301710984 1 8
301710980 3 3
301710970 2 4
301710960 2 1
301710959 1 1
301710956 5 8
301710955 2 4
301710945 0 2
301710944 0 0
301710943 253 30
301710942 0 0
301710941 12 1
301710938 2 15
301710936 3 5
301710931 8 10
301710923 22 0
301710916 12 0
301710914 19 3
301710913 1 2
301710910 1 3
301710906 6 4
301710904 17 2
301710891 285 13
301710890 1 3
301710889 1 4
301710888 3 10
301710886 11 3
301710882 5 2
301710880 13 2
301710879 9 25
301710873 13 1
301710870 9 3
301710868 0 0
301710867 3 14
301710858 10 3
301710856 2 0
301710855 0 1
301710854 6 1
301710844 2 2
301710833 12 1
301710824 1 2
301710819 12 1
301710817 0 0
301710814 0 0
301710809 400 26
301710808 5 0
301710806 4 2
301710805 0 2
301710800 1 1
301710795 1 0
301710793 5 4
301710787 0 2
301710785 17 0
301710780 3 1
301710779 8 7
301710778 15 1
301710769 0 1
301710765 2 0
301710760 14 0
301710758 14 0
301710756 6 7
301710749 11 16
301710748 4 8
301710745 0 1
301710737 6 3
301710728 3 2
301710721 14 1
301710714 12 0
301710711 2 1
301710710 2 2
301710708 0 1
301710704 15 0
301710702 3 2
301710695 18 19
301710692 0 2
301710679 8 1
301710678 8 8
301710673 10 2
301710669 0 0
301710668 5 2
301710664 1 0
301710659 2 3
301710654 20 0
301710652 16 0
301710643 11 3
301710641 16 0
301710639 2 9
301710638 4 1
301710635 14 0
301710632 11 2
301710631 2 2
301710623 7 6
301710600 3 4
301710596 0 1
301710594 1945 33
301710588 1 1
301710586 0 2
301710582 4 5
301710574 2 1
301710572 2 3
301710570 12 0
301710562 44 23
301710561 14 1
301710555 0 0
301710549 6 9
301710547 0 0
301710545 13 0
301710543 3 0
301710537 0 0
301710534 6 5
301710525 15 1
301710521 8 2
301710520 10 1
301710513 13 15
301710505 14 0
301710503 1 0
301710501 0 1
301710498 2 1
301710497 6 3
301710495 0 0
301710489 8 9
301710486 7 1
301710482 7 6
301710479 17 10
301710473 0 0
301710465 1 1
301710462 0 1
301710458 17 0
301710455 3 13
301710454 3 7
301710451 0 2
301710444 10 0
301710442 1 1
301710439 2 2
301710438 5 1
301710437 1 3
301710435 1 0
301710431 0 1
301710410 286 21
301710407 22 7
301710406 18 3
301710391 8 3
301710389 20 18
301710386 1 1
301710381 1 2
301710379 3 10
301710377 12 2
301710374 7 0
301710373 0 0
301710372 4 1
301710365 23 1
301710361 4 9
301710358 21 17
301710356 0 0
301710355 4 1
301710346 5 23
301710336 3 7
301710334 3 3
301710331 16 1
301710329 2 3
301710321 19 24
301710316 4 3
301710305 2 1
301710303 27 6
301710301 3 3
301710299 10 1
301710294 2 2
301710293 2 0
301710292 1 0
301710288 6 12
301710285 0 0
301710284 7 9
301710282 1 0
301710280 11 2
301710279 0 11
301710271 24 1
301710269 1 0
301710265 15 1
301710258 25 20
301710247 5 3
301710245 3 4
301710237 3 16
301710228 12 17
301710222 0 0
301710211 10 1
301710203 2020 17
301710202 21 0
301710193 0 0
301710191 5 1
301710185 0 1
301710183 20 0
301710169 3 1
301710166 2 0
301710160 0 5
301710159 2 2
301710155 0 1
301710147 0 0
301710146 15 17
301710143 5 2
301710141 16 0
301710140 1 2
301710138 2470 21
301710134 2 2
301710131 16 0
301710129 1 0
301710128 13 5
301710126 12 12
301710119 1 7
301710118 15 0
301710114 1 0
301710112 0 0
301710106 0 0
301710103 0 0
301710100 5 13
301710098 1 0
301710097 5 1
301710093 4 0
301710085 4 6
301710084 0 3
301710075 19 0
301710064 17 0
301710062 15 1
301710055 2 5
301710054 0 0
301710051 1 0
301710043 6 7
301710036 20 10
301710024 4 3
301710018 19 1
301710015 17 17
301710013 4 8
301710010 9 10
301710008 17 14
301709996 14 2
301709995 6 2
301709992 6 0
301709984 4 4
301709982 14 1
301709981 17 0
301709977 8 0
301709973 8 0
301709959 15 0
301709958 0 0
301709957 6 0
301709954 1 0
301709950 3 3
301709948 0 0
301709947 12 2
301709944 27 19
301709936 5 5
301709933 15 0
301709932 0 0
301709925 7 1
301709921 0 1
301709916 4 3
301709914 2 1
301709911 3 4
301709907 2 3
301709889 0 1
301709887 102 8
301709881 9 0
301709867 6 1
301709863 8 6
301709861 0 1
301709856 6 3
301709855 4 0
301709854 7 1
301709850 18 0
301709848 1 2
301709846 0 0
301709845 8 2
301709844 7 2
301709838 1 2
301709826 3 8
301709819 7 1
301709805 19 7
301709787 16 0
301709779 6 7
301709777 18 0
301709764 3 1
301709759 5 3
301709758 0 2
301709756 3 1
301709748 18 0
301709747 0 0
301709746 6 2
301709742 8 13
301709733 0 0
301709732 1815 76
301709730 4 1
301709726 12 2
301709723 5 1
301709718 0 0
301709716 8 1
301709715 9 1
301709706 4 1
301709701 17 0
301709697 17 0
301709691 1 16
301709680 6 4
301709665 19 0
301709656 16 10
301709655 4 0
301709654 0 0
301709652 0 0
301709642 21 0
301709640 17 0
301709637 0 0
301709625 4 2
301709622 5 2
301709618 0 0
301709615 18 0
301709609 4 14
301709601 0 1
301709593 7 1
301709592 18 0
301709590 11 0
301709588 3 4
301709581 4 6
301709580 0 0
301709579 14 0
301709577 2 5
301709576 8 2
301709575 2 4
301709572 0 1
301709566 14 0
301709563 7 2
301709562 2 0
301709559 16 0
301709547 5 0
301709546 14 0
301709544 1 5
301709539 1 1
301709534 3 0
301709527 8 4
301709523 0 0
301709522 0 1
301709519 1 1
301709515 0 0
301709514 13 4
301709509 20 15
301709504 10 1
301709502 2 3
301709499 12 1
301709496 2 1
301709491 15 10
301709490 0 2
301709488 3 3
301709487 0 0
301709485 1 4
301709483 10 0
301709482 9 3
301709481 17 1
301709480 0 8
301709474 0 0
301709473 8 3
301709467 12 0
301709465 12 0
301709464 2 8
301709460 3 3
301709459 12 0
301709451 11 0
301709443 11 0
301709442 6 0
301709438 12 0
301709433 8 9
301709432 3 0
301709427 12 0
301709420 0 0
301709417 5 2
301709411 9 3
301709402 10 7
301709399 0 0
301709397 10 2
301709395 0 0
301709391 7 1
301709377 0 1
301709372 6 1
301709370 6 3
301709369 2416 73
301709368 0 0
301709366 3 2
301709365 0 0
301709359 7 7
301709358 6 1
301709354 0 0
301709349 3 0
301709347 19 1
301709346 12 0
301709345 12 0
301709338 4 21
301709335 0 0
301709332 0 7
301709330 0 1
301709327 4 1
301709326 9 4
301709321 9 0
301709319 11 0
301709314 1 0
301709313 0 0
301709310 7 1
301709305 9 0
301709302 5 3
301709299 0 0
301709294 8 3
301709293 1 0
301709290 13 0
301709288 1 0
301709286 6 1
301709285 8 1
301709282 0 0
301709279 8 7
301709270 4 1
301709267 3 0
301709263 1 1
301709262 8 2
301709252 5 1
301709250 9 3
301709246 0 0
301709228 12 0
301709224 0 0
301709217 0 0
301709215 5 1
301709209 3 1
301709205 2 0
301709203 14 1
301709199 1 0
301709194 4 6
301709190 8 7
301709189 12 0
301709188 6 0
301709187 5 4
301709183 1486 60
301709181 7 0
301709177 7 2
301709175 11 1
301709168 9 2
301709165 6 3
301709162 9 5
301709161 13 0
301709154 2 0
301709145 11 0
301709143 10 3
301709141 11 0
301709126 13 0
301709124 9 6
301709121 12 2
301709117 8 3
301709116 5 1
301709115 6 3
301709111 12 17
301709108 13 0
301709105 5 3
301709104 6 0
301709097 10 3
301709093 1 0
301709091 16 2
301709088 12 9
301709086 6 2
301709081 4 2
301709077 2 0
301709072 14 1
301709067 4 1
301709066 2 2
301709063 6 2
301709061 1 2
301709055 13 1
301709054 1 1
301709052 1 0
301709046 17 3
301709045 2 2
301709042 1 1
301709035 14 2
301709028 3 1
301709021 8 6
301709014 9 2
301709012 6 2
301709010 1 1
301709009 1 0
301709006 7 1
301708994 1 23
301708991 1666 70
301708990 3 2
301708989 1 0
301708986 3 2
301708984 6 4
301708982 11 5
301708974 1 0
301708973 14 0
301708971 4 1
301708970 2 3
301708968 2 1
301708964 8 7
301708963 5 3
301708956 1 1
301708953 1 1
301708950 2 1
301708948 10 0
301708937 1 5
301708932 0 0
301708930 0 1
301708929 2 4
301708919 0 0
301708913 8 1
301708910 0 0
301708899 5 5
301708896 4 4
301708895 3 1
301708891 1 1
301708890 2 4
301708879 3 1
301708878 10 3
301708873 0 0
301708870 3 0
301708866 10 2
301708861 1254 123
301708855 4 0
301708852 13 1
301708848 3 2
301708847 0 2
301708845 14 1
301708838 2 3
301708834 10 7
301708820 1 1
301708819 1 8
301708818 4 11
301708816 4 3
301708812 1 0
301708810 0 0
301708809 4 1
301708808 4 8
301708806 2 6
301708799 0 0
301708798 10 3
301708792 9 1
301708790 20 73
301708789 5 11
301708783 11 0
301708781 9 3
301708778 2 0
301708770 1 1
301708769 0 0
301708764 3 2
301708760 1 0
301708756 5 1
301708754 1 0
301708747 0 0
301708741 3 1
301708740 1 3
301708738 0 0
301708737 6 2
301708732 9 0
301708729 0 0
301708727 0 1
301708726 9 0
301708723 3 1
301708721 12 9
301708720 1 3
301708719 8 8
301708717 4 2
301708712 11 0
301708706 11 1
301708705 5 1
301708703 3 2
301708701 5 1
301708699 9 1
301708698 3 8
301708697 7 1
301708686 1 3
301708682 0 0
301708678 10 1
301708675 10 1
301708674 5 1
301708671 1 0
301708667 10 5
301708661 0 0
301708660 7 3
301708659 3 2
301708657 1 4
301708652 0 0
301708647 12 1
301708646 4 0
301708645 0 0
301708635 2 1
301708632 13 0
301708629 12 0
301708628 10 0
301708626 1 1
301708625 2 8
301708624 3 1
301708619 4 0
301708616 5 17
301708610 1 1
301708608 1 0
301708602 14 3
301708595 6 3
301708593 7 1
301708592 6 1
301708591 10 2
301708585 3 1
301708581 3 2
301708580 2 0
301708577 6 1
301708576 2 1
301708572 0 0
301708570 5 1
301708562 6 1
301708561 9 4
301708557 1 2
301708556 7 3
301708553 1 1
301708550 3 0
301708549 1924 49
301708547 1 0
301708542 5 2
301708541 13 0
301708538 14 1
301708537 1 0
301708536 8 2
301708527 5 4
301708526 13 1
301708524 1 1
301708517 22 0
301708516 0 3
301708515 11 0
301708513 5 3
301708512 3 1
301708506 6 5
301708503 15 0
301708502 486 15
301708501 3 0
301708497 9 1
301708494 5 5
301708492 1 2
301708489 3 0
301708488 12 0
301708486 0 1
301708483 10 1
301708475 1696 52
301708472 2 7
301708471 15 12
301708464 3232 76
301708462 1 0
301708459 7 0
301708457 8 2
301708456 12 1
301708449 0 12
301708448 2 0
301708446 17 15
301708444 1 5
301708439 6 2
301708435 0 6
301708432 0 0
301708431 0 1
301708429 16 0
301708427 0 0
301708426 0 0
301708424 2331 34
301708421 1726 60
301708420 4 1
301708419 3 0
301708416 15 0
301708414 3 2
301708413 0 0
301708411 0 0
301708410 1 0
301708409 4 1
301708403 7 4
301708397 3 3
301708393 2 5
301708391 0 0
301708388 4 2
301708387 3 2
301708386 692 34
301708384 4 0
301708380 4 8
301708378 2 1
301708376 1 1
301708375 6 9
301708374 0 1
301708366 4 4
301708365 1 4
301708361 5 2
301708360 13 3
301708359 13 5
301708358 10 3
301708357 8 4
301708356 11 4
301708354 2 1
301708353 0 7
301708351 10 4
301708349 0 0
301708346 10 3
301708345 2 0
301708343 2 3
301708338 6 2
301708337 0 0
301708336 3 8
301708334 2 0
301708333 4 0
301708328 6 5
301708327 0 1
301708324 368 31
301708323 16 3
301708319 3 3
301708318 10 1
301708316 1 0
301708313 4 0
301708309 4 0
301708307 1 2
301708301 0 4
301708299 0 0
301708296 2 1
301708291 1 0
301708285 0 0
301708282 4 2
301708281 0 0
301708268 0 0
301708265 3 12
301708264 13 11
301708263 1 3
301708262 2 3
301708260 0 2
301708259 6 2
301708248 0 0
301708244 2 6
301708241 11 0
301708236 627 48
301708233 4 0
301708229 12 12
301708218 1 1
301708214 6 7
301708213 10 2
301708208 6 1
301708201 10 3
301708199 5 5
301708198 0 0
301708197 2 6
301708193 1 4
301708190 2 4
301708188 6 2
301708187 4 1
301708186 3 1
301708182 1 0
301708180 11 10
301708179 7 1
301708175 1 4
301708174 0 0
301708170 10 3
301708169 0 0
301708166 0 1
301708160 3 1
301708157 0 1
301708155 0 5
301708152 4 3
301708147 2 13
301708143 1 2
301708136 0 0
301708126 1 4
301708120 2 3
301708116 4570 123
301708111 2 2
301708110 2 2
301708109 4 13
301708108 12 2
301708106 2 0
301708103 958 54
301708091 3 4
301708089 3 5
301708083 6 2
301708080 0 0
301708077 0 0
301708076 7 1
301708068 4 21
301708066 10 0
301708061 7 6
301708059 1 4
301708050 2 0
301708040 4 1
301708033 7 1
301708030 10 1
301708029 11 7
301708028 2 3
301708027 2 3
301708026 8 6
301708021 2 2
301708016 2 4
301708010 0 0
301708007 2 2
301708003 0 1
301708002 4 2
301708000 3 0
301707997 5 6
301707995 7 5
301707990 6 1
301707989 1 3
301707986 2 2
301707976 0 2
301707975 2 2
301707973 10 11
301707969 1 2
301707968 5 2
301707962 6 2
301707959 8 1
301707957 0 1
301707943 7 0
301707939 15 6
301707926 1 0
301707923 0 0
301707920 0 0
301707917 6 7
301707915 1 1
301707910 16 10
301707909 6 5
301707903 7 4
301707892 4 3
301707890 17 4
301707885 6 1
301707883 1 0
301707881 2 11
301707877 16 12
301707869 1 1
301707868 26 9
301707866 4 1
301707863 1 4
301707858 1 2
301707857 6 1
301707850 3 4
301707849 3 2
301707848 8 2
301707845 0 1
301707834 3 1
301707833 1 4
301707831 11 4
301707828 5 6
301707824 0 8
301707818 7 4
301707810 9 2
301707809 2 0
301707802 3 3
301707788 4 2
301707782 3 2
301707781 6 3
301707780 3 0
301707779 6 3
301707777 2 0
301707770 0 0
301707768 0 6
301707766 11 1
301707764 3 2
301707754 1 2
301707753 11 1
301707752 9 1
301707746 2 0
301707745 2 3
301707737 2 3
301707736 0 0
301707735 6 5
301707724 0 2
301707722 8 7
301707715 10 2
301707709 9 2
301707700 0 7
301707696 1082 26
301707694 1 16
301707689 4 0
301707687 6 8
301707685 1 0
301707682 0 0
301707679 0 0
301707678 5 1
301707673 5 1
301707670 3 2
301707667 13 1
301707660 3 0
301707653 6 0
301707651 1 1
301707650 14 2
301707649 3 2
301707647 8 3
301707645 0 0
301707643 1 3
301707639 0 0
301707637 0 2
301707636 3 6
301707633 2 2
301707629 12 1
301707628 13 1
301707624 2 2
301707621 2 4
301707620 3 1
301707619 0 0
301707618 9 1
301707616 0 0
301707614 5 1
301707610 4 2
301707598 7 0
301707595 9 3
301707594 2 3
301707593 0 0
301707592 0 0
301707588 13 6
301707585 2 1
301707582 1044 48
301707581 7 0
301707578 7 0
301707577 0 0
301707576 0 0
301707574 1 1
301707572 10 2
301707566 1 1
301707564 6 2
301707562 8 2
301707559 0 0
301707555 4 5
301707554 1753 85
301707551 6 6
301707545 4 1
301707542 3 1
301707541 0 0
301707536 2 11
301707529 0 0
301707528 0 0
301707519 0 0
301707515 8 10
301707513 1079 59
301707508 4 2
301707507 4 5
301707502 0 2
301707498 1 0
301707496 9 2
301707495 1 1
301707494 1 1
301707491 15 5
301707490 2 0
301707489 1 0
301707482 1 1
301707476 5 6
301707474 5 7
301707467 2 3
301707439 2 2
301707437 0 0
301707435 0 1
301707434 593 37
301707433 1618 41
301707428 3 1
301707424 0 0
301707423 10 7
301707415 2 2
301707412 2 4
301707411 15 5
301707408 8 3
301707404 5 1
301707400 6 2
301707398 465 5
301707396 12 5
301707393 0 1
301707391 8 0
301707385 0 3
301707381 1082 60
301707377 0 0
301707376 0 1
301707374 5 1
301707372 1 3
301707370 3 2
301707368 3 1
301707364 4 7
301707356 0 4
301707355 2 2
301707353 7 3
301707352 6 3
301707349 0 0
301707348 3 1
301707347 0 0
301707344 419 34
301707343 4 1
301707341 0 0
301707337 0 0
301707336 10 7
301707332 2 1
301707327 1 2
301707326 0 2
301707319 1 0
301707318 5 5
301707314 7 1
301707305 5 8
301707301 0 0
301707299 0 0
301707297 4 2
301707295 8 7
301707290 5 1
301707289 3 18
301707283 0 0
301707276 2 17
301707272 12 4
301707268 3 1
301707264 6 3
301707255 3 1
301707254 0 0
301707247 12 5
301707244 9 4
301707242 5 5
301707234 6 1
301707233 0 0
301707232 4 2
301707225 3 3
301707224 6 2
301707220 0 0
301707217 1 1
301707205 0 0
301707204 1 7
301707199 0 0
301707195 12 3
301707190 3 7
301707189 2 2
301707180 3 0
301707178 3 1
301707173 1 5
301707172 516 16
301707165 8 2
301707162 0 1
301707157 15 6
301707155 5 2
301707154 8 1
301707150 2 2
301707149 1 1
301707147 0 0
301707146 2 2
301707142 0 0
301707137 4 8
301707135 8 5
301707132 1 3
301707131 13 3
301707129 2 2
301707121 7 6
301707120 6 4
301707119 3 2
301707114 0 0
301707112 2 6
301707111 7 2
301707108 0 0
301707106 5 1
301707105 0 0
301707099 7 2
301707098 6 1
301707096 3 1
301707093 5 5
301707089 0 0
301707078 3 0
301707073 4 5
301707067 2 11
301707065 9 4
301707062 2 8
301707058 2 0
301707054 4850 114
301707052 1 1
301707050 1 0
301707049 0 9
301707048 5 7
301707045 1 0
301707044 4 2
301707043 0 0
301707040 6 6
301707036 0 0
301707031 2 0
301707030 3 10
301707027 3 4
301707025 4 9
301707024 1 11
301707023 3 2
301707021 1 0
301707012 1 2
301707008 0 0
301707007 3 16
301707005 10 3
301707003 2 0
301707002 7 3
301707001 6 3
301706998 285 9
301706996 1 1
301706992 2 1
301706989 0 1
301706987 1296 94
301706984 9 2
301706980 1 4
301706979 2 1
301706977 4 0
301706972 4 1
301706966 4 3
301706961 1 1
301706960 6 4
301706957 3 7
301706949 1 0
301706946 3 1
301706945 2 1
301706937 0 0
301706932 331 7
301706931 1 2
301706929 3 0
301706928 0 0
301706927 0 0
301706924 4 1
301706915 1 1
301706911 0 1
301706907 0 1
301706905 5 1
301706901 0 1
301706892 1 2
301706891 0 0
301706889 5 0
301706888 2 0
301706884 6 6
301706881 1 0
301706879 2 0
301706875 5 3
301706872 3 1
301706871 0 0
301706868 0 0
301706864 0 0
301706858 0 2
301706855 0 2
301706849 1 2
301706846 1 0
301706844 4 0
301706843 6 2
301706841 15 9
301706840 3 3
301706833 1 0
301706832 1 7
301706830 3 0
301706813 2 0
301706809 6 1
301706807 1 0
301706804 10 2
301706803 2 2
301706795 3 2
301706790 10 7
301706788 2 1
301706787 6 2
301706783 15 6
301706782 1 2
301706775 7 1
301706770 1 0
301706767 7 2
301706758 9 2
301706756 9 22
301706754 2 1
301706752 8 0
301706751 2 0
301706747 1 1
301706743 0 0
301706741 1 0
301706740 1 4
301706736 8 2
301706731 0 0
301706720 0 0
301706718 2 0
301706711 9 1
301706708 1 0
301706704 0 0
301706696 0 0
301706695 0 0
301706694 0 0
301706689 1 0
301706688 11 2
301706684 10 5
301706682 7 1
301706680 0 0
301706676 3 1
301706672 0 0
301706663 0 0
301706662 36 15
301706659 5 4
301706656 11 1
301706655 6023 245
301706654 3 0
301706651 6 3
301706636 9 2
301706629 7 14
301706628 4 0
301706626 8 3
301706624 4 15
301706618 3 5
301706617 0 0
301706604 397 11
301706599 4 1
301706591 1 0
301706586 2 0
301706583 6 2
301706580 6 4
301706579 3613 54
301706577 5 5
301706566 0 1
301706561 2 3
301706557 0 1
301706554 3 1
301706552 1 1
301706547 0 1
301706539 7 3
301706532 2 3
301706526 0 1
301706520 0 1
301706511 8 4
301706508 0 1
301706504 1 0
301706501 6 3
301706500 7 1
301706499 5 2
301706498 6 18
301706495 1 0
301706488 534 160
301706487 1 0
301706486 2 0
301706482 3 1
301706480 3 1
301706477 3 2
301706475 11 1
301706470 1 0
301706468 5 9
301706467 6 3
301706466 1 0
301706463 0 0
301706462 0 0
301706460 960 130
301706453 8 2
301706452 6 1
301706450 1 2
301706449 11 2
301706444 5 2
301706437 3 4
301706427 1 0
301706416 0 0
301706413 5 10
301706412 7 1
301706411 1 1
301706410 6 1
301706409 6 1
301706407 1 0
301706406 10 9
301706402 1 0
301706388 2 0
301706386 0 0
301706384 8 3
301706383 4 1
301706382 3 1
301706380 406 64
301706379 0 0
301706373 4984 200
301706370 5 2
301706366 6 1
301706361 2 0
301706358 9 3
301706353 3 0
301706352 10 2
301706345 10 4
301706344 0 0
301706342 4 2
301706335 23 14
301706331 0 0
301706329 10 4
301706324 1 5
301706323 5 6
301706318 5 3
301706317 0 0
301706314 2 0
301706313 1 0
301706308 660 39
301706303 9 4
301706302 727 137
301706299 5 4
301706298 10 3
301706294 3 2
301706289 0 1
301706288 0 0
301706287 0 1
301706286 11 3
301706284 0 0
301706282 4 0
301706269 0 0
301706264 5 2
301706252 0 1
301706250 0 0
301706247 1 0
301706245 8 3
301706243 5 4
301706232 2 2
301706230 0 1
301706226 1 1
301706221 1 0
301706218 4 4
301706209 250 15
301706204 4 1
301706202 5 3
301706199 0 0
301706196 0 1
301706194 5 0
301706193 9 2
301706188 403 32
301706184 1044 83
301706182 0 1
301706180 0 0
301706169 6 1
301706162 1 1
301706159 9 1
301706156 0 0
301706155 0 3
301706153 6 6
301706152 8 3
301706150 3 4
301706147 7 1
301706146 3 1
301706139 7 1
301706133 5 4
301706131 3 5
301706128 4 2
301706127 0 0
301706126 8 7
301706125 1 0
301706122 0 0
301706120 0 0
301706118 10 1
301706117 4074 205
301706114 1 2
301706113 8 7
301706112 1525 48
301706110 5 2
301706100 12 4
301706098 4 2
301706096 7 5
301706091 0 0
301706090 0 0
301706082 1 2
301706080 1 1
301706078 2 2
301706075 1 0
301706072 1 0
301706071 2 0
301706067 6 1
301706066 1 0
301706059 9 1
301706058 0 0
301706056 0 2
301706047 4 1
301706040 8 59
301706029 647 13
301706024 850 31
301706023 6 2
301706020 1 0
301706019 0 0
301706018 0 0
301706017 892 15
301706011 0 0
301706009 2347 77
301706007 1341 19
301706001 2254 136
301705998 7 2
301705997 970 39
301705991 0 0
301705987 9 1
301705985 2 1
301705984 1 0
301705983 13 5
301705976 10 4
301705975 9 4
301705972 0 0
301705968 0 0
301705958 4 1
301705957 12 4
301705954 1 0
301705950 2 1
301705949 0 0
301705947 3 1
301705943 1 0
301705941 2 21
301705940 0 1
301705938 3 2
301705936 7 5
301705932 11 5
301705931 2 2
301705930 0 0
301705928 0 1
301705923 7 15
301705918 1 0
301705914 1 0
301705906 2 0
301705902 2 0
301705900 1 0
301705895 5 1
301705894 0 0
301705891 0 0
301705890 5 3
301705887 1 0
301705885 8 9
301705881 6 2
301705880 3 0
301705878 7 4
301705870 1 0
301705866 8153 907
301705864 5 1
301705863 0 0
301705862 0 0
301705861 11 2
301705860 7 2
301705859 0 0
301705857 4 2
301705856 1 0
301705855 0 0
301705854 1024 26
301705853 560 17
301705849 5 2
301705846 1 2
301705843 2 0
301705841 1 3
301705839 4 1
301705837 0 1
301705835 1 0
301705834 7 2
301705833 3 0
301705830 5379 745
301705829 4 0
301705828 0 0
301705827 1 2
301705826 1 2
301705825 0 0
301705824 11 5
301705822 11 2
301705821 1 2
301705819 3 4
301705818 0 0
301705817 2607 375
301705816 1 2
301705815 1 5
301705814 3 2
301705813 7 3
301705812 0 2
301705810 0 0
301705809 1 0
301705808 8 6
301705807 3 2
301705806 0 2
301705804 4 4
301705803 6 2
301705802 4 0
301705801 1 0
301705799 0 0
301705797 1 0
301705796 0 0
301705795 0 0
301705794 0 0
301705793 2 0
301705792 7 0
301705791 5 1
301705790 0 2
301705789 5 2
301705788 2 1
301705785 298 33
301705784 0 1
301705783 0 1
301705782 1329 36
301705781 1127 32
301705780 0 2
301705779 0 2
301705778 1 1
301705777 1 2
301705776 2 1
301705775 5 2
301705774 9 1
301705773 1636 17
301705771 2 1
301705770 0 1
301705769 0 1
301705768 1433 307
301705767 8 3
301705766 6 0
301705765 1 1
301705764 7 5
301705763 5 2
301705762 4 0
301705761 2 1
301705760 6 1
301705759 0 0
301705758 0 1
301705757 0 1
301705756 1 2
301705755 4 1
301705754 3 3
301705753 8881 151
301705752 3 0
301705749 2 1
301705748 2 0
301705747 0 0
301705746 0 4
301705745 0 1
301705740 4 2
301705738 5 5
301705737 4 5
301705736 558 88
301705734 3 2
301705733 4 2
301705732 10 6
301705731 1 2
301705730 1 1
301705728 6 6
301705726 4 3
301705725 4 5
301705724 3 2
301705723 1 36
301705722 3547 633
301705721 5 3
301705720 6 5
301705719 0 1
301705718 1 0
301705716 2 1
301705715 1 1
301705714 0 0
301705713 1 1
301705712 2 2
301705711 9 4
301705709 1 1
301705707 1 0
301705706 4 1
301705705 301 6
301705704 2 1
301705703 4 0
301705702 9 8
301705701 1 1
301705700 1 0
301705699 7 5
301705698 4 0
301705697 6 2
301705696 8 0
301705695 1 0
301705693 10 2
301705692 2 0
301705691 2 1
301705690 1 1
301705689 0 0
301705687 15 8
301705686 0 0
301705685 1 1
301705684 1 2
301705683 0 0
301705682 7 6
301705681 0 0
301705680 3 0
301705679 1 0
301705678 1 1
301705676 0 0
301705675 0 0
301705674 3 1
301705673 2 0
301705672 10254 987
301705671 5 0
301705670 1 1
301705669 1 0
301705668 1 2
301705667 1 1
301705666 1 2
301705665 1 1
301705664 1 3
301705662 3 2
