303937603 0 0
303868796 0 0
303858877 0 0
303832107 1 0
303799345 1 0
303798513 3 1
303794317 0 0
303793040 4 0
303762756 0 0
303754367 0 0
303754357 1 0
303750248 2 1
303750220 5 0
303743732 0 0
303743368 2 1
303741087 3 0
303738815 1 0
303738810 1 0
303737553 1 0
303707139 3 0
303672760 1 0
303670764 3 0
303669145 4 0
303664971 0 2
303662075 3 0
303660195 3 2
303654453 2 0
303653819 5 0
303652708 1 0
303584154 9 2
303560088 5 3
303538057 6 0
303522059 3 0
303491438 7 0
303474075 14 0
303469856 18 0
303407719 0 0
303404580 3 1
303404519 13 2
303324025 4 0
303322555 9 0
303319373 0 0
303318573 2 1
303315134 4 0
303267339 6 8
303263551 3 0
303250282 0 0
303250228 12 1
303249316 6 2
303234263 4 1
303219759 9 3
303202030 6 1
303202023 8 1
303180546 23 1
303164148 1 0
303164143 17 0
303162013 17 1
303161856 5 0
303160026 20 0
303155412 1 0
303133383 1 0
303102032 2 2
303093128 6 2
303092277 4 0
303079572 21 0
303078535 1 2
303077019 9 5
303069745 10 0
303063231 6 0
303063191 6 0
303063074 20 1
303063042 4 3
303063031 2 3
303062607 5 0
303051610 20 1
303005517 17 3
302988192 10 3
302988181 24 4
302988145 11 0
302988106 27 1
302987494 2 16
302987370 1 0
302984595 14 0
302982884 0 4
302982116 0 2
302975889 3 3
302975282 10 0
302974174 7 0
302974025 15 0
302973854 0 0
302973383 0 0
302952119 6 0
302894019 1 0
302893778 1 0
302893777 2 0
302893775 0 0
302893566 9 0
302893274 0 1
302892467 0 0
302883362 16 1
302882870 15 0
302882836 14 1
302882376 17 12
302873335 15 0
302843371 16 8
302826569 1 3
302818761 17 3
302818760 20 7
302818748 6 2
302818745 13 0
302818578 8 4
302818066 28 0
302817391 10 0
302817358 23 1
302816229 32 1
302815580 0 0
302813000 4 3
302812998 6 0
302811547 23 7
302809506 8 0
302809467 27 1
302802774 9 4
302799601 4 1
302796756 3 2
302771949 3 27
302771929 14 15
302744696 9 7
302744005 1 6
302731506 5 0
302731349 7 0
302731014 14 0
302730686 32 3
302725455 0 1
302722350 6 0
302719180 13 1
302716728 40 6
302716608 8 0
302688952 3 0
302662846 0 0
302662086 6 0
302662066 19 1
302658333 28 1
302644676 1 2
302644433 18 3
302644124 15 0
302643121 35 7
302639921 0 0
302639124 36 9
302637048 29 9
302636803 4 2
302635194 8 2
302625689 27 5
302609310 16 0
302599548 9 0
302594434 11 10
302585875 42 1
302580755 7 2
302570646 16 1
302570384 14 7
302567385 15 0
302566278 20 2
302565224 3 4
302564951 6 1
302562871 15 1
302549528 5 5
302547725 25 5
302547679 3 1
302547519 33 4
302535174 50 1
302535145 9 0
302534400 38 4
302533735 2 5
302532780 16 3
302532764 34 4
302532567 3 1
302515599 31 6
302504669 19 3
302504501 6 1
302504351 29 1
302497549 10 0
302497396 4 0
302496526 3 0
302496310 0 0
302494959 34 2
302492440 0 8
302492356 1 0
302491128 31 0
302490159 1 8
302489819 10 2
302489215 8 1
302489125 4 0
302488454 29 0
302488084 30 2
302485712 11 1
302481295 17 12
302443535 13 10
302442177 26 7
302425840 11 16
302425095 9 0
302424357 0 0
302412558 0 0
302412542 1 1
302412420 64 5
302411986 9 0
302410976 37 11
302409458 10 3
302409457 4 3
302405117 19 1
302403613 46 2
302402986 20 0
302402985 41 2
302402559 0 0
302401052 0 0
302401046 0 1
302400578 5 0
302400462 35 15
302400361 7 5
302398400 28 15
302398370 20 0
302397801 0 0
302397790 38 2
302397716 2 7
302389363 9 48
302387710 3 0
302365903 6 1
302364071 6 2
302361695 4 0
302356373 7 0
302356273 13 19
302348568 29 1
302346184 9 4
302333894 8 0
302331198 5 3
302331005 12 2
302330163 30 1
302329981 0 0
302329762 0 0
302316551 20 11
302316367 0 1
302316364 1 0
302316363 0 5
302316284 20 1
302316137 23 49
302316058 3 0
302315527 35 2
302315130 8 1
302314699 0 0
302314673 2 1
302314162 29 5
302314157 18 45
302314108 40 0
302314084 3 1
302314070 1 1
302313881 30 4
302313415 28 0
302313410 26 2
302313398 31 4
302312296 1 13
302311521 7 1
302310352 83 0
302310177 7 4
302310057 4 16
302309327 7 0
302309111 36 3
302308164 16 2
302308162 0 0
302307598 23 1
302306745 24 0
302306733 12 0
302306690 16 0
302304061 2 0
302301492 10 0
302298159 15 0
302297565 49 0
302297322 9 0
302295948 10 1
302295420 16 3
302295397 21 3
302295383 6 0
302294983 30 2
302292415 23 1
302285248 7 1
302277164 17 8
302276733 6 0
302274155 7 0
302265658 4 0
302265655 8 0
302265034 2 0
302264080 23 1
302251265 0 1
302251262 0 1
302249252 13 2
302248126 16 2
302247807 0 0
302244241 50 8
302238827 6 4
302238509 54 1
302238443 0 2
302238285 0 0
302238248 13 0
302238062 8 2
302237787 2 0
302237772 29 4
302237495 22 1
302237491 43 6
302237397 7 10
302237283 0 0
302236934 10 6
302236166 16 3
302235477 33 3
302234368 16 0
302233057 20 1
302232351 54 9
302232340 7 29
302232204 24 0
302232135 13 0
302231713 5 3
302231571 5 1
302231560 18 1
302231226 2 0
302231118 8 0
302230937 19 2
302230779 21 0
302230773 19 1
302230757 56 0
302230229 5 0
302229916 16 0
302229781 12 0
302229772 2 0
302229622 18 1
302229600 17 0
302229223 2 0
302229068 8 0
302228798 14 42
302228280 9 1
302228244 11 0
302227797 2 0
302227632 46 15
302227327 9 1
302226877 5 0
302226789 4 0
302226489 8 0
302226048 7 10
302225983 25 0
302224035 23 3
302219682 26 0
302219103 4 2
302218463 11 0
302215861 19 1
302215848 10 1
302215822 17 1
302214421 29 7
302202950 15 0
302201748 30 0
302201319 4 0
302200423 16 4
302200128 7 3
302199649 0 1
302199531 2 0
302194912 25 5
302194910 43 9
302192938 22 0
302192925 13 2
302192592 44 0
302191838 16 0
302191314 27 0
302191298 13 0
302191263 21 5
302191201 10 0
302191197 15 3
302191194 6 0
302191188 15 1
302191175 81 0
302191165 8 0
302191030 22 2
302190710 4 2
302189612 28 2
302187698 6 9
302187345 5 5
302186958 14 0
302186316 3 1
302181435 13 22
302181267 21 2
302181251 7 26
302181051 31 2
302181046 15 2
302180808 31 1
302180793 14 3
302180786 35 2
302180782 14 6
302180781 21 0
302180777 11 1
302180776 13 0
302180773 14 0
302180772 8 0
302180770 26 0
302180765 31 0
302180761 11 0
302180542 4 34
302180513 111 0
302180510 4 1
302180508 5 0
302180504 6 1
302180501 10 1
302180486 1 0
302180484 7 0
302180482 5 4
302180480 10 1
302180478 9 0
302180259 17 0
302180258 1 0
302180243 0 0
302180238 15 5
302180207 10 0
302180043 8 0
302179801 10 2
302179553 4 7
302179217 16 10
302179152 23 2
302179059 24 7
302179041 13 0
302178994 26 1
302177702 19 1
302176238 33 1
302176130 21 2
302175760 10 0
302175749 4 4
302175542 1 0
302175463 5 4
302175455 7 0
302175409 30 3
302175193 2 0
302175047 28 1
302175016 8 0
302174966 12 1
302174684 4 4
302174645 28 5
302174640 2 0
302174626 7 0
302174623 3 0
302174572 32 5
302174564 34 9
302174388 14 0
302174301 8 0
302174085 12 2
302174074 4 1
302174033 1 0
302174027 31 8
302173926 12 2
302173905 0 0
302173383 22 3
302173209 12 0
302172709 19 2
302172702 16 2
302172697 8 1
302172689 4 1
302172584 8 2
302172545 1 0
302172031 27 64
302172005 3 0
302171898 38 0
302171354 1 2
302170564 29 0
302170535 12 3
302170473 54 6
302170275 14 0
302170258 54 0
302170232 5 4
302170228 7 41
302169286 2 0
302168760 15 2
302168731 36 1
302168639 2 0
302168480 8 4
302168359 22 2
302167407 18 3
302167336 21 2
302166522 3 3
302165825 31 4
302164020 11 1
302164006 14 1
302163776 2 0
302158552 16 1
302158287 0 0
302155827 45 11
302155516 39 4
302145345 17 0
302145342 56 12
302145333 3 7
302145331 18 0
302145129 8 3
302145038 29 0
302144690 14 2
302144537 28 2
302144536 11 0
302144424 13 0
302144320 1 1
302144318 32 2
302144180 24 1
302144119 20 0
302144115 3 0
302144045 36 0
302144018 3 1
302143998 42 22
302142843 12 1
302142745 7 0
302138795 15 2
302138620 44 10
302138390 39 0
302138054 35 6
302137901 11 0
302137135 5 10
302136178 5 2
302136164 3 0
302136054 10 12
302135914 26 4
302135911 24 1
302135818 14 0
302135579 19 1
302135556 9 0
302135503 5 1
302135486 7 0
302135457 13 1
302135433 9 1
302135187 10 0
302135009 13 1
302134618 11 2
302134574 39 10
302134380 0 0
302134191 5 0
302133235 70 4
302132525 45 0
302132330 37 0
302132275 50 4
302131981 36 9
302131145 30 0
302130777 14 1
302130165 25 8
302129683 23 1
302129484 33 2
302128671 43 13
302127674 5 1
302127127 38 3
302126066 10 1
302125848 32 0
302125841 17 0
302125790 7 1
302125726 44 1
302125648 24 4
302125638 29 1
302125629 14 4
302125624 23 3
302125616 25 0
302125614 75 1
302125612 13 3
302125609 18 1
302125605 40 0
302125590 38 2
302125579 0 1
302125574 10 1
302125569 4 2
302125563 17 1
302125559 27 5
302125557 51 6
302125470 22 1
302125364 22 3
302125360 9 1
302125326 45 0
302125318 19 1
302125265 0 0
302125252 2 0
302125181 6 3
302125088 15 5
302125073 45 0
302125068 33 9
302125054 35 1
302125053 7 4
302125000 0 0
302124966 8 24
302124950 16 1
302124941 2 3
302124918 14 2
302124890 6 0
302124821 35 22
302124820 0 1
302124812 15 3
302124809 14 2
302124740 3 2
302124732 39 5
302124723 36 1
302124707 31 1
302124704 1 1
302124703 19 1
302124700 37 3
302124695 29 3
302124694 35 12
302124691 76 19
302124686 37 0
302124509 15 60
302124492 3 8
302124362 8 2
302124351 25 0
302124329 36 1
302124265 24 4
302124236 20 3
302124224 33 3
302124223 4 0
302124222 14 19
302124155 12 1
302124151 32 0
302124149 5 2
302124146 5 1
302124125 43 10
302124123 89 3
302124120 57 16
302124117 34 75
302124113 46 11
302124111 15 47
302124110 2 3
302124095 0 0
302124041 1 1
302124040 45 33
302124034 13 1
302123863 42 5
302123837 8 2
302123829 57 4
302123817 23 0
302123802 0 4
302123767 18 2
302123698 11 5
302123693 14 1
302123643 16 5
302123638 8 0
302123619 25 1
302123598 21 0
302123564 9 2
302123558 20 1
302123551 19 2
302123530 29 1
302123507 50 0
302123505 32 0
302123456 32 4
302123343 44 3
302123252 35 1
302123231 3 9
302123230 21 3
302123187 41 1
302123153 19 0
302123088 4 4
302123058 47 2
302123045 1 10
302122922 56 1
302122906 11 0
302122893 10 4
302122852 17 1
302122820 4 1
302122771 29 1
302122752 11 5
302122675 20 1
302122611 7 0
302122609 52 1
302122588 4 1
302122533 29 1
302122478 27 1
302122451 3 3
302122416 2 0
302122305 1 0
302122065 3 0
302122023 12 1
302121791 8 0
302121161 28 38
302121155 4 0
302121152 53 6
302121150 1 0
302121119 1 2
302121117 28 0
302121094 4 0
302121078 16 1
302121072 17 2
302121068 1 1
302121065 0 0
302121039 6 0
302121025 0 0
302121020 0 0
302121015 20 288
302121012 1 0
302121000 5 10
302120977 35 2
302120951 13 2
302120949 4 3
302120940 5 1
302120937 6 2
302120923 3 0
302120910 34 1
302120906 1 0
302120894 43 0
302120893 5 0
302120891 2 0
302120888 12 0
302120887 9 4
302120883 0 0
302120881 2 0
302120879 2 0
302120878 8 7
302120862 1 1
302120853 36 6
302120826 2 2
302120825 1 6
302120823 0 0
302120818 2 12
302120810 3 0
302120808 0 0
302120795 5 15
302120774 21 1
302120771 24 1
302120757 5 0
302120753 19 4
302120747 13 1
302120745 14 0
302120742 2 1
302120739 22 0
302120738 8 0
302120724 0 0
302120717 0 0
302120692 43 3
302120690 15 1
302120686 6 0
302120679 2 2
302120677 0 0
302120676 0 0
302120657 45 6
302120648 15 0
302120636 5 0
302120635 25 1
302120631 5 1
302120624 4 27
302120621 0 0
302120618 12 8
302120610 1 0
302120602 10 1
302120600 15 1
302120599 6 18
302120595 8 29
302120592 3 13
302120584 22 3
302120569 31 0
302120567 1 4
302120563 4 4
302120559 2 2
302120558 2 2
302120556 1 1
302120554 29 1
302120551 1 1
302120547 0 1
302120542 0 1
302120536 5 0
302120531 14 19
302120530 4 9
302120505 13 2
302120494 5 51
302120481 0 7
302120479 1 0
302120475 8 4
302120465 8 41
302120457 1 1
302120455 0 2
302120452 8 9
302120447 0 5
302120444 1 2
302120443 3 3
302120434 33 4
302120419 2 1
302120417 3 3
302120401 0 2
302120394 2 3
302120391 0 4
302120390 0 2
302120380 0 3
302120374 0 2
302120362 3 3
302120356 8 3
302120353 9 5
302120346 2 0
302120345 1 0
302120333 26 1
302120327 11 0
302120323 4 6
302120309 0 0
302120301 2 0
302120297 1 0
302120288 19 1
302120279 0 0
302120270 17 1
302120269 3 0
302120257 2 1
302120253 2 1
302120251 0 0
302120242 2 2
302120239 7 2
302120236 35 33
302120234 19 1
302120232 5 4
302120229 1 0
302120224 1 17
302120223 0 0
302120221 10 5
302120219 8 1
302120191 58 2
302120184 9 0
302120176 14 0
302120175 4 1
302120167 15 3
302120165 0 0
302120164 14 5
302120157 0 0
302120146 15 3
302120141 6 3
302120138 13 0
302120136 9 3
302120131 10 11
302120128 9 1
302120123 3 5
302120103 0 1
302120099 0 1
302120096 7 8
302120095 25 27
302120094 7 3
302120070 1 2
302120066 15 3
302120062 3 0
302120056 34 3
302120046 31 0
302120044 5 1
302120043 18 1
302120029 2 0
302120026 6 0
302120021 154 10
302120019 0 0
302120017 7 5
302120015 15 6
302120013 31 2
302120007 4 7
302119999 22 5
302119996 21 5
302119995 1 0
302119985 22 4
302119984 1 0
302119976 6 7
302119972 43 3
302119971 6 0
302119967 6 2
302119955 1 0
302119937 10 8
302119931 1 1
302119913 22 9
302119911 2 7
302119905 3 7
302119884 0 0
302119880 9 0
302119876 5 4
302119861 30 13
302119860 1 2
302119858 0 4
302119844 10 0
302119839 27 1
302119838 47 4
302119830 61 0
302119829 0 1
302119828 2 1
302119823 2 1
302119820 0 2
302119818 2 0
302119812 15 4
302119811 1 1
302119810 2 0
302119804 0 1
302119802 3 2
302119800 20 9
302119797 4 0
302119796 37 13
302119784 3 3
302119783 8 2
302119782 4 1
302119780 67 1
302119773 83 1
302119770 2 1
302119762 4 3
302119759 4 3
302119751 0 1
302119746 1 6
302119740 2 16
302119739 17 1
302119725 0 0
302119711 10 7
302119707 3 0
302119700 3 0
302119699 1 0
302119694 6 3
302119692 2 0
302119691 5 2
302119684 3 2
302119682 6 0
302119678 4 0
302119663 61 1
302119661 7 5
302119652 137 13
302119630 0 0
302119625 2 0
302119624 11 5
302119623 13 2
302119621 4 0
302119616 40 2
302119607 4 7
302119601 2 0
302119592 7 1
302119587 17 2
302119585 1 0
302119568 7 2
302119564 2 0
302119554 4 0
302119553 2 22
302119547 7 18
302119545 4 16
302119536 26 5
302119531 2 8
302119530 2 3
302119527 26 29
302119522 3 0
302119517 0 0
302119512 2 0
302119511 4 2
302119509 48 1
302119502 7 2
302119501 11 17
302119497 46 1
302119496 3 51
302119489 2 1
302119483 1 2
302119480 0 9
302119477 7 0
302119474 1 0
302119472 2 0
302119471 26 5
302119469 1 0
302119467 6 1
302119466 17 6
302119463 12 1
302119459 11 9
302119451 7 0
302119446 13 2
302119444 5 2
302119443 17 1
302119440 18 17
302119438 17 3
302119436 1 1
302119435 17 2
302119430 17 3
302119429 34 1
302119428 20 3
302119421 38 2
302119419 1 0
302119413 16 3
302119407 21 6
302119406 11 7
302119404 31 6
302119403 0 0
302119401 2 1
302119399 10 4
302119398 4 54
302119396 4 6
302119383 11 12
302119381 14 3
302119380 10 0
302119360 3 0
302119359 48 9
302119358 3 0
302119352 1 0
302119341 12 3
302119328 9 2
302119322 29 0
302119318 0 1
302119317 1 0
302119316 0 0
302119311 4 3
302119310 1 0
302119304 3 1
302119302 3 0
302119297 0 1
302119295 0 0
302119289 16 3
302119286 0 0
302119284 0 1
302119277 1 0
302119272 23 1
302119263 29 0
302119251 11 8
302119250 39 36
302119245 1 0
302119238 5 4
302119234 83 2
302119231 0 1
302119230 18 1
302119229 0 2
302119228 0 5
302119226 0 5
302119223 0 4
302119222 0 4
302119221 7 2
302119218 0 5
302119217 1 5
302119215 40 1
302119213 2 1
302119212 2 10
302119211 0 4
302119201 1 1
302119188 10 22
302119184 20 2
302119181 1 3
302119176 38 2
302119172 4 2
302119169 1 1
302119166 6 1
302119154 29 11
302119152 0 1
302119151 10 2
302119148 3 4
302119145 7 1
302119142 2 2
302119141 0 5
302119136 38 7
302119132 0 1
302119129 0 1
302119128 27 17
302119126 0 1
302119115 11 3
302119114 9 1
302119112 0 1
302119110 2 2
302119108 0 1
302119107 10 1
302119106 37 6
302119099 31 12
302119098 29 3
302119096 12 5
302119093 0 0
302119090 21 4
302119085 30 0
302119076 3 34
302119075 1 2
302119071 86 0
302119069 15 0
302119067 3 1
302119065 10 1
302119063 6 2
302119062 2 27
302119056 0 2
302119054 12 0
302119050 2 0
302119042 7 6
302119037 22 9
302119031 0 1
302119028 20 16
302119014 0 0
302119013 2 0
302119009 33 2
302119007 4 2
302119006 16 6
302119000 11 4
302118988 5 8
302118985 21 1
302118984 0 0
302118983 8 1
302118981 10 0
302118979 24 3
302118978 0 0
302118975 1 0
302118970 34 1
302118968 15 0
302118967 44 2
302118966 0 0
302118965 15 8
302118964 9 0
302118961 0 1
302118957 7 0
302118956 24 1
302118955 25 0
302118953 16 0
302118944 6 4
302118943 35 0
302118941 7 0
302118940 5 1
302118939 26 3
302118937 0 1
302118934 5 3
302118932 3 2
302118926 6 0
302118916 2 1
302118915 1 2
302118914 53 1
302118892 1 1
302118886 1 0
302118885 11 1
302118882 2 0
302118881 1 2
302118880 18 3
302118879 0 0
302118870 12 1
302118867 8 3
302118866 31 0
302118864 23 2
302118860 6 4
302118859 5 0
302118851 4 5
302118850 2 4
302118847 2 0
302118840 1 0
302118829 19 4
302118827 7 33
302118813 20 4
302118812 2 5
302118810 4 1
302118809 8 7
302118807 11 4
302118806 7 7
302118805 27 0
302118804 3 1
302118803 24 2
302118802 0 0
302118801 13 1
302118799 5 21
302118797 18 23
302118796 4 6
302118794 9 5
302118792 42 1
302118791 1 0
302118782 3 1
302118777 8 0
302118772 5 2
302118771 5 23
302118762 20 12
302118760 42 7
302118758 9 6
302118755 0 3
302118750 0 0
302118741 66 13
302118740 15 0
302118736 1 1
302118735 5 4
302118734 1 0
302118732 1 1
302118726 8 15
302118725 8 46
302118724 24 7
302118716 1 0
302118714 0 1
302118713 30 2
302118702 9 10
302118699 1 1
302118696 28 0
302118693 0 0
302118692 4 0
302118687 7 0
302118681 69 7
302118680 1 1
302118677 14 1
302118675 65 1
302118671 22 0
302118665 18 0
302118664 14 1
302118661 1 1
302118660 11 32
302118656 14 1
302118655 10 5
302118654 3 1
302118653 12 4
302118652 9 4
302118648 6 14
302118647 7 23
302118646 13 0
302118645 39 0
302118643 5 0
302118639 9 0
302118635 4 0
302118631 10 1
302118628 2 1
302118626 11 9
302118622 0 0
302118621 41 2
302118603 2 0
302118602 23 3
302118599 2 0
302118597 11 15
302118596 27 5
302118595 4 5
302118589 13 2
302118586 0 0
302118579 37 19
302118573 10 3
302118570 2 58
302118568 15 0
302118564 12 0
302118559 59 3
302118555 0 0
302118551 12 0
302118548 7 14
302118544 9 20
302118541 12 22
302118537 0 0
302118536 15 2
302118533 19 1
302118530 6 13
302118528 2 1
302118525 7 0
302118520 16 5
302118519 17 0
302118513 40 0
302118508 2 1
302118503 5 14
302118500 18 5
302118491 3 2
302118486 11 9
302118485 3 11
302118472 29 0
302118466 9 20
302118465 2 0
302118464 5 9
302118462 36 2
302118460 8 5
302118456 4 13
302118445 5 58
302118443 2 0
302118441 5 65
302118434 17 16
302118429 10 37
302118414 22 0
302118407 19 29
302118406 27 7
302118404 5 0
302118403 0 0
302118402 115 3
302118401 2 1
302118399 6 26
302118397 6 2
302118393 0 2
302118389 7 7
302118385 8 12
302118384 1 0
302118383 7 20
302118382 0 0
302118380 2 5
302118379 29 2
302118377 1 0
302118374 24 18
302118372 2 6
302118367 27 3
302118365 0 5
302118364 2 1
302118360 9 5
302118357 0 1
302118356 0 1
302118353 0 1
302118350 0 2
302118349 1 1
302118344 5 2
302118340 0 0
302118339 18 0
302118338 13 4
302118336 4 0
302118335 2 1
302118332 7 54
302118329 7 28
302118327 2 4
302118326 20 0
302118323 40 2
302118321 2 44
302118319 29 0
302118314 3 1
302118307 8 0
302118306 24 4
302118303 23 0
302118298 4 0
302118297 4 2
302118296 30 2
302118294 18 10
302118291 34 0
302118287 4 52
302118286 36 4
302118285 25 1
302118279 10 6
302118278 16 1
302118277 28 1
302118271 3 0
302118267 19 1
302118266 0 3
302118261 18 3
302118256 1 0
302118255 9 5
302118254 13 0
302118253 0 0
302118252 0 0
302118247 0 0
302118244 0 0
302118241 8 0
302118240 1 0
302118236 23 4
302118226 7 5
302118221 1 11
302118220 0 0
302118218 38 0
302118216 31 0
302118209 0 0
302118208 2 0
302118207 10 0
302118206 4 1
302118205 1 0
302118203 28 0
302118197 4 2
302118196 6 10
302118193 49 8
302118187 24 0
302118186 38 0
302118185 27 1
302118184 30 2
302118182 9 49
302118179 2 0
302118178 5 5
302118171 2 0
302118169 6 57
302118167 22 0
302118163 16 1
302118162 3 1
302118160 22 7
302118158 7 0
302118151 38 20
302118150 21 27
302118149 1 1
302118148 3 5
302118145 2 1
302118141 10 1
302118140 12 1
302118137 2 26
302118136 6 8
302118135 17 5
302118129 0 2
302118127 0 0
302118124 3 0
302118123 1 0
302118112 24 1
302118097 2 0
302118089 15 1
302118083 31 1
302118072 23 10
302118068 7 9
302118062 35 1
302118059 0 0
302118040 0 0
302118039 0 0
302118029 2 0
302118019 4 0
302118018 3 0
302118012 37 1
302118010 13 3
302118007 15 7
302118006 2 0
302118004 31 3
302118002 4 0
302117998 10 6
302117993 5 1
302117991 7 6
302117989 18 3
302117984 2 0
302117983 6 2
302117982 0 2
302117981 25 0
302117979 0 0
302117978 7 20
302117972 11 1
302117971 33 9
302117970 0 3
302117967 22 1
302117956 7 23
302117953 14 0
302117950 24 1
302117949 33 2
302117946 64 0
302117944 19 2
302117942 25 6
302117931 3 1
302117922 16 18
302117921 23 15
302117914 10 6
302117912 3 1
302117911 18 8
302117910 15 16
302117909 13 2
302117907 0 2
302117900 4 1
302117892 26 0
302117885 3 2
302117882 4 0
302117879 24 0
302117876 4 10
302117861 27 0
302117860 8 58
302117856 10 3
302117851 2 1
302117850 0 1
302117848 60 0
302117845 17 6
302117843 0 0
302117842 68 4
302117841 18 0
302117839 21 0
302117837 5 0
302117835 9 3
302117830 8 55
302117829 0 0
302117828 4 6
302117826 55 2
302117824 18 0
302117821 17 3
302117816 26 3
302117813 3 47
302117811 0 2
302117809 1 1
302117808 13 0
302117806 39 0
302117801 28 57
302117797 7 10
302117796 11 5
302117794 4 0
302117791 10 0
302117789 32 3
302117784 9 0
302117782 0 1
302117781 6 6
302117779 14 0
302117778 13 0
302117776 3 33
302117772 18 1
302117769 2 0
302117766 10 19
302117762 2 0
302117761 1 1
302117758 17 0
302117755 0 0
302117753 10 2
302117752 13 0
302117750 0 2
302117746 16 3
302117737 15 1
302117733 1 0
302117730 16 3
302117724 11 0
302117723 13 0
302117713 8 17
302117711 12 5
302117706 6 13
302117705 22 2
302117704 1 1
302117703 1 1
302117701 11 2
302117699 10 3
302117694 4 1
302117692 24 20
302117691 6 2
302117690 11 2
302117689 10 18
302117688 4 10
302117686 93 77
302117685 5 16
302117684 14 1
302117681 55 9
302117680 5 16
302117675 1 0
302117674 10 0
302117673 7 6
302117672 6 3
302117667 6 0
302117666 26 1
302117665 20 1
302117662 0 0
302117657 0 0
302117655 13 0
302117654 0 0
302117650 0 0
302117644 6 34
302117642 11 22
302117635 21 7
302117632 1 0
302117629 1 1
302117626 6 28
302117625 9 74
302117622 3 7
302117618 7 5
302117616 0 5
302117612 7 0
302117611 5 2
302117610 4 1
302117606 4 1
302117604 0 0
302117602 2 1
302117600 7 1
302117599 6 0
302117595 1 2
302117585 30 5
302117584 8 3
302117579 1 0
302117575 3 3
302117573 54 45
302117568 22 4
302117567 22 1
302117566 11 3
302117564 11 8
302117563 15 50
302117561 9 0
302117560 44 1
302117557 15 47
302117556 32 2
302117555 5 5
302117551 13 1
302117548 12 0
302117543 3 1
302117541 10 1
302117540 3 46
302117534 14 1
302117533 23 1
302117532 6 10
302117530 8 10
302117527 8 0
302117525 4 1
302117524 2 24
302117522 10 0
302117519 10 0
302117517 12 4
302117515 0 0
302117513 0 0
302117512 9 11
302117508 6 1
302117503 0 2
302117500 11 0
302117499 2 33
302117497 14 26
302117494 5 23
302117492 17 42
302117491 22 1
302117483 11 9
302117482 10 1
302117473 30 3
302117472 26 5
302117468 14 16
302117466 8 10
302117464 71 13
302117463 39 0
302117462 12 11
302117461 36 2
302117460 2 18
302117459 8 67
302117458 11 12
302117456 13 29
302117455 17 1
302117454 1 0
302117445 24 33
302117441 11 30
302117440 1 0
302117434 0 1
302117433 6 13
302117432 13 27
302117431 8 0
302117427 8 0
302117425 14 6
302117421 0 1
302117418 0 1
302117416 1 0
302117413 0 0
302117410 0 0
302117409 1 4
302117408 11 9
302117406 5 14
302117403 7 0
302117401 2 0
302117400 6 32
302117398 2 0
302117397 0 0
302117395 5 3
302117386 58 0
302117384 0 0
302117371 9 6
302117369 20 0
302117367 3 0
302117366 10 31
302117349 22 0
302117346 5 0
302117344 4 2
302117343 5 7
302117341 2 1
302117340 7 6
302117339 26 2
302117335 25 3
302117330 6 5
302117328 23 3
302117327 9 0
302117326 7 3
302117324 0 0
302117323 5 0
302117322 0 4
302117319 0 0
302117314 10 1
302117311 17 2
302117310 8 14
302117309 20 0
302117307 2 30
302117306 10 0
302117300 12 6
302117294 7 12
302117293 4 11
302117290 6 14
302117286 12 11
302117280 0 0
302117279 0 0
302117278 1 0
302117277 15 0
302117276 2 2
302117274 7 0
302117272 64 5
302117269 8 22
302117268 0 1
302117267 5 0
302117260 6 18
302117259 15 6
302117255 5 1
302117253 25 1
302117252 3 0
302117250 7 5
302117248 19 0
302117246 10 1
302117245 3 0
302117243 26 0
302117242 8 0
302117240 0 1
302117239 8 0
302117238 8 0
302117235 38 3
302117234 1 9
302117230 11 1
302117225 23 1
302117224 4 0
302117221 43 2
302117220 33 10
302117217 1 0
302117216 9 2
302117210 7 12
302117207 14 4
302117205 24 5
302117204 2 0
302117202 2 0
302117200 59 1
302117199 0 10
302117197 3 2
302117196 10 0
302117194 25 2
302117193 0 0
302117190 19 7
302117187 47 37
302117186 9 0
302117182 1 0
302117181 0 0
302117179 2 1
302117177 11 2
302117176 0 1
302117174 4 1
302117173 36 0
302117170 0 0
302117167 6 145
302117165 14 2
302117162 12 2
302117161 7 9
302117160 28 2
302117158 11 0
302117157 14 0
302117156 4 5
302117154 7 19
302117152 16 2
302117150 0 1
302117148 16 17
302117146 10 7
302117141 14 1
302117138 8 4
302117134 29 2
302117133 8 3
302117131 31 3
302117127 14 3
302117121 1 2
302117118 10 4
302117115 14 1
302117114 7 4
302117106 11 16
302117096 21 4
302117094 9 0
302117093 25 7
302117091 4 26
302117089 286 51
302117086 12 11
302117085 9 1
302117084 14 2
302117081 1 1
302117077 39 0
302117075 10 0
302117074 3 1
302117071 7 3
302117069 10 7
302117066 10 7
302117063 0 0
302117057 22 1
302117055 8 0
302117050 5 1
302117045 10 1
302117041 1 0
302117039 3 9
302117035 12 2
302117034 0 2
302117033 27 0
302117032 0 0
302117031 0 0
302117028 4 2
302117026 2 2
302117018 10 1
302117017 8 0
302117016 4 13
302117015 18 2
302117013 0 0
302117012 7 7
302117011 0 65
302117010 2 8
302117009 6 2
302117008 2 0
302117006 0 0
302117002 1 0
302117000 0 0
302116999 22 0
302116998 3 12
302116997 3 0
302116996 1 9
302116995 11 4
302116994 18 19
302116993 8 3
302116987 7 3
302116985 9 7
302116983 7 17
302116977 0 2
302116973 5 1
302116968 40 4
302116962 2 17
302116955 1 1
302116953 1 1
302116948 4 3
302116947 3 2
302116946 46 4
302116945 12 1
302116943 3 5
302116941 3 2
302116938 45 38
302116937 1 5
302116935 1 0
302116931 3 7
302116930 0 1
302116912 6 4
302116907 23 12
302116901 4 8
302116900 0 3
302116899 3 1
302116898 5 8
302116897 1 1
302116896 8 3
302116894 6 13
302116889 2 3
302116888 10 10
302116887 7 5
302116886 3 6
302116882 2 13
302116878 26 20
302116875 4 4
302116874 5 2
302116873 4 3
302116872 5 2
302116871 15 1
302116869 1 0
302116868 1 6
302116866 53 0
302116864 1 13
302116854 1 3
302116842 4 5
302116841 1 6
302116840 6 1
302116839 44 5
302116838 10 0
302116832 4 3
302116831 1 0
302116819 9 4
302116818 29 0
302116813 3 0
302116811 4 1
302116808 12 3
302116807 13 2
302116800 8 2
302116797 8 2
302116789 3 9
302116782 9 1
302116780 22 5
302116764 26 1
302116762 3 1
302116757 33 1
302116744 6 1
302116739 27 6
302116731 3 0
302116727 1 1
302116721 13 1
302116714 13 0
302116710 596 8
302116708 17 1
302116697 310 2
302116696 23 0
302116695 11 3
302116693 16 5
302116692 22 1
302116691 21 4
302116674 1 0
302116669 43 5
302116662 214 3
302116657 1 1
302116654 14 1
302116651 1 1
302116647 29 0
302116646 33 0
302116644 16 1
302116634 15 0
302116632 35 2
302116631 1 1
302116622 15 1
302116620 20 0
302116619 17 0
302116613 29 1
302116602 11 0
302116597 21 1
302116592 15 2
302116589 4 1
302116571 30 1
302116569 4 57
302116568 3 0
302116567 26 0
302116565 16 0
302116562 0 4
302116560 1 3
302116553 1 1
302116552 3 1
302116551 5 41
302116548 3 0
302116542 1 0
302116536 5 0
302116526 12 0
302116521 17 1
302116518 19 2
302116516 2 0
302116515 51 22
302116514 12 0
302116513 4 4
302116512 2 1
302116511 14 0
302116507 12 1
302116500 13 13
302116497 3 6
302116488 1 0
302116481 4 0
302116464 1 0
302116457 23 0
302116446 1 0
302116435 14 9
302116429 23 3
302116422 60 23
302116411 0 1
302116410 1 1
302116408 17 1
302116395 3 1
302116392 1 0
302116389 3 2
302116387 1 0
302116382 18 2
302116380 11 4
302116376 2 1
302116369 0 2
302116366 0 0
302116364 18 4
302116362 0 0
302116361 0 1
302116358 7 2
302116354 4 1
302116352 5 0
302116343 19 2
302116340 12 0
302116338 15 3
302116336 18 2
302116317 18 1
302116313 3 0
302116310 3 0
302116302 9 75
302116301 34 1
302116300 23 1
302116292 21 0
302116290 9 1
302116285 11 0
302116281 19 6
302116280 24 1
302116278 26 0
302116274 15 1
302116270 17 11
302116268 12 1
302116265 5 0
302116262 6 2
302116258 6 1
302116257 14 2
302116255 2 0
302116250 13 2
302116249 7 22
302116247 10 0
302116245 12 15
302116244 9 1
302116243 1 0
302116242 2 0
302116236 8 0
302116233 1 5
302116223 12 0
302116222 18 0
302116221 11 1
302116220 0 0
302116219 0 0
302116211 0 0
302116205 59 8
302116189 34 0
302116186 30 7
302116184 2 1
302116176 3 0
302116174 0 3
302116169 33 1
302116163 11 1
302116158 30 3
302116149 214 1
302116147 19 1
302116146 0 0
302116144 9 3
302116143 1 2
302116141 6 2
302116138 3 47
302116136 22 0
302116134 10 0
302116129 0 0
302116128 3 0
302116124 4 0
302116114 27 2
302116110 7 0
302116109 11 1
302116107 13 0
302116105 35 5
302116100 3 0
302116096 0 0
302116093 10 0
302116091 26 4
302116088 10 4
302116087 0 0
302116085 0 0
302116078 1 1
302116076 22 0
302116075 23 0
302116067 21 0
302116063 1 0
302116055 28 1
302116047 6 3
302116037 1 0
302116036 1 1
302116027 6 2
302116026 16 2
302116023 9 3
302116019 9 4
302116018 26 1
302116014 4 4
302116001 27 1
302115998 11 0
302115994 495 3
302115992 4 0
302115990 18 1
302115986 4 0
302115983 6 6
302115982 32 0
302115981 11 0
302115980 290 8
302115976 0 25
302115972 3 3
302115971 8 1
302115960 5 4
302115959 42 1
302115957 38 3
302115952 8 4
302115947 3 4
302115946 8 8
302115944 0 3
302115943 11 0
302115942 7 7
302115941 34 3
302115939 1 10
302115937 0 0
302115935 3 39
302115928 17 1
302115927 2 0
302115925 9 19
302115924 0 0
302115921 24 6
302115920 13 0
302115917 4 7
302115915 0 0
302115914 12 0
302115907 5 0
302115902 5 0
302115901 0 0
302115897 5 0
302115895 7 0
302115894 0 1
302115892 0 0
302115888 13 0
302115886 0 0
302115878 14 0
302115873 3 0
302115871 8 0
302115870 28 3
302115868 2 1
302115862 9 0
302115860 4 0
302115858 3 50
302115855 1 0
302115851 25 0
302115850 6 45
302115849 2 1
302115842 8 1
302115840 984 30
302115839 4 8
302115834 3 5
302115827 2 0
302115825 14 0
302115823 1 0
302115818 29 0
302115813 23 0
302115804 3 1
302115798 16 5
302115797 29 0
302115796 1 0
302115795 44 0
302115794 7 4
302115793 383 11
302115792 21 6
302115791 0 1
302115790 18 0
302115787 1 0
302115784 30 0
302115782 0 0
302115780 331 12
302115774 0 1
302115771 3 3
302115769 7 3
302115767 13 0
302115760 12 0
302115755 2 1
302115753 4 5
302115751 39 3
302115749 30 4
302115747 4 7
302115739 0 1
302115728 3 0
302115726 32 1
302115725 6 4
302115721 6 2
302115720 29 1
302115717 3 0
302115715 15 2
302115711 17 0
302115709 0 0
302115707 5 11
302115702 728 4
302115699 637 3
302115697 39 6
302115696 19 0
302115692 2 1
302115690 1 0
302115688 6 1
302115682 1 0
302115677 7 3
302115673 4 0
302115672 0 2
302115663 45 0
302115658 2 4
302115655 3 0
302115646 0 0
302115645 9 2
302115644 8 2
302115643 3 6
302115642 16 0
302115640 0 0
302115639 1 0
302115637 11 0
302115633 5 5
302115632 9 0
302115631 1 0
302115630 1 0
302115626 4 24
302115623 14 6
302115620 8 1
302115618 36 7
302115614 19 4
302115611 2 1
302115607 7 26
302115605 20 6
302115604 1 4
302115601 6 1
302115600 1089 11
302115590 8 0
302115587 8 4
302115586 39 7
302115583 17 0
302115582 8 1
302115580 1 50
302115579 9 1
302115576 0 7
302115572 5 0
302115567 17 9
302115566 12 1
302115562 19 2
302115559 24 2
302115555 1374 6
302115554 4 6
302115551 13 2
302115549 11 3
302115545 0 0
302115543 3 1
302115536 5 9
302115534 8 2
302115531 0 0
302115528 1 0
302115527 766 167
302115525 24 2
302115524 6 0
302115523 241 7
302115522 0 1
302115517 12 1
302115514 3 4
302115512 3 0
302115508 12 0
302115506 7 3
302115505 5 0
302115504 10 1
302115503 1 0
302115501 1 0
302115500 0 0
302115499 341 2
302115496 7 0
302115494 2 1
302115492 2 6
302115490 6 3
302115489 6 2
302115487 228 8
302115485 693 13
302115483 7 0
302115481 14 1
302115477 15 5
302115476 6 0
302115475 3 8
302115474 1 0
302115471 0 2
302115467 3 1
302115466 15 1
302115464 0 1
302115462 0 1
302115459 3 1
302115457 13 3
302115456 4 25
302115454 0 1
302115451 0 1
302115445 19 2
302115441 0 3
302115440 20 6
302115436 11 2
302115434 26 4
302115431 10 0
302115430 7 3
302115429 5 10
302115427 2 3
302115426 1 0
302115424 2 6
302115423 4 3
302115422 9 3
302115419 1 0
302115418 6 3
302115416 1 0
302115415 0 0
302115409 3 1
302115404 1 0
302115403 12 0
302115399 1 0
302115397 16 19
302115393 20 2
302115390 331 3
302115386 13 25
302115383 1 0
302115382 15 0
302115381 5 0
302115376 8 0
302115373 11 4
302115371 8 2
302115370 6 1
302115368 0 0
302115367 12 1
302115366 0 0
302115365 0 0
302115362 8 0
302115360 4 9
302115356 23 1
302115353 29 1
302115349 16 18
302115344 3 2
302115343 11 4
302115341 12 3
302115335 498 8
302115333 1 1
302115332 0 1
302115331 9 1
302115330 3 6
302115329 3 9
302115327 0 0
302115326 25 2
302115319 23 3
302115318 29 1
302115315 7 2
302115309 39 5
302115299 4 13
302115298 4 13
302115297 5 12
302115288 14 1
302115286 0 1
302115283 17 6
302115280 1 1
302115279 9 1
302115278 0 1
302115273 0 2
302115271 0 5
302115267 5 1
302115266 6 1
302115264 0 1
302115263 3 7
302115257 2 2
302115247 4 2
302115242 25 2
302115241 12 3
302115230 20 2
302115219 18 3
302115216 7 2
302115215 0 1
302115213 4 9
302115212 0 1
302115211 27 3
302115210 4 2
302115207 0 1
302115201 0 1
302115200 0 0
302115196 1 2
302115192 14 3
302115190 1 1
302115189 581 5
302115188 7 1
302115187 3 1
302115185 6 2
302115180 17 8
302115175 12 0
302115173 443 6
302115170 17 6
302115168 10 4
302115164 8 0
302115163 7 1
302115161 513 10
302115158 1 1
302115154 8 0
302115153 6 2
302115152 2 6
302115145 5 1
302115144 32 1
302115142 2 0
302115141 2 1
302115140 1 1
302115138 14 1
302115130 1 3
302115129 1 2
302115128 14 1
302115126 5 2
302115125 10 4
302115121 720 33
302115120 8 0
302115116 9 3
302115114 6 6
302115113 1 0
302115102 10 0
302115100 1 0
302115099 4 3
302115097 5 3
302115093 11 1
302115088 0 1
302115083 1 1
302115080 6 0
302115078 1 0
302115075 10 0
302115074 1 0
302115073 3 8
302115071 7 2
302115069 5 3
302115067 0 1
302115066 18 2
302115058 0 1
302115057 15 0
302115056 20 0
302115051 0 19
302115050 1 0
302115047 0 0
302115043 35 0
302115038 13 12
302115037 4 43
302115033 3 0
302115031 19 3
302115030 2 4
302115027 20 1
302115026 2 0
302115024 1 0
302115022 14 2
302115011 10 1
302115010 13 5
302115009 22 0
302115004 1 11
302115003 7 3
302115002 738 13
302114998 8 4
302114993 2 0
302114991 11 4
302114990 1 14
302114988 5 12
302114987 759 18
302114986 0 1
302114975 3 1
302114972 1 3
302114971 3 0
302114962 2 0
302114961 13 19
302114959 1 17
302114957 9 2
302114947 6 2
302114941 5 45
302114939 3 9
302114938 7 1
302114937 17 2
302114934 13 4
302114932 12 1
302114928 4 23
302114927 8 0
302114919 2 0
302114918 60 29
302114917 0 0
302114913 7 2
302114910 6 0
302114908 0 0
302114907 22 3
302114906 8 0
302114900 0 3
302114896 4 3
302114895 17 1
302114891 0 0
302114883 19 9
302114880 30 6
302114879 2 0
302114876 9 6
302114872 21 3
302114869 13 0
302114868 4 2
302114865 1082 179
302114864 9 1
302114863 11 6
302114862 1101 27
302114860 865 10
302114857 7 0
302114854 14 35
302114853 11 0
302114847 12 1
302114841 0 0
302114840 5 0
302114839 3 20
302114837 17 2
302114836 15 4
302114835 11 0
302114830 8 1
302114825 1 0
302114818 1 12
302114815 3 1
302114810 7 0
302114807 6 0
302114806 8 2
302114805 13 4
302114804 7 4
302114803 5 1
302114802 8 1
302114799 14 1
302114792 17 0
302114791 1 2
302114790 0 7
302114788 582 4
302114772 15 9
302114769 9 13
302114767 8 1
302114766 9 1
302114757 7 2
302114751 5 28
302114750 0 0
302114744 5 0
302114741 1 1
302114740 1 0
302114738 0 0
302114734 2 0
302114733 5 0
302114728 2 0
302114719 1 1
302114710 16 1
302114708 5 1
302114707 12 7
302114705 0 0
302114697 368 5
302114694 14 0
302114689 7 0
302114688 0 1
302114687 6 0
302114686 0 0
302114685 1 0
302114684 5 0
302114678 10 2
302114677 12 4
302114676 3 20
302114670 2 15
302114667 6 0
302114665 0 0
302114648 1221 21
302114643 1 0
302114640 0 0
302114637 0 0
302114633 1 0
302114630 6 0
302114627 5 12
302114624 10 2
302114620 3 1
302114616 0 0
302114610 4 89
302114607 20 0
302114600 7 0
302114596 20 79
302114594 4 4
302114587 1 0
302114582 1 1
302114579 13 8
302114578 1 0
302114574 3 0
302114572 2 0
302114567 6 1
302114565 71 2
302114556 10 4
302114545 3 0
302114540 1 0
302114534 1 17
302114530 1787 158
302114526 3185 165
302114520 7 2
302114519 5 0
302114518 1 1
302114514 2 0
302114508 12 2
302114504 11 1
302114503 1 0
302114492 0 0
302114486 9 6
302114481 9 8
302114467 3 0
302114465 15 3
302114452 476 7
302114450 18 1
302114449 6 5
302114446 10 3
302114442 5 1
302114440 6 0
302114426 3 3
302114411 18 9
302114409 6 1
302114403 15 0
302114399 1218 6
302114397 28 0
302114393 27 0
302114390 1087 22
302114386 3 4
302114384 893 60
302114381 7 3
302114377 3 0
302114376 8 3
302114375 11 2
302114369 18 1
302114363 1 1
302114360 0 2
302114356 5 1
302114353 712 4
302114352 16 4
302114344 5 2
302114341 0 0
302114335 3 1
302114333 9 4
302114332 18 0
302114330 2 1
302114322 712 1
302114320 3 1
302114319 8 2
302114318 20 1
302114317 3 4
302114315 6 4
302114311 4 0
302114308 1012 17
302114305 3 0
302114304 1297 8
302114302 2 1
302114295 4 0
302114291 27 4
302114286 1686 16
302114285 5 1
302114284 1507 34
302114283 635 8
302114281 7 1
302114280 5 1
302114277 5 6
302114274 2 1
302114270 1 0
302114269 6 0
302114263 9 0
302114259 0 0
302114256 9 0
302114255 9 4
302114236 11 0
302114235 361 8
302114233 0 1
302114232 0 0
302114228 9 1
302114225 16 6
302114214 2 0
302114213 572 5
302114211 7 1
302114198 2 2
302114195 10 2
302114194 4 15
302114193 9 1
302114189 6 6
302114188 3 0
302114182 20 1
302114177 0 1
302114170 912 9
302114168 12 4
302114163 3 4
302114162 14 1
302114158 8 4
302114149 11 4
302114146 6 11
302114145 29 40
302114144 3 0
302114141 1 0
302114134 0 0
302114128 2 0
302114127 1 7
302114125 8 0
302114122 15 5
302114117 728 159
302114114 3 3
302114108 14 6
302114107 12 5
302114106 1 0
302114105 13 0
302114101 4 1
302114098 11 0
302114096 3 2
302114093 26 0
302114092 0 0
302114090 22 0
302114089 12 6
302114085 17 1
302114080 2 21
302114077 1 0
302114064 3 3
302114061 1 1
302114060 3 1
302114055 14 5
302114054 20 1
302114050 2 1
302114048 295 5
302114047 9 6
302114041 0 1
302114030 3 13
302114029 914 7
302114025 603 33
302114019 11 2
302114018 9 2
302114013 11 5
302114010 1 0
302114006 1033 10
302114005 20 2
302114001 2 0
302113997 747 29
302113996 3 2
302113995 5 0
302113994 13 11
302113990 8 1
302113989 1 0
302113988 6 0
302113986 18 1
302113981 8 15
302113971 1 0
302113959 1077 5
302113957 4 1
302113956 20 3
302113955 872 91
302113952 1 0
302113950 2 13
302113949 12 4
302113944 7 2
302113939 14 0
302113937 6 0
302113932 1 0
302113929 8 5
302113923 3 1
302113921 745 92
302113915 7 0
302113911 7 0
302113910 787 13
302113909 8 4
302113907 1 0
302113902 0 0
302113901 0 2
302113900 0 0
302113897 2 4
302113894 0 1
302113891 863 3
302113890 5 3
302113886 16 3
302113879 2 0
302113878 665 69
302113870 6 0
302113864 11 0
302113863 25 1
302113854 6 5
302113853 1481 100
302113852 5 1
302113848 1 1
302113842 9 3
302113840 1 0
302113838 11 0
302113837 5 1
302113836 0 1
302113835 16 3
302113831 2 1
302113829 6 0
302113824 9 1
302113823 6 1
302113819 1 0
302113818 5 3
302113817 11 1
302113816 8 1
302113814 18 1
302113812 0 3
302113810 1 1
302113807 5 0
302113806 6 0
302113798 948 23
302113794 7 0
302113792 2 1
302113790 0 0
302113789 0 0
302113780 1 0
302113771 11 4
302113768 6 4
302113766 7 1
302113763 19 4
302113760 19 8
302113758 2 5
302113751 5 0
302113749 7 1
302113748 7 2
302113740 7 2
302113739 0 0
302113735 13 6
302113731 3 14
302113723 10 7
302113722 9 1
302113720 1 0
302113711 7 2
302113710 2 42
302113709 0 4
302113707 9 5
302113705 732 13
302113704 4 0
302113700 2 1
302113699 376 8
302113694 0 0
302113692 6 0
302113689 11 0
302113684 6 7
302113683 6 6
302113682 10 6
302113680 1783 150
302113676 4 7
302113674 5 0
302113670 16 6
302113667 13 13
302113658 7 0
302113657 10 0
302113653 4 0
302113648 470 5
302113647 8 1
302113643 9 2
302113641 4 1
302113637 2 1
302113632 7 1
302113631 3 1
302113630 5 4
302113629 7 0
302113627 1 0
302113624 9 0
302113622 7 0
302113612 1 1
302113611 5 5
302113606 2 1
302113598 574 14
302113595 5 3
302113590 1346 10
302113587 0 0
302113586 2 3
302113578 5 1
302113573 8 0
302113569 5 1
302113568 0 0
302113567 18 0
302113564 14 6
302113563 1 0
302113558 13 2
302113555 0 0
302113549 2 4
302113546 1 0
302113542 0 0
302113539 3 0
302113532 6 3
302113531 949 17
302113530 8 23
302113528 15 2
302113526 1 1
302113524 0 0
302113523 5 0
302113521 4 0
302113516 0 1
302113515 12 3
302113514 15 2
302113513 9 1
302113512 12 0
302113511 6 11
302113510 6 0
302113508 3 2
302113507 10 0
302113505 6 0
302113500 0 0
302113496 4 6
302113495 0 17
302113489 61 28
302113488 0 0
302113487 5 5
302113481 7 2
302113480 1 0
302113479 1 2
302113473 10 0
302113469 2 0
302113467 0 0
302113460 11 0
302113458 10 0
302113454 4 1
302113450 6 1
302113449 12 1
302113436 19 9
302113434 6 0
302113432 12 0
302113430 3 0
302113428 6 2
302113426 2 0
302113423 1328 4
302113422 8 2
302113421 7 1
302113415 0 0
302113414 0 0
302113405 1546 59
302113404 8 4
302113396 3 0
302113393 3 5
302113392 14 0
302113391 11 21
302113389 4 0
302113386 6 2
302113385 6 0
302113383 0 0
302113374 9 16
302113373 1 0
302113372 972 19
302113370 20 1
302113367 2 0
302113359 9 3
302113346 4 0
302113345 1 0
302113337 4 8
302113334 6 14
302113329 12 1
302113324 11 2
302113320 4 4
302113319 542 4
302113315 18 2
302113309 6 33
302113307 0 0
302113291 10 1
302113288 12 3
302113286 6 42
302113283 1060 13
302113282 2 0
302113281 12 0
302113275 15 0
302113272 6 10
302113268 14 0
302113267 3 0
302113265 12 5
302113260 2 5
302113253 0 0
302113248 6 3
302113239 22 7
302113238 5 1
302113236 6 0
302113232 6 0
302113230 845 10
302113225 6 28
302113224 7 1
302113219 9 0
302113217 10 1
302113212 2 0
302113211 618 8
302113210 8 1
302113206 11 4
302113205 3 0
302113203 6 2
302113201 23 1
302113200 7 1
302113197 13 4
302113196 8 2
302113195 10 1
302113193 2 0
302113186 2 0
302113181 1 0
302113180 3 1
302113177 8 6
302113172 14 1
302113168 8 5
302113163 1533 20
302113155 10 0
302113153 5 0
302113151 10 0
302113150 4 0
302113145 8 1
302113138 2 2
302113134 7 1
302113133 6 5
302113131 1 6
302113130 6 8
302113129 10 2
302113128 1173 9
302113121 9 8
302113118 1 0
302113117 2 3
302113116 6 16
302113114 3 2
302113113 3 1
302113111 2 4
302113109 962 27
302113108 8 2
302113105 2 0
302113104 0 0
302113100 0 2
302113098 2 0
302113097 3 1
302113095 6 1
302113094 4 15
302113083 13 5
302113080 5 0
302113079 7 0
302113075 5 3
302113072 9 0
302113067 4 0
302113065 4 0
302113060 5 0
302113059 3 2
302113058 11 0
302113052 4 11
302113050 11 0
302113049 4 3
302113043 6 6
302113042 0 1
302113041 5 0
302113039 12 0
302113033 1 1
302113031 0 3
302113026 3 1
302113025 6 1
302113023 1357 11
302113015 8 1
302113012 9 0
302113011 0 0
302113010 6 1
302113008 9 0
302113005 3 0
302113004 1 3
302112998 0 5
302112995 4 0
302112991 1 2
302112986 8 2
302112984 5 3
302112982 0 0
302112981 2 3
302112977 12 0
302112972 9 0
302112971 1 1
302112959 0 0
302112958 5 2
302112956 5 1
302112955 3 1
302112954 1228 6
302112952 1 2
302112949 8 3
302112947 4 2
302112946 6 1
302112944 4 2
302112937 7 0
302112934 9 3
302112932 0 3
302112930 0 0
302112921 8 1
302112920 15 0
302112916 3 0
302112915 0 0
302112914 570 12
302112912 14 0
302112908 4 0
302112907 7 1
302112902 0 0
302112900 0 2
302112898 1 1
302112884 1 0
302112880 3 0
302112876 20 10
302112875 3 1
302112873 3 0
302112870 4 0
302112862 0 0
302112858 13 0
302112851 4 2
302112849 3 0
302112847 2 4
302112843 2 0
302112823 0 5
302112822 12 1
302112821 2 0
302112820 3 2
302112819 2 5
302112816 9 1
302112815 6 0
302112813 2 2
302112812 3 1
302112810 9 0
302112807 2 0
302112801 1 1
302112798 0 0
302112791 1 1
302112788 5 1
302112784 3 0
302112782 12 1
302112778 0 0
302112777 1 3
302112771 5 2
302112770 6 0
302112765 3 0
302112761 10 0
302112758 0 0
302112757 1 0
302112756 0 0
302112753 7 1
302112752 5 7
302112747 1 0
302112746 1850 29
302112745 0 0
302112741 5 0
302112734 11 1
302112729 1 6
302112726 5 6
302112723 0 1
302112721 301 17
302112709 2 10
302112707 8 10
302112705 11 1
302112704 0 0
302112699 6 4
302112696 0 0
302112692 6 1
302112684 3 1
302112682 4 1
302112681 9 0
302112678 673 24
302112675 20 5
302112669 2 0
302112667 905 17
302112662 2 0
302112661 1 0
302112657 4 0
302112653 1 0
302112649 6 2
302112637 2 0
302112634 5 3
302112633 5 5
302112630 8 2
302112629 1 0
302112626 4 1
302112625 2 0
302112624 5 1
302112623 9 0
302112619 3 1
302112612 4 0
302112611 9 1
302112608 2 0
302112602 5 0
302112600 0 0
302112598 0 0
302112596 8 0
302112589 0 0
302112578 7 0
302112571 1788 53
302112568 7 1
302112560 99 2
302112557 2 0
302112556 883 6
302112554 5 0
302112551 1185 12
302112547 12 0
302112546 9 0
302112543 3 0
302112541 3 2
302112537 4 2
302112526 1 2
302112521 8 0
302112512 9 2
302112510 10 4
302112509 2 0
302112501 4 0
302112500 2 0
302112496 1 2
302112491 21 0
302112489 10 0
302112487 2 1
302112485 1 0
302112477 1 1
302112467 0 1
302112465 1299 19
302112464 7 0
302112461 3 3
302112457 928 5
302112456 8 3
302112454 2 0
302112449 0 0
302112442 0 0
302112437 6 0
302112435 2 0
302112433 10 2
302112432 989 9
302112430 7 0
302112417 4 1
302112414 2 0
302112413 6 2
302112402 1 0
302112395 40 13
302112394 22 7
302112392 1 7
302112386 5 1
302112384 1 3
302112382 5 2
302112380 4 1
302112379 5 1
302112371 1 6
302112369 10 1
302112365 1 2
302112364 7 4
302112362 6 1
302112361 0 1
302112349 7 3
302112347 8 1
302112342 3303 61
302112333 4 1
302112324 2545 160
302112320 6 1
302112319 1 0
302112311 2 8
302112299 272 14
302112297 1 1
302112293 5 0
302112292 2 1
302112289 7 4
302112288 5 4
302112287 2 0
302112276 727 20
302112275 0 0
302112273 1 0
302112270 3031 163
302112268 13 2
302112264 5 0
302112255 4 4
302112254 2 0
302112249 10 0
302112243 0 0
302112242 5 5
302112241 4 0
302112237 3 0
302112236 0 0
302112235 4 0
302112234 1 0
302112230 693 5
302112225 6 0
302112222 1 0
302112220 7 0
302112218 1 3
302112213 0 0
302112212 5 2
302112210 1 1
302112208 6 5
302112204 9 0
302112197 2 0
302112194 4 2
302112191 8 1
302112190 5 0
302112181 5 3
302112180 5 1
302112177 3 0
302112176 0 0
302112171 8 0
302112164 1 0
302112161 2 2
302112154 4 2
302112147 4416 60
302112146 0 0
302112145 342 3
302112143 1 0
302112142 2 0
302112138 3 4
302112135 2 1
302112134 0 0
302112129 0 2
302112128 0 3
302112125 1 3
302112119 8 1
302112118 6 0
302112114 0 13
302112113 5 3
302112110 4 0
302112109 12 2
302112105 6 4
302112103 12 6
302112102 9 1
302112101 0 0
302112098 3 2
302112089 1 9
302112084 1 1
302112082 0 0
302112080 350 4
302112076 3 4
302112075 3 0
302112071 0 0
302112070 5 0
302112069 0 0
302112061 10 2
302112059 5 4
302112058 0 0
302112055 0 0
302112049 8 2
302112040 0 0
302112036 4 1
302112028 4 1
302112024 1 2
302112022 0 0
302112018 4 2
302112017 9 2
302112014 4263 86
302112012 6 1
302112010 0 2
302112006 3 1
302112004 5 1
302111999 7 0
302111997 1 1
302111993 8 3
302111992 11 0
302111989 0 1
302111984 12 0
302111983 1537 37
302111981 3 0
302111980 7 2
302111979 5 0
302111977 4 1
302111973 1 1
302111971 6 0
302111951 2 0
302111947 6 0
302111937 4161 143
302111932 0 1
302111927 10 1
302111914 2 0
302111913 8 2
302111907 4 0
302111903 3 2
302111902 0 0
302111901 2 1
302111899 4 1
302111898 8 2
302111897 6 1
302111896 10 0
302111887 0 0
302111884 0 0
302111883 0 1
302111882 0 0
302111880 8 2
302111877 6 1
302111874 12 2
302111873 13 0
302111871 7 0
302111870 0 0
302111868 1 0
302111867 1 3
302111865 6397 356
302111850 11 1
302111845 0 1
302111830 3 2
302111826 1796 103
302111821 11 2
302111813 11 3
302111812 6 1
302111811 8 1
302111810 877 265
302111804 2 0
302111803 0 2
302111801 1 0
302111795 8 1
302111792 3 1
302111789 10 1
302111787 8 0
302111786 12 2
302111784 4 3
302111782 2 2
302111777 0 1
302111774 5 3
302111772 3 2
302111771 0 1
302111763 0 1
302111755 1 2
302111754 2 2
302111749 1 2
302111745 6 1
302111742 1 1
302111738 8 2
302111730 487 17
302111728 1 2
302111726 5 3
302111722 5 3
302111719 1 0
302111714 2 6
302111713 1 1
302111712 0 0
302111710 3 2
302111709 2 1
302111708 3 0
302111697 0 0
302111696 0 0
302111691 5 3
302111688 0 1
302111687 2 1
302111683 5 1
302111681 9 2
302111673 0 0
302111672 7 1
302111671 5 2
302111670 14 3
302111669 7 1
302111668 3 2
302111667 6 0
302111666 0 2
302111665 7 2
302111663 0 0
302111660 0 0
302111659 0 0
302111658 1 0
302111657 3 5
302111656 3 1
302111655 10 2
302111654 7 2
302111650 4 0
302111648 1 1
302111647 818 31
302111646 4 0
302111644 6 2
302111643 4 0
302111637 6 4
302111636 6449 114
302111634 5 0
302111632 3 1
302111631 1 0
302111627 5638 50
302111626 2 0
302111624 0 0
302111623 0 0
302111621 7 4
302111618 0 1
302111617 1 0
302111615 376 31
302111614 3 1
302111612 0 1
302111607 0 1
302111604 3 4
302111601 2 3
302111598 3 1
302111597 3 2
302111596 7 4
302111594 1 1
302111593 2763 120
302111592 27 7
302111591 6792 159
302111585 13 3
302111584 1 2
302111581 7 4
302111580 0 1
302111577 7 3
302111576 0 2
302111573 1 3
302111571 3 2
302111568 1 2
302111567 0 1
302111566 1471 13
302111562 7 2
302111556 10 2
302111548 2 2
302111546 0 1
302111545 2 2
302111542 4188 60
302111541 6 4
302111539 2 2
302111538 0 1
302111536 2 5
302111532 1 2
302111529 1 3
302111526 3 1
302111524 0 1
302111523 0 1
302111521 5 2
302111517 0 1
302111515 0 0
302111514 6 7
302111512 5 3
302111510 0 0
302111509 1020 8
302111507 10 2
302111504 0 1
302111503 0 0
302111499 10 0
302111498 1 27
302111496 4 2
302111494 2 0
302111493 11 4
302111491 2 0
302111490 4 5
302111486 5 16
302111484 0 0
302111478 0 1
302111477 1 1
302111476 2 0
302111475 0 0
302111474 2 4
302111472 3 0
302111469 7242 142
302111467 13 6
302111466 0 0
302111465 10 3
302111464 0 1
302111463 1 0
302111462 0 0
302111461 10 3
302111458 1 1
302111457 5 4
302111455 0 0
302111454 7 4
302111453 1 2
302111450 1045 15
302111448 2530 55
302111447 2 2
302111443 3 4
302111442 4 3
302111438 0 0
302111437 2 0
302111436 5 2
302111435 12 3
302111434 2 2
302111433 0 0
302111432 1 0
302111430 1 0
302111429 4 2
302111428 5 2
302111425 1 1
302111424 0 0
302111417 2 6
302111416 2 3
302111414 2 8
302111413 11 4
302111410 1 3
302111409 4 3
302111407 0 2
302111405 6 6
302111404 0 2
302111403 5 6
302111401 2 4
302111400 4 3
302111399 4 1
302111398 2 4
302111394 3 0
302111393 3 0
302111391 0 2
302111390 0 0
302111389 2 3
302111388 10 2
302111387 1 0
302111386 3 0
302111385 2 0
302111383 2 2
302111381 3 2
302111379 1 1
302111376 0 0
302111375 4 3
302111374 4 1
302111373 4 2
302111371 3 4
302111369 2 1
302111366 4 17
302111365 7 2
302111364 1 0
302111363 6 3
302111362 0 0
302111360 0 0
302111359 3 1
302111358 1 0
302111357 3 1
302111355 0 0
302111353 7 3
302111352 11 2
302111348 0 1
302111346 1 0
302111345 1 1
302111342 2 2
302111341 0 0
302111340 3 1
302111338 6 2
302111337 0 1
302111335 0 3
302111334 10 40
302111333 3 2
302111331 1 1
302111329 1 7
302111328 2 1
302111325 4 1
302111324 6 4
302111323 2 2
302111322 3 3
302111320 4 2
302111319 2 3
302111318 0 2
302111316 0 1
302111315 2 5
302111314 0 1
302111313 2 1
302111312 2 2
302111311 4 9
302111310 1 4
302111309 0 2
302111308 0 0
302111307 2 2
302111306 4 4
302111304 0 1
302111303 0 1
302111302 0 0
302111300 3 2
302111298 2 3
302111297 0 1
302111296 0 1
302111293 1 0
302111292 8 3
302111291 8 4
302111289 1 0
302111288 1 0
302111287 0 0
302111284 2 0
302111282 0 2
302111280 5 4
302111279 0 0
302111277 2 0
302111276 2 1
302111275 2 0
302111274 5 3
302111272 3 0
302111271 0 1
302111270 4 4
302111266 0 1
302111265 0 0
302111264 1 0
302111263 0 0
302111261 1 0
302111260 2 1
302111259 0 1
302111258 0 0
302111257 0 0
302111256 2 0
302111255 1 3
302111254 1 0
302111253 1 0
302111252 0 0
302111251 5 3
302111249 0 6
302111247 1 2
302111246 8 7
302111245 1 1
302111244 0 2
302111243 2 1
302111242 0 1
302111241 0 2
302111240 3 4
302111238 1 1
302111236 0 3
302111235 0 0
302111232 0 3
302111231 0 0
302111230 3 0
302111229 0 2
302111228 4 1
302111227 4 2
302111226 1 2
302111224 1 0
302111222 1 3
302111218 1 0
302111217 7 1
302111216 2 2
302111215 1 0
302111213 0 0
302111212 7 2
302111211 1 0
302111210 1 0
302111207 0 3
302111205 1 0
302111203 0 1
302111201 1 0
302111200 1 1
302111199 0 0
302111198 0 3
302111197 1 4
302111196 0 3
302111195 0 0
302111194 0 0
302111193 0 0
302111192 0 0
