303954183 0 0
303949815 1 0
303941606 0 0
303857765 0 0
303742498 1 0
303742458 1 0
303741159 0 0
303738003 0 0
303737995 3 0
303737807 1 1
303731162 3 0
303671763 0 0
303670950 0 0
303665680 0 1
303665272 0 0
303663499 1 0
303618840 1 0
303618838 8 0
303587490 0 0
303586970 0 0
303448130 1 0
303446559 3 0
303415033 0 0
303326017 1 0
303283081 8 0
303250269 0 0
303162574 3 0
303161924 6 0
302988354 0 0
302988352 0 1
302986882 6 4
302976958 0 0
302890561 0 0
302881512 1 1
302870994 1 27
302818887 6 3
302818474 4 1
302818366 0 0
302817357 1 0
302816540 2 0
302816220 11 1
302812834 6 0
302807437 9 0
302776194 0 0
302744336 1 3
302731010 6 1
302731008 14 1
302730780 5 0
302730467 1 0
302729527 5 0
302729259 1 0
302729254 2 0
302728697 0 1
302725341 6 0
302724513 3 0
302722321 3 0
302685223 1 0
302663405 0 0
302645403 5 2
302643200 6 0
302635798 2 9
302622864 2 0
302599205 0 0
302523623 16 3
302517825 5 9
302492191 16 1
302492174 18 0
302492107 22 11
302478018 6 1
302402337 9 4
302400083 0 5
302397190 0 0
302359622 11 11
302326368 6 0
302316779 0 0
302316671 17 21
302305244 7 3
302274175 34 3
302274148 1 0
302258467 2 3
302238453 1 1
302237831 14 0
302237814 2 0
302237422 1 0
302231726 20 1
302231434 0 0
302230687 7 0
302230677 40 0
302175823 4 0
302175821 1 0
302175496 5 0
302175333 11 0
302174633 8 0
302173349 1 0
302164443 0 0
302163480 4 0
302125263 48 0
302123434 2 1
302117377 11 0
302117353 0 0
302117001 11 0
302110522 4 1
302093087 6 0
302078586 0 0
302078519 34 1
302078513 4 0
302078421 8 2
302078415 13 0
302078404 24 1
302078277 7 0
302077951 3 2
302073703 10 2
302072016 6 0
302070443 0 0
302070157 8 0
302070037 0 0
302069378 63 2
302049791 22 3
302049788 18 3
302049146 1 0
302035514 7 1
302034863 20 0
302034706 0 0
302032190 1 0
302032189 1 0
302031451 13 18
302030754 1 0
302030063 16 6
302029946 0 0
302029936 0 0
302028487 15 12
302018243 12 1
302018202 6 0
302017847 5 0
302015148 0 0
301976263 12 4
301971093 19 1
301970330 36 1
301967385 4 1
301967266 21 0
301967010 0 0
301966749 6 0
301966641 0 0
301966296 52 2
301965036 9 4
301964622 0 0
301964104 5 1
301961731 6 17
301959344 6 0
301956929 1 6
301951799 0 5
301950516 0 0
301943875 5 1
301942873 1 0
301935916 4 0
301927582 34 0
301921363 2 6
301920608 1 10
301920455 0 0
301920371 1 3
301920344 2 5
301920125 0 0
301920065 61 2
301920052 36 0
301919725 3 16
301919461 4 0
301919303 6 2
301919289 6 1
301918438 0 0
301918295 8 13
301918283 12 1
301918222 5 1
301917452 9 2
301916496 1 11
301915349 0 0
301915330 5 0
301915329 5 3
301914871 1 0
301914336 0 14
301914335 0 12
301914277 1 1
301914268 5 1
301914141 2 0
301914056 2 0
301913558 14 1
301913083 0 0
301912977 10 2
301912928 5 1
301912861 0 0
301912770 8 5
301912729 3 1
301912681 2 0
301912675 3 3
301912633 1 0
301912608 41 0
301912604 4 30
301912439 8 3
301912062 1 0
301911991 0 0
301911986 0 0
301911945 2 3
301911898 13 2
301911757 4 1
301911644 3 1
301911074 2 0
301910643 4 0
301910579 53 0
301910016 0 0
301909983 2 1
301909700 9 2
301907914 57 0
301904110 9 4
301904022 20 2
301901047 20 1
301900969 13 2
301894730 2 2
301894642 0 2
301893176 1 1
301892819 3 2
301890072 64 41
301888290 12 0
301888275 1 0
301888259 8 1
301887245 11 1
301881545 12 1
301881362 0 0
301879913 0 0
301878288 8 16
301878036 0 0
301877992 23 0
301877991 57 2
301875203 7 2
301875201 5 84
301874430 0 1
301874247 0 0
301871698 1 2
301870952 1 1
301869731 5 0
301866602 7 3
301866361 16 57
301865358 4 0
301864551 31 7
301864501 7 0
301864491 1 0
301864431 2 8
301864416 12 3
301864393 3 89
301864389 1 89
301864382 23 2
301864331 50 26
301864298 28 10
301864294 7 1
301864282 12 2
301864277 34 13
301864271 73 1
301864270 0 0
301864251 0 0
301864232 0 0
301864226 10 1
301864189 2 0
301864187 0 2
301864152 7 0
301864113 0 0
301864091 8 2
301864054 3 1
301864002 1 0
301863942 1 0
301863929 0 2
301863920 1 0
301863900 0 0
301863899 0 0
301863888 3 2
301863881 8 48
301863880 28 15
301863870 1 0
301863867 1 0
301863798 1 0
301863797 8 0
301863761 0 2
301863688 0 0
301863670 2 0
301863664 0 0
301863554 29 9
301863519 3 1
301863501 11 2
301863491 7 0
301863463 10 3
301863438 0 2
301863424 21 1
301863364 1 0
301863333 0 0
301863304 1 0
301863242 0 0
301863191 2 0
301863165 3 0
301863162 1 5
301863133 4 0
301863053 26 2
301863045 23 8
301863037 1 0
301863032 3 1
301863001 0 0
301862957 9 0
301862951 10 18
301862921 12 1
301862869 22 1
301862838 5 1
301862837 3 1
301862829 0 0
301862827 32 2
301862739 11 3
301862688 1 2
301862636 1 0
301862555 7 35
301862498 3 0
301862473 33 0
301862268 9 25
301862238 7 3
301862217 1 0
301862118 8 0
301862116 2 1
301862100 54 1
301862095 1 1
301861895 3 2
301861488 0 1
301861481 0 0
301861472 2 6
301861471 0 2
301861444 0 0
301861436 20 1
301861431 4 1
301861425 0 0
301861424 0 0
301861422 0 3
301861415 1 0
301861385 0 0
301861383 5 4
301861380 7 0
301861379 7 2
301861365 4 2
301861361 1 1
301861338 6 3
301861335 0 8
301861324 5 7
301861304 51 11
301861301 117 4
301861300 57 4
301861297 27 2
301861276 0 0
301861262 3 5
301861235 4 1
301861233 35 1
301861225 0 0
301861215 0 1
301861213 0 0
301861198 1 6
301861184 0 0
301861166 0 2
301861160 11 2
301861147 13 2
301861138 0 3
301861131 0 0
301861125 3 1
301861098 6 4
301861070 0 0
301861067 0 0
301861053 5 0
301861044 0 0
301861034 10 13
301861019 3 1
301861011 4 1
301861000 0 0
301860999 4 3
301860996 1 0
301860989 0 0
301860986 14 2
301860978 0 1
301860962 0 0
301860940 13 94
301860928 1 4
301860918 0 0
301860888 1 0
301860884 2 1
301860870 5 1
301860864 4 14
301860843 22 7
301860837 0 0
301860829 0 0
301860828 10 4
301860821 44 5
301860819 17 27
301860810 67 0
301860806 0 0
301860783 10 16
301860776 2 1
301860775 9 3
301860771 1 0
301860767 0 0
301860766 1 0
301860762 19 3
301860760 68 1
301860759 0 0
301860738 17 30
301860737 0 0
301860735 5 5
301860730 0 0
301860726 17 4
301860725 1 67
301860720 3 1
301860710 9 3
301860699 8 2
301860693 5 3
301860689 1 2
301860683 0 2
301860681 47 2
301860676 28 1
301860666 1 1
301860652 7 4
301860630 12 9
301860629 2 2
301860627 7 17
301860616 0 1
301860615 19 9
301860611 29 1
301860606 8 47
301860601 2 17
301860598 6 36
301860592 1 1
301860589 29 5
301860587 0 4
301860585 55 6
301860580 1 1
301860578 7 2
301860576 3 5
301860575 1 1
301860567 9 1
301860563 15 4
301860557 0 1
301860548 4 31
301860546 0 2
301860525 0 0
301860520 0 2
301860516 1 1
301860510 10 0
301860509 1 39
301860507 0 0
301860506 7 0
301860499 5 16
301860494 1 1
301860493 3 0
301860477 1 2
301860466 5 0
301860455 8 2
301860447 0 1
301860442 8 41
301860441 1 1
301860427 0 3
301860426 0 0
301860422 0 1
301860420 0 2
301860414 9 32
301860398 9 1
301860396 10 2
301860393 7 3
301860377 0 2
301860376 4 41
301860373 2 0
301860372 0 5
301860371 4 2
301860369 18 6
301860367 0 1
301860366 1 4
301860360 2 34
301860355 14 3
301860352 0 0
301860351 3 3
301860349 31 32
301860342 3 33
301860335 1 0
301860322 10 23
301860321 18 1
301860307 27 9
301860299 0 0
301860283 21 1
301860275 0 3
301860267 0 1
301860266 43 1
301860264 2 9
301860263 0 1
301860262 0 0
301860258 0 0
301860256 2 17
301860250 15 1
301860243 7 1
301860235 9 3
301860233 9 3
301860232 1 0
301860220 5 4
301860218 0 0
301860211 1 0
301860199 12 0
301860179 1 0
301860146 0 0
301860130 1 2
301860125 0 5
301860118 38 5
301860117 19 6
301860115 1 5
301860112 1 5
301860111 1 4
301860101 2 0
301860098 5 85
301860094 14 3
301860093 10 31
301860090 3 1
301860073 2 0
301860072 0 0
301860071 2 0
301860068 0 4
301860064 0 4
301860059 25 1
301860057 36 0
301860048 0 5
301860043 0 7
301860041 1 6
301860040 1 6
301860039 1 7
301860036 1 7
301860033 1 7
301860031 1 9
301860029 0 5
301860025 0 1
301860009 0 3
301860005 6 7
301859994 26 2
301859987 23 1
301859984 1 0
301859972 0 1
301859964 18 2
301859939 6 44
301859935 0 6
301859931 0 2
301859927 1 0
301859925 11 0
301859924 7 3
301859918 18 17
301859913 0 5
301859907 13 1
301859878 13 1
301859867 14 1
301859866 34 7
301859865 0 0
301859858 0 5
301859850 1 1
301859849 19 15
301859843 15 2
301859840 0 0
301859829 13 6
301859825 29 7
301859813 1 0
301859804 4 19
301859802 3 0
301859796 0 0
301859779 5 2
301859776 0 0
301859774 5 0
301859771 6 3
301859770 8 2
301859769 1 0
301859762 3 12
301859751 6 6
301859750 3 4
301859749 26 4
301859748 0 0
301859746 19 0
301859742 5 12
301859739 3 7
301859733 6 16
301859712 6 2
301859690 0 3
301859688 8 12
301859686 1 4
301859685 12 6
301859679 36 6
301859660 12 3
301859653 0 2
301859647 0 2
301859646 8 4
301859632 0 1
301859631 0 34
301859630 0 6
301859628 1 6
301859625 25 4
301859615 1 3
301859610 1 1
301859609 7 10
301859608 5 21
301859605 0 4
301859587 5 0
301859586 5 3
301859577 0 0
301859572 1 0
301859567 2 0
301859566 3 63
301859549 2 0
301859546 5 2
301859539 6 4
301859533 11 3
301859532 4 0
301859531 13 18
301859524 25 0
301859506 27 1
301859503 5 1
301859496 1 1
301859484 9 1
301859483 10 14
301859482 5 0
301859472 11 102
301859467 2 1
301859459 4 1
301859445 23 3
301859437 3 2
301859435 5 1
301859432 9 4
301859428 17 3
301859425 12 2
301859421 41 0
301859419 3 0
301859412 52 13
301859406 49 17
301859404 4 5
301859401 33 0
301859398 0 0
301859392 21 0
301859390 65 4
301859389 2 2
301859388 32 0
301859382 15 61
301859381 17 3
301859380 35 0
301859375 6 2
301859366 37 13
301859346 0 0
301859333 7 1
301859332 8 1
301859331 5 2
301859328 8 17
301859326 26 24
301859325 1 0
301859319 1 1
301859317 21 17
301859316 3 0
301859315 42 1
301859305 2 1
301859304 6 1
301859302 10 13
301859301 3 1
301859290 19 3
301859289 13 1
301859285 15 4
301859284 3 2
301859283 2 11
301859278 5 2
301859277 0 0
301859275 1 0
301859274 7 1
301859272 0 3
301859271 3 1
301859267 1 1
301859264 1 0
301859263 5 0
301859257 11 0
301859250 1 1
301859241 2 0
301859234 1 0
301859232 1 0
301859230 7 4
301859227 2 16
301859226 0 0
301859222 0 0
301859221 3 3
301859219 12 14
301859215 3 0
301859208 2 10
301859194 0 2
301859189 27 0
301859188 1 1
301859186 2 27
301859184 1 0
301859182 1 0
301859179 0 2
301859177 3 0
301859174 2 2
301859171 0 0
301859163 4 37
301859152 1 5
301859151 16 3
301859147 1 1
301859143 2 4
301859141 4 0
301859138 14 28
301859132 2 0
301859131 28 5
301859129 41 4
301859121 5 0
301859119 34 3
301859116 21 0
301859102 2 1
301859100 2 1
301859095 18 2
301859092 17 8
301859090 2 2
301859087 1 4
301859070 1 2
301859069 21 0
301859068 40 18
301859063 0 5
301859062 0 4
301859060 1 1
301859059 99 12
301859055 1 0
301859054 7 4
301859051 7 8
301859035 0 1
301859030 1 1
301859028 4 2
301859024 5 31
301859020 0 0
301859011 3 1
301859005 2 0
301859004 28 26
301858998 4 42
301858997 4 12
301858994 14 1
301858991 3 0
301858981 12 1
301858976 6 0
301858966 8 48
301858965 5 0
301858959 22 3
301858952 10 40
301858948 4 7
301858942 4 1
301858929 10 22
301858928 9 32
301858927 0 2
301858923 24 2
301858918 1 0
301858908 54 4
301858907 23 0
301858906 3 0
301858905 4 0
301858902 0 1
301858897 9 0
301858896 50 1
301858895 7 43
301858892 0 0
301858890 1 0
301858889 19 2
301858884 7 0
301858883 11 4
301858882 4 11
301858880 15 5
301858879 37 0
301858878 2 39
301858877 9 2
301858876 3 3
301858875 4 2
301858870 4 0
301858868 0 2
301858862 5 13
301858857 15 17
301858851 16 4
301858850 1 0
301858849 2 12
301858848 3 0
301858847 6 32
301858846 1 5
301858843 17 3
301858841 1 7
301858835 0 0
301858833 0 0
301858822 0 0
301858811 0 0
301858809 1 0
301858805 10 37
301858799 0 0
301858798 1 0
301858794 1 1
301858788 0 0
301858787 0 0
301858786 7 1
301858784 33 2
301858782 1 0
301858781 10 53
301858777 0 0
301858776 7 24
301858775 16 9
301858769 15 7
301858766 11 19
301858762 23 43
301858755 8 12
301858753 38 30
301858746 1 0
301858742 5 2
301858738 57 1
301858733 21 1
301858731 27 2
301858721 0 0
301858720 35 1
301858719 16 17
301858718 20 2
301858715 21 6
301858710 62 1
301858708 44 1
301858705 1 1
301858703 7 13
301858697 26 0
301858693 11 24
301858688 0 2
301858683 17 2
301858680 1 2
301858676 9 0
301858675 97 11
301858674 1 0
301858673 1 0
301858665 0 3
301858662 5 32
301858656 4 2
301858654 8 0
301858650 6 2
301858646 17 0
301858633 0 0
301858625 23 8
301858616 6 43
301858608 233 6
301858606 5 1
301858599 0 0
301858594 2 0
301858590 2 0
301858588 2 0
301858586 7 1
301858584 18 0
301858583 8 17
301858580 0 3
301858578 28 1
301858577 4 31
301858574 21 4
301858571 18 3
301858569 0 0
301858566 0 0
301858565 25 8
301858560 3 1
301858557 3 34
301858555 1 0
301858545 0 0
301858538 1 0
301858527 11 33
301858525 7 36
301858519 7 18
301858518 3 0
301858514 5 5
301858513 9 0
301858512 0 0
301858510 4 38
301858502 8 4
301858500 3 0
301858494 1 37
301858493 1 0
301858491 6 40
301858489 0 0
301858488 9 1
301858486 1 0
301858485 1 0
301858481 8 1
301858478 3 1
301858475 5 1
301858474 0 0
301858470 0 2
301858467 7 3
301858465 1 1
301858463 1 32
301858452 0 0
301858451 7 49
301858438 33 19
301858429 2 0
301858423 14 37
301858419 28 3
301858415 7 49
301858411 28 0
301858409 24 3
301858389 0 5
301858385 2 1
301858384 0 1
301858381 5 50
301858378 0 0
301858377 5 3
301858376 1 4
301858373 17 0
301858372 9 0
301858369 19 2
301858368 5 1
301858366 0 7
301858352 11 4
301858349 0 6
301858343 7 3
301858336 0 0
301858335 10 1
301858333 54 2
301858332 1 0
301858331 32 9
301858327 0 0
301858323 7 1
301858320 25 0
301858319 23 0
301858318 0 1
301858299 23 0
301858295 5 94
301858286 0 0
301858281 2 1
301858278 56 0
301858254 21 11
301858246 0 11
301858241 41 2
301858236 7 0
301858220 24 6
301858215 53 0
301858214 15 2
301858209 9 49
301858206 23 5
301858203 7 23
301858196 1 6
301858195 0 6
301858194 13 16
301858191 8 3
301858190 56 3
301858176 35 2
301858172 9 74
301858167 3 8
301858166 2 3
301858165 8 46
301858164 1 2
301858163 5 66
301858161 4 0
301858152 6 45
301858146 20 5
301858143 3 0
301858142 1 5
301858133 7 0
301858131 5 9
301858128 0 1
301858125 5 13
301858122 11 10
301858117 4 2
301858113 0 6
301858109 1 1
301858107 2 33
301858103 1 4
301858094 3 1
301858087 7 2
301858086 1 3
301858083 7 34
301858080 5 35
301858077 2 19
301858076 2 16
301858073 3 0
301858067 0 6
301858064 46 0
301858061 2 1
301858057 7 4
301858055 2 2
301858053 5 62
301858052 4 53
301858051 2 57
301858046 0 5
301858041 41 3
301858040 4 1
301858039 7 0
301858035 20 24
301858033 53 0
301858031 33 1
301858030 12 1
301858028 15 10
301858026 29 1
301858022 16 40
301858018 0 2
301858015 2 25
301858009 23 28
301858006 0 1
301858005 48 9
301858001 0 0
301857996 3 0
301857990 2 12
301857984 0 2
301857972 40 3
301857970 55 6
301857968 7 2
301857965 3 3
301857960 2 1
301857959 0 2
301857954 36 0
301857953 25 1
301857952 4 4
301857951 0 2
301857946 38 1
301857943 2 2
301857938 1 7
301857932 10 25
301857931 9 1
301857930 8 1
301857929 4 3
301857920 4 22
301857908 8 19
301857905 3 52
301857904 1 4
301857901 1 4
301857896 3 0
301857889 3 0
301857888 6 35
301857887 6 8
301857879 3 0
301857876 15 22
301857869 2 52
301857862 0 3
301857858 12 66
301857855 0 0
301857848 163 7
301857840 19 0
301857834 4 0
301857831 10 1
301857825 7 33
301857823 66 3
301857813 2 0
301857806 0 0
301857805 0 0
301857802 24 1
301857796 0 0
301857794 4 1
301857793 0 0
301857790 48 17
301857787 20 4
301857786 0 0
301857783 13 4
301857781 20 8
301857771 7 9
301857767 6 64
301857763 11 4
301857758 14 5
301857755 5 70
301857752 7 4
301857747 10 1
301857742 3 4
301857741 26 1
301857740 23 3
301857738 1 1
301857737 3 39
301857736 5 41
301857733 17 5
301857731 29 2
301857724 3 21
301857713 10 11
301857706 26 13
301857704 6 2
301857699 3 2
301857695 6 0
301857694 18 4
301857691 0 0
301857686 0 1
301857685 31 7
301857679 4 0
301857677 9 39
301857676 5 18
301857675 8 1
301857673 9 2
301857671 1 1
301857666 15 0
301857660 0 0
301857655 58 20
301857640 16 2
301857636 1 0
301857632 7 2
301857630 13 21
301857626 36 1
301857625 27 4
301857622 5 56
301857615 19 8
301857612 38 3
301857611 53 1
301857610 4 0
301857608 2 1
301857605 3 2
301857602 34 5
301857598 0 0
301857597 7 18
301857592 10 54
301857591 4 93
301857587 2 6
301857580 3 1
301857578 27 26
301857577 0 0
301857576 17 0
301857574 2 0
301857569 6 26
301857567 1 3
301857554 0 1
301857553 0 19
301857549 19 1
301857548 4 89
301857546 0 0
301857542 3 8
301857541 17 4
301857534 5 0
301857533 4 124
301857530 65 28
301857525 17 0
301857523 1 0
301857513 4 2
301857510 3 6
301857499 2 0
301857498 2 0
301857493 24 5
301857490 0 0
301857486 98 3
301857484 7 2
301857480 2 2
301857474 5 0
301857472 1 2
301857469 3 7
301857468 1 0
301857467 6 0
301857464 0 0
301857463 28 3
301857457 1 0
301857456 108 14
301857454 13 8
301857446 27 9
301857442 20 1
301857432 29 2
301857426 61 35
301857424 15 8
301857422 0 0
301857416 4 134
301857413 22 1
301857411 0 1
301857409 1 0
301857405 1 2
301857398 177 1
301857393 18 3
301857387 22 1
301857386 5 2
301857373 18 4
301857372 31 7
301857370 8 0
301857369 9 75
301857368 3 0
301857364 156 0
301857359 6 45
301857358 14 2
301857357 106 7
301857352 1 0
301857350 6 0
301857349 12 9
301857348 1 1
301857345 31 5
301857344 10 2
301857337 25 4
301857336 9 1
301857334 37 4
301857333 0 0
301857330 2 0
301857327 22 2
301857326 3 0
301857323 0 1
301857316 1 5
301857315 11 19
301857314 2 4
301857312 65 12
301857306 16 2
301857305 7 1
301857304 12 2
301857301 12 7
301857300 2 0
301857299 21 1
301857288 3 0
301857286 8 56
301857285 3 30
301857283 1 0
301857282 4 0
301857281 25 4
301857278 6 3
301857275 1 0
301857274 0 0
301857273 3 14
301857267 16 79
301857264 1 0
301857263 0 0
301857254 33 4
301857253 0 0
301857252 13 2
301857239 6 1
301857235 33 4
301857232 0 3
301857231 0 0
301857225 1 5
301857220 1 1
301857219 34 3
301857213 10 10
301857210 1 3
301857206 1 3
301857194 22 7
301857191 7 3
301857190 51 14
301857188 26 4
301857179 5 0
301857178 1 0
301857174 28 1
301857173 12 3
301857168 8 85
301857163 5 1
301857162 17 0
301857161 2 0
301857160 6 4
301857158 0 4
301857151 16 11
301857145 4 1
301857141 2 3
301857137 81 1
301857134 3 75
301857130 25 4
301857128 1 1
301857127 5 1
301857126 4 17
301857124 12 5
301857122 20 18
301857116 0 0
301857115 3 0
301857114 5 0
301857108 6 3
301857106 1 0
301857105 0 0
301857104 7 2
301857097 53 1
301857095 74 0
301857092 8 58
301857091 3 76
301857087 1 1
301857081 0 1
301857080 0 0
301857079 1 6
301857075 32 0
301857074 8 5
301857072 0 1
301857070 1 0
301857069 0 0
301857068 8 3
301857063 0 0
301857061 23 0
301857054 3 3
301857045 4 82
301857044 11 1
301857041 2 8
301857037 16 27
301857035 37 4
301857027 14 33
301857026 3 6
301857016 19 11
301857010 0 0
301857002 5 3
301857001 6 3
301856995 0 0
301856989 3 72
301856987 14 1
301856985 2 0
301856978 15 29
301856977 0 0
301856974 12 0
301856972 0 1
301856970 0 0
301856969 2 0
301856968 2 82
301856967 5 0
301856966 7 1
301856964 246 8
301856963 0 0
301856960 9 0
301856956 15 17
301856953 1 0
301856948 17 19
301856940 8 3
301856938 0 2
301856933 4 1
301856931 1 1
301856916 7 1
301856913 2 1
301856907 8 3
301856906 8 0
301856904 0 1
301856896 0 0
301856894 11 34
301856889 11 1
301856878 23 2
301856871 3 1
301856858 0 0
301856856 1 1
301856852 0 2
301856851 0 0
301856850 0 0
301856849 27 1
301856848 5 1
301856846 172 10
301856837 16 1
301856836 7 1
301856828 2 12
301856825 2 0
301856821 34 0
301856819 3 2
301856802 6 2
301856797 0 0
301856782 8 1
301856779 0 1
301856774 0 0
301856770 1 4
301856755 4 0
301856748 212 6
301856745 303 5
301856737 3 0
301856734 10 4
301856730 5 2
301856727 5 1
301856723 15 1
301856721 3 21
301856720 3 1
301856717 47 1
301856716 1 0
301856714 33 0
301856710 4 0
301856705 9 1
301856703 2 102
301856700 2 0
301856694 1 0
301856693 0 0
301856687 6 0
301856681 2 0
301856670 0 0
301856651 3 4
301856650 0 0
301856649 12 11
301856644 4 0
301856641 231 2
301856634 6 0
301856625 2 0
301856616 12 11
301856610 0 0
301856591 17 0
301856590 12 6
301856584 41 2
301856582 0 0
301856581 6 42
301856565 34 2
301856559 8 42
301856555 33 0
301856548 21 0
301856544 0 0
301856532 44 3
301856530 0 0
301856528 6 3
301856526 12 11
301856518 51 19
301856515 0 0
301856501 13 0
301856486 0 0
301856477 2 0
301856476 12 0
301856474 0 0
301856473 13 0
301856470 0 0
301856466 19 11
301856456 0 0
301856455 3 2
301856450 0 9
301856446 13 2
301856445 12 1
301856431 2 0
301856424 7 77
301856419 504 7
301856416 6 1
301856414 8 2
301856413 5 1
301856412 12 1
301856410 0 0
301856405 27 2
301856403 29 9
301856402 0 0
301856401 3 0
301856389 0 1
301856380 51 15
301856372 0 0
301856370 0 0
301856369 7 48
301856366 8 2
301856364 2 0
301856361 0 1
301856347 11 6
301856340 22 2
301856339 6 4
301856338 0 9
301856327 3 1
301856322 8 17
301856320 4 26
301856311 14 0
301856277 17 6
301856275 7 24
301856268 4 32
301856254 2 56
301856248 1 23
301856247 19 14
301856244 17 1
301856237 0 44
301856228 26 1
301856222 5 1
301856218 1 4
301856217 2 0
301856211 4 13
301856206 0 1
301856202 11 1
301856201 4 0
301856191 0 2
301856183 1 0
301856180 0 0
301856175 6 2
301856173 1 0
301856160 5 2
301856158 23 0
301856156 31 0
301856144 0 1
301856107 1 0
301856105 14 1
301856099 517 11
301856094 1 0
301856085 7 43
301856084 8 2
301856071 2 0
301856069 13 8
301856060 1 0
301856049 6 23
301856047 5 0
301856041 1 0
301856035 154 2
301856033 10 2
301856027 3 0
301856025 17 5
301856018 2 0
301856013 6 2
301856005 0 0
301856001 1 0
301855999 13 15
301855997 0 0
301855992 0 0
301855991 0 0
301855986 0 0
301855977 2 1
301855974 0 0
301855972 0 1
301855970 3 0
301855962 5 0
301855960 13 8
301855957 20 1
301855954 8 4
301855949 7 1
301855944 2 25
301855938 33 1
301855936 432 8
301855932 5 1
301855931 4 4
301855920 5 1
301855917 7 1
301855916 30 7
301855914 4 4
301855907 10 4
301855888 3 1
301855884 0 0
301855877 0 0
301855872 3 1
301855863 8 1
301855862 33 5
301855859 3 6
301855858 3 6
301855844 6 4
301855837 11 1
301855823 1 2
301855812 26 4
301855810 0 0
301855804 8 0
301855799 3 0
301855794 25 9
301855784 3 1
301855783 0 1
301855775 0 1
301855772 7 1
301855769 1 3
301855766 2 3
301855765 6 1
301855763 2 8
301855762 5 22
301855760 2 2
301855757 0 3
301855753 0 2
301855752 0 0
301855748 4 1
301855742 0 1
301855739 7 0
301855735 4 29
301855734 0 0
301855732 20 2
301855729 5 35
301855726 1 40
301855724 37 1
301855717 1 0
301855711 30 1
301855710 7 9
301855708 0 0
301855707 23 0
301855705 5 2
301855704 9 4
301855703 0 0
301855696 0 0
301855678 7 0
301855671 42 10
301855666 9 0
301855658 42 1
301855657 11 25
301855654 3 31
301855646 4 12
301855622 29 6
301855621 7 1
301855605 3 2
301855593 6 21
301855590 1 2
301855588 5 6
301855584 5 26
301855583 0 49
301855581 5 2
301855577 3 42
301855571 38 3
301855566 6 34
301855565 29 0
301855564 12 13
301855559 552 10
301855558 1 0
301855555 5 1
301855550 10 4
301855547 4 2
301855544 3 8
301855535 0 2
301855531 0 4
301855530 8 1
301855519 0 1
301855518 9 23
301855512 1 2
301855511 14 1
301855510 2 1
301855495 4 30
301855492 0 0
301855479 1 0
301855478 3 7
301855475 1 0
301855473 0 0
301855472 2 0
301855464 2 0
301855458 0 0
301855454 16 3
301855452 0 0
301855444 5 1
301855443 16 12
301855437 2 3
301855424 0 0
301855422 6 1
301855410 2 0
301855403 11 0
301855401 0 1
301855399 7 1
301855398 24 2
301855395 2 24
301855392 3 0
301855388 32 0
301855387 3 3
301855383 0 0
301855364 3 34
301855358 0 1
301855357 18 10
301855356 1 0
301855354 1 0
301855344 2 3
301855343 14 2
301855342 0 0
301855338 1 0
301855337 3 0
301855333 3 0
301855327 0 22
301855325 2 6
301855321 3 1
301855302 25 0
301855298 7 0
301855294 11 0
301855291 590 14
301855280 11 13
301855277 4 0
301855276 20 3
301855269 20 1
301855261 0 0
301855252 0 0
301855249 2 10
301855229 1 0
301855228 74 7
301855226 30 2
301855224 24 2
301855223 8 5
301855219 0 0
301855214 9 1
301855210 0 0
301855208 43 6
301855207 16 2
301855204 0 0
301855195 17 9
301855194 7 25
301855193 0 0
301855189 26 0
301855183 2 0
301855182 3 4
301855181 205 44
301855180 0 0
301855176 0 0
301855175 8 0
301855170 7 3
301855167 2 0
301855163 43 7
301855161 1 5
301855157 248 11
301855156 21 5
301855153 4 1
301855140 10 1
301855133 4 0
301855132 2 1
301855127 2 0
301855124 16 3
301855118 0 0
301855115 0 0
301855114 2 0
301855107 0 0
301855106 3 57
301855101 266 1
301855081 19 7
301855078 1 0
301855075 1 0
301855067 3 0
301855060 1 0
301855057 0 0
301855056 1 0
301855055 0 0
301855054 20 1
301855050 1 0
301855042 0 0
301855040 0 0
301855034 12 0
301855031 3 0
301855028 0 1
301855023 10 58
301855014 0 0
301855010 1 5
301854994 13 1
301854993 0 0
301854990 0 45
301854988 0 1
301854984 259 13
301854982 0 1
301854981 2 46
301854978 0 0
301854965 174 7
301854961 5 0
301854954 0 25
301854950 6 6
301854937 16 5
301854936 7 3
301854930 0 0
301854925 6 0
301854922 2 0
301854914 7 0
301854912 2 0
301854909 1 6
301854907 3 32
301854905 0 0
301854901 2 1
301854899 0 0
301854892 5 2
301854883 9 2
301854875 1 2
301854870 4 0
301854862 7 1
301854859 0 0
301854845 16 0
301854844 0 0
301854840 2 1
301854839 10 65
301854837 5 10
301854836 11 1
301854834 1 2
301854829 3 5
301854822 2 0
301854812 30 0
301854809 3 0
301854797 4 0
301854789 5 0
301854785 1 0
301854778 6 18
301854772 18 24
301854769 0 0
301854766 0 3
301854765 0 0
301854760 28 1
301854758 0 0
301854752 0 0
301854751 0 0
301854749 0 0
301854747 12 0
301854739 11 0
301854735 266 2
301854733 0 0
301854727 15 7
301854724 1 1
301854719 2 0
301854715 5 50
301854707 22 17
301854706 8 0
301854698 0 0
301854695 6 0
301854689 0 0
301854688 0 0
301854679 5 0
301854670 13 0
301854667 0 0
301854654 9 0
301854650 0 0
301854646 12 0
301854645 3 0
301854643 7 0
301854640 22 0
301854628 2 0
301854627 2 63
301854619 0 0
301854614 2 2
301854613 0 0
301854587 1 0
301854583 1286 114
301854582 11 2
301854569 269 3
301854565 7 1
301854563 6 43
301854558 19 8
301854553 21 25
301854550 9 1
301854548 711 89
301854542 0 6
301854541 0 1
301854536 12 2
301854532 6 2
301854528 10 0
301854526 0 0
301854494 0 0
301854491 8 0
301854482 5 0
301854481 4 0
301854479 2 0
301854478 2 1
301854470 1 25
301854469 26 4
301854466 17 2
301854464 0 0
301854462 11 0
301854461 1 0
301854460 1 1
301854446 3 0
301854436 0 0
301854434 0 0
301854430 1 0
301854425 0 0
301854415 24 10
301854411 0 0
301854410 2 0
301854408 1 11
301854407 2 0
301854406 3 0
301854387 2 1
301854386 2 0
301854383 3 1
301854380 3 11
301854373 15 1
301854372 6 4
301854368 2 0
301854367 8 1
301854366 3 0
301854363 32 6
301854350 0 0
301854348 0 1
301854346 1 0
301854342 711 43
301854339 0 0
301854338 32 2
301854337 5 0
301854329 193 30
301854325 1 0
301854322 23 4
301854308 0 0
301854304 0 0
301854303 6 2
301854300 4 14
301854293 4 0
301854291 2 19
301854287 8 0
301854285 0 2
301854284 28 5
301854275 12 0
301854274 1 2
301854268 0 0
301854261 0 0
301854250 6 53
301854249 25 2
301854242 0 1
301854239 6 0
301854238 7 0
301854237 0 0
301854234 0 0
301854224 10 1
301854223 4 0
301854217 24 1
301854216 4 1
301854215 4 1
301854212 5 29
301854210 0 0
301854206 7 5
301854204 1 0
301854203 4 0
301854200 31 4
301854199 2 0
301854197 0 0
301854190 20 0
301854189 5 0
301854175 0 0
301854170 0 1
301854158 8 18
301854147 1 2
301854146 246 2
301854145 0 0
301854142 9 0
301854141 8 0
301854139 1 0
301854118 2 2
301854109 330 18
301854102 2 0
301854100 7 1
301854096 1 0
301854090 9 15
301854088 2 0
301854087 7 0
301854080 4 10
301854077 1 0
301854076 0 0
301854070 1 0
301854067 0 0
301854064 12 1
301854062 3 0
301854060 5 0
301854053 0 2
301854049 39 24
301854045 1 0
301854041 3 0
301854036 2 0
301854028 6 18
301854027 2 1
301854026 7 22
301854025 22 1
301854010 4 0
301854008 0 9
301854005 3 1
301853994 2 3
301853993 0 0
301853991 15 3
301853980 3 1
301853977 5 0
301853972 0 1
301853970 0 0
301853965 0 0
301853956 0 0
301853952 1 2
301853949 0 8
301853947 4 0
301853937 2 0
301853933 8 12
301853929 7 5
301853924 7 7
301853915 0 5
301853914 1 0
301853913 1 0
301853908 2 0
301853907 0 0
301853906 0 0
301853903 3 0
301853902 1 0
301853901 0 0
301853899 8 15
301853895 3 7
301853894 7 31
301853886 20 1
301853884 0 0
301853872 2 3
301853867 15 2
301853865 1 5
301853863 1 0
301853862 1 0
301853858 4 0
301853848 3 39
301853843 9 1
301853837 8 3
301853832 0 19
301853831 6 2
301853829 0 0
301853827 7 12
301853825 3 4
301853823 18 5
301853819 1 0
301853811 0 0
301853808 1 0
301853804 4 14
301853800 5 0
301853787 0 0
301853781 4 18
301853775 2 3
301853774 343 51
301853772 5 4
301853764 5 0
301853756 4 0
301853751 10 1
301853750 3 7
301853745 4 0
301853744 0 0
301853741 1 2
301853739 4 0
301853728 5 2
301853721 0 1
301853712 6 1
301853707 6 0
301853701 5 0
301853700 15 2
301853683 0 2
301853677 5 1
301853672 0 2
301853670 0 0
301853669 0 1
301853668 3 1
301853661 7 12
301853659 5 0
301853658 4 8
301853654 3 6
301853650 6 1
301853639 1 2
301853637 0 2
301853635 32 3
301853634 0 0
301853619 4 0
301853609 197 8
301853608 0 1
301853605 3 0
301853599 1 0
301853592 0 0
301853586 4 7
301853580 14 0
301853544 2 5
301853538 12 0
301853534 0 0
301853526 2 0
301853515 9 7
301853496 0 0
301853492 13 21
301853490 0 0
301853488 0 2
301853475 3 2
301853473 0 0
301853471 2 1
301853465 8 2
301853459 2 4
301853443 8 0
301853431 16 0
301853429 9 5
301853420 4 2
301853419 1 0
301853409 1 0
301853407 0 1
301853401 7 10
301853386 2 4
301853385 2 2
301853382 2 0
301853376 2 0
301853360 1 4
301853354 0 4
301853349 6 52
301853321 2 3
301853317 5 0
301853305 3 1
301853280 2 0
301853268 0 0
301853253 7 2
301853233 3 1
301853228 1 1
301853201 1 0
301853197 2 6
301853196 5 4
301853188 1 0
301853182 45 17
301853158 4 0
301853153 15 4
301853149 0 0
301853135 595 14
301853132 10 26
301853126 2 0
301853124 6 0
301853123 16 2
301853114 0 0
301853113 0 1
301853112 495 10
301853110 1 1
301853107 6 0
301853098 5 0
301853097 303 5
301853087 0 0
301853083 32 40
301853082 2 2
301853077 7 85
301853074 5 0
301853072 1 1
301853066 3 15
301853056 3 0
301853055 7 0
301853048 4 0
301853047 6 0
301853036 2 2
301853032 0 0
301853026 0 0
301853021 1 0
301853004 0 0
301853000 7 0
301852996 447 31
301852990 356 10
301852984 3 4
301852981 225 5
301852976 14 30
301852970 4 1
301852961 27 4
301852955 940 21
301852945 2 1
301852943 6 3
301852940 5 0
301852939 7 1
301852935 5 38
301852933 0 0
301852931 1 1
301852921 2 1
301852912 1 1
301852906 4 1
301852886 9 46
301852880 2 2
301852874 25 3
301852870 2 0
301852865 1 0
301852848 1 0
301852840 35 11
301852839 19 0
301852829 2 0
301852828 1 3
301852823 11 2
301852821 4 25
301852804 3 3
301852782 6 1
301852778 3 4
301852772 3 0
301852771 1 1
301852768 1 0
301852760 0 0
301852757 22 0
301852747 4 1
301852737 19 0
301852731 1 0
301852725 2 0
301852715 9 8
301852713 9 27
301852703 285 6
301852695 4 2
301852690 10 4
301852676 2 1
301852665 44 1
301852656 1 2
301852624 15 1
301852622 7 2
301852604 8 2
301852603 1 2
301852599 1 1
301852597 15 28
301852590 2 1
301852586 5 0
301852581 4 37
301852565 3 15
301852553 3 10
301852547 2 1
301852540 0 0
301852539 1 1
301852538 1 1
301852530 5 3
301852525 0 4
301852515 0 0
301852513 18 2
301852509 394 1
301852501 4 5
301852491 5 20
301852487 657 29
301852474 13 1
301852472 1 2
301852470 6 2
301852468 4 4
301852460 0 5
301852453 1 4
301852439 8 0
301852436 10 2
301852432 1 0
301852417 0 3
301852408 0 1
301852373 21 5
301852372 2 1
301852357 3 0
301852341 3 5
301852336 2 2
301852334 0 13
301852328 4 12
301852326 320 32
301852322 23 0
301852298 1 5
301852294 2 1
301852293 1 0
301852280 2 3
301852263 12 0
301852261 0 1
301852254 5 3
301852216 18 0
301852207 0 5
301852192 7 0
301852176 2 0
301852168 0 2
301852156 4 4
301852153 3 1
301852151 173 6
301852129 2 0
301852125 2 0
301852121 868 52
301852119 2 1
301852109 318 24
301852094 3 8
301852092 0 1
301852089 4 2
301852087 3 0
301852084 2 1
301852080 3 3
301852059 0 0
301852057 168 3
301852055 2 13
301852047 4 1
301852043 2 1
301852035 4 5
301851991 0 1
301851985 0 0
301851977 0 3
301851971 0 0
301851969 8 1
301851967 8 5
301851964 1 4
301851935 3 2
301851915 5 0
301851908 0 12
301851891 1 0
301851885 19 2
301851880 317 13
301851878 1 1
301851865 10 5
301851863 1 2
301851855 2 9
301851852 0 2
301851851 0 0
301851840 2 0
301851785 0 0
301851784 0 0
301851769 57 18
301851764 0 0
301851762 0 0
301851761 485 16
301851722 88 8
301851702 1 1
301851683 2 0
301851682 20 1
301851675 19 0
301851672 0 0
301851637 2 2
301851634 1 0
301851628 7 1
301851625 3 222
301851624 5675 124
301851623 4 0
301851621 1 0
301851618 2 0
301851610 8 2
301851598 0 0
301851574 7 2
301851570 3 1
301851533 1 12
301851525 8 3
301851512 0 0
301851499 5 0
301851498 0 0
301851489 1 3
301851479 20 17
301851469 24 11
301851464 2 0
301851451 1 0
301851426 7 53
301851383 2 2
301851361 2 4
301851334 2 17
301851329 3 1
301851319 5 0
301851317 7 2
301851293 0 0
301851291 1 0
301851264 4 1
301851261 0 0
301851250 4 24
301851246 3 2
301851235 5 0
301851230 2 1
301851226 0 0
301851210 0 0
301851205 4 0
301851194 12 0
301851184 1 0
301851152 3 0
301851142 1 0
301851140 9 0
301851070 6 0
301851068 0 1
301851060 6 1
301851057 3 7
301851056 0 0
301851053 152 23
301851049 8 12
301851040 12 5
301851038 138 4
301851032 0 2
301851023 0 6
301851018 4 7
301851006 8 4
301850991 1 0
301850981 0 1
301850973 1 0
301850952 7 2
301850947 823 14
301850919 0 0
301850914 5 1
301850913 0 0
301850892 10 0
301850885 9350 86
301850883 184 16
301850882 4 8
301850879 0 0
301850878 473 9
301850871 12 0
301850858 4 1
301850857 2 16
301850855 2 1
301850852 2 0
301850851 2 0
301850843 0 3
301850839 3 2
301850834 0 0
301850829 17 0
301850828 1 2
301850825 2 1
301850824 4 1
301850820 0 0
301850817 3 1
301850814 3 2
301850813 0 0
301850812 2 1
301850810 3 1
301850808 10 0
301850799 12 0
301850798 0 0
301850796 2 1
301850794 0 0
301850792 450 6
301850787 0 0
301850784 581 35
301850779 5 0
301850778 6 0
301850776 8 1
301850775 262 3
301850774 5732 302
301850771 0 0
301850768 2 1
301850767 1 3
301850764 0 2
301850759 3 1
301850757 6 3
301850751 0 1
301850750 0 3
301850748 13 0
301850746 0 0
301850745 0 1
301850743 2 0
301850742 17 2
301850736 698 6
301850733 2 4
301850731 0 1
301850727 3 2
301850725 0 3
301850721 0 0
301850720 3 1
301850719 0 0
301850717 3 2
301850715 0 1
301850711 0 1
301850710 0 1
301850706 3 1
301850701 0 0
301850697 6 0
301850696 1 0
301850694 41 0
301850693 1 1
301850690 0 0
301850688 12 0
301850686 0 0
301850685 3 2
301850681 9 16
301850680 2 0
301850679 424 2
301850677 5 19
301850676 3 16
301850673 0 0
301850671 1 17
301850670 1 0
301850667 0 2
301850661 3 4
301850660 313 5
301850659 6 5
301850651 1 0
301850648 4 9
301850647 9 1
301850646 0 0
301850645 1 1
301850644 5 1
301850638 530 41
301850637 7 6
301850634 0 1
301850629 2 1
301850628 0 0
301850627 3 2
301850626 0 1
301850624 602 5
301850621 7 7
301850620 0 0
301850617 7 0
301850615 2 1
301850614 493 1
301850606 2142 142
301850598 2 2
301850597 8 1
301850595 5 1
301850592 5 4
301850591 0 0
301850590 3 0
301850589 3 1
301850588 2 4
301850586 1 3
301850585 6 1
301850584 2 2
301850579 4 1
301850578 1 2
301850577 0 0
301850576 3 4
301850572 0 0
301850567 5 0
301850565 4 7
301850563 4 0
301850561 0 0
301850560 0 2
301850559 1 3
301850558 1 1
301850557 0 0
301850553 0 0
301850551 1 0
301850548 2 1
301850545 1 0
301850543 4 14
301850538 0 0
301850535 4 37
301850534 0 2
301850532 1 0
301850529 5 16
301850528 0 0
301850526 313 4
301850525 0 0
301850523 4 1
301850518 2 1
301850514 0 0
301850513 2369 147
301850512 0 0
301850510 1 0
301850509 2 2
301850508 0 0
301850507 3 0
301850504 11 1
301850501 26 10
301850500 6 7
301850498 0 0
301850497 3 5
301850494 4 1
301850493 3 4
301850492 1087 27
301850491 7 0
301850490 1 0
301850485 2 0
301850484 1 0
301850481 345 21
301850480 1 0
301850477 9481 1293
301850476 2554 328
301850474 3 3
301850473 0 1
301850472 3 1
301850470 4 1
301850468 2 0
301850467 1 1
301850466 0 0
301850465 2 3
301850464 4 0
301850462 2 1
301850461 2 13
301850460 2 3
301850458 4 2
301850456 0 0
301850455 0 1
301850451 0 1
301850449 4 0
301850448 0 1
301850447 18 0
301850443 6 0
301850442 2 0
301850440 3 0
301850439 0 0
301850437 0 0
301850435 928 46
301850434 0 1
301850431 0 1
301850428 0 1
301850427 2 2
301850425 0 2
301850424 7 2
301850423 0 0
301850419 4 8
301850418 4 1
301850417 9 0
301850416 0 0
301850415 2438 40
301850413 0 1
301850411 1 1
301850410 1 0
301850408 4 0
301850407 0 0
301850406 6 0
301850405 3 0
301850404 0 0
301850402 0 0
301850401 0 0
301850400 2 1
301850399 0 0
301850398 1 2
301850396 0 0
301850395 3 0
301850393 4144 61
301850391 0 1
301850390 1 1
301850389 0 0
301850388 2124 60
301850387 8 0
301850386 2 2
301850385 6 2
301850383 1 0
301850382 5 7
301850379 9 0
301850376 6 0
301850375 1887 106
301850372 3 0
301850370 4 0
301850369 3 0
301850368 33 1
301850367 0 0
301850366 4 1
301850365 3 2
301850364 0 0
301850361 0 0
301850360 2 2
301850359 0 0
301850357 0 0
301850356 0 0
301850355 8 1
301850352 0 0
301850351 0 0
301850350 1 0
301850349 116 7
301850348 0 0
301850347 1 0
301850342 1 0
301850341 876 24
301850340 4 0
301850335 1 0
301850333 0 1
301850332 0 1
301850331 8 2
301850329 0 0
301850326 0 0
301850325 4 4
301850323 0 1
301850322 2 0
301850321 2 7
301850320 0 0
301850318 5 4
301850317 2 0
301850315 3 4
301850312 3 1
301850311 0 0
301850310 4 2
301850306 0 0
301850304 0 0
301850303 1 2
301850301 3 0
301850299 12 8
301850297 0 0
301850295 1 0
301850292 664 48
301850291 3 4
301850289 0 0
301850288 0 1
301850287 1 0
301850284 4 0
301850282 0 0
301850280 1 0
301850279 4 2
301850278 878 33
301850275 0 0
301850274 1 0
301850272 9 2
301850271 1 0
301850270 4 0
301850268 1 0
301850267 3 3
301850265 3 2
301850264 2 2
301850263 0 0
301850262 0 2
301850260 0 1
301850257 1 1
301850256 7 1
301850255 0 1
301850253 3 15
301850252 0 0
301850251 2 1
301850250 2 5
301850249 1 0
301850247 0 2
301850243 2 3
301850239 4 2
301850237 4 0
301850236 21 0
301850235 3 4
301850234 0 1
301850233 8 1
301850232 1 2
301850231 0 1
301850226 2 2
301850221 0 0
301850220 0 0
301850219 6 0
301850215 0 2
301850212 2 2
301850211 4 2
301850209 2 2
301850207 0 0
301850203 1 0
301850202 0 1
301850198 6 2
301850197 9 0
301850196 1012 52
301850195 26 0
301850194 0 0
301850190 0 3
301850189 1 2
301850188 1 0
301850187 1 0
301850186 1 1
301850185 1 0
301850183 2 0
301850182 0 0
301850180 0 0
301850179 0 1
301850177 0 1
301850172 1 0
301850168 2 1
301850167 0 0
301850166 0 0
301850165 4 3
301850163 5 23
301850162 1 0
301850160 0 0
301850155 1 1
301850154 1 0
301850153 1 0
301850152 1 0
301850151 0 0
301850148 0 3
301850146 0 0
301850143 3 0
301850142 5 2
301850140 4 0
301850139 0 5
301850138 3 0
301850137 0 0
301850136 18 0
301850134 1 0
301850132 3 1
301850131 4 0
301850130 0 0
301850128 1 0
301850125 0 0
301850124 1 0
301850122 3 0
301850121 1 2
301850118 3 0
301850117 0 0
301850116 0 0
301850115 0 0
301850114 0 5
301850109 3 0
301850108 1 0
301850107 3 0
301850105 3 2
301850101 27 0
301850095 1 0
301850094 2 0
301850093 0 1
301850092 3 46
301850089 0 0
301850087 11872 130
301850086 0 0
301850083 8 2
301850079 21 5
301850078 2 0
301850076 2 2
301850075 0 0
301850070 1 0
301850068 1 1
301850067 0 0
301850065 1 1
301850062 0 0
301850059 3 0
301850058 1754 33
301850057 0 0
301850055 2 2
301850053 3 4
301850052 0 2
301850049 473 28
301850047 5 2
301850046 1 1
301850044 0 0
301850043 0 1
301850039 1 1
301850037 0 0
301850036 4 4
301850035 1 0
301850034 1 0
301850033 0 0
301850032 4 1
301850027 3 0
301850026 1 0
301850021 5 1
301850020 2 0
301850013 9 3
301850012 0 0
301850010 2 2
301850009 1 0
301850007 0 0
301850003 3458 477
301850001 0 3
301850000 3 0
301849999 0 0
301849997 1 0
301849996 0 0
301849994 1 0
301849991 1 0
301849990 0 0
301849986 1 1
301849983 12 5
301849982 4 2
301849981 7 4
301849980 1 7
301849979 1 1
301849978 0 1
301849977 1 1
301849976 0 1
301849975 0 1
301849974 4 3
301849972 0 1
301849971 1 4
301849970 4 4
301849969 1 2
301849967 3 0
301849966 0 0
301849963 0 0
301849962 0 0
301849960 7 0
301849956 1 1
301849954 2 3
301849953 1 3
301849952 2 2
301849950 3 31
301849946 0 2
301849944 3 1
301849940 1 1
301849939 4 4
301849937 0 2
301849936 2 0
301849935 1 0
301849934 5 2
301849933 0 3
301849931 0 0
301849929 0 0
301849928 2 16
301849927 0 0
301849924 1 0
301849923 1 1
301849922 15 1
301849921 2 0
301849920 0 0
301849919 7 1
301849917 1 0
301849914 3 4
301849913 0 0
301849911 2 2
301849910 0 3
301849909 0 2
301849908 0 0
301849905 2 2
301849903 4 1
301849902 5 1
301849901 0 0
301849898 3 4
301849897 0 2
301849896 3 0
301849895 0 1
301849894 2 1
301849891 0 2
301849890 0 1
301849887 0 1
301849885 4 3
301849884 1 2
301849882 0 2
301849881 0 1
301849880 0 0
301849879 1 1
301849878 0 0
301849875 1 3
301849873 1 1
301849872 382 23
301849870 0 1
301849868 0 0
301849867 0 1
301849865 3 2
301849862 0 0
301849861 1 0
301849860 3 0
301849859 0 0
301849858 1 1
301849857 1 0
301849855 0 0
301849854 1 2
301849850 3 1
301849849 3 1
301849847 1 2
301849845 0 0
301849844 3 11
301849843 1 0
301849842 0 0
301849841 3 1
301849838 2 0
301849837 7 0
301849836 1 2
301849835 2 0
301849832 5 3
301849831 1 0
301849829 0 3
301849828 0 4
301849826 0 0
301849823 0 3
301849816 0 0
301849815 0 0
301849812 3 0
301849811 4 2
301849809 8 4
301849807 1 0
301849806 1 0
301849805 3 2
301849803 0 0
301849801 2 3
301849800 0 0
301849799 1 2
301849796 0 0
301849794 0 0
301849793 0 0
301849792 0 0
301849789 3 2
301849787 1 0
301849784 2 0
301849783 0 2
301849781 0 1
301849777 0 2
301849776 0 2
301849774 1 0
301849772 0 0
301849770 1 0
301849769 0 0
301849768 0 2
301849767 0 2
301849765 3 1
301849762 0 2
301849760 3 1
301849759 4 1
301849757 0 0
301849754 0 0
301849753 4 1
301849752 3 1
301849751 2 0
301849748 0 0
301849746 2 0
301849745 0 2
301849744 1 0
301849742 1 2
301849739 1 0
301849738 1 2
301849737 9 1
301849736 0 0
301849735 6 2
301849733 0 3
301849732 0 4
301849725 1 0
301849724 0 3
301849721 0 1
301849718 1 2
301849717 4 2
301849713 1 0
301849711 9 1
301849710 1 0
301849708 0 1
301849705 0 1
301849702 2 1
301849701 3 5
301849699 1 0
301849698 1 0
301849697 1 3
301849696 1 2
301849695 4 0
301849693 3 4
301849691 1 3
301849690 2 0
301849688 2 3
301849687 1 1
301849686 1 1
301849683 1 2
301849680 0 0
301849678 1 3
301849677 1 3
301849674 0 2
301849673 0 0
301849670 1 1
301849668 0 1
301849664 0 0
301849663 0 1
301849662 0 1
301849661 1 2
301849660 0 0
301849659 0 0
301849658 4 3
301849657 0 0
301849656 3 0
301849655 4 3
301849653 0 0
301849652 0 2
301849651 1 0
301849649 0 0
301849648 3 3
301849644 3 0
301849643 0 0
301849640 0 0
301849637 3 15
301849635 0 0
301849634 0 1
301849632 1 1
301849631 0 0
301849630 0 0
301849629 3 1
301849628 4 0
301849624 0 2
301849622 0 0
301849620 0 1
301849618 0 1
301849617 1 0
301849614 8 4
301849612 0 0
301849611 13 1
301849610 3 0
301849609 2385 152
301849608 4 0
301849607 427 22
301849606 1 0
301849605 3 1
301849604 2 2
301849603 0 1
301849602 5 3
301849601 0 0
301849600 0 0
301849597 1 0
301849596 1 0
301849595 0 0
301849594 0 1
301849592 7 2
301849591 5 1
301849590 2 1
301849587 5 0
301849584 1 0
301849583 2 0
301849581 1 0
301849580 0 1
301849579 0 0
301849578 0 1
301849577 3 0
301849575 3 9
301849574 1 0
301849573 0 0
301849572 1 1
301849571 0 1
301849570 1 0
301849569 0 1
301849567 2 1
301849566 3 2
301849564 5 2
301849563 0 0
301849562 1 1
301849561 1 1
301849560 0 0
301849559 1 0
301849558 1 17
301849557 1 1
301849556 1 1
301849554 5 4
301849553 3 1
301849552 1 0
301849551 1 1
301849550 6 4
301849549 0 0
301849547 4 1
301849545 3 1
301849542 0 1
301849539 0 1
301849537 1 1
301849536 3 16
301849535 7 2
301849534 6 3
301849531 2 0
301849530 4 3
301849529 12 4
301849528 0 1
301849526 2 0
301849524 0 0
301849523 0 0
301849522 1 0
301849521 0 0
301849520 1 0
301849519 2 1
301849518 0 0
301849517 1 0
301849516 0 1
301849515 0 0
301849514 0 1
301849513 1 0
301849512 5 2
301849510 0 0
301849509 8 3
301849508 2 1
301849507 0 0
301849506 1 0
301849504 0 0
301849501 1 0
301849500 2 1
301849498 0 0
301849497 0 2
301849495 4 17
301849493 3 3
301849492 2 0
301849490 1 0
301849489 0 0
301849488 0 0
301849487 1 2
301849486 1 1
301849485 0 0
301849483 0 0
301849482 3 0
301849481 0 0
301849479 4 5
301849478 0 0
301849477 0 0
301849474 6 4
301849472 0 0
301849469 7 1
301849468 2 2
301849467 0 0
301849466 0 0
301849465 3 2
301849464 0 0
301849463 0 0
301849462 1 1
301849461 1 18
301849460 0 1
301849459 1 0
301849458 3 2
301849457 4 0
301849456 0 1
301849453 4 16
301849452 3 0
301849451 1 0
301849450 5 6
301849449 3 2
301849448 0 0
301849447 0 0
301849446 1 0
301849445 5 1
301849444 1 1
301849443 5 10
301849442 0 4
301849441 6 5
301849440 4 2
301849439 1 0
301849438 1 1
301849437 1 0
301849435 0 0
301849434 0 0
301849433 0 1
301849431 0 0
301849430 3 0
301849429 0 0
301849428 26 7
301849427 1 0
301849426 2 1
301849425 0 0
301849424 1 1
301849423 1 2
301849422 8 1
301849421 0 0
301849420 5 1
301849419 1 1
301849418 0 0
301849417 0 0
301849416 1 1
301849415 0 0
301849414 0 0
301849413 1 1
301849412 2 0
301849411 0 0
301849410 0 0
301849409 0 1
301849408 0 0
301849407 0 0
301849404 1 0
301849403 0 0
301849402 2 0
301849401 2 0
301849399 0 0
301849398 0 0
301849396 0 0
301849395 1 2
301849394 0 0
301849393 1 1
301849392 1 0
301849391 5 0
301849390 1 0
301849389 0 0
301849388 0 0
301849387 0 1
301849386 1 0
301849385 2 1
301849382 5 1
301849381 4 0
301849380 0 0
301849379 1 0
301849378 0 1
301849377 0 0
301849376 2 0
301849374 6 6
301849372 0 0
301849371 0 2
301849369 0 2
301849368 0 0
301849367 0 0
301849366 1 0
301849365 7 1
301849364 1 0
301849363 0 0
301849362 1 0
301849361 0 0
301849360 0 0
301849359 0 0
301849358 0 4
301849353 0 0
301849352 1 0
301849351 2 3
301849350 1 3
301849348 0 0
301849347 0 2
301849346 0 0
301849344 0 0
301849343 1 2
301849341 0 0
301849340 2 1
301849339 0 0
301849338 5 3
301849337 0 0
301849336 0 4
301849335 0 3
301849334 1 1
301849332 1 0
301849331 5 1
301849330 0 1
301849328 1 0
301849327 1 1
301849326 1 0
301849325 0 0
301849324 0 0
301849323 1 0
301849321 2 0
301849320 0 1
301849319 0 1
301849318 2 1
301849317 0 0
301849316 0 0
301849315 0 0
301849314 0 0
301849313 5 1
301849311 4 2
301849309 0 0
301849308 0 0
301849306 0 1
301849305 3 1
301849304 2 1
301849303 6 2
301849302 0 1
301849301 3 1
301849299 0 0
301849298 0 0
301849296 0 0
301849295 0 0
301849294 0 0
301849292 0 0
301849291 0 0
301849290 0 1
301849288 0 0
301849286 0 0
301849285 0 1
301849284 0 0
301849283 0 1
301849281 0 0
301849280 0 1
301849279 1 0
301849278 0 1
301849277 0 0
301849276 0 1
301849275 0 0
301849274 0 0
301849271 0 2
301849270 0 2
301849268 0 1
301849266 0 2
301849263 0 1
301849257 2 1
301849256 4 1
301849252 1 0
