303957486 0 0
303956103 0 2
303953759 1 0
303872632 5 1
303865520 0 0
303865330 0 2
303864127 1 0
303857413 6 0
303857139 0 0
303855947 0 0
303855762 0 0
303814227 0 0
303814226 3 0
303814224 0 0
303814190 3 1
303803955 0 0
303803873 0 0
303803845 4 0
303803838 1 0
303803804 0 0
303803787 1 2
303803759 5 1
303801284 4 1
303798381 3 0
303797874 1 0
303797350 2 7
303792976 0 1
303788796 0 0
303744587 5 0
303744574 4 0
303743936 0 0
303741195 4 27
303740863 7 0
303738667 0 0
303738331 6 0
303738238 15 5
303737775 2 0
303737589 1 0
303734458 4 1
303733473 3 0
303732738 2 0
303729338 0 0
303728425 1 0
303680943 13 1
303680874 0 1
303680540 3 4
303670482 4 1
303668085 1 5
303622143 10 2
303606671 3 0
303602515 0 0
303586965 1 0
303586846 2 0
303586837 3 0
303586323 5 0
303582225 6 47
303504591 3 0
303503003 8 0
303500833 21 45
303500814 7 48
303500782 1 0
303499455 5 2
303498596 1 0
303497429 1 1
303471712 5 2
303471704 5 3
303412618 1 3
303410976 15 13
303410164 6 20
303409327 0 0
303407744 15 4
303401011 10 2
303399290 0 22
303399256 4 70
303396530 18 3
303325143 1 0
303324712 5 2
303319391 2 0
303319286 2 1
303315065 1 0
303314649 3 1
303314521 0 0
303250278 0 0
303250277 0 0
303248128 2 4
303247291 0 2
303243664 5 0
303242334 0 0
303242138 1 1
303242005 5 31
303240326 2 0
303238470 2 0
303238057 7 1
303229654 2 0
303218299 1 0
303190550 16 1
303165486 0 0
303161852 3 41
303160778 2 8
303160454 6 4
303156150 6 1
303154838 2 2
303154830 1 0
303153841 19 8
303153799 4 1
303152438 0 0
303143201 6 1
303137745 0 1
303103857 2 0
303079259 7 1
303079240 6 4
303078463 5 2
303078347 1 0
303075609 0 0
303072115 4 0
303072034 3 1
303070802 13 2
303069213 40 1
303069155 1 1
303066874 1 0
303066698 7 0
303064661 0 4
303061612 2 0
303059712 3 3
303059390 3 1
302987889 1 0
302987664 9 0
302987574 1 1
302987410 0 1
302985532 8 1
302982253 8 2
302982224 10 3
302979991 0 1
302979272 2 0
302975704 0 0
302974014 3 0
302974007 0 0
302973637 34 2
302970583 7 3
302963272 3 0
302926564 6 3
302894126 3 5
302893723 24 1
302892851 8 0
302891802 1 1
302888676 3 5
302884761 0 0
302883013 10 169
302881757 1 0
302881353 1 0
302881165 18 9
302878378 0 0
302870763 0 0
302870751 2 0
302818942 4 0
302818280 37 3
302817831 36 0
302817768 0 0
302817082 19 5
302816977 4 0
302816754 8 13
302816703 41 4
302816701 4 2
302816698 12 1
302816541 25 3
302816224 12 5
302816217 9 8
302816212 10 4
302812043 7 0
302812030 22 2
302811544 5 6
302811495 4 2
302811481 5 0
302811417 23 2
302810133 10 1
302806017 8 2
302803722 3 0
302796732 0 0
302796223 6 2
302776228 0 0
302744500 5 1
302731036 22 4
302730865 2 0
302730861 0 0
302730649 7 17
302730059 30 1
302729961 21 2
302729923 7 2
302729856 12 0
302729796 6 0
302728811 1 24
302728748 10 35
302726191 2 5
302725173 6 6
302723434 10 1
302723420 12 0
302723069 11 4
302720676 2 0
302720079 54 0
302711980 0 0
302708997 25 4
302687827 9 1
302687575 4 2
302687537 3 1
302675795 0 0
302663371 1 0
302663364 1 0
302663358 7 0
302659171 4 55
302644817 18 4
302644319 0 0
302643969 1 0
302643960 3 1
302643953 14 0
302643719 7 5
302643232 6 4
302642921 3 1
302642419 2 0
302642104 0 0
302635215 8 3
302635198 3 0
302626443 2 24
302623002 0 0
302599453 8 0
302599419 72 1
302599159 13 1
302585640 14 17
302571302 10 33
302571083 34 2
302571079 8 22
302570998 5 0
302570995 3 0
302570370 3 0
302570330 24 1
302570263 15 5
302570062 13 2
302569835 21 5
302569236 5 0
302569200 4 0
302567168 65 6
302566355 7 0
302565808 1 0
302565698 1 0
302565519 16 0
302564709 0 0
302563728 21 2
302553661 16 4
302553649 2 1
302552867 15 33
302552549 7 3
302547824 8 2
302535032 0 7
302534602 3 71
302523999 36 4
302520077 0 1
302519868 0 1
302509789 13 2
302497886 4 2
302497883 12 1
302497877 8 0
302497550 5 2
302497121 19 4
302496435 0 2
302496296 0 2
302496097 5 11
302495981 2 38
302491482 0 0
302491311 5 7
302488321 18 5
302486732 7 2
302483148 15 176
302478371 5 0
302477699 56 4
302477196 1 1
302476883 28 5
302453807 2 1
302441699 22 26
302413291 9 59
302412074 28 1
302410959 15 3
302410878 7 10
302409756 31 4
302409591 9 1
302403841 9 7
302403719 5 0
302403165 17 1
302401020 0 0
302400016 28 0
302399843 12 4
302399709 2 1
302398704 5 35
302393823 18 3
302390295 41 0
302366483 14 3
302363778 17 0
302346536 38 1
302329935 7 0
302316170 2 7
302315692 15 0
302314520 15 4
302313517 2 2
302313448 2 0
302313160 0 0
302313157 19 0
302313088 24 1
302313049 39 0
302311014 51 0
302310962 16 2
302310706 6 1
302309645 21 3
302308396 0 0
302308134 5 1
302307891 3 8
302306789 0 0
302302825 16 1
302298212 5 0
302292745 25 0
302292700 28 7
302275103 0 0
302266748 1 0
302266247 1 0
302238861 0 0
302238296 35 2
302238277 0 0
302238242 3 12
302238030 21 3
302237520 10 1
302237470 11 1
302237419 7 2
302237414 8 0
302237287 1 16
302237249 8 3
302237168 23 13
302236773 14 1
302236708 3 27
302233867 16 21
302231992 1 15
302231983 5 0
302231980 5 0
302231659 7 55
302231603 1 10
302231283 31 0
302230490 51 41
302230279 1 2
302230176 27 0
302229867 29 2
302229508 16 17
302229482 22 0
302229242 16 1
302228142 7 1
302227048 3 0
302219776 16 0
302217429 10 26
302216163 7 3
302201965 20 3
302201629 11 0
302201127 27 30
302199504 62 0
302194784 9 2
302192436 15 9
302191455 17 0
302181712 4 2
302181700 5 0
302181699 12 1
302181690 7 0
302181687 2 2
302181683 0 0
302181504 0 0
302181066 16 0
302180713 12 1
302180675 6 1
302180631 52 0
302180573 0 0
302180533 20 2
302180390 7 0
302180225 3 9
302180188 15 1
302179950 9 0
302179844 27 4
302179755 5 5
302179368 7 2
302178923 7 1
302177464 10 0
302175771 16 1
302175699 7 30
302175658 0 0
302175531 25 7
302175325 31 92
302175223 9 0
302174952 0 0
302174725 10 3
302174554 17 5
302174499 7 29
302174456 4 0
302174279 3 0
302174272 2 0
302174147 8 11
302174123 17 0
302173932 9 0
302173881 12 2
302173643 3 0
302173556 19 3
302173468 0 0
302173265 0 0
302173099 31 5
302173026 2 1
302172783 7 1
302172276 27 5
302172124 24 2
302172122 1 0
302171913 6 8
302171740 11 11
302171673 0 5
302164489 17 0
302163595 0 0
302163202 5 29
302163198 17 33
302163016 4 1
302157484 28 13
302154208 14 6
302145154 2 5
302145150 1 3
302142695 3 0
302138607 7 35
302138530 5 0
302138300 17 113
302138104 0 11
302136573 14 45
302135329 3 0
302134732 7 4
302133611 3 3
302133402 13 0
302132111 13 0
302130578 14 5
302125733 17 3
302125535 8 3
302125174 4 0
302125131 0 4
302125100 6 0
302124985 29 10
302124982 9 1
302124967 103 7
302124961 2 2
302124927 2 2
302124669 11 11
302124667 11 2
302124613 12 4
302124599 83 0
302124486 7 0
302124366 8 118
302124336 15 4
302124273 6 28
302124172 7 3
302123986 2 0
302123775 20 4
302123563 3 25
302123548 2 0
302123341 38 2
302122298 42 69
302121028 5 0
302120920 27 29
302120585 22 7
302120511 9 0
302120268 7 0
302119933 19 2
302119668 4 2
302119662 6 3
302119432 4 0
302119186 12 42
302119173 0 0
302119080 4 0
302118749 6 7
302118481 47 2
302118446 9 5
302118289 11 0
302118192 0 0
302118147 4 1
302118104 5 4
302117928 0 0
302117620 10 40
302117270 4 2
302117227 9 0
302117064 2 1
302116649 49 4
302115845 10 9
302115800 0 13
302115656 15 16
302115384 6 26
302114909 3 8
302114495 62 2
302114416 2 2
302114022 8 12
302113338 2 0
302113241 8 0
302112391 6 49
302110669 0 0
302110495 0 0
302110343 30 2
302110099 0 0
302109682 0 0
302109573 5 0
302109509 0 0
302109457 2 31
302108088 14 38
302105520 7 13
302103999 1 3
302093987 18 12
302093702 0 0
302093581 10 20
302093408 15 0
302092467 0 0
302091233 47 1
302091149 3 1
302091085 27 0
302085785 4 0
302085710 7 1
302085392 2 0
302085329 1 0
302085210 0 6
302085144 24 11
302085143 11 57
302085139 20 16
302082654 6 0
302082644 0 0
302082642 22 2
302082640 46 0
302082228 4 3
302082047 4 0
302081671 23 159
302081257 5 2
302081132 16 0
302081101 19 6
302080910 1 0
302080802 4 7
302080549 8 0
302078977 20 0
302078659 23 0
302078657 6 0
302078607 17 1
302078595 3 0
302078562 21 1
302078466 3 0
302078445 26 2
302078439 75 0
302078435 8 2
302078432 11 3
302078430 1 0
302078386 43 3
302078385 5 2
302078329 0 0
302078281 7 0
302078252 0 0
302078234 32 14
302078216 9 18
302078197 11 0
302078190 29 1
302078183 9 1
302078125 5 0
302078068 1 5
302078059 5 35
302078030 12 0
302078026 2 0
302078014 11 0
302078012 17 1
302078006 41 1
302077995 7 17
302077984 1 11
302077979 4 0
302077941 18 2
302077939 25 3
302077878 9 9
302077872 10 4
302077865 7 38
302077816 24 49
302077780 2 0
302077770 7 0
302077768 5 2
302077743 13 2
302077734 8 31
302077720 13 4
302077717 6 2
302077635 1 1
302077633 34 9
302077511 2 2
302077450 6 15
302077365 2 2
302077315 0 0
302077225 4 4
302077023 1 1
302076988 10 4
302076983 31 1
302076949 4 2
302076834 42 5
302076789 10 0
302076770 13 3
302076724 11 1
302076723 137 4
302076624 20 3
302076615 2 2
302076576 7 2
302076458 13 3
302076417 35 2
302076351 20 0
302076163 0 0
302076083 19 0
302075825 18 7
302075755 23 0
302075629 2 0
302075237 0 2
302075215 0 0
302075213 0 2
302075210 42 8
302075208 3 18
302075206 0 0
302075204 14 3
302075202 0 2
302075198 6 1
302075160 26 0
302075147 7 17
302075141 14 9
302075136 11 5
302075134 34 64
302075112 20 2
302075107 3 1
302075105 16 3
302075089 47 2
302075085 11 1
302075084 15 21
302075080 4 3
302075077 8 10
302075068 5 30
302075062 125 13
302075055 6 2
302075045 0 0
302075013 0 0
302075010 1 0
302075004 10 17
302075003 11 24
302074957 4 13
302074955 6 2
302074953 5 1
302074950 10 0
302074949 3 2
302074945 4 5
302074944 0 1
302074943 2 0
302074941 26 0
302074939 5 1
302074937 3 1
302074935 43 1
302074934 60 1
302074933 3 1
302074930 9 39
302074928 0 0
302074920 12 0
302074898 13 6
302074893 9 0
302074877 1 2
302074869 0 4
302074862 2 0
302074851 0 1
302074849 1 3
302074837 1 20
302074834 4 0
302074817 2 0
302074813 8 3
302074802 17 1
302074779 4 3
302074762 0 0
302074761 0 0
302074723 1 13
302074711 9 14
302074707 81 2
302074706 7 1
302074705 24 3
302074700 1 0
302074696 10 2
302074688 5 0
302074673 4 0
302074666 18 0
302074656 6 1
302074650 23 23
302074646 56 3
302074631 1 0
302074630 4 1
302074627 37 0
302074626 14 26
302074612 0 0
302074606 7 1
302074598 20 1
302074596 6 4
302074594 15 1
302074591 1 3
302074589 39 0
302074587 20 1
302074586 8 48
302074582 6 7
302074580 3 0
302074577 0 0
302074567 11 34
302074566 55 2
302074558 0 1
302074554 15 21
302074538 5 14
302074533 5 7
302074532 6 19
302074527 1 0
302074526 14 0
302074525 1 1
302074509 8 19
302074508 12 4
302074504 3 22
302074502 0 0
302074494 6 5
302074492 8 3
302074486 7 0
302074477 26 2
302074475 0 1
302074469 4 14
302074447 4 4
302074443 16 2
302074404 1 1
302074403 26 3
302074402 2 1
302074401 7 7
302074396 4 2
302074393 65 1
302074392 9 9
302074385 31 31
302074381 16 2
302074369 12 12
302074366 1 0
302074365 34 3
302074361 1 0
302074356 13 73
302074348 7 12
302074347 14 10
302074340 5 2
302074335 14 5
302074326 10 43
302074322 34 29
302074316 4 0
302074315 6 0
302074314 2 0
302074297 3 0
302074294 0 0
302074273 26 10
302074270 9 63
302074268 11 0
302074254 0 4
302074252 5 0
302074241 192 9
302074240 2 88
302074237 10 44
302074226 3 0
302074224 4 1
302074218 15 0
302074209 9 19
302074204 1 0
302074199 0 0
302074198 5 0
302074192 13 0
302074154 11 1
302074149 3 1
302074147 3 3
302074144 2 3
302074142 0 1
302074140 0 2
302074136 4 2
302074135 12 0
302074132 8 1
302074131 1 1
302074125 12 3
302074124 6 1
302074122 16 1
302074118 1 1
302074104 5 1
302074101 1 1
302074100 8 2
302074090 8 39
302074089 9 42
302074088 31 3
302074082 22 60
302074080 1 0
302074073 0 0
302074058 5 3
302074053 3 4
302074052 17 1
302074051 8 4
302074050 14 1
302074046 3 0
302074044 9 1
302074043 11 0
302074041 7 2
302074039 6 0
302074037 7 27
302074036 7 2
302074035 1 0
302074030 1 0
302074025 57 0
302074024 3 0
302074023 11 15
302074021 2 0
302074019 0 0
302074009 1 45
302074008 0 0
302073986 13 8
302073984 6 1
302073981 1 0
302073966 55 0
302073965 5 2
302073962 3 1
302073961 13 1
302073956 5 54
302073955 10 0
302073946 36 10
302073943 2 1
302073940 12 1
302073933 8 1
302073925 2 1
302073923 4 2
302073920 0 1
302073919 5 4
302073905 3 1
302073902 3 2
302073900 2 0
302073888 0 2
302073867 4 1
302073857 1 1
302073846 8 34
302073843 12 16
302073837 5 2
302073836 19 31
302073828 19 7
302073824 0 1
302073820 17 31
302073808 1 2
302073805 2 2
302073801 25 17
302073786 17 38
302073773 5 1
302073754 7 18
302073752 10 0
302073746 19 2
302073743 15 19
302073742 3 0
302073734 1 0
302073718 61 0
302073717 0 0
302073712 1 0
302073709 1 0
302073697 6 3
302073695 1 2
302073693 0 2
302073686 5 3
302073683 14 5
302073666 2 5
302073659 2 1
302073657 9 3
302073656 1 3
302073654 12 4
302073649 1 2
302073646 1 2
302073644 40 3
302073637 15 6
302073635 61 8
302073628 2 1
302073617 14 3
302073616 6 6
302073602 3 2
302073597 6 53
302073594 3 10
302073593 1 0
302073592 0 3
302073591 27 3
302073584 0 0
302073583 18 8
302073575 0 0
302073563 2 1
302073553 1 0
302073547 15 1
302073539 3 4
302073536 26 7
302073534 4 0
302073531 9 3
302073524 73 10
302073516 0 0
302073514 7 19
302073512 9 11
302073511 13 8
302073509 3 1
302073506 4 1
302073504 4 2
302073503 8 4
302073500 6 4
302073494 4 0
302073490 2 4
302073486 2 1
302073485 4 9
302073484 4 12
302073481 2 3
302073470 7 46
302073463 0 9
302073462 0 4
302073460 0 3
302073458 6 1
302073455 0 2
302073454 4 2
302073452 2 7
302073450 0 0
302073447 1 1
302073442 1 2
302073436 4 1
302073426 5 9
302073412 5 5
302073411 6 7
302073408 6 9
302073406 28 0
302073402 1 10
302073399 3 2
302073397 52 0
302073387 2 1
302073386 4 4
302073384 1 1
302073378 3 6
302073373 1 7
302073369 1 4
302073368 3 0
302073365 0 0
302073364 0 1
302073361 1 0
302073360 1 0
302073356 7 32
302073352 6 38
302073346 0 0
302073342 12 4
302073339 9 10
302073332 6 10
302073328 1 1
302073325 10 5
302073323 6 15
302073319 13 4
302073317 6 0
302073311 5 8
302073308 1 2
302073307 1 15
302073281 9 17
302073280 6 0
302073262 2 0
302073257 7 52
302073256 11 22
302073254 8 19
302073249 0 1
302073241 7 48
302073233 0 0
302073227 6 49
302073225 5 45
302073224 0 1
302073222 48 0
302073207 4 0
302073206 6 0
302073200 0 0
302073198 2 0
302073196 4 7
302073192 1 0
302073190 12 4
302073189 59 12
302073188 2 0
302073184 1 0
302073182 4 4
302073179 3 30
302073160 12 22
302073156 5 0
302073149 200 1
302073146 6 4
302073145 13 4
302073139 0 4
302073138 10 12
302073137 3 0
302073132 36 3
302073124 6 0
302073123 1 0
302073119 30 11
302073117 7 6
302073116 7 3
302073114 5 0
302073113 26 0
302073108 8 4
302073106 126 3
302073105 11 3
302073104 0 0
302073099 16 0
302073097 37 12
302073095 3 1
302073089 10 1
302073088 3 4
302073086 2 0
302073085 3 12
302073084 3 0
302073081 136 6
302073080 5 0
302073075 2 0
302073074 6 0
302073073 4 1
302073072 0 0
302073070 0 0
302073068 17 0
302073067 2 0
302073063 1 0
302073060 6 2
302073057 15 0
302073056 20 3
302073055 2 1
302073050 10 12
302073047 5 6
302073030 2 1
302073025 7 38
302073022 3 0
302073014 3 0
302073013 7 2
302073007 8 6
302073001 28 2
302072998 13 2
302072984 1 1
302072976 22 3
302072973 17 31
302072970 4 8
302072967 11 8
302072954 5 24
302072949 21 6
302072947 94 3
302072943 6 2
302072942 53 9
302072938 3 24
302072933 1 5
302072929 11 0
302072924 4 14
302072922 1 0
302072919 0 0
302072916 1 2
302072911 3 40
302072904 5 6
302072900 6 0
302072898 3 0
302072896 31 23
302072895 21 1
302072890 1 2
302072889 6 46
302072887 349 7
302072883 11 0
302072882 15 1
302072878 6 1
302072876 43 4
302072864 40 7
302072863 1 0
302072847 16 3
302072844 22 17
302072834 4 0
302072831 13 0
302072827 1 0
302072826 0 0
302072825 28 26
302072822 0 0
302072817 2 0
302072813 6 0
302072809 3 12
302072805 6 9
302072802 1 7
302072796 5 6
302072788 4 15
302072787 1 6
302072786 7 31
302072785 1 0
302072779 0 7
302072775 4 1
302072772 4 13
302072769 0 2
302072767 6 4
302072762 157 8
302072750 20 21
302072746 10 12
302072745 44 2
302072743 37 3
302072742 17 20
302072735 2 0
302072734 2 1
302072731 2 4
302072730 0 1
302072724 2 9
302072721 22 7
302072718 0 1
302072717 17 1
302072716 0 0
302072706 0 0
302072704 4 0
302072701 8 7
302072700 35 4
302072699 4 4
302072697 19 0
302072694 1 0
302072692 2 0
302072691 5 0
302072690 5 4
302072689 22 6
302072686 0 1
302072684 9 29
302072681 0 0
302072679 1 3
302072677 14 14
302072676 0 1
302072670 0 1
302072669 15 4
302072663 6 1
302072656 1 1
302072654 6 58
302072653 3 0
302072652 7 45
302072648 16 0
302072646 4 0
302072643 4 6
302072642 1 1
302072636 14 3
302072632 0 1
302072629 0 0
302072628 20 4
302072627 6 2
302072624 3 3
302072621 43 0
302072620 8 1
302072619 21 7
302072614 7 1
302072613 7 40
302072612 2 2
302072610 12 3
302072609 8 4
302072607 6 2
302072605 0 0
302072604 6 1
302072602 0 2
302072597 225 3
302072596 5 0
302072594 4 5
302072591 0 3
302072588 3 3
302072587 2 1
302072586 10 2
302072585 1 0
302072582 4 0
302072578 6 7
302072577 7 0
302072576 13 2
302072575 1 3
302072572 16 11
302072571 7 42
302072565 19 0
302072564 4 0
302072563 6 3
302072561 9 3
302072559 1 0
302072557 4 0
302072556 249 12
302072553 8 6
302072552 37 1
302072551 2 1
302072546 6 13
302072545 2 17
302072543 1 0
302072538 26 10
302072537 0 0
302072508 0 0
302072500 6 13
302072499 30 0
302072497 2 11
302072493 5 6
302072489 3 0
302072488 3 14
302072485 0 0
302072484 6 3
302072481 0 0
302072475 9 2
302072473 1 1
302072472 0 1
302072471 2 2
302072465 1 0
302072459 0 1
302072457 7 11
302072454 8 1
302072452 0 0
302072441 0 1
302072438 3 14
302072436 25 20
302072435 2 1
302072433 0 1
302072432 24 3
302072427 4 13
302072426 10 53
302072425 8 6
302072423 0 2
302072420 3 0
302072415 0 3
302072406 4 8
302072404 0 1
302072391 19 19
302072387 17 1
302072381 6 18
302072380 6 18
302072376 2 8
302072369 6 5
302072368 0 3
302072367 0 2
302072363 4 0
302072360 7 1
302072357 1 0
302072350 0 2
302072347 7 15
302072345 1 0
302072343 2 3
302072337 7 1
302072331 314 14
302072328 205 2
302072325 8 0
302072320 9 15
302072316 1 1
302072313 1 0
302072307 2 0
302072305 4 0
302072303 5 1
302072298 24 7
302072295 39 6
302072292 10 37
302072290 17 3
302072287 8 3
302072283 2 0
302072282 0 0
302072281 6 2
302072278 4 1
302072269 11 4
302072267 4 9
302072266 5 2
302072265 25 12
302072264 0 1
302072258 12 2
302072256 5 6
302072252 21 2
302072251 14 11
302072249 2 4
302072246 13 40
302072232 21 16
302072225 27 5
302072220 40 3
302072213 6 1
302072209 44 25
302072203 505 13
302072200 22 5
302072198 20 30
302072196 18 11
302072189 6 1
302072188 4 1
302072183 0 0
302072176 2 4
302072174 8 3
302072173 319 8
302072170 2 1
302072169 6 4
302072166 0 9
302072164 5 5
302072163 15 6
302072156 4 2
302072154 0 24
302072152 1 7
302072148 1 1
302072147 2 7
302072145 2 1
302072142 11 7
302072140 0 0
302072127 0 0
302072120 0 1
302072119 0 1
302072117 1 1
302072116 10 8
302072113 3 1
302072108 0 1
302072107 13 45
302072102 2 3
302072100 2 3
302072099 0 2
302072098 6 50
302072091 9 1
302072089 1 3
302072088 1 2
302072085 3 3
302072084 3 0
302072083 9 4
302072082 11 2
302072080 3 1
302072079 3 15
302072077 1 1
302072062 4 18
302072059 4 19
302072057 11 1
302072048 6 20
302072047 7 1
302072043 6 1
302072035 0 3
302072030 0 0
302072028 15 4
302072026 11 5
302072025 5 1
302072024 22 9
302072023 6 6
302072022 4 1
302072017 10 0
302072015 1 1
302072011 2 0
302072010 26 0
302072009 8 14
302072006 6 14
302072004 31 3
302072003 8 0
302072002 0 0
302071996 0 0
302071994 15 4
302071992 21 3
302071991 9 17
302071990 0 1
302071984 13 2
302071982 1 0
302071978 2 4
302071977 11 17
302071973 2 0
302071971 33 3
302071967 32 8
302071964 22 2
302071963 11 2
302071961 3 12
302071957 10 2
302071949 6 1
302071945 0 0
302071944 41 10
302071943 27 4
302071940 15 14
302071939 5 5
302071937 4 2
302071934 212 2
302071929 78 0
302071928 34 4
302071927 10 4
302071926 6 2
302071924 5 2
302071923 9 0
302071921 2 0
302071920 12 0
302071918 15 4
302071914 0 0
302071909 7 2
302071908 2 0
302071903 302 14
302071902 1 0
302071898 3 0
302071895 380 11
302071894 8 2
302071892 10 1
302071888 13 0
302071886 0 0
302071884 287 5
302071882 2 2
302071881 0 0
302071874 15 2
302071871 46 0
302071870 35 33
302071868 0 0
302071866 1 0
302071865 3 3
302071864 1 0
302071852 44 9
302071851 6 0
302071849 15 16
302071848 54 4
302071845 7 0
302071843 0 15
302071842 4 0
302071835 2 36
302071832 23 3
302071829 7 1
302071828 3 4
302071827 7 10
302071824 2 6
302071822 3 5
302071816 13 21
302071815 3 4
302071807 1 8
302071805 8 27
302071801 1 4
302071799 12 6
302071798 1 7
302071797 6 3
302071796 15 2
302071784 0 0
302071782 8 1
302071781 7 0
302071774 9 72
302071771 12 48
302071770 6 5
302071767 1 2
302071764 6 20
302071760 11 1
302071754 4 13
302071751 6 3
302071749 3 2
302071748 0 1
302071742 4 5
302071741 13 0
302071739 1 40
302071737 3 0
302071733 2 0
302071732 12 0
302071726 533 12
302071722 0 0
302071716 7 0
302071715 6 2
302071713 2 0
302071711 11 97
302071710 5 0
302071708 6 89
302071707 1 0
302071705 15 2
302071698 8 4
302071691 12 4
302071690 3 1
302071685 1 16
302071673 0 0
302071672 0 7
302071667 1 4
302071663 8 0
302071659 12 2
302071655 4 2
302071649 13 40
302071645 0 0
302071633 3 3
302071624 1 1
302071623 11 12
302071621 2 1
302071613 3 3
302071612 6 0
302071611 9 1
302071610 1 17
302071604 3 3
302071602 4 0
302071598 8 4
302071597 30 13
302071594 0 0
302071589 1 19
302071576 44 17
302071571 3 0
302071570 16 2
302071568 1 1
302071545 13 28
302071544 2 22
302071543 3 31
302071542 2 0
302071539 1 0
302071536 17 67
302071534 3 0
302071530 13 2
302071529 6 18
302071524 1 3
302071523 358 31
302071510 1 1
302071505 29 5
302071493 1 0
302071485 2 2
302071482 45 7
302071473 5 0
302071456 2 1
302071439 14 19
302071433 369 5
302071423 0 0
302071420 0 0
302071419 7 7
302071415 0 0
302071414 4 0
302071413 469 31
302071397 6 0
302071396 6 13
302071395 15 1
302071390 7 2
302071385 6 10
302071379 1 1
302071366 7 1
302071361 4 39
302071359 8 9
302071353 20 12
302071351 6 16
302071346 183 13
302071341 0 0
302071332 1 0
302071316 5 1
302071314 18 0
302071304 12 1
302071295 8 0
302071290 398 52
302071284 0 0
302071272 0 0
302071258 17 0
302071251 27 0
302071248 2 0
302071247 0 0
302071230 39 0
302071228 0 0
302071215 0 0
302071213 8 2
302071211 7 0
302071204 4 7
302071192 1 0
302071187 9 1
302071172 1 0
302071157 604 9
302071149 0 0
302071148 38 4
302071147 9 0
302071140 7 0
302071133 0 1
302071122 9 0
302071114 0 1
302071109 13 19
302071108 7 9
302071106 0 0
302071105 74 3
302071097 8 3
302071093 8 8
302071090 1 3
302071088 21 11
302071078 3 3
302071070 0 2
302071067 0 3
302071060 2 1
302071056 6 1
302071050 1 2
302071045 27 15
302071040 0 2
302071037 16 2
302071031 22 3
302071029 3 1
302071026 0 1
302071019 25 2
302071012 2 2
302071010 272 3
302070997 30 28
302070991 2 3
302070973 1 2
302070970 4 50
302070954 11 2
302070952 14 7
302070945 0 2
302070941 4 3
302070937 27 16
302070935 36 19
302070934 1 2
302070920 0 1
302070919 3 0
302070914 19 84
302070913 10 3
302070902 94 11
302070896 4 2
302070889 2 2
302070885 14 2
302070880 1 1
302070879 9 3
302070876 1 2
302070873 4 1
302070870 1 2
302070868 1 1
302070855 1 3
302070854 16 32
302070850 18 25
302070848 1 1
302070845 1 3
302070844 1 2
302070839 12 9
302070835 0 3
302070830 0 4
302070829 16 24
302070828 1 3
302070821 1 3
302070819 1 3
302070814 1 3
302070809 26 8
302070806 18 6
302070805 1 3
302070801 220 12
302070798 19 5
302070796 15 4
302070792 1 3
302070790 22 18
302070788 16 11
302070786 1 2
302070778 1 1
302070776 3 3
302070771 40 1
302070750 0 2
302070744 308 19
302070742 16 5
302070735 21 4
302070727 17 10
302070718 11 3
302070717 9 2
302070716 5 0
302070709 11 58
302070706 5 14
302070700 1 0
302070698 19 67
302070688 0 0
302070683 10 1
302070680 6 15
302070679 26 16
302070677 19 71
302070672 1 1
302070667 9 3
302070664 7 79
302070661 13 26
302070659 28 69
302070658 9 38
302070642 9 14
302070637 2 2
302070633 11 351
302070630 41 65
302070629 42 27
302070619 12 6
302070614 8 86
302070608 28 3
302070607 9 4
302070601 17 3
302070596 28 5
302070587 11 3
302070585 7 333
302070577 1 0
302070574 14 3
302070573 0 0
302070571 7 288
302070559 1 0
302070550 1 64
302070549 371 19
302070548 15 7
302070545 5 0
302070544 470 30
302070537 2 0
302070525 28 31
302070520 220 16
302070516 8 3
302070515 5 124
302070512 0 0
302070496 2 1
302070491 34 887
302070488 41 21
302070472 2 9
302070468 9 352
302070466 40 21
302070463 5 0
302070462 7 2
302070454 9 151
302070448 1 2
302070439 20 8
302070437 9 123
302070429 13 2
302070417 1 1
302070413 1 1
302070412 13 60
302070408 27 2
302070406 13 55
302070389 1 1
302070388 26 1
302070384 4 4
302070375 7 80
302070373 18 0
302070357 0 1
302070355 0 2
302070354 0 2
302070347 9 0
302070340 27 12
302070336 32 0
302070328 45 17
302070323 5 1
302070321 7 157
302070318 1 1
302070316 2 1
302070309 9 0
302070308 13 86
302070305 22 3
302070301 2 0
302070298 27 7
302070295 0 1
302070290 3 7
302070289 33 31
302070288 7 6
302070273 318 27
302070270 21 1
302070265 12 7
302070255 11 4
302070245 11 4
302070232 20 2
302070229 44 4
302070226 2 1
302070220 12 1
302070211 1 0
302070209 17 2
302070202 5 4
302070186 5 3
302070180 7 1
302070179 6 1
302070176 5 3
302070175 0 4
302070173 16 4
302070166 16 2
302070165 8 3
302070161 16 2
302070160 6 3
302070158 1 2
302070154 1 1
302070151 6 3
302070149 0 1
302070148 0 1
302070144 10 13
302070139 0 1
302070128 2 1
302070126 3 2
302070121 2 3
302070117 1 1
302070116 7 1
302070111 9 1
302070103 8 4
302070095 5 0
302070087 3 1
302070086 7 0
302070084 5 0
302070082 7 1
302070080 7 11
302070078 6 2
302070075 7 0
302070068 3 2
302070065 1 0
302070060 7 3
302070058 10 0
302070056 1 0
302070055 20 1
302070054 1 0
302070046 4 8
302070036 1 4
302070034 8 1
302070032 6 4
302070029 2 0
302070015 3 2
302070011 27 2
302070009 0 2
302070008 21 2
302070006 4 17
302069993 15 2
302069991 318 20
302069961 28 1
302069960 2 2
302069946 16 0
302069945 15 2
302069934 798 11
302069928 8 2
302069927 10 1
302069926 8 1
302069923 14 0
302069914 1 1
302069913 1 1
302069911 752 73
302069905 16 1
302069901 6 0
302069897 1 0
302069889 3 0
302069886 12 0
302069883 10 2
302069877 5 0
302069872 6 1
302069870 5 2
302069867 0 0
302069855 10 38
302069853 3 7
302069851 0 3
302069846 1 2
302069845 0 2
302069840 7 1
302069837 0 0
302069835 24 1
302069834 18 1
302069829 0 2
302069826 2 0
302069821 5 0
302069819 4 6
302069812 0 1
302069811 0 3
302069810 7 0
302069809 4 0
302069806 3 3
302069805 0 1
302069798 0 3
302069794 10 6
302069791 2 0
302069782 6 2
302069781 9 13
302069777 3 24
302069776 8 0
302069772 14 37
302069768 8 8
302069767 12 1
302069754 3 2
302069750 0 2
302069745 740 13
302069743 6 31
302069740 0 1
302069736 2 4
302069733 11 2
302069732 0 2
302069730 6 66
302069724 2 37
302069722 9 2
302069721 11 31
302069719 0 2
302069717 27 21
302069714 6 1
302069710 1 0
302069709 10 23
302069706 1 6
302069701 0 1
302069698 376 10
302069697 8 24
302069693 6 2
302069686 6 40
302069685 6 2
302069682 7 52
302069675 1 1
302069674 371 2
302069672 484 19
302069670 0 1
302069667 11 2
302069663 7 1
302069662 0 21
302069658 1 0
302069657 5 1
302069651 0 0
302069649 0 0
302069647 5 22
302069642 0 0
302069635 4 2
302069632 9 41
302069628 9 3
302069619 2 3
302069615 10 8
302069613 283 13
302069612 4 1
302069609 37 2
302069592 1 3
302069591 7 1
302069582 7 43
302069581 9 37
302069577 2 0
302069576 25 1
302069566 3 43
302069565 17 5
302069564 7 2
302069557 8 0
302069556 4 27
302069555 412 10
302069548 7 0
302069547 5 11
302069546 1 0
302069545 1 14
302069538 2 3
302069531 7 2
302069527 9 2
302069526 0 0
302069520 15 1
302069519 23 42
302069518 3 1
302069513 27 0
302069502 2 1
302069501 0 0
302069494 5 17
302069492 2 3
302069477 1132 81
302069475 5 0
302069474 685 12
302069473 4 1
302069460 7 0
302069457 0 0
302069447 4 4
302069443 12 19
302069425 342 20
302069420 4 13
302069416 2 0
302069414 0 0
302069413 0 0
302069406 0 0
302069397 3 26
302069394 608 35
302069393 7 7
302069392 13 5
302069386 1 1
302069380 5 1
302069373 0 2
302069359 3 2
302069358 8 2
302069357 3 14
302069356 4 0
302069354 8 2
302069352 3 1
302069347 2 30
302069343 17 1
302069338 8 2
302069324 4 2
302069322 2 3
302069308 9 0
302069303 447 5
302069299 0 0
302069295 2 12
302069292 23 1
302069287 9 1
302069279 1 0
302069263 5 1
302069260 12 0
302069252 7 0
302069248 0 0
302069247 2 1
302069239 4 24
302069234 3 1
302069231 3 69
302069225 0 0
302069220 3 0
302069216 0 0
302069215 3 2
302069214 5 5
302069210 1 1
302069209 5 0
302069207 1 23
302069206 1 0
302069204 19 10
302069202 11 2
302069199 2 1
302069188 0 0
302069183 4 1
302069179 2 0
302069166 5 0
302069164 1 2
302069158 5 19
302069157 3 2
302069152 0 6
302069142 7 0
302069139 0 0
302069137 17 0
302069118 544 7
302069113 2 0
302069109 13 0
302069105 1 3
302069103 40 18
302069100 9 1
302069099 0 0
302069094 6 2
302069087 3 0
302069084 9 1
302069083 564 11
302069080 0 0
302069079 7 0
302069078 0 0
302069074 7 0
302069073 4 22
302069069 1 0
302069065 0 0
302069064 0 2
302069062 1 0
302069061 8 0
302069056 0 0
302069042 15 1
302069038 6 1
302069034 4 36
302069026 3 1
302069015 7 0
302069000 5 0
302068992 4 77
302068985 3 0
302068979 9 0
302068978 1 0
302068977 1 0
302068971 3 1
302068968 1 0
302068955 2 0
302068952 0 1
302068946 696 16
302068930 8 9
302068929 3 0
302068918 3 1
302068917 0 1
302068913 4 1
302068901 1 14
302068898 4 6
302068897 0 1
302068894 3 9
302068890 3 1
302068888 0 1
302068886 12 1
302068885 6 8
302068874 1 3
302068873 3 4
302068867 0 1
302068862 15 4
302068859 0 1
302068854 1 3
302068848 5 1
302068841 0 2
302068840 0 1
302068837 1 0
302068830 0 0
302068828 1 1
302068827 1 1
302068815 1 5
302068810 2 0
302068808 4 2
302068807 4 19
302068804 4 1
302068792 7 3
302068789 3 19
302068783 5 20
302068769 6 3
302068763 2 2
302068761 5 1
302068757 6 3
302068752 7 0
302068751 17 0
302068742 7 2
302068735 0 0
302068731 1 0
302068730 6 2
302068727 7 0
302068720 2 0
302068719 2 2
302068716 13 5
302068712 0 2
302068702 7 0
302068699 3 0
302068694 2 0
302068690 4 24
302068688 5 4
302068684 1334 15
302068677 1 9
302068671 1 0
302068670 5 1
302068665 13 4
302068664 2 5
302068659 0 0
302068658 0 0
302068656 1 0
302068650 0 0
302068646 23 9
302068638 1089 15
302068634 6 2
302068632 8 1
302068630 3 0
302068627 5 1
302068618 7 34
302068599 14 4
302068598 1 16
302068591 10 4
302068589 2 3
302068583 34 2
302068582 1 1
302068556 15 1
302068554 2 1
302068552 5 3
302068547 12 26
302068534 16 7
302068527 4 4
302068525 4 3
302068519 9 2
302068518 7 8
302068516 10 0
302068513 29 0
302068510 1 4
302068505 3 0
302068503 0 0
302068494 4 0
302068493 3 44
302068490 15 0
302068489 6 1
302068480 8 3
302068478 1 1
302068468 7 1
302068465 8 2
302068463 0 0
302068462 359 13
302068461 4 0
302068449 1 0
302068444 5 0
302068440 623 40
302068438 2 0
302068437 3 1
302068435 1 0
302068433 196 5
302068431 11 0
302068427 9 1
302068426 3 0
302068420 7 2
302068417 0 2
302068413 988 34
302068411 4 0
302068406 0 1
302068405 1 1
302068404 1 0
302068402 9 2
302068400 13 11
302068399 4 0
302068378 7 7
302068377 13 0
302068374 3 1
302068372 0 2
302068371 2 2
302068370 678 14
302068367 8 0
302068365 2 0
302068362 203 2
302068356 7 0
302068353 5 0
302068346 5 1
302068341 5 3
302068338 0 0
302068332 3 0
302068329 7 0
302068327 2 1
302068325 3 0
302068316 4 0
302068315 3 0
302068311 3 0
302068310 12 0
302068309 0 0
302068303 0 0
302068290 0 0
302068285 20 0
302068284 3 1
302068280 0 0
302068277 15 2
302068273 3 0
302068265 8 0
302068263 3 0
302068260 3 0
302068256 3 2
302068255 1 0
302068241 0 0
302068229 0 0
302068217 8 2
302068216 10 2
302068214 16 2
302068213 2 2
302068210 0 0
302068209 2 0
302068203 0 1
302068200 0 2
302068196 0 3
302068192 5 1
302068188 3 4
302068184 5 4
302068177 2 2
302068175 0 3
302068169 2 12
302068167 2 5
302068148 0 3
302068145 0 2
302068143 4 3
302068142 3 2
302068123 8 2
302068118 3 1
302068114 0 3
302068111 3 8
302068106 4 1
302068099 1 1
302068096 3 5
302068089 15 1
302068077 7 45
302068076 0 1
302068073 1 5
302068072 866 13
302068066 2 0
302068064 0 3
302068061 5 2
302068058 10 1
302068044 19 0
302068043 3 3
302068040 4 0
302068038 2 7
302068028 2 0
302068025 5 0
302068020 23 15
302068019 2 2
302068014 4 3
302068013 8 3
302068010 3 0
302068008 478 20
302068005 971 22
302068004 5 4
302067997 2 1
302067996 5 0
302067993 1 0
302067988 6 1
302067986 3 0
302067981 10 2
302067973 6 0
302067969 5 0
302067964 2 0
302067962 4 10
302067959 1996 14
302067958 1 0
302067956 3 2
302067955 3 0
302067950 11 8
302067949 2 0
302067943 1 1
302067937 9 1
302067936 1211 34
302067931 3 0
302067929 1498 200
302067923 4 0
302067922 1 0
302067919 0 0
302067918 0 0
302067915 6 0
302067912 3 0
302067906 0 0
302067904 11 3
302067898 4 1
302067897 206 24
302067892 10 43
302067887 6 2
302067886 0 0
302067878 1 4
302067875 12 1
302067871 6 0
302067870 608 146
302067868 13 1
302067867 13 4
302067864 2 0
302067858 2 1
302067852 2 3
302067850 5 2
302067849 1 10
302067848 568 22
302067842 4 0
302067839 8 4
302067823 5 0
302067822 1 1
302067820 0 1
302067818 3 1
302067806 458 10
302067803 1 2
302067801 5 1
302067800 1 17
302067796 0 2
302067790 5 0
302067789 1 0
302067783 894 42
302067781 4 18
302067777 0 0
302067770 6 0
302067766 1698 12
302067761 5 2
302067757 5 0
302067752 6 1
302067748 10 17
302067745 3 10
302067744 0 0
302067743 0 0
302067740 5 0
302067739 5 5
302067738 8 2
302067735 0 0
302067730 4 2
302067729 1047 8
302067727 3 0
302067724 3 7
302067722 688 4
302067709 5 0
302067702 5 3
302067701 4 2
302067700 4 0
302067696 11 1
302067692 19 26
302067689 2969 719
302067684 7 0
302067682 6 0
302067676 2 1
302067671 6 0
302067670 623 2
302067669 8 4
302067666 0 0
302067663 1 3
302067658 4 1
302067653 4 2
302067647 6 2
302067645 5 4
302067639 18 12
302067637 979 21
302067634 552 15
302067633 6 5
302067632 1 0
302067629 8 2
302067628 4 7
302067625 3 3
302067620 1 0
302067617 2 8
302067611 5 5
302067604 5 2
302067603 0 1
302067601 8 20
302067599 10 1
302067593 5 2
302067588 4 0
302067587 0 1
302067583 3 2
302067578 2977 98
302067577 2 2
302067572 6 1
302067570 4 2
302067563 6 5
302067560 653 9
302067558 2 1
302067555 1 3
302067553 0 0
302067547 3 0
302067539 12 4
302067536 10 4
302067532 523 4
302067531 4 1
302067528 4 1
302067526 0 0
302067523 2 2
302067522 3 1
302067521 1557 61
302067519 6 1
302067514 5 2
302067510 5 7
302067506 5 6
302067492 0 1
302067490 6 2
302067484 4 3
302067481 4 0
302067478 1 0
302067476 2 0
302067471 7 4
302067467 4 3
302067466 7 2
302067463 2 14
302067461 4 8
302067460 2 1
302067456 3 0
302067452 0 0
302067449 5 1
302067443 6 5
302067437 0 1
302067434 4 1
302067426 7 1
302067425 2 3
302067421 3 4
302067417 0 2
302067415 0 0
302067410 3 4
302067408 1 3
302067406 1 0
302067403 0 0
302067402 3 3
302067399 3 2
302067398 1 0
302067395 3 3
302067383 5 1
302067381 8 1
302067380 8 2
302067379 8 3
302067370 1342 18
302067367 5 1
302067365 7 0
302067363 2 0
302067362 0 1
302067361 3 3
302067358 0 1
302067357 7 0
302067356 5 4
302067355 0 6
302067354 3 1
302067349 1 1
302067344 4 1
302067342 5 0
302067341 3 3
302067336 7 4
302067333 3 7
302067329 11 2
302067326 7 0
302067325 874 18
302067320 9 2
302067318 0 0
302067313 0 0
302067304 0 1
302067299 0 0
302067288 7 37
302067282 10 2
302067278 4 2
302067275 1 0
302067273 709 14
302067267 3 9
302067257 9 0
302067248 853 12
302067245 3 0
302067243 2 0
302067235 9 1
302067230 720 7
302067228 6 1
302067225 5 1
302067201 8 1
302067197 1 0
302067181 6 1
302067159 1544 16
302067156 3 1
302067155 5 0
302067152 9 0
302067151 5 1
302067147 12 0
302067145 15 0
302067144 7 0
302067141 6 2
302067139 11 4
302067133 2 2
302067132 1 2
302067131 11 0
302067129 8 1
302067127 2 1
302067123 2 0
302067121 0 0
302067100 4 5
302067097 5 25
302067091 0 0
302067083 5 1
302067074 2 0
302067071 7 2
302067069 8 1
302067065 2 2
302067064 20 481
302067046 5 1
302067042 13 3
302067037 1 1
302067011 9 3
302067005 0 1
302067003 9 0
302067002 6 8
302066998 2283 40
302066995 1 2
302066992 8 1
302066988 9 19
302066984 6 3
302066980 0 1
302066978 0 0
302066976 10 4
302066975 3 1
302066974 0 0
302066972 1 0
302066970 2 5
302066969 6 2
302066966 7 3
302066962 0 1
302066958 0 1
302066949 9 0
302066947 9 5
302066943 0 0
302066942 8 41
302066935 9 2
302066932 1 1
302066931 7 3
302066927 0 1
302066922 2 1
302066919 1 1
302066917 3 1
302066916 2 1
302066902 2 1
302066901 1 2
302066897 7 2
302066895 1 0
302066893 1094 11
302066892 3 0
302066890 5 3
302066885 3 4
302066878 2 1
302066873 4 0
302066872 5 1
302066865 2 9
302066864 7 4
302066856 0 3
302066852 1 1
302066850 1 10
302066849 6 5
302066842 6 0
302066840 5 12
302066838 5 70
302066829 1 11
302066827 412 25
302066825 0 0
302066819 14 11
302066812 3 2
302066806 1056 13
302066803 1 1
302066802 6 5
302066795 0 1
302066793 4 2
302066792 3 1
302066785 1 1
302066783 10 6
302066781 1 4
302066780 2 10
302066779 2 1
302066777 0 1
302066769 0 1
302066765 0 0
302066764 0 4
302066749 6 3
302066747 0 0
302066743 0 0
302066734 4 1
302066732 1 0
302066731 0 0
302066730 1 0
302066726 5 0
302066724 2 0
302066722 0 0
302066720 6 46
302066717 13 2
302066716 0 1
302066711 8 6
302066702 0 0
302066701 0 0
302066692 6 2
302066689 0 0
302066686 2 0
302066677 0 4
302066672 0 5
302066669 3 3
302066661 0 1
302066660 0 0
302066656 8 1
302066653 9 0
302066648 3 6
302066647 0 0
302066645 3 0
302066644 5 3
302066642 1 0
302066641 6 1
302066638 0 0
302066633 1 0
302066629 3 4
302066626 4 2
302066624 647 5
302066620 8 0
302066618 2 1
302066607 324 9
302066606 8 0
302066604 4 0
302066595 4 0
302066588 0 0
302066586 5 0
302066583 2 0
302066577 5 0
302066575 581 44
302066569 4 2
302066568 1 0
302066560 2 0
302066559 5181 311
302066558 0 0
302066550 0 0
302066544 1 0
302066540 3 0
302066539 6 2
302066536 0 0
302066535 2 0
302066533 0 0
302066523 0 1
302066518 2 1
302066514 2 0
302066511 0 1
302066508 0 0
302066507 4 0
302066505 0 0
302066488 4 1
302066469 3 0
302066466 1 0
302066459 0 1
302066458 1 4
302066451 2 1
302066442 641 20
302066440 3 9
302066425 0 0
302066421 2260 55
302066418 2 0
302066416 6 0
302066414 3 0
302066413 0 0
302066407 15 1
302066405 0 0
302066396 5 2
302066390 1 0
302066386 4 1
302066365 16 2
302066361 0 0
302066352 30 0
302066342 1 1
302066336 5 1
302066334 0 0
302066331 7 1
302066316 12 27
302066313 2 3
302066311 3 6
302066309 6 2
302066306 1 2
302066294 0 2
302066292 0 0
302066286 1 2
302066283 3 1
302066281 9 1
302066280 1337 34
302066267 2 0
302066261 0 0
302066251 912 40
302066249 929 9
302066244 0 0
302066236 1 1
302066235 2583 46
302066234 0 1
302066226 0 0
302066222 551 5
302066221 12 3
302066219 706 45
302066218 0 0
302066207 8 0
302066200 0 8
302066199 0 0
302066194 0 0
302066182 528 14
302066180 2 0
302066179 0 0
302066175 4 0
302066171 3 0
302066165 868 19
302066157 1 4
302066156 0 0
302066154 0 0
302066144 0 0
302066136 4 1
302066135 3 0
302066131 0 0
302066130 0 0
302066129 11 3
302066128 0 0
302066121 2 1
302066116 1 0
302066115 5 1
302066114 2 0
302066096 2 0
302066091 0 0
302066085 0 0
302066080 9 1
302066069 1 1
302066066 20 18
302066061 9 0
302066049 0 0
302066046 0 0
302066045 3 0
302066038 0 0
302066033 2 0
302066025 1 2
302066008 7 0
302066003 2 5
302066001 9 1
302065992 3 0
302065990 0 1
302065984 0 12
302065978 1 1
302065977 0 1
302065975 1 2
302065974 1 0
302065967 4 0
302065959 0 0
302065958 1945 31
302065957 5 0
302065955 0 1
302065947 653 18
302065938 2 0
302065933 7 1
302065925 4243 61
302065923 4243 102
302065920 5 0
302065918 0 0
302065917 1 0
302065916 0 1
302065912 3 1
302065909 1 1
302065901 0 0
302065895 4 0
302065891 0 0
302065888 0 1
302065886 3 0
302065884 4 1
302065873 14 13
302065871 0 1
302065868 2131 132
302065861 11 0
302065860 9 0
302065855 0 0
302065852 6 1
302065848 1 0
302065843 4 0
302065842 2 2
302065841 2 3
302065836 5 1
302065833 1 0
302065831 1 0
302065828 4 1
302065824 5 4
302065818 1 0
302065816 3 0
302065815 3 1
302065804 0 0
302065799 0 0
302065795 10 3
302065792 1 0
302065791 9 0
302065780 0 0
302065765 636 66
302065762 9 2
302065759 0 1
302065753 1 0
302065751 5 0
302065747 4 1
302065743 7 16
302065739 0 0
302065736 8 4
302065735 7 1
302065734 2 0
302065733 1 0
302065732 2 0
302065728 1014 17
302065723 1 0
302065719 628 18
302065702 2 1
302065698 3 0
302065697 0 0
302065693 1 1
302065691 3 0
302065687 0 0
302065685 2 0
302065681 11 1
302065676 3 2
302065675 1 0
302065674 0 1
302065673 4 0
302065668 0 0
302065667 4 1
302065666 4 0
302065664 0 0
302065660 3 0
302065659 1 0
302065658 2 0
302065656 7 0
302065654 1 0
302065652 2756 76
302065649 0 0
302065646 2 1
302065645 10 0
302065644 6 0
302065643 2 2
302065641 5 0
302065639 18 0
302065637 5 1
302065636 5 4
302065631 2 0
302065630 0 0
302065628 3 0
302065627 3 1
302065626 0 0
302065625 0 0
302065619 0 0
302065618 0 2
302065617 5 1
302065615 6 1
302065614 4 0
302065613 3 1
302065612 2 0
302065611 0 5
302065610 2 1
302065608 0 0
302065607 1 0
302065606 6 1
302065605 1 0
302065602 10 1
302065596 3 3
302065595 2 1
302065588 0 0
302065587 1 0
302065586 8 1
302065584 0 0
302065583 6 2
302065582 0 8
302065581 1 1
302065580 8 0
302065578 0 0
302065577 1 1
302065575 2 1
302065571 2929 46
302065570 1 1
302065567 3 7
302065564 4 1
302065563 2 2
302065562 4 0
302065561 9 0
302065559 2 5
302065558 0 3
302065552 2 2
302065550 5 1
302065548 13 6
302065547 2 1
302065546 2 19
302065545 5565 113
302065542 6 10
302065540 0 3
302065537 2 1
302065532 3 4
302065530 0 1
302065529 8 2
302065528 0 1
302065527 4 2
302065525 3 1
302065524 3 0
302065523 1437 23
302065522 5 1
302065521 0 0
302065518 0 0
302065514 2 1
302065513 0 0
302065512 0 5
302065511 1 0
302065510 1 8
302065509 1 0
302065506 2 0
302065505 2 0
302065503 0 0
302065502 8 0
302065501 0 0
302065499 0 0
302065498 1 0
302065497 4 21
302065496 2 0
302065495 7 1
302065494 2 0
302065492 5 0
302065489 1 0
302065488 1 0
302065487 3 0
302065486 2 7
302065485 7332 255
302065484 0 0
302065482 1 0
302065480 1 1
302065479 0 0
302065474 2 0
302065472 3 2
302065470 4 0
302065467 0 0
302065466 0 0
302065465 6 2
302065464 1 0
302065463 6 0
302065461 0 0
302065459 4 2
302065457 5 1
302065455 1 0
302065454 1 0
302065453 1 0
302065452 0 0
302065450 6 1
302065449 2 0
302065447 2 0
302065446 2 0
302065445 2 0
302065443 2542 74
302065442 7 1
302065440 0 0
302065437 7 2
302065434 0 1
302065433 6 1
302065432 8 1
302065431 5 0
302065430 12 0
302065429 1 1
302065425 7 0
302065424 0 0
302065423 1 0
302065422 1 0
302065420 0 0
302065419 3 0
302065417 1 0
302065416 10 1
302065414 2 0
302065413 509 21
302065412 6 0
302065411 8 0
302065410 3 0
302065409 2 0
302065405 1 0
302065401 9 0
302065400 7 1
302065398 1 0
302065397 0 0
302065396 0 0
302065394 0 0
302065393 0 0
302065390 2 0
302065389 0 0
302065387 5 0
302065386 1 0
302065385 0 0
302065384 4 1
302065383 0 0
302065382 1 0
302065381 9 0
302065380 1 1
302065379 0 0
302065378 6 2
302065377 2 3
302065376 1 0
302065375 0 0
302065373 0 0
302065368 3 1
302065367 0 0
302065364 4357 461
302065363 1 25
302065362 5365 64
302065361 1 0
302065360 6 1
302065359 4 1
302065358 1 0
302065357 12 0
302065354 0 0
302065353 5 0
302065352 3 0
302065351 0 0
302065350 1 0
302065349 2 1
302065348 0 3
302065347 1 1
302065346 4 0
302065345 2 0
302065343 4 1
302065342 2 0
302065341 0 0
302065340 2 0
302065339 1 0
302065338 0 1
302065336 0 0
302065335 0 0
302065334 0 0
302065331 1 0
302065330 5 0
302065329 9 2
302065328 3 0
302065327 1 0
302065326 1 0
302065325 5 1
302065324 2 0
302065323 7 1
302065322 0 0
302065321 0 0
302065320 1 1
302065319 0 1
302065318 3 2
302065317 1 0
302065316 0 1
302065315 2 1
302065314 0 1
302065312 8 2
302065311 0 1
302065310 2 6
302065309 7 2
302065308 6 1
302065307 2 0
302065305 0 0
302065302 1 0
302065301 1 1
302065300 6 0
302065299 3 1
302065297 0 0
302065296 3 0
302065295 8 2
302065294 3 0
302065293 0 0
302065292 1 1
302065291 0 1
302065290 2 1
302065289 0 0
302065288 0 0
302065287 0 0
302065286 0 3
302065285 0 0
302065284 1 0
302065280 3 0
302065279 1 1
302065277 6 0
302065276 4 0
302065275 0 3
302065274 1 0
302065273 1 0
302065271 0 0
302065270 2 3
302065269 1 1
302065267 1 0
302065265 0 0
302065264 0 0
302065263 1 0
302065262 5 1
302065261 0 0
302065260 7 0
302065259 0 0
302065258 0 0
302065257 1 1
302065256 7 0
302065253 1 1
302065250 500 16
302065247 0 1
302065246 1 1
302065245 0 0
302065243 3 0
302065242 2 1
302065241 5 1
302065239 1 0
302065238 6 1
302065237 2 0
302065235 5 2
302065234 3 0
302065233 0 6
302065232 0 1
302065229 2 0
302065228 8 1
302065225 0 1
302065223 0 1
302065221 4 2
302065220 4 0
302065219 3 0
302065218 0 1
302065216 2 0
302065215 8 2
302065213 0 1
302065212 4 1
302065211 6 1
302065210 3 0
302065208 9 1
302065207 0 0
302065206 3 0
302065205 4 0
302065204 2 0
302065203 2 1
302065201 4 0
302065200 0 0
302065199 2 0
302065198 1 0
302065197 0 0
302065196 2 0
302065195 2 0
302065192 0 0
302065190 1 2
302065189 4 0
302065188 0 0
302065187 0 1
302065186 4 0
302065185 7 2
302065183 2 0
302065182 1 1
302065181 2 1
302065179 1 2
302065178 3 0
302065177 0 0
302065176 7 0
302065175 0 0
302065173 0 1
302065172 7 1
302065171 3 2
302065168 0 2
302065167 0 1
302065166 2 0
302065165 1 0
302065164 2 1
302065163 2 0
302065162 0 0
302065161 0 0
302065160 6 0
302065159 1 2
302065158 2 0
302065157 2 0
302065156 3 1
302065155 0 0
302065154 0 0
302065153 0 0
302065152 0 0
302065151 0 0
302065149 0 1
302065148 1 1
302065147 1 0
302065145 1 1
302065144 0 0
302065143 1 0
302065142 0 0
302065141 1 0
302065140 1 0
302065138 3 0
302065137 0 0
302065136 0 0
302065135 0 0
302065134 0 0
