303952068 0 0
303952067 0 0
303951045 0 0
303951032 0 0
303948319 0 0
303941140 0 0
303941138 0 0
303939296 0 4
303936628 0 0
303936600 0 0
303875510 0 0
303865260 0 0
303865246 2 0
303865244 1 0
303865156 1 0
303865152 0 0
303858827 0 0
303858070 1 0
303823099 0 0
303800240 4 0
303798178 1 3
303777477 0 0
303776128 5 1
303751715 2 0
303742630 1 0
303730936 1 0
303719647 1 0
303706828 0 1
303671826 1 0
303663212 0 0
303663206 1 0
303663194 6 0
303577709 3 1
303577703 2 0
303552527 0 0
303544977 1 0
303544966 0 0
303538352 0 0
303521963 3 0
303499108 2 1
303499105 6 1
303496875 1 0
303493073 1 0
303323801 1 0
303250608 6 11
303242216 1 0
303242210 0 0
303164058 2 1
303163356 4 4
303162945 0 0
303155964 4 0
303152529 4 0
303152038 2 6
303078522 3 2
303033133 0 1
303033125 0 0
303029552 7 2
303020538 0 1
302993101 1 0
302978185 8 2
302952653 8 5
302925210 4 30
302925199 1 24
302893735 6 0
302893226 19 5
302892366 0 2
302891050 0 2
302884964 1 2
302884601 0 0
302883976 16 3
302883851 16 4
302881671 4 56
302880924 0 0
302879999 9 0
302843510 7 7
302841272 4 3
302841258 16 0
302818933 3 3
302818019 3 1
302817652 19 5
302817562 6 2
302817278 3 3
302816947 8 3
302816793 1 0
302816791 2 7
302816789 1 0
302816477 8 0
302816469 9 3
302816459 4 0
302812830 2 0
302807622 4 0
302805690 1 0
302805614 3 3
302796808 0 0
302745314 2 16
302731513 0 0
302731384 0 0
302731264 11 7
302731094 18 1
302729109 6 0
302728941 0 0
302728938 5 0
302724802 6 0
302723855 14 5
302719481 0 1
302719464 0 1
302710161 6 31
302688310 3 5
302662879 0 0
302662877 1 0
302651315 1 0
302644931 0 0
302644929 1 0
302643661 2 62
302637434 2 0
302637423 0 0
302634522 21 20
302623733 4 0
302596572 11 10
302584166 4 7
302570213 2 0
302569681 0 1
302569599 0 0
302569416 16 0
302565162 6 3
302564712 0 1
302550730 0 0
302550583 3 2
302550567 1 1
302548274 17 0
302547993 1 0
302533508 0 0
302533493 1 0
302533491 1 0
302524194 1 4
302502637 2 1
302497818 5 1
302497662 2 0
302496826 1 1
302495384 29 4
302495024 8 2
302494048 11 34
302493842 5 3
302493636 0 12
302493611 1 6
302490996 2 1
302490746 2 3
302490743 6 2
302490731 8 4
302490728 25 39
302490481 1 1
302490407 3 0
302489292 15 19
302488273 5 0
302487400 9 6
302487036 6 0
302486144 6 1
302484513 0 1
302483832 5 0
302483661 6 1
302478862 8 5
302478345 2 0
302477850 6 3
302473772 0 0
302455193 4 0
302453837 5 73
302426820 32 9
302426774 19 29
302424169 5 1
302424151 5 0
302424131 2 0
302422726 22 6
302413083 10 0
302413074 1 0
302413073 1 0
302412712 3 8
302412435 4 1
302412426 4 0
302412161 0 0
302411999 0 0
302411772 2 2
302411641 7 1
302411277 2 0
302411166 9 16
302411083 4 2
302410843 2 1
302409658 6 2
302409019 17 5
302408979 1 1
302408487 0 0
302408471 5 2
302408349 19 1
302407580 0 1
302407443 2 6
302406843 23 1
302406520 1 0
302405160 3 1
302404164 16 0
302404163 22 37
302403743 0 0
302403617 0 0
302403378 5 13
302403083 14 33
302403009 37 28
302403007 15 3
302403004 1 0
302403003 11 22
302402927 30 13
302402878 0 0
302402432 0 0
302402419 0 1
302402142 5 1
302401984 1 0
302401662 9 3
302401094 5 0
302401089 17 2
302401082 4 3
302401015 23 33
302400353 32 1
302400114 2 1
302400020 16 1
302400007 1 0
302399555 1 0
302399470 5 1
302399462 3 3
302399455 5 1
302399439 5 0
302399433 0 1
302399419 39 4
302399069 5 0
302398541 5 3
302398169 2 4
302397918 82 5
302397488 18 5
302395762 0 0
302394000 0 2
302392610 10 1
302391593 20 13
302391588 27 5
302391567 13 3
302389472 10 2
302385954 23 9
302385588 11 6
302366016 7 0
302363901 40 6
302363032 14 18
302358280 2 1
302357437 7 17
302348700 45 3
302348644 0 0
302348625 1 0
302348400 6 6
302347612 3 0
302347607 6 9
302343614 5 1
302342602 4 2
302342547 8 1
302339178 37 23
302330194 6 8
302330186 5 0
302329992 15 1
302329983 3 1
302329483 5 2
302328288 3 3
302328228 9 1
302328224 6 0
302328044 16 2
302322711 7 36
302322443 6 1
302321146 3 2
302316898 0 0
302316756 9 0
302316754 3 0
302316745 8 9
302316702 0 94
302316689 3 32
302316607 4 1
302316580 1 4
302316517 0 0
302316353 21 21
302316323 6 22
302316273 10 1
302316184 6 6
302316030 3 2
302315994 38 40
302315984 17 73
302315896 5 1
302315811 2 13
302315786 5 3
302315754 12 25
302315541 29 5
302315507 4 0
302315465 2 0
302315027 28 4
302314967 13 3
302314929 33 6
302314724 6 2
302314703 12 2
302314619 14 2
302314549 33 23
302314545 7 5
302314541 14 4
302314447 8 40
302314383 13 2
302314235 3 4
302314230 12 1
302314217 14 1
302314190 19 1
302314187 6 5
302314078 4 0
302314035 10 6
302313971 5 0
302313952 23 23
302313943 3 2
302313875 4 0
302313871 23 4
302313837 2 1
302313818 3 6
302313811 23 0
302313622 7 2
302313420 8 5
302313381 3 1
302312889 1 0
302312856 9 5
302312828 1 11
302312801 0 0
302312795 1 0
302312645 15 4
302312537 0 0
302312338 11 3
302311518 7 1
302311372 12 3
302311287 0 0
302311285 9 0
302311280 14 5
302311213 3 0
302311026 4 51
302310942 6 5
302310925 3 2
302310898 0 0
302310860 0 0
302310678 6 0
302310651 6 20
302310637 8 1
302310547 13 5
302310358 10 0
302310340 21 11
302310324 4 0
302310173 16 14
302310167 12 0
302310162 10 1
302310147 4 0
302310137 5 0
302310124 20 3
302310032 7 2
302309992 0 2
302309985 5 1
302309929 6 1
302309906 20 2
302309901 2 3
302309828 6 5
302309722 0 0
302309721 3 0
302309670 0 0
302309603 6 63
302309595 5 2
302309549 0 0
302309543 1 0
302309394 3 0
302309336 4 0
302309313 8 7
302309260 0 4
302309100 40 6
302309087 8 3
302309085 3 38
302309062 2 1
302309031 4 0
302308969 1 0
302308897 30 7
302308879 7 0
302308832 2 0
302308825 5 0
302308797 5 2
302308776 6 6
302308772 5 24
302308765 13 53
302308752 3 1
302308744 5 1
302308725 5 0
302308721 15 6
302308698 2 8
302308678 0 1
302308670 0 0
302308596 21 23
302308492 10 3
302308354 20 6
302308245 0 0
302308225 1 3
302308092 36 8
302308027 14 1
302307950 2 26
302307942 13 2
302307918 0 0
302307869 1 0
302307868 1 1
302307804 5 3
302307787 1 18
302307741 14 47
302307680 3 3
302307679 20 65
302307593 0 0
302307401 10 9
302307347 14 2
302307233 2 1
302307208 1 2
302307203 34 20
302307125 20 3
302307107 10 1
302307099 32 3
302306994 0 0
302306932 23 2
302306828 12 2
302306808 20 0
302306666 6 0
302306643 18 2
302306577 18 0
302306508 5 57
302306441 18 2
302306299 2 4
302306215 3 0
302306168 7 5
302306048 1 8
302305985 0 1
302305962 33 20
302305897 4 1
302305882 1 0
302305877 6 0
302305867 28 3
302305806 13 24
302305759 0 0
302305718 2 5
302305700 0 0
302305688 6 0
302305640 4 16
302305495 12 1
302305466 11 24
302305217 25 6
302305194 25 20
302305065 48 32
302305058 0 4
302305024 35 26
302304996 19 15
302304522 12 19
302304458 0 87
302304312 4 1
302304290 7 3
302304040 21 2
302304037 10 0
302304036 25 1
302304016 18 10
302303990 11 5
302303920 0 0
302303901 1 22
302303798 23 13
302303672 7 0
302303579 9 5
302303129 0 0
302303102 0 0
302303078 13 0
302302916 10 1
302302899 29 1
302302894 18 9
302302800 11 1
302302510 4 0
302301810 5 0
302300935 8 6
302300778 1 0
302300596 2 0
302300542 30 1
302300270 6 1
302300247 11 2
302300164 17 14
302299902 2 0
302299838 2 5
302299070 0 0
302299002 5 0
302298890 6 3
302298858 6 0
302298742 7 6
302298738 13 3
302298703 11 0
302298694 13 0
302298658 10 0
302298589 6 1
302298554 3 0
302298524 11 1
302298462 0 0
302298270 4 0
302298180 1 17
302298089 24 5
302298084 14 4
302297989 0 0
302297902 8 0
302297877 7 19
302297795 7 3
302297748 1 0
302297628 3 0
302297507 5 1
302297118 4 0
302296972 5 0
302296954 2 0
302296948 2 12
302296199 6 7
302296170 2 0
302296115 13 5
302295608 7 53
302295561 3 51
302295429 1 1
302295382 3 42
302295095 18 1
302295084 21 1
302295076 12 9
302294573 21 15
302294051 2 63
302293840 4 3
302293783 2 3
302293561 0 9
302293441 3 0
302293421 3 9
302293117 11 8
302292958 3 1
302292940 8 0
302292893 6 0
302292871 7 11
302292865 9 33
302292808 11 13
302292466 14 6
302292458 17 7
302292307 2 0
302291641 25 6
302291326 2 42
302290739 1 0
302290639 23 7
302288414 1 2
302284827 21 1
302283098 2 0
302282577 0 6
302278497 24 4
302278475 6 4
302278293 0 0
302278187 3 44
302278159 0 0
302278020 2 69
302278017 2 28
302277925 51 8
302277795 12 41
302277708 0 0
302277604 0 3
302277599 2 37
302277459 1 1
302277434 1 0
302277431 0 0
302277405 0 4
302277376 0 0
302277363 1 0
302277326 11 48
302277227 25 5
302277114 17 7
302277098 0 1
302277077 12 0
302276818 5 60
302276671 27 6
302276665 7 14
302276649 21 7
302276313 1 4
302275610 0 0
302275053 3 30
302274442 23 0
302274105 7 3
302273526 1 4
302273417 14 5
302273046 6 0
302272258 2 0
302269152 1 6
302266754 12 2
302266743 1 0
302266737 7 1
302266733 0 0
302266732 6 1
302266723 2 0
302266637 1 1
302266575 22 1
302266547 0 3
302266546 2 3
302266339 2 0
302266303 0 1
302266116 0 0
302265976 0 5
302265678 8 6
302265580 34 45
302265493 15 4
302265442 43 2
302265348 29 19
302265277 10 15
302265257 9 10
302265229 32 13
302265039 16 3
302264984 0 7
302264964 0 3
302264903 2 2
302264524 19 55
302264405 33 9
302264275 2 2
302264248 0 3
302264212 39 40
302264180 11 9
302264159 13 8
302264099 9 4
302264004 0 4
302263882 6 10
302263836 21 25
302263730 10 37
302263638 12 9
302263425 0 1
302263378 48 11
302263281 1 1
302263276 0 1
302263180 1 0
302262905 3 1
302262655 38 8
302262604 1 0
302262183 5 0
302262143 45 14
302262142 8 2
302262130 12 0
302262128 0 0
302262108 6 3
302262095 13 8
302261657 6 8
302261413 0 0
302261074 3 52
302261014 1 0
302260898 1 10
302260816 2 1
302260814 1 4
302260539 33 16
302260517 3 1
302260508 18 11
302260422 0 0
302260244 22 12
302260141 2 1
302260115 9 1
302260084 5 0
302260071 6 1
302260021 5 0
302260005 9 0
302259872 22 23
302259288 9 4
302259162 27 5
302258855 44 7
302258641 63 8
302258534 1 1
302258492 12 2
302258426 8 6
302258344 10 9
302258324 3 0
302257914 4 1
302257858 13 1
302257776 4 0
302257685 2 8
302255187 0 0
302251811 23 36
302251725 2 0
302251610 0 1
302251529 21 5
302251525 16 13
302251499 0 5
302251494 7 4
302251483 5 2
302251454 19 2
302251431 19 6
302251430 11 1
302251332 10 0
302251330 1 0
302251244 29 12
302251237 35 2
302251217 12 4
302251214 21 22
302251176 0 0
302251169 0 8
302251168 15 8
302251112 0 0
302251101 1 0
302251094 9 3
302251058 1 0
302251033 4 1
302250958 3 0
302250951 17 20
302250938 0 0
302250936 1 0
302250880 18 5
302250871 0 0
302250849 30 5
302250829 2 15
302250828 4 43
302250823 3 45
302250808 0 2
302250726 5 40
302250717 11 6
302250707 10 49
302250665 15 2
302250648 0 0
302250640 3 1
302250633 8 0
302250553 1 1
302250528 12 4
302250522 1 1
302250500 1 0
302250444 0 1
302250415 5 1
302250377 1 3
302250282 1 1
302250278 12 7
302250249 13 3
302250115 25 3
302250110 32 1
302250094 2 0
302250061 13 0
302250019 5 3
302249996 7 0
302249991 0 0
302249985 0 0
302249979 10 0
302249977 2 0
302249928 8 1
302249835 2 0
302249792 30 31
302249777 41 22
302249771 1 34
302249753 24 2
302249721 3 0
302249611 21 2
302249589 34 5
302249567 15 39
302249561 9 22
302249527 10 1
302249446 2 1
302249436 5 5
302249434 0 0
302249359 3 0
302249293 3 1
302249250 1 0
302249226 2 0
302249198 6 2
302249192 11 7
302249129 18 4
302248968 4 3
302248959 2 5
302248936 20 4
302248904 0 0
302248897 8 3
302248821 23 9
302248789 16 6
302248788 32 13
302248786 1 0
302248783 1 0
302248734 9 21
302248729 17 10
302248707 9 17
302248584 1 0
302248525 1 1
302248505 1 0
302248494 7 9
302248486 118 1
302248466 0 0
302248450 25 40
302248439 6 29
302248287 1 6
302248224 10 3
302248204 18 7
302248075 11 1
302248046 28 29
302248037 12 3
302248033 1 1
302247865 8 39
302247756 55 4
302247708 25 3
302247694 4 30
302247654 4 2
302247645 5 1
302247641 0 0
302247638 7 0
302247634 8 3
302247585 0 0
302247461 9 1
302247430 29 7
302247157 9 19
302247126 4 0
302247084 44 20
302247059 12 1
302247031 27 1
302247013 1 8
302247005 3 6
302246989 6 1
302246968 17 0
302246941 5 38
302246927 22 3
302246897 7 2
302246874 31 5
302246869 5 16
302246862 1 1
302246693 14 3
302246665 12 2
302246642 12 6
302246270 0 1
302246241 0 1
302246237 11 0
302246214 12 0
302246210 4 1
302246078 5 3
302246036 7 3
302245437 3 33
302245199 2 0
302245109 4 2
302245018 1 0
302244880 10 1
302244808 9 14
302244722 21 2
302244518 32 3
302244442 8 53
302244239 13 21
302244132 42 2
302244115 8 1
302243910 53 8
302243749 3 0
302243687 20 0
302243623 15 74
302243608 14 3
302243346 7 0
302243334 4 1
302243286 4 0
302243273 7 79
302243243 18 10
302243122 1 0
302243091 1 2
302243051 10 0
302243035 2 0
302243021 4 1
302242956 2 0
302242936 2 0
302242890 12 3
302242810 13 5
302242554 11 4
302242328 5 16
302242323 14 33
302242163 3 0
302241957 14 4
302241806 7 0
302241805 4 36
302241750 9 9
302241746 10 10
302241733 22 9
302241699 3 45
302241692 4 5
302241374 15 0
302241317 10 0
302241301 3 4
302241280 9 4
302241163 3 8
302240933 22 2
302240915 4 4
302240725 1 0
302240702 0 0
302240541 3 2
302240460 18 37
302240406 2 0
302240246 3 45
302240182 1 0
302239938 0 2
302239791 1 5
302239738 7 5
302239374 14 0
302239290 0 0
302239106 0 0
302239056 3 17
302238985 9 50
302238940 14 41
302238939 0 0
302238889 8 15
302238876 0 1
302238874 4 13
302238865 0 0
302238858 16 1
302238857 6 10
302238856 0 2
302238855 18 9
302238853 0 1
302238851 9 0
302238850 2 1
302238848 10 1
302238842 11 0
302238840 0 0
302238837 18 1
302238833 0 0
302238831 8 1
302238824 25 6
302238808 0 0
302238803 0 0
302238802 1 3
302238801 17 2
302238800 8 21
302238797 11 10
302238793 3 0
302238792 0 14
302238791 1 1
302238790 2 3
302238788 24 30
302238784 1 1
302238781 7 0
302238780 12 0
302238776 11 2
302238774 39 11
302238773 30 13
302238771 8 0
302238768 0 0
302238767 13 3
302238766 7 8
302238765 2 0
302238763 17 2
302238760 5 3
302238757 0 0
302238753 8 1
302238751 2 1
302238749 3 1
302238742 26 1
302238737 0 0
302238733 0 5
302238724 7 2
302238718 11 36
302238716 30 6
302238713 11 2
302238710 13 7
302238709 5 35
302238708 4 43
302238707 9 1
302238705 3 1
302238704 13 6
302238703 0 4
302238702 14 5
302238695 8 3
302238690 12 4
302238688 1 0
302238684 29 16
302238681 29 4
302238670 17 0
302238666 18 0
302238663 0 0
302238661 12 13
302238653 3 40
302238651 18 26
302238650 0 1
302238648 0 1
302238643 15 6
302238642 11 17
302238635 13 2
302238623 25 17
302238622 13 2
302238621 1 40
302238614 19 5
302238610 1 36
302238608 14 0
302238606 0 0
302238597 6 0
302238594 10 1
302238592 33 9
302238591 19 4
302238590 4 0
302238589 14 2
302238584 5 3
302238575 2 2
302238574 2 0
302238572 8 6
302238570 6 2
302238568 0 1
302238563 9 47
302238559 12 3
302238554 11 2
302238551 4 0
302238550 29 3
302238549 9 1
302238548 0 0
302238547 11 3
302238544 23 7
302238543 21 2
302238540 38 46
302238539 12 4
302238538 16 1
302238536 0 0
302238535 7 2
302238533 10 3
302238526 1 0
302238523 1 0
302238520 18 1
302238515 17 2
302238511 0 6
302238507 5 0
302238505 14 0
302238504 3 3
302238502 39 3
302238501 1 0
302238499 9 5
302238496 30 3
302238495 2 0
302238494 6 0
302238486 13 2
302238478 0 0
302238472 19 40
302238471 23 9
302238464 0 0
302238457 3 10
302238455 35 11
302238442 19 0
302238440 0 0
302238437 4 0
302238435 0 0
302238432 3 0
302238430 6 2
302238429 0 2
302238427 3 37
302238425 7 0
302238424 26 1
302238423 2 40
302238420 2 37
302238409 5 2
302238408 2 0
302238407 1 4
302238404 39 4
302238394 5 1
302238391 38 10
302238389 1 5
302238388 3 0
302238387 9 0
302238386 9 2
302238375 42 11
302238374 1 0
302238373 11 5
302238372 1 1
302238368 3 0
302238362 21 5
302238358 28 5
302238357 2 2
302238355 3 42
302238354 10 3
302238352 6 0
302238351 19 29
302238350 2 0
302238349 7 2
302238346 0 5
302238345 3 15
302238343 47 13
302238340 1 0
302238338 7 56
302238337 28 7
302238336 2 2
302238333 5 1
302238331 1 3
302238330 0 4
302238326 0 0
302238325 7 2
302238324 4 67
302238320 1 0
302238315 8 2
302238314 5 8
302238312 18 2
302238311 6 54
302238310 29 17
302238307 6 2
302238304 5 0
302238303 3 1
302238299 23 2
302238298 9 63
302238295 14 5
302238293 1 1
302238292 25 10
302238290 13 17
302238286 13 5
302238284 3 2
302238282 31 7
302238281 30 1
302238279 16 9
302238274 1 0
302238272 1 20
302238270 0 0
302238269 5 0
302238261 2 8
302238258 2 2
302238257 9 4
302238250 5 2
302238245 4 2
302238244 2 1
302238239 31 5
302238236 18 27
302238235 2 33
302238232 18 1
302238231 3 6
302238228 22 2
302238227 0 0
302238221 23 50
302238204 23 35
302238198 2 10
302238197 0 1
302238196 3 40
302238195 1 1
302238186 23 2
302238182 1 0
302238180 24 6
302238178 2 1
302238176 0 0
302238175 5 2
302238172 1 0
302238170 2 0
302238168 4 2
302238165 16 9
302238163 3 2
302238162 1 2
302238158 3 0
302238154 1 0
302238153 17 5
302238152 39 6
302238150 4 0
302238149 0 0
302238148 6 2
302238147 23 3
302238145 4 2
302238144 0 0
302238143 0 0
302238141 17 5
302238140 6 3
302238139 36 2
302238138 7 1
302238136 3 0
302238135 3 2
302238133 15 4
302238132 4 1
302238131 22 56
302238130 2 3
302238129 1 3
302238128 13 1
302238127 0 0
302238125 11 4
302238124 4 2
302238121 10 63
302238119 24 4
302238115 11 0
302238114 4 2
302238113 19 6
302238110 0 0
302238108 4 6
302238107 1 0
302238104 1 4
302238102 0 1
302238095 6 3
302238093 1 3
302238089 18 6
302238088 1 17
302238087 44 9
302238084 49 16
302238083 0 0
302238082 18 3
302238080 1 0
302238079 0 1
302238077 3 2
302238074 0 0
302238072 11 3
302238066 8 0
302238064 4 0
302238061 7 1
302238057 19 2
302238052 9 10
302238049 0 6
302238044 4 1
302238043 15 11
302238042 7 59
302238039 19 3
302238038 5 2
302238037 0 0
302238032 10 2
302238031 6 0
302238029 11 0
302238028 16 1
302238027 1 0
302238026 0 0
302238025 1 7
302238024 0 0
302238022 0 0
302238021 6 1
302238020 4 1
302238019 23 9
302238018 4 9
302238005 1 0
302238003 1 17
302238002 4 5
302238001 2 6
302238000 44 16
302237999 7 1
302237998 6 0
302237996 5 1
302237995 19 3
302237994 1 1
302237990 0 0
302237988 17 8
302237986 0 5
302237984 3 1
302237982 29 11
302237981 12 0
302237980 0 2
302237979 37 1
302237978 0 0
302237977 0 0
302237975 3 5
302237973 3 106
302237972 2 1
302237969 5 70
302237967 20 7
302237965 1 15
302237964 37 3
302237963 1 0
302237958 18 1
302237956 0 0
302237952 4 121
302237951 17 39
302237948 16 2
302237946 1 0
302237942 1 0
302237940 3 0
302237939 14 4
302237927 0 0
302237923 18 33
302237921 7 1
302237919 4 0
302237918 10 0
302237917 3 96
302237916 30 19
302237915 0 7
302237914 2 1
302237912 1 0
302237911 26 3
302237909 22 20
302237908 21 5
302237906 4 1
302237904 3 0
302237903 1 12
302237902 16 2
302237901 4 1
302237896 15 2
302237894 1 0
302237892 1 0
302237891 13 0
302237890 13 0
302237886 10 17
302237884 4 69
302237883 10 2
302237882 10 41
302237880 1 0
302237874 1 0
302237868 29 14
302237866 27 29
302237865 3 3
302237864 19 3
302237861 6 76
302237860 15 5
302237858 1 37
302237856 15 10
302237855 1 0
302237854 20 5
302237848 23 4
302237845 0 0
302237843 51 1
302237842 1 0
302237840 1 0
302237836 18 1
302237835 0 0
302237834 0 0
302237833 17 3
302237824 3 0
302237822 1 5
302237821 0 8
302237818 3 0
302237815 46 4
302237810 1 1
302237807 2 0
302237806 6 0
302237805 0 0
302237802 3 4
302237800 17 6
302237799 3 0
302237797 13 6
302237796 7 31
302237794 6 1
302237793 1 0
302237791 5 21
302237785 13 2
302237780 16 40
302237779 0 0
302237775 1 84
302237774 40 6
302237771 6 3
302237770 27 35
302237768 2 0
302237766 2 0
302237765 0 0
302237763 23 11
302237762 5 53
302237761 1 0
302237760 2 0
302237759 5 0
302237758 17 7
302237757 53 15
302237755 3 1
302237754 1 0
302237752 15 15
302237751 31 4
302237750 1 0
302237748 18 2
302237747 1 0
302237742 11 3
302237739 8 17
302237736 0 7
302237735 23 2
302237734 1 5
302237732 1 0
302237731 34 20
302237729 26 4
302237725 1 0
302237723 5 1
302237720 0 2
302237719 10 1
302237718 13 79
302237717 19 1
302237716 6 2
302237710 8 53
302237706 24 9
302237705 3 1
302237704 14 0
302237703 32 5
302237701 8 12
302237700 12 7
302237699 2 1
302237698 5 43
302237697 16 3
302237696 3 0
302237695 1 0
302237694 0 0
302237692 0 1
302237691 6 0
302237690 1 0
302237688 3 0
302237687 3 19
302237685 0 0
302237684 16 3
302237683 12 1
302237682 5 1
302237681 25 0
302237678 5 81
302237677 0 4
302237673 20 2
302237671 4 49
302237665 0 1
302237664 31 14
302237663 32 11
302237660 8 5
302237659 74 8
302237657 17 7
302237653 0 1
302237649 2 0
302237647 2 0
302237644 3 0
302237643 31 3
302237641 8 48
302237638 21 17
302237636 1 31
302237634 12 3
302237633 54 6
302237632 1 0
302237630 33 8
302237628 22 60
302237626 4 2
302237620 8 1
302237619 1 0
302237618 5 0
302237614 44 9
302237612 0 4
302237610 6 64
302237607 35 1
302237605 3 0
302237604 9 1
302237602 25 1
302237599 9 8
302237597 20 2
302237594 11 6
302237593 9 7
302237589 3 4
302237587 1 1
302237582 19 4
302237580 0 0
302237578 5 5
302237575 10 1
302237571 9 0
302237569 6 4
302237567 32 6
302237566 43 22
302237563 22 1
302237562 2 2
302237561 50 6
302237560 1 20
302237559 9 1
302237558 32 27
302237557 0 3
302237554 17 23
302237552 44 31
302237551 7 0
302237550 57 0
302237549 2 3
302237548 0 0
302237547 53 8
302237546 123 4
302237544 8 9
302237543 44 5
302237539 17 8
302237538 1 0
302237537 30 17
302237532 29 5
302237531 19 1
302237530 193 34
302237527 6 0
302237524 23 5
302237518 4 12
302237516 21 10
302237515 2 1
302237514 0 0
302237513 38 26
302237512 12 8
302237508 8 1
302237507 36 7
302237506 9 1
302237505 1 1
302237503 5 1
302237502 114 47
302237501 6 52
302237500 0 1
302237499 7 0
302237497 29 5
302237494 26 2
302237492 9 12
302237487 2 0
302237483 0 0
302237480 7 2
302237479 5 2
302237476 1 3
302237473 3 8
302237472 5 7
302237471 13 7
302237469 7 4
302237468 1 0
302237466 21 1
302237465 14 1
302237463 7 26
302237462 5 0
302237461 35 11
302237460 6 0
302237459 57 10
302237458 2 0
302237457 25 4
302237456 126 1
302237455 37 6
302237454 2 4
302237453 11 1
302237449 34 5
302237446 35 12
302237445 24 2
302237443 1 0
302237442 1 0
302237440 67 0
302237438 1 1
302237435 0 2
302237433 26 1
302237432 19 27
302237430 4 46
302237429 22 13
302237428 36 9
302237426 31 7
302237424 1 0
302237423 1 3
302237421 0 2
302237420 12 20
302237418 30 15
302237417 13 1
302237416 0 8
302237415 5 7
302237412 11 8
302237409 26 9
302237408 6 0
302237404 4 0
302237403 6 0
302237402 14 1
302237401 11 14
302237400 23 3
302237398 4 0
302237395 22 11
302237391 8 27
302237390 2 1
302237387 3 3
302237386 18 7
302237378 3 1
302237376 15 1
302237372 8 22
302237370 11 32
302237369 0 0
302237368 33 0
302237365 12 3
302237364 21 1
302237363 7 2
302237362 17 0
302237361 12 3
302237359 6 0
302237356 0 0
302237355 23 28
302237353 1 1
302237352 21 2
302237350 6 0
302237348 7 0
302237347 0 5
302237346 5 0
302237345 2 6
302237344 1 0
302237342 25 4
302237341 19 5
302237340 8 0
302237339 0 2
302237338 27 0
302237337 17 4
302237336 7 1
302237335 11 31
302237334 25 46
302237332 3 1
302237331 5 0
302237329 1 0
302237328 8 0
302237326 6 2
302237325 5 0
302237324 16 10
302237322 9 0
302237318 3 0
302237317 0 0
302237316 10 85
302237312 15 9
302237311 29 2
302237310 2 0
302237309 36 4
302237308 26 37
302237307 31 8
302237305 5 6
302237304 22 9
302237303 0 3
302237301 2 0
302237300 71 0
302237299 9 2
302237295 30 17
302237294 22 14
302237293 19 29
302237291 35 6
302237290 0 0
302237288 42 3
302237286 0 4
302237285 3 2
302237282 4 1
302237280 9 42
302237278 0 3
302237275 3 1
302237274 20 4
302237269 3 0
302237266 41 10
302237265 1 1
302237264 0 1
302237262 6 42
302237259 21 2
302237258 1 1
302237257 0 1
302237256 1 0
302237255 0 1
302237253 1 0
302237252 25 12
302237251 0 0
302237248 24 25
302237244 3 1
302237242 4 0
302237241 34 0
302237237 0 1
302237233 1 9
302237232 2 4
302237229 35 7
302237228 1 0
302237226 1 2
302237224 22 2
302237223 4 4
302237221 14 1
302237219 0 7
302237218 5 1
302237217 12 1
302237216 4 4
302237214 4 1
302237210 3 1
302237209 12 0
302237207 4 1
302237206 23 14
302237204 7 2
302237202 6 2
302237199 5 3
302237198 34 32
302237197 2 1
302237193 31 0
302237189 33 0
302237186 32 49
302237185 9 1
302237184 3 13
302237182 26 12
302237181 6 1
302237180 0 6
302237179 3 3
302237177 1 12
302237174 1 12
302237172 5 5
302237171 5 3
302237170 4 31
302237169 8 2
302237167 32 4
302237166 27 15
302237164 7 2
302237163 13 6
302237161 19 10
302237158 1 2
302237157 1 3
302237155 8 0
302237154 5 1
302237153 6 0
302237151 3 0
302237150 41 5
302237149 46 20
302237148 4 3
302237146 25 3
302237145 7 2
302237144 0 1
302237143 1 0
302237140 22 4
302237139 37 28
302237135 0 0
302237134 0 0
302237133 1 7
302237132 4 4
302237129 40 13
302237127 1 8
302237126 21 2
302237125 33 8
302237124 0 1
302237122 11 0
302237121 24 1
302237116 44 21
302237115 17 9
302237114 32 3
302237112 6 2
302237109 8 16
302237107 29 25
302237099 2 7
302237098 1 1
302237097 13 26
302237094 1 0
302237093 62 4
302237087 5 3
302237084 1 7
302237082 1 0
302237079 25 3
302237078 17 2
302237076 1 4
302237074 19 1
302237073 0 3
302237072 2 27
302237070 8 1
302237069 0 0
302237064 3 1
302237062 18 3
302237061 10 6
302237060 0 1
302237058 3 2
302237054 16 11
302237053 0 0
302237052 5 8
302237050 2 3
302237048 14 2
302237047 23 2
302237045 28 3
302237044 6 3
302237040 5 5
302237039 2 4
302237036 0 5
302237034 21 14
302237033 11 6
302237030 7 82
302237028 7 3
302237025 31 6
302237024 12 107
302237020 4 20
302237017 7 4
302237016 33 2
302237014 5 0
302237013 2 0
302237011 9 0
302237009 21 2
302237004 2 0
302237003 28 14
302237002 0 1
302237001 21 3
302237000 279 38
302236997 18 3
302236996 34 4
302236993 0 0
302236992 27 5
302236991 9 16
302236990 5 1
302236989 8 1
302236986 1 54
302236985 16 3
302236984 0 0
302236983 19 6
302236982 1 33
302236981 4 3
302236980 8 0
302236978 3 0
302236975 19 9
302236974 17 10
302236972 21 0
302236971 0 0
302236970 13 18
302236969 11 5
302236968 16 22
302236967 5 0
302236959 12 5
302236958 4 7
302236957 6 2
302236955 16 4
302236954 12 4
302236953 3 0
302236952 10 26
302236950 22 1
302236949 1 0
302236948 5 2
302236946 13 29
302236945 31 18
302236944 13 0
302236943 8 0
302236941 3 0
302236940 2 1
302236939 14 3
302236938 20 11
302236936 8 3
302236935 3 1
302236933 8 1
302236932 0 0
302236930 8 26
302236929 0 5
302236928 9 2
302236927 19 5
302236925 7 2
302236924 1 2
302236920 21 26
302236918 25 4
302236914 27 10
302236913 31 15
302236911 17 6
302236906 19 23
302236905 1 1
302236904 4 20
302236901 6 4
302236900 21 5
302236898 11 10
302236897 38 15
302236896 1 0
302236894 18 5
302236892 0 1
302236891 7 3
302236890 0 1
302236889 0 0
302236888 48 6
302236887 0 5
302236885 57 2
302236884 0 0
302236883 1 0
302236882 20 6
302236881 16 2
302236880 0 2
302236878 10 2
302236877 3 0
302236875 1 1
302236874 3 4
302236873 2 7
302236872 2 1
302236870 34 3
302236868 0 29
302236867 3 0
302236866 3 0
302236864 18 1
302236862 42 4
302236859 0 3
302236858 0 7
302236857 12 6
302236856 5 0
302236855 0 1
302236853 0 0
302236852 2 14
302236851 15 0
302236850 0 0
302236849 0 0
302236848 17 2
302236845 4 4
302236844 3 3
302236843 39 10
302236842 2 1
302236841 10 1
302236839 39 3
302236837 12 7
302236834 18 1
302236833 0 18
302236830 16 2
302236829 0 0
302236828 1 0
302236827 1 0
302236826 404 7
302236822 1 0
302236821 9 1
302236819 64 14
302236816 32 9
302236815 7 3
302236813 20 23
302236812 24 6
302236810 35 28
302236808 2 3
302236807 14 46
302236805 2 2
302236804 31 15
302236803 35 4
302236798 39 12
302236797 10 0
302236795 6 67
302236794 14 3
302236793 18 23
302236792 14 0
302236789 7 1
302236787 3 3
302236786 46 0
302236785 0 0
302236784 15 2
302236778 2 4
302236772 5 1
302236770 2 1
302236768 0 0
302236767 0 0
302236762 4 11
302236760 5 7
302236759 8 3
302236758 1 0
302236752 16 20
302236751 0 0
302236750 61 25
302236749 2 1
302236748 73 15
302236747 6 0
302236745 13 2
302236744 11 21
302236742 17 6
302236741 5 8
302236740 2 0
302236738 1 0
302236737 34 11
302236736 1 0
302236734 3 0
302236731 3 0
302236730 8 0
302236729 0 0
302236727 0 5
302236725 5 1
302236724 6 3
302236723 5 2
302236722 2 1
302236721 7 7
302236718 5 1
302236716 15 2
302236714 19 1
302236713 9 2
302236711 36 9
302236709 4 0
302236707 7 2
302236706 2 5
302236705 16 13
302236704 18 0
302236703 5 0
302236702 7 1
302236701 7 37
302236700 55 27
302236699 27 4
302236697 35 3
302236696 4 2
302236694 19 8
302236692 2 3
302236689 17 6
302236687 6 46
302236686 287 6
302236685 1 4
302236683 12 4
302236680 6 0
302236679 3 0
302236678 7 5
302236675 31 9
302236673 38 2
302236672 1 1
302236670 3 34
302236669 4 0
302236668 6 0
302236667 32 9
302236664 4 4
302236663 1 0
302236662 2 2
302236657 16 21
302236653 27 7
302236651 3 4
302236650 20 4
302236649 2 0
302236646 26 49
302236645 17 1
302236643 2 13
302236642 12 3
302236641 72 7
302236640 28 8
302236639 4 2
302236638 6 2
302236636 9 0
302236634 56 6
302236630 24 1
302236628 4 1
302236626 18 42
302236625 2 0
302236624 53 11
302236623 1 0
302236622 34 11
302236620 21 3
302236619 6 1
302236618 1 1
302236617 1 9
302236616 0 4
302236615 3 6
302236614 1 86
302236613 41 38
302236612 0 2
302236611 1 1
302236610 7 0
302236608 16 21
302236606 16 1
302236601 32 14
302236600 9 2
302236599 20 15
302236597 7 3
302236596 2 0
302236594 0 0
302236591 0 0
302236590 45 8
302236588 2 1
302236585 22 4
302236584 5 2
302236583 3 1
302236582 0 1
302236580 34 2
302236578 39 10
302236577 18 3
302236575 21 7
302236574 0 0
302236573 2 0
302236572 221 4
302236570 2 0
302236568 1 0
302236566 2 14
302236562 0 0
302236561 2 0
302236560 15 2
302236558 3 0
302236556 35 7
302236552 15 2
302236550 29 4
302236548 11 1
302236546 31 9
302236545 0 3
302236543 5 0
302236541 1 0
302236539 0 0
302236538 0 3
302236537 7 2
302236535 20 1
302236534 17 2
302236532 0 0
302236531 0 6
302236530 7 0
302236529 17 1
302236528 3 18
302236526 0 1
302236524 12 3
302236522 36 5
302236521 6 12
302236520 4 2
302236519 19 4
302236518 0 0
302236516 4 3
302236514 30 22
302236510 17 7
302236509 2 3
302236508 5 1
302236507 0 1
302236506 14 1
302236505 3 1
302236504 1 2
302236502 23 4
302236500 30 3
302236499 4 0
302236498 1 0
302236497 5 0
302236494 8 6
302236492 16 6
302236491 30 8
302236490 7 0
302236488 2 9
302236487 51 5
302236486 0 0
302236485 21 2
302236484 7 1
302236483 8 1
302236482 8 4
302236481 0 0
302236479 8 6
302236478 3 0
302236477 14 2
302236476 0 0
302236475 0 1
302236474 0 0
302236473 6 41
302236472 6 0
302236470 30 35
302236469 13 4
302236468 3 2
302236467 32 16
302236466 0 1
302236465 0 0
302236464 8 3
302236463 13 33
302236462 39 20
302236461 1 4
302236460 22 9
302236459 19 6
302236458 37 1
302236457 1 2
302236456 0 0
302236455 17 4
302236454 2 42
302236453 0 0
302236452 316 5
302236451 23 3
302236450 0 0
302236449 0 1
302236448 1 1
302236447 1 9
302236446 0 2
302236445 6 9
302236444 0 0
302236442 4 0
302236441 7 1
302236440 0 30
302236439 4 42
302236438 4 36
302236437 5 1
302236436 1 4
302236435 4 37
302236433 411 2
302236432 1 9
302236431 0 2
302236429 5 6
302236428 3 33
302236427 2 0
302236426 18 1
302236424 31 1
302236423 47 6
302236421 2 0
302236417 36 5
302236415 27 3
302236414 17 10
302236412 3 0
302236409 7 0
302236408 18 7
302236407 6 1
302236405 30 1
302236403 0 0
302236401 21 1
302236400 24 0
302236399 12 0
302236398 12 5
302236397 9 1
302236396 4 0
302236395 5 8
302236394 23 3
302236393 7 0
302236390 9 3
302236387 14 2
302236384 4 0
302236383 7 0
302236382 11 1
302236381 4 0
302236378 3 1
302236377 3 85
302236376 11 0
302236375 7 2
302236374 0 1
302236373 47 6
302236372 10 19
302236371 5 20
302236370 4 1
302236369 6 6
302236367 24 0
302236366 17 4
302236364 27 11
302236363 1 0
302236361 0 0
302236360 22 7
302236359 31 56
302236355 36 17
302236351 14 15
302236344 0 0
302236343 0 0
302236339 0 6
302236337 7 6
302236336 0 0
302236332 0 0
302236331 10 2
302236329 13 2
302236328 1 0
302236325 38 10
302236322 3 0
302236320 32 9
302236319 1 0
302236317 6 2
302236315 19 0
302236311 0 6
302236310 0 0
302236309 6 0
302236308 1 0
302236304 15 49
302236302 5 0
302236301 11 2
302236296 1 38
302236295 0 0
302236291 2 23
302236289 179 10
302236287 13 1
302236281 8 4
302236280 3 2
302236276 18 0
302236275 23 0
302236273 1 0
302236272 25 5
302236266 13 2
302236263 2 0
302236258 0 1
302236257 1 0
302236255 11 4
302236254 0 0
302236252 31 4
302236251 2 0
302236249 2 1
302236247 6 0
302236246 9 4
302236245 3 1
302236243 2 13
302236242 7 16
302236241 0 1
302236240 6 0
302236238 18 6
302236237 0 1
302236235 12 3
302236234 0 0
302236231 6 1
302236229 21 7
302236228 4 2
302236226 21 5
302236225 0 40
302236223 15 22
302236222 0 1
302236221 3 0
302236219 10 26
302236218 1 0
302236213 0 0
302236209 6 0
302236208 11 5
302236207 8 2
302236206 30 5
302236203 4 0
302236201 1 0
302236200 3 2
302236198 0 0
302236197 17 6
302236196 1 1
302236194 11 0
302236193 30 6
302236191 0 0
302236190 40 10
302236189 0 0
302236188 0 0
302236187 5 4
302236186 3 0
302236183 1 0
302236179 17 0
302236178 4 2
302236177 0 0
302236176 5 0
302236175 0 0
302236174 5 0
302236173 1 0
302236172 0 0
302236170 3 0
302236168 471 6
302236167 0 11
302236165 0 0
302236164 21 6
302236162 31 51
302236161 27 9
302236160 14 8
302236158 13 5
302236156 0 0
302236155 0 1
302236154 78 2
302236152 28 7
302236151 3 0
302236149 23 2
302236148 1 12
302236147 15 3
302236146 0 0
302236145 5 19
302236144 5 0
302236143 49 11
302236142 15 66
302236141 12 0
302236140 0 12
302236138 28 20
302236137 19 13
302236136 0 0
302236135 0 0
302236134 0 1
302236133 171 5
302236131 5 6
302236130 1 0
302236128 2 1
302236127 4 6
302236125 378 2
302236124 32 8
302236123 1 3
302236122 0 1
302236120 32 46
302236118 1 6
302236117 5 2
302236116 2 3
302236115 16 5
302236114 8 3
302236111 0 0
302236108 3 2
302236106 7 0
302236102 4 3
302236101 10 5
302236100 29 1
302236099 25 44
302236097 1 0
302236096 6 3
302236095 3 2
302236093 9 3
302236090 4 1
302236089 34 1
302236087 13 17
302236086 3 1
302236085 0 1
302236084 8 3
302236083 27 11
302236082 10 1
302236081 13 23
302236079 1 1
302236078 14 19
302236077 0 1
302236076 3 5
302236074 17 31
302236072 14 1
302236071 6 2
302236069 31 4
302236068 1 1
302236063 41 7
302236062 0 2
302236061 20 21
302236060 1 1
302236059 1 1
302236057 0 1
302236056 16 8
302236054 6 2
302236053 0 10
302236052 20 3
302236051 11 3
302236048 4 4
302236047 9 1
302236046 15 2
302236043 2 1
302236042 4 0
302236040 20 5
302236039 3 0
302236037 0 1
302236036 3 26
302236035 27 18
302236032 1 0
302236030 7 0
302236029 7 2
302236026 2 63
302236023 1 5
302236022 12 2
302236020 0 4
302236019 5 1
302236018 411 5
302236017 3 6
302236014 9 0
302236013 19 11
302236012 12 1
302236011 1 0
302236009 2 10
302236005 24 6
302236004 8 6
302236003 11 1
302235998 22 1
302235997 7 0
302235996 8 7
302235995 173 10
302235991 239 15
302235990 4 1
302235985 1 1
302235979 10 0
302235976 2 7
302235974 13 0
302235973 12 1
302235972 0 1
302235971 3 0
302235968 18 1
302235967 31 59
302235966 0 2
302235964 20 9
302235963 4 0
302235961 16 0
302235959 1 0
302235957 3 1
302235955 0 0
302235954 3 1
302235953 8 2
302235952 7 0
302235950 9 0
302235949 24 5
302235947 4 1
302235946 0 0
302235945 16 1
302235944 46 7
302235942 1 0
302235941 4 0
302235939 30 8
302235938 0 3
302235937 4 0
302235935 0 0
302235934 13 0
302235933 15 0
302235932 4 4
302235931 0 0
302235929 0 0
302235927 3 0
302235926 16 2
302235925 3 2
302235924 9 1
302235922 0 0
302235920 13 1
302235918 5 3
302235917 15 0
302235916 11 2
302235913 3 1
302235912 3 1
302235911 28 0
302235910 11 6
302235908 2 0
302235907 0 0
302235906 8 2
302235905 577 9
302235903 8 0
302235902 0 0
302235901 4 1
302235899 1 0
302235898 22 1
302235897 1 1
302235895 29 3
302235894 0 2
302235893 7 0
302235892 1 1
302235891 0 0
302235890 4 1
302235888 9 0
302235885 1 0
302235883 3 0
302235880 8 0
302235879 0 0
302235878 25 3
302235876 15 7
302235875 14 0
302235874 3 44
302235873 40 6
302235872 1 0
302235871 23 5
302235870 1 0
302235869 6 1
302235867 7 0
302235866 1 0
302235865 1 0
302235864 5 0
302235862 1 3
302235861 4 1
302235859 1 0
302235857 1 0
302235856 1 0
302235854 0 0
302235851 1 0
302235849 0 3
302235846 4 1
302235845 1 1
302235843 6 51
302235841 0 2
302235840 1 21
302235838 14 6
302235836 9 1
302235834 34 12
302235831 13 1
302235830 1 1
302235829 10 4
302235827 0 45
302235826 30 7
302235823 20 4
302235822 28 22
302235821 12 3
302235820 21 1
302235819 1 1
302235818 1 4
302235812 4 0
302235811 17 4
302235810 6 2
302235808 15 0
302235805 27 20
302235804 9 2
302235803 2 0
302235802 1 0
302235801 6 0
302235800 27 20
302235799 41 5
302235798 2 15
302235797 1 0
302235796 24 3
302235795 13 2
302235794 1 1
302235793 9 2
302235792 1 1
302235790 0 1
302235788 1 1
302235786 12 0
302235785 16 3
302235784 1 0
302235781 9 0
302235779 31 9
302235778 6 1
302235777 19 9
302235773 3 4
302235772 3 1
302235771 7 6
302235770 2 0
302235768 9 0
302235767 18 10
302235764 11 0
302235763 4 1
302235762 7 2
302235760 1 2
302235758 8 0
302235757 2 1
302235756 22 14
302235754 1 0
302235753 9 0
302235752 33 9
302235751 19 5
302235750 28 8
302235749 19 27
302235748 525 13
302235744 13 2
302235742 6 1
302235740 10 0
302235739 8 2
302235738 2 0
302235737 13 0
302235735 1 2
302235733 9 2
302235732 3 1
302235730 2 1
302235729 29 1
302235728 10 87
302235727 14 0
302235726 1 4
302235724 16 0
302235723 20 3
302235722 1 2
302235721 18 63
302235719 8 2
302235718 18 1
302235717 1 0
302235715 4 37
302235714 29 7
302235712 14 5
302235711 7 2
302235710 22 1
302235708 4 4
302235707 14 3
302235705 33 7
302235704 27 1
302235703 17 1
302235702 21 4
302235701 9 6
302235700 12 0
302235699 17 6
302235698 0 0
302235696 0 31
302235695 12 2
302235693 4 0
302235692 4 4
302235691 4 2
302235690 15 0
302235689 7 7
302235688 2 18
302235686 13 0
302235685 13 1
302235684 0 107
302235683 8 2
302235681 26 1
302235679 38 1
302235678 17 6
302235677 2 0
302235676 8 2
302235675 24 0
302235672 2 0
302235671 4 43
302235670 5 1
302235668 8 1
302235667 3 1
302235666 17 2
302235662 4 0
302235661 4 33
302235660 21 7
302235658 1 0
302235656 6 42
302235655 51 6
302235653 5 0
302235652 3 0
302235651 16 4
302235650 7 0
302235648 16 1
302235647 2 0
302235645 1 3
302235643 15 47
302235641 6 33
302235640 77 2
302235639 3 27
302235638 1 2
302235637 11 0
302235636 30 24
302235635 7 0
302235634 18 8
302235633 2 2
302235632 19 1
302235631 2 0
302235630 9 1
302235629 3 34
302235628 0 0
302235627 8 5
302235626 1 0
302235625 1 0
302235623 415 6
302235620 9 1
302235619 3 33
302235618 4 20
302235617 15 2
302235616 1 3
302235613 8 3
302235612 16 13
302235611 0 2
302235610 10 0
302235609 4 2
302235608 6 0
302235607 9 1
302235606 6 1
302235605 0 0
302235603 14 22
302235602 20 2
302235601 4 0
302235600 6 0
302235599 9 0
302235598 1 3
302235597 5 4
302235596 3 1
302235595 1 2
302235594 12 6
302235593 36 3
302235592 6 0
302235591 4 4
302235589 43 9
302235587 12 1
302235586 6 0
302235585 8 0
302235583 23 5
302235582 2 0
302235581 6 3
302235580 17 0
302235579 5 0
302235578 16 1
302235576 11 1
302235575 24 2
302235574 7 100
302235573 11 3
302235572 10 1
302235571 9 0
302235569 5 50
302235568 6 0
302235567 3 1
302235566 7 0
302235565 8 8
302235564 7 0
302235563 10 0
302235562 4 0
302235561 7 0
302235560 14 8
302235559 21 1
302235558 9 0
302235557 8 1
302235556 4 0
302235553 7 96
302235552 5 2
302235551 9 2
302235550 13 3
302235549 36 6
302235548 1 0
302235546 2 13
302235545 9 1
302235542 12 1
302235541 8 0
302235540 602 7
302235539 2 0
302235538 20 1
302235537 4 1
302235536 6 1
302235535 38 16
302235534 2 0
302235533 12 2
302235532 31 4
302235530 7 47
302235529 61 34
302235528 8 4
302235527 26 6
302235525 7 5
302235524 19 2
302235523 11 1
302235522 4 1
302235521 5 45
302235520 12 18
302235519 10 0
302235518 27 13
302235515 10 0
302235514 218 8
302235513 11 0
302235512 8 2
302235511 5 0
302235510 19 16
302235509 12 0
302235508 656 13
302235507 2 0
302235506 2 0
302235505 20 3
302235504 3 10
302235503 9 5
302235501 10 2
302235500 9 5
302235499 26 1
302235498 7 1
302235497 19 16
302235494 5 7
302235491 117 9
302235490 24 0
302235489 6 3
302235487 1063 33
302235486 3 0
302235485 14 0
302235482 22 20
302235481 18 2
302235480 11 0
302235478 1 0
302235476 3 3
302235474 0 1
302235473 16 4
302235472 0 0
302235471 1 0
302235469 17 0
302235468 10 0
302235467 17 1
302235466 1 1
302235465 41 29
302235464 5 1
302235463 7 22
302235462 11 1
302235457 1 1
302235456 0 0
302235455 32 1
302235453 16 1
302235450 5 5
302235449 1 0
302235448 2 0
302235446 8 9
302235443 0 0
302235442 1 2
302235441 2 0
302235440 1 5
302235439 5 2
302235438 10 1
302235436 0 1
302235435 17 0
302235434 5 1
302235430 5 0
302235429 10 1
302235428 13 1
302235427 8 1
302235426 36 12
302235425 8 2
302235424 2 0
302235422 456 9
302235421 9 0
302235420 5 6
302235419 1 0
302235418 40 5
302235415 2 1
302235414 0 1
302235411 313 38
302235410 1 0
302235409 0 0
302235408 0 0
302235407 0 0
302235406 59 10
302235404 3 2
302235403 8 1
302235402 7 17
302235401 17 0
302235398 1 0
302235397 564 25
302235396 0 0
302235394 0 0
302235393 0 0
302235391 3 1
302235388 4 0
302235387 16 1
302235386 9 0
302235384 14 0
302235383 34 4
302235382 11 0
302235381 11 2
302235379 12 6
302235378 54 1
302235377 0 0
302235376 1 0
302235375 505 11
302235374 2 44
302235373 2 1
302235372 0 3
302235371 19 5
302235370 3 0
302235369 12 2
302235368 0 0
302235367 0 0
302235364 2 0
302235362 8 0
302235361 1 0
302235360 0 4
302235358 1 1
302235356 40 2
302235354 18 6
302235353 18 1
302235352 3 3
302235351 1 1
302235349 44 42
302235348 4 1
302235347 11 2
302235346 0 1
302235345 1 0
302235344 0 0
302235342 8 1
302235341 0 0
302235339 9 1
302235337 18 0
302235336 0 0
302235335 3 0
302235334 0 1
302235333 28 9
302235332 6 2
302235330 15 5
302235329 0 0
302235328 0 0
302235327 20 0
302235326 0 4
302235325 0 0
302235323 12 1
302235322 5 6
302235321 32 15
302235320 0 0
302235319 5 2
302235318 9 1
302235317 28 1
302235315 4 1
302235314 9 1
302235313 1 2
302235312 22 1
302235311 8 2
302235310 8 1
302235309 13 3
302235308 0 0
302235306 7 2
302235305 26 1
302235304 12 1
302235303 4 3
302235302 4 1
302235301 345 9
302235300 0 0
302235298 31 6
302235297 19 0
302235296 4 9
302235295 22 5
302235294 6 1
302235292 0 1
302235291 2 2
302235290 38 14
302235289 19 83
302235288 1404 98
302235287 29 15
302235285 7 2
302235283 0 0
302235282 5 0
302235280 18 72
302235279 2 11
302235278 6 1
302235277 4 0
302235276 13 3
302235275 2 0
302235274 3 1
302235273 1 0
302235272 32 34
302235271 30 11
302235270 0 0
302235269 16 6
302235268 23 21
302235267 6 1
302235266 7 1
302235264 17 2
302235263 5 1
302235262 5 58
302235261 8 0
302235260 6 1
302235259 5 6
302235257 15 0
302235256 2 0
302235255 4 1
302235254 8 1
302235253 35 5
302235251 8 2
302235250 9 1
302235248 0 1
302235247 8 2
302235246 20 11
302235244 10 2
302235242 0 1
302235241 1 6
302235240 0 2
302235239 506 14
302235238 0 1
302235237 2 3
302235236 19 25
302235234 10 6
302235232 596 6
302235231 6 1
302235230 1 2
302235228 7 2
302235226 11 1
302235225 10 1
302235224 1 2
302235223 25 18
302235222 31 9
302235221 0 1
302235220 11 2
302235219 0 1
302235218 13 21
302235217 2 1
302235216 1 3
302235213 14 1
302235212 9 2
302235211 5 1
302235210 9 2
302235209 22 14
302235207 22 35
302235206 3 3
302235205 11 2
302235204 2 1
302235202 1 2
302235200 33 26
302235199 0 3
302235198 45 35
302235197 8 2
302235196 1 2
302235195 2 1
302235194 0 1
302235193 3 48
302235190 3 1
302235188 19 11
302235187 0 1
302235186 12 1
302235184 2 2
302235183 0 2
302235180 18 8
302235179 25 18
302235177 335 9
302235176 7 1
302235175 7 1
302235171 3 11
302235168 6 3
302235167 21 4
302235166 6 2
302235165 38 16
302235164 0 1
302235162 16 4
302235161 10 1
302235160 1 41
302235159 21 1
302235158 11 1
302235157 15 2
302235154 2 1
302235153 14 32
302235152 8 1
302235151 12 3
302235150 9 4
302235149 5 1
302235148 25 10
302235147 16 18
302235146 3 5
302235145 0 2
302235144 6 3
302235143 8 3
302235141 27 23
302235138 8 2
302235136 31 5
302235135 4 3
302235134 270 8
302235133 8 2
302235132 1 2
302235131 0 3
302235128 2 6
302235127 15 7
302235126 3 5
302235125 19 8
302235124 5 1
302235123 0 1
302235122 8 3
302235121 3 6
302235119 2 2
302235115 1 2
302235114 5 13
302235113 17 42
302235111 5 2
302235110 15 10
302235109 12 2
302235108 5 4
302235107 3 45
302235106 2 1
302235105 3 6
302235104 6 1
302235103 5 2
302235101 10 4
302235100 1 1
302235099 0 1
302235098 18 3
302235097 32 2
302235096 2 1
302235095 8 1
302235094 4 1
302235093 6 0
302235091 6 29
302235090 374 14
302235089 2 2
302235088 11 2
302235087 23 1
302235086 0 5
302235085 9 4
302235084 5 4
302235083 3 8
302235082 0 1
302235081 4 1
302235080 1 0
302235078 6 1
302235077 638 46
302235075 1 1
302235074 17 20
302235072 0 0
302235071 14 0
302235070 26 10
302235069 24 7
302235068 0 0
302235067 6 8
302235066 2 0
302235065 7 5
302235064 8 0
302235063 5 0
302235062 7 0
302235061 1 7
302235060 5 13
302235059 4 1
302235058 7 0
302235056 24 2
302235054 15 2
302235053 14 5
302235052 1 0
302235051 1009 8
302235050 26 7
302235049 18 6
302235047 4 1
302235046 5 2
302235045 7 5
302235044 9 11
302235043 0 0
302235042 1 4
302235041 9 9
302235040 11 4
302235039 1 0
302235038 9 5
302235037 0 0
302235036 607 25
302235034 14 3
302235033 9 1
302235032 0 0
302235031 5 1
302235029 4 0
302235028 5 1
302235027 0 0
302235026 0 49
302235025 18 6
302235023 15 50
302235021 8 1
302235020 0 0
302235018 5 0
302235017 11 1
302235016 15 7
302235015 12 1
302235014 5 4
302235013 8 1
302235012 5 1
302235010 14 72
302235008 3 0
302235007 25 3
302235006 3 1
302235005 13 1
302235004 7 3
302235003 17 1
302235002 4 5
302235001 17 16
302234999 16 2
302234998 0 0
302234997 21 21
302234996 6 0
302234995 12 9
302234994 5 1
302234993 0 0
302234992 7 19
302234991 0 0
302234990 0 0
302234989 1 1
302234988 3 1
302234987 15 13
302234986 6 83
302234985 20 6
302234983 0 0
302234982 9 3
302234981 8 1
302234980 15 5
302234978 553 5
302234976 4 2
302234973 18 0
302234971 17 1
302234970 4 0
302234969 11 57
302234968 0 0
302234966 755 182
302234965 4 4
302234964 10 7
302234962 3 1
302234961 9 2
302234959 4 1
302234958 10 2
302234957 20 5
302234956 0 0
302234955 5 20
302234953 7 1
302234951 0 0
302234950 10 0
302234949 0 2
302234946 4 0
302234945 7 2
302234942 2 4
302234941 18 1
302234939 0 0
302234938 12 2
302234937 20 15
302234936 0 1
302234935 8 3
302234932 24 14
302234931 16 3
302234929 0 0
302234928 8 2
302234927 0 0
302234926 655 99
302234925 6 4
302234924 18 8
302234923 45 4
302234922 11 4
302234921 33 15
302234920 0 29
302234919 1 1
302234918 1 20
302234916 1 1
302234915 1 43
302234914 21 3
302234913 283 11
302234912 2 3
302234911 6 2
302234910 0 0
302234909 0 0
302234908 6 0
302234905 20 21
302234904 4 1
302234903 0 0
302234902 11 10
302234901 4 5
302234900 3 61
302234899 14 11
302234898 7 13
302234896 1 1
302234895 1 1
302234894 5 2
302234890 3 22
302234888 10 7
302234887 213 6
302234886 2 2
302234885 630 71
302234884 0 0
302234881 2 1
302234879 17 14
302234878 8 2
302234876 0 0
302234875 0 0
302234874 3 0
302234873 2 0
302234871 7 13
302234870 6 1
302234868 0 0
302234867 25 24
302234866 3 29
302234865 0 0
302234863 7 14
302234862 6 0
302234861 0 0
302234859 18 9
302234858 4 0
302234857 2 1
302234855 13 7
302234853 2 2
302234852 5 0
302234851 5 1
302234850 11 6
302234849 5 1
302234846 15 3
302234845 0 1
302234843 618 59
302234842 1084 25
302234841 0 0
302234840 8 3
302234839 23 10
302234838 2 0
302234837 7 1
302234836 4 22
302234833 4 28
302234832 11 2
302234829 20 14
302234828 5 2
302234827 17 8
302234826 13 3
302234825 16 4
302234824 1 0
302234823 4 0
302234822 0 1
302234821 345 99
302234819 10 6
302234818 0 0
302234817 1 0
302234814 0 0
302234812 2 1
302234811 2 68
302234809 2 4
302234808 0 3
302234807 18 11
302234806 5 0
302234805 1 1
302234804 4 1
302234803 20 12
302234802 789 8
302234801 0 0
302234800 3 35
302234799 19 2
302234798 9 2
302234797 7 1
302234795 1 31
302234793 2 1
302234792 10 1
302234790 8 0
302234789 4 1
302234788 0 16
302234787 21 9
302234786 0 0
302234784 6 2
302234782 1 1
302234781 0 0
302234778 26 6
302234776 23 20
302234774 2 1
302234773 2 1
302234772 5 4
302234771 5 3
302234769 8 1
302234768 11 2
302234766 7 36
302234764 0 0
302234762 14 6
302234761 18 6
302234760 24 8
302234759 938 9
302234758 4 1
302234757 13 12
302234756 5 0
302234751 7 2
302234750 4 1
302234749 2 1
302234748 5 2
302234747 21 7
302234746 21 14
302234745 7 3
302234744 2 2
302234742 2 1
302234739 0 0
302234738 1 0
302234737 13 11
302234735 0 0
302234732 2 0
302234731 18 7
302234730 5 0
302234728 4 1
302234721 0 0
302234720 5 1
302234719 22 1
302234718 14 2
302234717 6 1
302234716 15 6
302234713 5 6
302234712 4 7
302234711 1 1
302234709 18 1
302234708 0 0
302234707 4 1
302234706 10 1
302234705 155 8
302234704 2 0
302234703 3 1
302234702 9 7
302234701 16 5
302234700 3 1
302234698 3 0
302234697 3 1
302234696 5 0
302234695 0 76
302234692 0 1
302234691 4 3
302234690 0 0
302234689 1 0
302234688 0 0
302234686 4 12
302234684 3 0
302234683 25 6
302234682 10 4
302234681 0 0
302234680 29 8
302234679 0 0
302234678 5 1
302234677 5 22
302234676 6 0
302234674 9 0
302234673 2 0
302234670 9 0
302234668 236 3
302234666 0 0
302234665 858 24
302234664 0 0
302234663 381 2
302234662 0 0
302234661 7 4
302234660 8 1
302234659 4 4
302234658 8 7
302234657 20 1
302234656 1 4
302234655 0 2
302234653 19 7
302234652 0 0
302234651 5 0
302234649 14 5
302234648 0 2
302234646 13 8
302234645 6 1
302234644 7 0
302234643 4 1
302234642 9 2
302234641 2 0
302234640 32 15
302234639 5 3
302234638 17 4
302234637 6 4
302234636 470 20
302234635 4 1
302234634 2 0
302234633 372 7
302234632 14 25
302234630 0 1
302234629 1 0
302234628 0 0
302234627 3 1
302234623 4 0
302234622 0 2
302234619 12 35
302234617 13 3
302234616 4 1
302234615 496 47
302234614 3 29
302234613 26 7
302234612 1 1
302234611 312 6
302234610 5 38
302234609 33 4
302234607 3 2
302234606 15 10
302234605 20 8
302234604 5 3
302234603 31 2
302234602 22 11
302234601 5 0
302234600 11 0
302234598 0 1
302234597 3 2
302234596 11 15
302234595 19 12
302234593 0 0
302234592 3 0
302234591 0 0
302234590 17 1
302234589 0 1
302234588 2 0
302234587 19 3
302234586 1 0
302234584 193 4
302234583 6 24
302234581 0 0
302234580 32 4
302234578 0 1
302234576 1 1
302234573 22 12
302234571 0 1
302234569 1 4
302234567 2 13
302234566 0 4
302234565 7 1
302234564 7 1
302234562 19 6
302234561 19 9
302234560 1 0
302234559 16 15
302234557 2 0
302234555 7 2
302234554 454 11
302234553 19 6
302234552 3 0
302234551 4 0
302234550 6 4
302234549 4 0
302234548 16 3
302234547 510 29
302234544 3 1
302234543 9 5
302234541 0 0
302234540 4 32
302234539 2 0
302234537 5 0
302234536 3 3
302234535 22 24
302234534 5 1
302234533 6 1
302234532 0 0
302234531 10 3
302234530 0 0
302234528 12 6
302234524 26 12
302234523 8 1
302234522 0 0
302234521 4 1
302234520 7 7
302234519 16 1
302234518 11 15
302234517 9 1
302234516 0 0
302234515 310 5
302234514 10 2
302234513 9 2
302234511 1 0
302234510 4 6
302234509 2 2
302234508 4 44
302234507 765 33
302234505 7 1
302234504 0 2
302234503 11 0
302234502 2 1
302234500 0 0
302234498 0 1
302234497 14 4
302234495 1 1
302234494 2 1
302234493 10 37
302234492 3 0
302234491 17 9
302234489 7 1
302234488 8 4
302234486 9 11
302234485 2 0
302234484 11 0
302234483 2 1
302234482 10 1
302234481 0 0
302234479 1 0
302234478 4 0
302234477 0 0
302234476 0 6
302234474 0 0
302234473 2 7
302234472 4 39
302234471 0 0
302234470 1 0
302234469 17 0
302234468 0 0
302234467 15 4
302234466 5 0
302234465 25 2
302234464 0 0
302234463 0 0
302234462 0 0
302234461 0 0
302234460 2 35
302234455 3 2
302234453 307 10
302234452 3 0
302234451 2 0
302234450 25 3
302234448 3 0
302234447 1 3
302234446 0 0
302234445 5 0
302234444 7 12
302234443 277 20
302234442 22 6
302234440 4 2
302234438 0 0
302234437 5 6
302234434 4 0
302234433 11 1
302234432 18 13
302234431 6 2
302234429 0 1
302234428 3 0
302234427 0 0
302234425 8 1
302234424 10 4
302234423 0 0
302234422 0 1
302234421 0 0
302234420 1 3
302234419 6 1
302234418 8 6
302234417 0 0
302234415 0 0
302234414 0 0
302234413 1 0
302234412 0 0
302234411 0 1
302234409 5 0
302234408 0 0
302234407 17 4
302234406 2 2
302234404 5 1
302234403 5 0
302234402 6 0
302234401 0 0
302234400 1 2
302234399 1174 44
302234398 2 0
302234397 0 0
302234396 18 9
302234395 24 27
302234393 1 0
302234392 15 11
302234391 621 7
302234390 0 0
302234389 0 1
302234388 1 0
302234387 0 0
302234386 6 1
302234384 15 1
302234383 2 0
302234382 2 0
302234381 4 1
302234380 7 5
302234379 0 0
302234378 4 18
302234377 1 0
302234376 6 2
302234375 0 0
302234372 0 0
302234370 2 0
302234367 0 1
302234366 3 19
302234365 22 2
302234364 2 0
302234363 20 20
302234361 16 1
302234360 736 10
302234358 5 32
302234357 0 0
302234356 4 37
302234355 3 0
302234354 5 0
302234353 3 50
302234352 0 0
302234351 4 0
302234350 3 1
302234349 15 44
302234347 0 0
302234346 5 0
302234345 3 0
302234344 1 1
302234343 1 0
302234341 3 1
302234340 4 0
302234338 11 0
302234337 3 0
302234336 692 107
302234335 1 3
302234334 6 0
302234333 11 3
302234331 4 1
302234330 1 0
302234329 18 4
302234328 4 2
302234327 0 0
302234326 3 0
302234324 0 0
302234322 0 0
302234321 0 0
302234319 1 0
302234318 6 3
302234316 5 1
302234314 2 2
302234312 1 1
302234311 0 0
302234310 4 80
302234309 8 3
302234308 0 0
302234307 0 0
302234306 23 0
302234305 0 0
302234304 16 26
302234303 16 1
302234301 12 21
302234300 24 2
302234299 0 0
302234298 1 0
302234296 0 0
302234295 0 0
302234294 9 0
302234293 5 0
302234289 2 0
302234287 12 1
302234286 6 0
302234285 2 0
302234284 14 21
302234283 5 1
302234282 31 9
302234281 0 1
302234280 5 0
302234279 1 1
302234278 18 44
302234277 1 1
302234276 11 0
302234275 0 0
302234274 0 0
302234273 5 0
302234272 1 2
302234271 0 2
302234270 3 1
302234269 1 19
302234268 1 1
302234267 0 0
302234266 0 0
302234264 0 0
302234263 0 0
302234262 0 1
302234260 3 5
302234259 24 5
302234258 3 4
302234257 8 1
302234256 0 0
302234254 1 0
302234253 6 0
302234252 756 7
302234251 1 2
302234249 4 0
302234248 7 2
302234246 11 3
302234245 0 0
302234244 1 0
302234243 0 1
302234242 3 1
302234241 0 1
302234239 0 0
302234237 3 2
302234235 0 0
302234234 1 0
302234233 2 0
302234231 0 0
302234230 0 1
302234229 26 19
302234227 0 0
302234226 1 0
302234225 0 0
302234224 12 6
302234222 0 1
302234221 0 0
302234219 0 0
302234218 0 0
302234216 0 0
302234215 4 2
302234214 0 0
302234213 0 0
302234212 1 1
302234211 0 2
302234210 1 1
302234209 21 1
302234208 1 15
302234207 0 0
302234206 18 3
302234205 17 7
302234204 3 1
302234203 1 1
302234202 21 0
302234201 0 1
302234199 0 0
302234197 12 0
302234196 0 1
302234195 5 1
302234193 0 1
302234192 0 1
302234191 14 0
302234188 6 3
302234187 30 4
302234186 1 0
302234185 336 57
302234184 10 4
302234183 6 1
302234182 13 11
302234181 6 0
302234180 6 1
302234179 12 0
302234178 14 1
302234176 1 0
302234174 1 0
302234173 4 1
302234172 0 0
302234171 1 0
302234170 11 0
302234169 26 17
302234168 20 9
302234166 5 0
302234164 5 3
302234161 29 3
302234160 12 7
302234159 2 1
302234158 2 7
302234156 0 0
302234155 0 0
302234154 428 5
302234153 1 0
302234152 4 20
302234151 3 1
302234150 11 20
302234149 1 1
302234147 5 15
302234146 0 0
302234145 2 1
302234144 2 1
302234142 2 0
302234141 9 0
302234139 0 0
302234137 2 0
302234136 0 0
302234135 1 0
302234132 12 13
302234130 0 0
302234129 11 9
302234128 0 0
302234127 3 0
302234126 2 6
302234125 0 0
302234124 15 19
302234123 1 1
302234121 2 0
302234120 10 2
302234119 0 1
302234118 0 0
302234116 2 1
302234115 6 3
302234114 0 0
302234112 8 0
302234111 6 3
302234110 0 0
302234109 4 1
302234107 6 1
302234106 0 0
302234105 6 3
302234104 13 6
302234103 3 0
302234100 4 1
302234099 0 0
302234098 9 1
302234095 4 0
302234094 970 8
302234092 0 0
302234091 20 9
302234090 14 0
302234089 2 0
302234088 23 9
302234087 7 1
302234086 3 1
302234084 0 0
302234081 2 0
302234079 20 1
302234077 1 0
302234075 4 0
302234073 1 0
302234072 14 2
302234071 9 0
302234070 3 0
302234069 57 28
302234068 2 0
302234067 16 8
302234066 2 2
302234064 0 0
302234062 1 1
302234061 3 0
302234060 0 0
302234059 3 0
302234057 3 0
302234056 0 0
302234055 6 2
302234054 17 59
302234053 11 7
302234052 0 1
302234051 0 0
302234050 7 1
302234049 19 4
302234048 0 0
302234047 0 1
302234046 6 0
302234045 0 0
302234043 2 1
302234042 9 1
302234041 1 0
302234040 3 2
302234039 8 1
302234038 4 2
302234036 5 0
302234035 3 0
302234033 4 0
302234032 3 1
302234029 1 0
302234028 0 0
302234027 1 0
302234026 0 0
302234025 1 0
302234023 0 1
302234022 5 1
302234021 3 0
302234019 2 0
302234018 1 0
302234017 5 1
302234016 7 3
302234014 3 2
302234013 16 10
302234011 1 0
302234010 0 0
302234009 0 0
302234008 3 0
302234007 0 0
302234004 2 0
302234003 9 4
302234002 3 1
302234001 15 2
302234000 2 43
302233999 4 2
302233997 6 1
302233993 1 2
302233991 4 1
302233990 3 1
302233988 3 1
302233987 0 0
302233986 0 0
302233984 0 1
302233982 13 4
302233981 1218 12
302233980 0 0
302233978 9 19
302233977 10 21
302233974 6 1
302233972 22 16
302233971 0 2
302233970 3 0
302233967 3 1
302233966 2 2
302233965 1 1
302233964 0 0
302233963 5 1
302233962 22 7
302233961 0 0
302233960 15 0
302233959 23 4
302233958 1 0
302233957 0 9
302233956 25 5
302233955 0 0
302233954 512 17
302233953 23 3
302233952 9 3
302233951 4 2
302233950 0 0
302233949 1 0
302233948 0 0
302233947 7 0
302233946 2 1
302233945 8 10
302233944 1 1
302233942 0 1
302233941 1 1
302233940 2 3
302233939 31 9
302233938 3 1
302233937 9 0
302233936 21 18
302233935 3 0
302233933 7 2
302233932 1 1
302233931 0 1
302233930 41 6
302233929 0 0
302233928 0 0
302233927 15 2
302233926 5 24
302233925 1 5
302233924 5 1
302233923 4 0
302233920 0 0
302233919 0 1
302233918 3 0
302233917 0 1
302233915 0 0
302233913 4 1
302233912 12 1
302233909 7 1
302233908 287 68
302233907 0 0
302233906 2 0
302233904 39 24
302233903 28 32
302233902 1 3
302233901 2 0
302233900 0 0
302233899 2 0
302233898 5 0
302233897 6 2
302233894 21 11
302233893 3 1
302233892 0 0
302233891 34 30
302233890 2 0
302233889 9 53
302233888 0 1
302233887 11 21
302233886 17 18
302233883 1 0
302233882 3 0
302233881 5 0
302233880 47 47
302233879 6 1
302233878 51 14
302233877 20 3
302233876 3 0
302233874 4 0
302233873 6 0
302233871 0 0
302233870 1 0
302233869 0 0
302233868 15 4
302233866 6 0
302233865 4 0
302233864 6 1
302233863 2 0
302233862 7 0
302233861 2 0
302233858 4 0
302233857 3 3
302233856 608 14
302233855 28 5
302233854 8 0
302233853 5 0
302233852 4 1
302233851 4 1
302233850 0 0
302233849 23 13
302233848 18 0
302233847 2 1
302233846 8 0
302233845 8 1
302233844 2 0
302233842 872 38
302233840 11 48
302233839 0 1
302233838 2 0
302233837 0 0
302233835 0 0
302233834 0 8
302233833 9 5
302233832 6 58
302233831 58 36
302233830 45 8
302233828 1 0
302233827 15 0
302233826 349 5
302233825 3 3
302233824 1 0
302233823 28 3
302233821 2 4
302233820 9 1
302233819 5 0
302233817 14 0
302233816 0 0
302233815 0 0
302233813 0 0
302233812 1 0
302233811 2 2
302233810 1 0
302233808 1 0
302233806 2 2
302233805 7 1
302233804 0 0
302233803 2 1
302233802 6 1
302233801 525 60
302233800 1086 9
302233799 4 0
302233798 33 3
302233796 14 18
302233795 567 4
302233794 8 0
302233793 1 1
302233792 3 0
302233789 0 1
302233787 4 0
302233786 12 6
302233785 0 0
302233784 3 1
302233783 21 21
302233782 3 0
302233781 25 27
302233780 5 0
302233776 2 47
302233775 3 2
302233774 6 1
302233773 1145 12
302233772 51 51
302233771 5 0
302233770 5 2
302233769 2 0
302233767 8 0
302233766 2 0
302233765 0 0
302233764 0 0
302233763 0 0
302233762 3 0
302233760 1 1
302233759 0 0
302233758 0 0
302233756 4 4
302233755 6 1
302233754 4 3
302233753 4 1
302233752 2 1
302233751 5 87
302233749 2 0
302233748 34 21
302233747 0 0
302233746 5 0
302233745 0 0
302233744 2 7
302233743 19 1
302233742 5 2
302233741 2 0
302233740 3 1
302233739 49 2
302233737 16 47
302233735 25 22
302233734 5 1
302233733 19 5
302233732 3 1
302233731 4 2
302233730 3 0
302233728 0 0
302233727 35 8
302233725 0 0
302233724 0 0
302233723 6 1
302233722 20 1
302233720 5 1
302233719 0 2
302233718 22 14
302233716 6 0
302233714 38 5
302233713 0 0
302233712 469 9
302233711 8 1
302233710 14 1
302233709 1 1
302233708 33 2
302233707 0 0
302233706 7 0
302233705 1 0
302233704 5 0
302233703 0 0
302233702 3 12
302233701 19 5
302233700 2 1
302233698 2288 5
302233697 2 2
302233696 2 0
302233695 3 2
302233694 4 1
302233693 0 12
302233692 0 0
302233689 2 1
302233688 5 0
302233686 16 1
302233685 1 0
302233684 0 1
302233683 0 3
302233682 9 14
302233681 10 47
302233680 1 1
302233679 931 12
302233678 0 1
302233677 3 2
302233676 2 1
302233675 32 15
302233672 4 9
302233671 2 1
302233670 788 154
302233669 2 1
302233668 7 1
302233666 2 1
302233663 7 27
302233662 3 1
302233661 1 1
302233660 1 2
302233659 0 0
302233658 0 2
302233657 677 6
302233655 1 32
302233654 2 1
302233653 0 1
302233652 3 1
302233651 1 0
302233649 8 2
302233646 0 0
302233645 0 0
302233644 9 0
302233643 8 0
302233642 31 1
302233639 0 0
302233638 2 0
302233637 0 0
302233636 661 7
302233635 14 0
302233634 4 1
302233633 1 0
302233632 5 1
302233631 1 8
302233630 9 1
302233629 4 0
302233628 1 0
302233627 5 0
302233626 7 2
302233625 682 19
302233624 0 1
302233623 0 0
302233622 4 0
302233621 7 3
302233620 6 2
302233619 1 0
302233617 1 1
302233616 0 0
302233615 2 1
302233614 917 156
302233613 5 2
302233612 1 0
302233611 1 1
302233610 13 5
302233609 3 2
302233608 0 0
302233606 3 1
302233605 0 0
302233604 6 1
302233603 0 2
302233602 2 0
302233601 1 0
302233599 1344 14
302233598 2 1
302233597 1 0
302233596 0 0
302233594 2 1
302233593 0 1
302233592 10 4
302233591 11 1
302233589 1 2
302233588 0 1
302233586 325 3
302233585 5 0
302233583 841 110
302233582 30 4
302233581 1 0
302233580 8 31
302233579 4 1
302233578 10 0
302233577 1038 12
302233576 4 1
302233575 7 19
302233574 8 83
302233573 0 0
302233572 1 0
302233571 0 0
302233570 10 1
302233568 5 1
302233567 4 19
302233566 12 3
302233565 3 0
302233563 0 0
302233562 2 1
302233561 3 1
302233560 0 0
302233559 5 43
302233558 6 62
302233557 7 1
302233556 1 0
302233555 0 0
302233554 0 0
302233553 1 0
302233552 4204 143
302233550 2 0
302233549 5 0
302233548 3 0
302233547 1 0
302233546 11 1
302233545 0 2
302233543 4 2
302233542 0 0
302233541 0 0
302233540 5 2
302233539 33 1
302233538 0 0
302233537 17 1
302233536 6 0
302233535 8 3
302233534 12 2
302233533 0 1
302233532 7647 302
302233531 7 1
302233530 5 0
302233529 9 1
302233528 3 1
302233527 1 7
302233526 2 0
302233525 0 0
302233524 7 1
302233523 1 0
302233522 2 0
302233521 1 0
302233520 1 0
302233519 0 0
302233518 1120 143
302233517 1 6
302233516 1 0
302233515 4 0
302233513 1 0
302233512 3 1
302233511 0 0
302233510 1 1
302233509 19 3
302233508 0 0
302233507 2 0
302233506 8107 64
302233505 24 1
302233504 0 0
302233503 3 0
302233502 6 2
302233501 24 1
302233500 10 4
302233499 10 1
302233498 0 0
302233497 1 0
302233496 1216 3
302233495 0 0
302233494 5 1
302233493 0 0
302233492 0 1
302233491 3239 77
302233490 2 0
302233489 7 0
302233488 2 0
302233487 0 0
302233486 7 57
302233484 2 0
302233483 0 0
302233482 2 2
302233481 4 1
302233480 4 7
302233479 0 0
302233478 1 0
302233476 1 2
302233475 0 0
302233474 1 0
302233473 0 0
302233472 8377 51
302233471 1 0
302233470 1 1
302233469 1 0
302233468 2 13
302233467 8 26
302233466 13 13
302233464 3 2
302233463 0 1
302233462 0 0
302233461 0 0
302233459 0 1
302233457 9 0
302233456 7 1
302233455 0 0
302233454 1 0
302233453 465 16
302233452 2 2
302233451 23 4
302233450 4 1
302233449 0 0
302233448 2546 283
302233447 1 0
302233446 4 0
302233445 324 3
302233444 2 1
302233443 1 0
302233442 5 1
302233441 2 2
302233440 4095 111
302233439 2 1
302233438 4 0
302233437 3 1
302233436 1 0
302233435 2402 223
302233434 3 0
302233433 5 0
302233431 1 0
302233430 5 56
302233429 3 0
302233428 17 2
302233425 1 1
302233424 1 0
302233423 1 0
302233422 2453 52
302233421 1 0
302233420 5 0
302233419 7 4
302233418 3 0
302233417 6 1
302233416 6 4
302233415 13 4
302233414 3 1
302233412 0 0
302233411 814 101
302233410 16 3
302233409 3 2
302233408 3 0
302233407 946 24
302233406 6 1
302233405 2 0
302233403 4 0
302233402 1 1
302233401 2 1
302233400 3 0
302233399 3 0
302233398 2 10
302233396 3 0
302233395 6 0
302233394 1 0
302233393 1 1
302233391 3 2
302233390 5 0
302233389 32 10
302233388 0 0
302233386 1 2
302233384 2 1
302233383 0 1
302233382 6 2
302233381 4 0
302233380 9 1
302233379 3 0
302233378 2 1
302233377 0 0
302233376 0 0
302233375 2 0
302233374 0 0
302233373 3 0
302233371 1 0
302233370 1 1
302233369 1 0
302233367 1 0
302233366 0 2
302233365 0 0
302233364 6 9
302233363 6 32
302233362 367 10
302233361 2 0
302233360 0 0
302233359 8 1
302233358 3286 248
302233357 0 0
302233356 3 0
302233355 4 1
302233354 10 1
302233353 0 1
302233352 2 1
302233351 0 0
302233350 7 0
302233349 2 2
302233348 0 0
302233347 3 0
302233346 0 2
302233345 8 0
302233344 4 0
302233343 0 2
302233342 2 0
302233341 0 0
302233340 3 1
302233339 0 0
302233338 0 0
302233337 12 4
302233336 0 3
302233335 0 0
302233334 5 1
302233333 0 0
302233332 12 1
302233331 4 0
302233330 6 0
302233329 1 0
302233328 6 0
302233327 0 0
302233325 1 0
302233324 2 0
302233323 0 0
302233322 9 2
302233321 159 14
302233320 6 6
302233318 1 0
302233317 5092 100
302233316 2 0
302233313 1 1
302233312 5542 260
302233310 0 0
302233309 4757 246
302233308 4 5
302233307 650 25
302233306 0 0
302233305 5 5
302233304 4 3
302233303 0 0
302233302 6 3
302233301 0 0
302233300 0 0
302233299 0 0
302233298 0 0
302233297 3 1
302233296 0 0
302233295 8 3
302233294 4 0
302233293 2 2
302233292 2062 117
302233291 0 0
302233290 4 2
302233289 1 0
302233288 0 0
302233286 3 1
302233285 0 6
302233284 0 1
302233283 23 2
302233282 27 12
302233281 3 0
302233280 6 1
302233279 0 0
302233277 1 0
302233276 4 0
302233275 1 0
302233274 0 0
302233273 7 0
302233272 6 0
302233271 2 2
302233270 0 0
302233269 8 3
302233268 1 0
302233267 3 1
302233266 1 0
302233265 10 4
302233264 0 0
302233263 0 2
302233262 3 0
302233261 0 0
302233260 9 0
302233259 3 1
302233258 0 0
302233257 2 0
302233256 3 1
302233255 3 2
302233254 3 0
302233252 7 2
302233251 1 0
302233246 9 1
302233245 1 0
302233244 6 1
302233243 8 1
302233242 0 0
302233241 9 5
302233240 2 6
302233239 0 0
302233238 2 1
302233237 10 1
302233236 1 0
302233234 0 0
302233233 1 0
302233232 0 0
302233231 1 0
302233230 1 0
302233229 0 0
302233228 0 0
302233227 1 0
302233226 0 0
302233225 11 322
302233224 5 1
302233222 3 3
302233221 0 6
302233220 2 0
302233219 1 3
302233218 11 76
302233217 6 3
302233216 4 3
302233215 1 2
302233214 0 2
302233213 2 0
302233211 8 1
302233210 0 0
302233209 0 0
302233208 1 0
302233207 0 0
302233206 0 4
302233205 1 0
302233204 2 1
302233203 1 2
302233202 1 2
302233201 3 0
302233200 3 0
302233199 0 0
302233198 4 0
302233197 1 0
302233196 5 1
302233195 0 4
302233194 2 2
302233193 4 0
302233192 1 0
302233190 1 2
302233189 0 0
302233188 1 1
302233187 0 0
302233186 1 2
302233184 0 0
302233183 0 0
302233182 0 0
302233181 3 0
302233179 1 0
302233178 1 0
302233177 10 4
302233176 0 0
302233175 0 2
302233174 2 0
302233173 1 0
302233172 2266 137
302233171 0 0
302233170 2 3
302233169 1 0
302233168 2 1
302233166 0 1
302233165 1 0
302233164 0 3
302233163 1 0
302233162 1 6
302233161 8 78
302233160 0 2
302233159 3 2
302233158 9 1
302233157 3 1
302233156 9 1
302233155 0 2
302233153 0 0
302233152 2 1
302233151 3 1
302233150 247 24
302233149 1 4
302233148 1 0
302233147 2 1
302233146 5 5
302233145 1 4
302233144 0 0
302233143 4 1
302233142 3 1
302233141 3 0
302233140 0 0
302233139 1 1
302233138 1 5
302233137 0 0
302233136 2 1
302233135 0 0
302233134 8 45
302233132 0 1
302233131 0 0
302233130 0 0
302233129 0 2
302233128 2 1
302233127 0 1
302233126 0 3
302233125 0 1
302233124 0 1
302233123 4 2
302233122 3 3
302233121 0 2
302233120 1 2
302233119 0 4
302233118 0 2
302233116 1 1
302233114 0 2
302233112 1 5
302233111 3 3
302233109 0 4
302233108 6 1
302233107 0 4
302233106 0 1
302233105 0 2
302233104 0 2
302233103 2 3
302233102 0 2
302233101 0 1
302233100 0 1
302233098 0 1
302233097 1 1
302233096 1 1
302233095 5 1
302233094 1 2
302233092 5 1
302233091 1 7
302233089 2 2
302233088 5 2
302233086 1 2
302233085 6 3
302233083 0 3
302233081 0 2
302233080 0 6
302233078 0 3
302233076 2183 174
302233075 1 2
302233074 0 1
302233073 0 2
302233072 0 2
302233070 0 1
302233069 0 1
302233068 1 1
302233067 1 2
302233065 0 1
302233064 0 2
302233062 0 1
302233060 2 1
