303957873 0 0
303955789 0 0
303949037 3 0
303942079 1 0
303942045 0 0
303941042 0 0
303941036 1 0
303938668 2 0
303938630 0 0
303938621 3 0
303938617 1 0
303938611 3 0
303931895 0 0
303931891 0 0
303902792 0 0
303901259 0 0
303898127 1 0
303870920 1 0
303870918 5 8
303870917 4 2
303870569 4 1
303870310 0 0
303870217 0 1
303865474 0 1
303865463 0 0
303865459 1 0
303864634 3 7
303864618 1 6
303864512 4 0
303864337 0 4
303864334 1 3
303864067 2 0
303863702 11 0
303863197 4 0
303862051 0 0
303861454 1 3
303860990 0 2
303860116 0 0
303859659 0 2
303859067 1 1
303858972 1 0
303858421 2 1
303858420 1 1
303858415 1 1
303857418 1 1
303857387 3 1
303857179 2 3
303856478 1 3
303855796 4 1
303855638 2 0
303849396 2 4
303836829 3 1
303836315 62 27
303824788 6 6
303822742 0 0
303814176 39 28
303810350 5 1
303809872 1 0
303809780 29 18
303807560 1 3
303807477 3 4
303805148 6 2
303805139 2 3
303805118 2 1
303805100 58 42
303805098 4 0
303805097 1 6
303805096 15 4
303805095 19 14
303805084 2 0
303805078 2 16
303805060 5 20
303805058 6 0
303805056 5 4
303805055 26 3
303805053 2 0
303805050 1 0
303805047 6 8
303804980 58 27
303804915 19 37
303804845 0 3
303804761 0 0
303804754 0 0
303804684 0 0
303804662 1 1
303804594 56 22
303804473 4 10
303804472 0 8
303804459 6 8
303804407 1 0
303804406 0 0
303804401 1 0
303804376 0 0
303804371 1 1
303804351 4 1
303804340 3 0
303804253 56 14
303804227 0 0
303804226 4 2
303804208 1 0
303804193 1 45
303804190 0 0
303804137 1 1
303804036 3 0
303803885 10 3
303803865 2 0
303803834 0 4
303803713 17 4
303803691 3 0
303803499 0 0
303802899 4 3
303802778 5 5
303802774 3 3
303802773 10 12
303802769 4 1
303802768 2 0
303802766 1 1
303802765 2 1
303802763 1 3
303802762 1 0
303802758 1 0
303802755 1 1
303802754 2 1
303802753 3 0
303802750 1 2
303802749 2 2
303802748 3 1
303802745 1 0
303802744 10 2
303802743 2 4
303802742 3 11
303802741 3 0
303802740 4 0
303802739 1 0
303802737 4 1
303802733 6 12
303802732 1 0
303802729 2 0
303802728 3 0
303802717 18 25
303802705 1 1
303802703 1 0
303802702 3 2
303802699 6 3
303802697 6 3
303802633 11 6
303802625 4 7
303802565 8 2
303802302 1 0
303802287 1 0
303802229 4 11
303802213 2 0
303802202 4 27
303802201 2 31
303802124 2 1
303802120 15 21
303802097 13 9
303802085 14 33
303802081 80 54
303802077 5 2
303802072 1 4
303802040 9 5
303801988 3 0
303801954 14 6
303801948 5 5
303801915 3 23
303801806 28 11
303801805 19 2
303801760 1 2
303801733 14 4
303801732 7 0
303801731 16 24
303801592 10 47
303801585 5 16
303801499 24 9
303801498 2 0
303801479 11 8
303801457 8 1
303801453 2 1
303801440 6 1
303801438 2 49
303801436 12 5
303801434 3 1
303801426 1 0
303801424 1 0
303801423 6 28
303801408 25 51
303801403 64 40
303801389 3 11
303801384 2 10
303801373 1 11
303801368 18 37
303801362 6 23
303801360 2 11
303801357 4 17
303801354 5 23
303801353 1 8
303801348 4 10
303801346 4 20
303801342 11 34
303801328 8 16
303801327 5 21
303801304 4 22
303801301 7 26
303801298 8 6
303801273 45 41
303801272 1 9
303801263 21 39
303801257 0 2
303801252 2 0
303801234 3 6
303801222 2 9
303801204 2 0
303801191 17 0
303801178 6 12
303801177 4 2
303801102 9 11
303801070 1 1
303801059 0 3
303801055 18 35
303801026 9 3
303801013 8 2
303801006 2 1
303800992 2 1
303800975 0 8
303800962 1 6
303800920 0 3
303800913 44 8
303800901 12 1
303800880 21 7
303800665 4 7
303800633 8 15
303800621 7 2
303800605 18 16
303800574 0 0
303800563 2 1
303800556 3 1
303800433 7 1
303800395 16 8
303800386 5 12
303800383 3 8
303800380 0 1
303800379 0 1
303800377 4 4
303800376 35 4
303800350 3 3
303800341 20 9
303800318 27 6
303800314 30 17
303800306 19 5
303800295 17 32
303800285 56 45
303800274 7 3
303800271 2 4
303800233 6 4
303800226 7 25
303800224 6 23
303800217 8 24
303800206 17 24
303800203 7 3
303800195 0 0
303800178 14 14
303800166 12 6
303800154 16 5
303800150 50 43
303800145 14 41
303800140 5 5
303800138 4 1
303800132 20 12
303800126 6 4
303800108 4 4
303800102 2 6
303800090 6 19
303800075 7 5
303800074 4 8
303800062 1 14
303800057 10 5
303800054 8 1
303800049 0 1
303800047 5 12
303800043 7 26
303800034 7 20
303800022 0 2
303800020 7 2
303800007 3 3
303800004 0 5
303799994 7 28
303799978 9 3
303799964 20 33
303799948 18 37
303799944 10 4
303799928 2 3
303799925 9 3
303799924 4 43
303799922 15 28
303799907 11 7
303799899 1 18
303799897 4 3
303799890 4 27
303799854 24 42
303799851 6 2
303799850 3 1
303799849 11 2
303799842 7 6
303799841 16 1
303799840 11 26
303799837 3 2
303799834 11 30
303799831 11 28
303799819 6 11
303799797 32 38
303799791 10 17
303799787 12 24
303799785 44 42
303799765 11 4
303799762 7 2
303799759 12 7
303799755 17 2
303799746 17 8
303799728 13 5
303799723 25 24
303799722 21 12
303799716 23 3
303799710 8 3
303799706 8 1
303799668 2 1
303799663 2 0
303799653 2 0
303799634 4 2
303799633 0 5
303799632 6 3
303799631 1 3
303799629 2 3
303799626 1 3
303799625 8 19
303799613 2 3
303799610 5 2
303799588 10 10
303799582 6 4
303799574 14 4
303799572 11 7
303799563 9 37
303799562 3 1
303799550 3 2
303799541 3 9
303799537 7 23
303799530 16 17
303799514 35 23
303799511 13 4
303799509 10 18
303799505 6 18
303799495 5 1
303799489 10 6
303799478 3 1
303799475 4 1
303799473 24 15
303799464 10 1
303799462 21 15
303799446 2 3
303799439 4 0
303799435 20 15
303799434 16 40
303799433 19 27
303799432 9 29
303799415 4 0
303799412 2 1
303799409 9 7
303799399 5 4
303799398 4 9
303799395 1 5
303799380 20 8
303799375 2 2
303799373 2 2
303799372 7 31
303799369 11 30
303799368 8 4
303799364 4 6
303799360 3 19
303799359 19 14
303799354 2 4
303799351 13 7
303799348 7 5
303799342 9 6
303799333 12 4
303799329 7 4
303799321 3 11
303799319 7 3
303799318 3 1
303799316 5 4
303799315 32 37
303799313 9 3
303799308 13 6
303799285 4 1
303799283 19 3
303799279 6 4
303799273 15 4
303799266 10 3
303799258 21 28
303799246 7 1
303799244 2 0
303799240 29 18
303799239 26 25
303799215 12 8
303799214 5 3
303799208 2 0
303799188 5 0
303799186 2 0
303799139 14 4
303799135 5 1
303799134 2 0
303799128 2 0
303799123 0 12
303799120 18 8
303799117 27 17
303799104 0 9
303799098 0 14
303799076 8 20
303799075 59 23
303799059 0 6
303799052 18 26
303799048 1 7
303799047 85 56
303799042 8 2
303799034 34 7
303799031 34 8
303799016 5 3
303799007 0 2
303798992 10 13
303798990 7 0
303798980 10 3
303798979 6 3
303798973 8 34
303798956 25 9
303798945 6 6
303798943 17 5
303798919 2 26
303798893 6 0
303798878 5 1
303798859 4 44
303798846 15 63
303798835 6 2
303798819 10 41
303798818 10 47
303798808 42 7
303798792 19 6
303798790 11 3
303798782 12 6
303798779 4 13
303798773 5 1
303798772 25 12
303798769 4 30
303798766 85 41
303798764 6 0
303798763 7 1
303798760 26 17
303798752 4 1
303798742 13 4
303798741 29 10
303798740 7 8
303798734 15 7
303798733 16 9
303798726 22 8
303798725 70 49
303798721 5 0
303798719 57 37
303798718 12 2
303798691 0 0
303798679 5 0
303798667 68 36
303798666 3 0
303798663 3 0
303798661 9 3
303798660 30 46
303798658 1 0
303798639 37 35
303798633 16 1
303798614 1 5
303798595 1 0
303798594 3 4
303798585 1 1
303798583 2 0
303798570 23 33
303798566 66 35
303798563 30 35
303798554 26 13
303798545 2 4
303798533 5 1
303798530 6 10
303798522 3 0
303798508 15 0
303798506 6 6
303798498 6 3
303798497 3 3
303798486 5 3
303798481 4 2
303798480 41 39
303798474 0 2
303798452 9 1
303798445 3 0
303798444 2 3
303798433 5 3
303798422 1 1
303798421 4 0
303798416 26 3
303798415 20 17
303798414 4 4
303798411 26 22
303798409 26 3
303798408 13 2
303798403 12 4
303798400 20 20
303798398 14 1
303798397 3 15
303798385 18 14
303798384 3 0
303798382 6 14
303798380 0 6
303798379 41 27
303798373 0 1
303798367 2 0
303798366 33 3
303798364 1 0
303798363 3 5
303798357 12 1
303798356 4 0
303798347 4 2
303798335 4 0
303798332 4 0
303798330 2 0
303798324 4 6
303798320 7 1
303798318 22 18
303798313 4 1
303798312 4 1
303798298 15 1
303798296 11 1
303798291 50 36
303798289 6 1
303798285 9 7
303798280 12 4
303798271 3 3
303798255 1 1
303798252 2 9
303798251 2 5
303798242 2 1
303798239 5 10
303798237 4 2
303798236 4 2
303798229 4 1
303798226 0 0
303798212 17 2
303798184 11 7
303798167 7 2
303798156 8 4
303798141 9 1
303798140 9 4
303798139 15 5
303798137 37 62
303798136 81 46
303798132 5 4
303798123 11 8
303798122 34 80
303798120 16 8
303798118 21 22
303798114 5 3
303798108 5 24
303798104 0 2
303798102 78 25
303798092 11 19
303798079 109 3
303798078 4 3
303798075 19 39
303798070 23 16
303798065 6 27
303798055 72 27
303798053 1 6
303798044 4 7
303798033 9 5
303798029 7 4
303798014 7 0
303798012 30 23
303798007 5 2
303798006 26 7
303798002 5 0
303798001 4 49
303798000 4 0
303797996 14 7
303797990 14 5
303797979 18 37
303797978 40 78
303797976 10 6
303797966 37 12
303797958 25 9
303797954 6 13
303797953 29 22
303797952 34 13
303797943 24 32
303797941 28 19
303797938 13 5
303797937 8 5
303797932 5 2
303797928 30 62
303797923 9 5
303797921 20 6
303797917 4 2
303797901 27 14
303797899 8 5
303797894 7 1
303797892 14 6
303797886 43 21
303797885 5 5
303797880 8 1
303797879 72 41
303797876 69 52
303797875 8 3
303797873 7 4
303797870 6 5
303797868 18 29
303797861 3 10
303797856 10 54
303797853 18 8
303797851 10 75
303797848 39 13
303797844 8 91
303797841 5 3
303797838 20 9
303797836 3 34
303797823 24 15
303797817 7 1
303797816 96 24
303797814 8 3
303797813 7 1
303797812 6 2
303797810 3 6
303797809 91 53
303797806 14 9
303797805 10 1
303797802 27 9
303797800 8 1
303797795 20 1
303797792 8 2
303797790 17 6
303797784 22 6
303797782 8 2
303797772 14 6
303797771 9 10
303797770 10 4
303797768 10 2
303797766 13 8
303797763 19 19
303797760 12 22
303797755 5 3
303797754 36 15
303797752 8 4
303797750 9 4
303797742 5 1
303797737 10 1
303797734 6 1
303797733 28 10
303797730 0 14
303797726 134 24
303797725 181 33
303797723 11 1
303797722 37 12
303797714 15 28
303797707 21 1
303797702 70 28
303797697 66 30
303797696 32 12
303797693 30 12
303797690 19 2
303797687 26 9
303797686 20 7
303797684 2 7
303797675 35 21
303797673 27 7
303797671 6 2
303797664 5 5
303797660 0 11
303797657 1 15
303797636 0 11
303797635 5 3
303797631 8 5
303797629 6 3
303797620 12 6
303797612 7 4
303797609 4 3
303797603 8 9
303797601 11 6
303797598 3 2
303797589 15 5
303797579 18 5
303797573 36 20
303797565 5 16
303797560 15 7
303797556 14 5
303797553 13 4
303797549 14 4
303797546 74 32
303797537 2 1
303797536 6 3
303797534 16 7
303797527 8 2
303797524 24 39
303797522 25 9
303797518 13 2
303797509 1 42
303797504 93 53
303797502 10 18
303797499 32 7
303797492 5 1
303797488 9 1
303797485 1 35
303797484 2 1
303797479 15 2
303797475 19 5
303797470 13 4
303797466 7 8
303797451 9 3
303797450 3 1
303797441 9 2
303797438 2 9
303797434 7 2
303797428 16 9
303797423 3 1
303797419 9 7
303797415 9 29
303797413 7 2
303797410 56 15
303797406 26 12
303797397 7 60
303797395 7 2
303797393 11 8
303797386 9 19
303797383 4 7
303797380 9 16
303797372 54 79
303797369 0 6
303797367 3 57
303797366 8 1
303797365 17 7
303797361 13 17
303797360 46 76
303797349 22 64
303797347 23 10
303797344 32 73
303797340 4 2
303797334 2 1
303797330 144 27
303797326 18 6
303797318 12 70
303797313 2 10
303797302 5 28
303797299 6 42
303797298 3 38
303797294 14 26
303797273 8 73
303797270 3 0
303797265 8 22
303797254 24 3
303797252 15 8
303797250 21 4
303797244 13 4
303797242 21 5
303797239 16 4
303797231 19 1
303797229 10 1
303797228 0 0
303797227 12 7
303797225 6 55
303797224 21 7
303797223 17 6
303797220 10 20
303797217 9 0
303797214 8 1
303797213 39 19
303797211 10 13
303797210 11 0
303797207 3 1
303797203 2 64
303797198 31 18
303797191 1 1
303797173 8 63
303797172 8 4
303797166 22 57
303797163 27 38
303797157 54 36
303797142 15 58
303797127 17 86
303797124 60 28
303797113 11 93
303797109 25 39
303797098 10 2
303797062 10 6
303797049 6 2
303797038 23 10
303797015 25 53
303797003 7 33
303797000 22 49
303796999 72 56
303796987 36 25
303796981 8 2
303796966 15 2
303796959 5 53
303796953 17 39
303796950 0 8
303796948 0 0
303796943 4 24
303796936 3 0
303796930 0 16
303796927 1 0
303796925 3 1
303796923 0 0
303796912 0 0
303796907 4 0
303796906 4 0
303796903 0 0
303796902 0 0
303796901 0 0
303796897 1 0
303796894 1 0
303796890 0 0
303796887 2 0
303796886 22 7
303796885 1 0
303796883 0 0
303796881 1 0
303796880 2 0
303796876 0 0
303796875 1 0
303796874 1 12
303796873 2 1
303796872 4 2
303796871 0 0
303796870 0 0
303796869 2 0
303796867 13 49
303796864 0 0
303796863 1 0
303796862 1 0
303796861 0 0
303796860 2 0
303796859 0 0
303796858 1 0
303796857 0 0
303796855 1 0
303796854 1 0
303796850 0 0
303796848 0 0
303796847 1 2
303796846 1 0
303796843 2 2
303796842 3 1
303796834 9 11
303796831 1 0
303796828 4 0
303796824 2 0
303796823 1 0
303796822 13 12
303796821 1 0
303796819 2 1
303796818 407 56
303796816 5 0
303796814 2 1
303796810 3 0
303796809 4 0
303796808 0 0
303796806 2 0
303796800 1 0
303796799 3 2
303796796 1 0
303796792 1 9
303796791 3 1
303796788 2 0
303796787 2 1
303796785 2 0
303796784 1 0
303796783 0 0
303796782 32 7
303796781 2 2
303796780 32 22
303796778 1 0
303796776 1 2
303796773 1 0
303796770 49 41
303796767 2 1
303796766 11 5
303796764 1 0
303796763 7 2
303796754 3 1
303796753 2 0
303796747 4 0
303796746 2 0
303796744 0 0
303796740 24 18
303796738 0 0
303796731 2 0
303796728 3 1
303796727 2 0
303796724 1 0
303796722 1 1
303796717 16 8
303796716 3 0
303796714 3 1
303796710 2 1
303796709 1 1
303796707 0 1
303796701 8 20
303796698 1 0
303796693 2 0
303796691 2 1
303796690 1 1
303796687 0 1
303796684 16 36
303796681 2 0
303796675 1 0
303796667 3 0
303796661 2 1
303796660 2 0
303796655 1 1
303796650 0 0
303796649 2 0
303796645 1 1
303796639 3 1
303796634 2 0
303796632 2 0
303796630 1 0
303796628 1 0
303796624 0 0
303796618 5 1
303796613 4 2
303796611 2 0
303796610 2 0
303796608 58 47
303796603 0 3
303796598 1 0
303796597 0 2
303796587 4 1
303796584 2 0
303796582 1 0
303796580 3 0
303796576 3 0
303796572 3 0
303796567 22 61
303796564 2 0
303796562 23 7
303796561 2 1
303796558 2 1
303796555 1 0
303796552 2 0
303796551 3 0
303796547 3 0
303796545 3 1
303796543 3 0
303796540 1 0
303796537 1 0
303796534 2 1
303796530 2 0
303796529 1 1
303796522 2 0
303796521 1 1
303796520 2 0
303796517 2 0
303796516 1 0
303796515 7 1
303796514 1 0
303796513 1 0
303796512 1 0
303796511 0 0
303796509 0 0
303796508 3 0
303796506 1 2
303796505 2 0
303796504 0 0
303796502 2 0
303796499 1 0
303796495 3 0
303796493 1 0
303796491 1 1
303796489 1 0
303796488 0 0
303796487 0 0
303796486 3 47
303796485 37 38
303796481 0 1
303796479 2 0
303796477 2 1
303796476 4 0
303796475 3 1
303796473 2 1
303796472 2 0
303796471 2 2
303796470 2 0
303796469 1 0
303796468 3 1
303796466 4 0
303796465 1 0
303796464 2 0
303796456 2 3
303796454 1 0
303796453 1 6
303796452 1 1
303796450 1 0
303796449 3 0
303796447 2 0
303796443 1 3
303796442 1 0
303796441 1 1
303796440 1 1
303796435 2 0
303796433 2 0
303796432 0 0
303796430 0 0
303796429 0 0
303796427 1 0
303796425 0 0
303796424 0 0
303796423 2 1
303796421 4 2
303796420 3 0
303796417 0 2
303796413 1 5
303796412 2 1
303796410 2 0
303796407 1 0
303796404 2 0
303796403 2 0
303796401 5 1
303796400 2 0
303796399 0 2
303796396 2 3
303796394 3 0
303796393 0 2
303796392 1 2
303796391 2 2
303796390 1 0
303796387 1 1
303796386 0 4
303796385 3 1
303796383 16 6
303796380 3 0
303796378 3 0
303796377 0 3
303796376 0 1
303796374 2 0
303796373 31 23
303796370 2 0
303796369 2 0
303796367 32 28
303796363 0 3
303796362 1 1
303796359 2 2
303796357 1 1
303796356 34 4
303796355 3 1
303796354 1 0
303796353 1 1
303796352 2 3
303796350 0 0
303796348 1 1
303796346 1 2
303796344 2 1
303796342 2 1
303796341 1 0
303796335 1 0
303796332 3 3
303796331 2 1
303796330 3 2
303796329 4 0
303796328 0 2
303796326 2 1
303796325 1 0
303796323 0 1
303796322 1 0
303796321 3 3
303796320 2 1
303796319 1 1
303796318 0 2
303796317 2 3
303796316 0 0
303796315 2 0
303796314 0 3
303796313 1 0
303796312 1 0
303796311 1 0
303796310 1 0
303796303 1 0
303796302 0 2
303796301 2 0
303796297 2 0
303796296 11 34
303796295 58 39
303796293 2 0
303796285 2 0
303796284 0 4
303796281 1 4
303796280 4 1
303796279 8 1
303796276 3 2
303796275 1 4
303796273 8 0
303796272 3 0
303796270 0 4
303796269 2 0
303796268 3 0
303796260 0 6
303796259 3 0
303796257 1 1
303796253 0 0
303796252 3 1
303796251 1 2
303796250 3 2
303796248 4 2
303796245 5 0
303796243 2 0
303796241 0 4
303796240 4 1
303796239 6 0
303796237 3 1
303796234 4 1
303796233 5 1
303796232 1 3
303796226 1 1
303796224 3 1
303796222 2 2
303796221 1 2
303796220 3 3
303796217 3 2
303796213 3 0
303796212 4 0
303796211 0 5
303796208 4 2
303796207 2 0
303796205 2 0
303796204 3 0
303796203 3 0
303796202 4 0
303796197 1 7
303796194 3 6
303796193 3 2
303796191 4 0
303796189 5 1
303796188 5 0
303796186 9 2
303796184 3 2
303796183 5 0
303796182 3 3
303796180 20 2
303796176 2 2
303796175 5 2
303796173 6 3
303796171 8 2
303796168 4 0
303796165 2 1
303796163 3 1
303796162 5 0
303796160 4 2
303796159 5 1
303796158 4 3
303796157 5 2
303796153 33 7
303796152 1 7
303796150 1 5
303796149 4 3
303796146 5 2
303796145 2 3
303796144 3 0
303796139 4 21
303796134 4 0
303796133 3 0
303796132 0 3
303796131 23 7
303796129 2 0
303796128 21 15
303796123 13 2
303796122 2 6
303796121 2 0
303796118 0 3
303796117 2 1
303796116 44 57
303796109 2 1
303796108 5 2
303796105 0 4
303796104 22 9
303796103 3 0
303796101 2 0
303796098 4 2
303796095 5 1
303796091 4 1
303796089 6 0
303796088 6 1
303796087 1 7
303796086 6 0
303796085 4 1
303796083 31 13
303796077 8 2
303796073 7 1
303796072 2 0
303796071 2 0
303796067 0 1
303796058 4 22
303796057 2 1
303796056 0 5
303796052 2 0
303796051 2 2
303796050 1 10
303796047 1 7
303796046 2 1
303796045 22 6
303796044 0 3
303796040 6 1
303796038 4 1
303796037 58 19
303796036 16 6
303796035 2 0
303796032 15 49
303796031 4 1
303796030 6 1
303796028 3 0
303796027 4 0
303796025 4 0
303796024 3 0
303796021 0 4
303796019 4 0
303796017 2 1
303796015 3 0
303796013 1 5
303796012 3 1
303796006 4 0
303796005 2 2
303796004 4 1
303796000 3 0
303795999 3 0
303795998 5 0
303795997 6 1
303795994 20 11
303795989 5 0
303795985 4 0
303795984 5 0
303795983 4 0
303795982 22 8
303795979 4 0
303795976 5 1
303795975 4 2
303795972 7 0
303795970 0 8
303795966 6 0
303795963 26 5
303795962 5 0
303795959 7 2
303795958 3 1
303795956 5 1
303795955 6 0
303795949 4 0
303795947 1 1
303795944 12 31
303795942 5 1
303795941 6 0
303795940 6 1
303795939 18 28
303795937 5 1
303795935 3 1
303795933 13 30
303795932 1 2
303795930 4 1
303795929 4 1
303795927 3 0
303795926 4 0
303795925 50 55
303795924 21 39
303795923 36 13
303795922 6 1
303795921 4 1
303795919 3 1
303795917 0 7
303795916 34 5
303795914 3 0
303795913 54 53
303795912 4 0
303795908 3 8
303795904 4 0
303795900 4 3
303795899 2 3
303795897 3 1
303795896 2 1
303795895 3 0
303795894 11 20
303795890 16 24
303795889 0 4
303795887 2 0
303795884 4 0
303795883 5 0
303795882 4 0
303795879 2 4
303795875 4 0
303795874 34 42
303795867 7 0
303795864 5 0
303795863 5 0
303795861 5 0
303795853 5 0
303795852 1 1
303795851 8 67
303795849 5 0
303795848 5 1
303795846 2 2
303795841 4 0
303795832 3 1
303795830 4 1
303795829 3 3
303795825 83 39
303795819 2 3
303795817 2 2
303795811 4 1
303795809 1 3
303795808 2 0
303795807 6 0
303795806 1 2
303795805 22 28
303795803 4 0
303795802 4 0
303795801 2 0
303795797 6 0
303795796 3 1
303795794 1 0
303795793 5 0
303795790 39 5
303795788 5 0
303795785 81 48
303795784 5 0
303795783 3 0
303795782 0 4
303795781 4 0
303795780 0 5
303795778 3 0
303795776 5 0
303795774 5 0
303795773 0 0
303795769 0 0
303795767 3 0
303795764 4 0
303795763 3 0
303795762 0 2
303795761 13 39
303795757 5 0
303795755 0 0
303795754 5 1
303795748 0 0
303795747 1 6
303795746 4 0
303795745 0 5
303795744 4 0
303795741 2 0
303795740 3 0
303795739 3 3
303795737 2 0
303795732 3 4
303795731 6 0
303795730 6 0
303795729 5 1
303795728 6 0
303795727 6 0
303795723 3 0
303795721 5 0
303795720 0 7
303795718 4 0
303795715 1 8
303795714 5 0
303795713 10 0
303795709 3 0
303795708 5 0
303795707 8 9
303795704 3 0
303795702 3 0
303795700 5 1
303795699 4 0
303795698 4 0
303795696 3 0
303795693 5 0
303795692 1 9
303795689 3 0
303795688 16 6
303795686 3 0
303795685 3 0
303795684 3 0
303795678 7 0
303795674 6 0
303795673 0 7
303795672 14 5
303795670 7 0
303795662 1 37
303795661 5 0
303795655 3 0
303795654 1 0
303795652 2 0
303795649 11 6
303795644 4 0
303795643 2 1
303795637 5 0
303795635 0 8
303795634 5 0
303795632 5 0
303795631 13 47
303795626 2 0
303795625 1 1
303795624 1 1
303795622 3 0
303795621 1 3
303795617 2 6
303795613 2 5
303795607 2 8
303795604 5 0
303795602 1 8
303795601 3 0
303795600 3 0
303795598 1 0
303795595 4 0
303795594 2 0
303795593 0 4
303795592 1 5
303795591 0 0
303795587 1 0
303795581 4 0
303795579 0 0
303795578 2 0
303795577 3 0
303795576 0 6
303795574 3 0
303795572 5 0
303795571 0 0
303795567 7 0
303795566 3 0
303795564 6 0
303795557 2 0
303795556 0 8
303795553 23 4
303795552 175 39
303795551 3 0
303795548 6 0
303795541 6 0
303795538 4 0
303795537 0 7
303795535 0 0
303795533 3 0
303795532 4 0
303795531 1 0
303795530 1 0
303795529 6 0
303795528 4 0
303795527 1 7
303795525 6 0
303795522 1 0
303795521 5 0
303795517 18 34
303795516 2 0
303795515 3 0
303795513 0 3
303795504 10 1
303795502 3 0
303795500 8 3
303795499 3 0
303795498 2 0
303795495 4 0
303795492 0 5
303795491 1 0
303795490 5 0
303795489 4 0
303795487 2 0
303795484 2 34
303795483 27 7
303795480 3 1
303795479 3 0
303795476 2 0
303795473 4 0
303795472 2 0
303795470 5 0
303795469 3 0
303795466 4 0
303795465 2 0
303795463 1 3
303795462 21 10
303795461 2 0
303795460 3 1
303795457 16 10
303795455 1 0
303795454 3 0
303795450 4 1
303795446 0 1
303795443 1 6
303795440 4 1
303795436 0 2
303795434 7 0
303795432 4 1
303795430 2 1
303795427 42 39
303795425 11 5
303795424 1 1
303795422 3 1
303795420 1 3
303795419 4 1
303795417 3 0
303795416 17 8
303795412 1 2
303795411 2 0
303795409 0 1
303795405 2 0
303795403 1 0
303795400 4 7
303795397 29 3
303795396 3 0
303795391 8 0
303795390 19 6
303795388 3 0
303795376 0 7
303795361 17 3
303795358 1 0
303795347 9 6
303795342 3 0
303795337 0 0
303795335 3 0
303795332 2 0
303795327 1 0
303795326 3 0
303795324 0 2
303795322 3 0
303795317 6 2
303795312 3 0
303795308 3 0
303795307 0 0
303795305 2 0
303795304 23 11
303795303 25 9
303795300 11 2
303795299 15 2
303795296 2 0
303795288 0 3
303795286 16 7
303795285 26 19
303795284 2 0
303795281 24 4
303795280 0 3
303795279 4 1
303795278 2 0
303795276 4 0
303795271 15 8
303795270 0 2
303795269 18 1
303795265 3 0
303795263 3 0
303795254 96 13
303795252 5 1
303795249 4 1
303795235 6 3
303795234 3 0
303795233 3 6
303795230 7 28
303795226 2 2
303795224 4 2
303795223 0 1
303795215 1 2
303795214 8 2
303795208 16 7
303795207 1 2
303795206 45 26
303795203 4 0
303795202 3 0
303795199 0 6
303795185 3 0
303795182 2 1
303795181 2 4
303795175 5 0
303795168 15 6
303795162 3 0
303795161 4 0
303795156 4 3
303795155 4 0
303795149 1 7
303795147 2 2
303795146 2 1
303795145 5 4
303795138 2 0
303795136 4 0
303795122 1 5
303795109 3 0
303795107 4 0
303795104 16 5
303795101 5 1
303795097 3 1
303795091 5 0
303795090 2 1
303795081 22 6
303795079 3 7
303795077 9 59
303795076 12 47
303795075 40 24
303795071 2 0
303795062 2 1
303795060 4 2
303795057 20 13
303795055 9 3
303795052 27 8
303795051 4 2
303795048 3 0
303795043 27 77
303795042 0 6
303795040 2 0
303795038 12 4
303795034 20 2
303795029 12 4
303795026 5 2
303795020 17 12
303795013 12 8
303795012 5 0
303795006 3 0
303795000 28 15
303794996 15 4
303794995 13 1
303794991 3 1
303794985 49 25
303794984 13 5
303794983 26 23
303794972 3 0
303794971 2 1
303794964 9 29
303794963 6 1
303794960 7 0
303794958 5 7
303794956 7 31
303794943 4 3
303794941 3 2
303794940 2 2
303794939 5 1
303794938 6 2
303794931 16 3
303794928 11 11
303794927 5 4
303794926 1 4
303794924 9 7
303794918 3 1
303794911 0 0
303794910 7 1
303794905 16 4
303794903 4 1
303794901 8 3
303794899 229 10
303794897 6 0
303794896 32 61
303794895 4 0
303794890 26 22
303794888 5 17
303794887 7 1
303794885 6 3
303794884 6 0
303794879 20 7
303794877 372 5
303794876 3 0
303794874 4 1
303794873 3 27
303794866 6 1
303794864 8 3
303794863 15 8
303794862 23 1
303794857 6 0
303794855 23 7
303794852 5 0
303794851 6 18
303794846 6 0
303794844 41 5
303794837 7 1
303794836 2 1
303794834 0 9
303794826 6 0
303794823 31 4
303794822 21 2
303794810 38 20
303794809 18 1
303794804 14 26
303794803 38 17
303794802 10 6
303794797 5 0
303794794 5 1
303794792 25 4
303794785 4 0
303794784 5 2
303794782 3 0
303794774 2 13
303794772 2 0
303794770 4 0
303794769 10 5
303794768 17 1
303794765 3 1
303794763 19 6
303794755 17 3
303794752 9 2
303794747 16 4
303794745 7 0
303794743 4 1
303794733 7 35
303794732 4 0
303794731 18 1
303794726 17 3
303794725 22 13
303794721 22 3
303794716 4 0
303794715 4 0
303794712 8 0
303794708 20 4
303794706 17 2
303794702 8 0
303794701 21 64
303794697 22 6
303794694 6 0
303794692 6 0
303794690 6 0
303794689 4 5
303794688 17 1
303794685 4 9
303794680 8 5
303794679 40 15
303794677 5 0
303794676 7 6
303794675 7 0
303794669 17 2
303794668 3 0
303794667 6 3
303794665 7 1
303794663 16 3
303794657 4 1
303794656 69 47
303794650 1 0
303794649 14 1
303794646 3 1
303794645 22 13
303794644 3 0
303794643 10 0
303794641 21 3
303794637 20 30
303794636 7 1
303794634 11 0
303794633 7 0
303794632 9 0
303794630 17 3
303794628 0 9
303794626 16 2
303794624 27 3
303794623 3 0
303794622 5 0
303794618 8 0
303794617 9 0
303794614 101 13
303794612 9 1
303794611 8 0
303794606 6 0
303794602 33 15
303794598 8 1
303794584 16 4
303794583 8 0
303794578 44 29
303794574 12 1
303794573 4 9
303794568 8 5
303794565 15 4
303794564 27 13
303794561 6 1
303794559 1 1
303794558 1 2
303794557 20 3
303794552 4 0
303794547 4 0
303794546 3 1
303794544 16 0
303794540 4 1
303794535 4 0
303794532 31 27
303794528 1 1
303794525 17 3
303794524 4 1
303794523 5 0
303794521 2 2
303794520 21 3
303794519 5 0
303794518 1 1
303794517 6 5
303794511 1 2
303794510 5 0
303794509 5 0
303794508 6 0
303794504 1 3
303794503 1 2
303794502 2 11
303794495 7 33
303794493 20 17
303794492 3 1
303794489 15 3
303794486 10 2
303794483 1 9
303794482 15 17
303794481 6 0
303794479 4 0
303794478 5 0
303794472 3 0
303794466 5 0
303794460 3 0
303794457 21 5
303794454 17 13
303794451 5 0
303794450 5 1
303794448 13 9
303794447 9 1
303794446 3 0
303794442 0 9
303794440 5 0
303794431 6 1
303794429 10 1
303794420 2 11
303794417 2 5
303794413 31 12
303794409 44 16
303794404 4 0
303794403 24 2
303794399 9 2
303794390 8 1
303794385 89 19
303794382 18 3
303794376 19 3
303794375 13 0
303794372 6 2
303794369 8 16
303794354 31 20
303794351 13 1
303794348 11 6
303794340 4 27
303794339 2 3
303794333 10 25
303794332 7 1
303794327 14 2
303794324 8 4
303794316 1 0
303794310 1 3
303794308 14 0
303794298 16 1
303794296 2 0
303794289 10 5
303794273 1 3
303794272 11 4
303794271 18 28
303794262 3 0
303794260 2 11
303794244 0 7
303794239 3 1
303794234 1 12
303794231 31 23
303794230 14 4
303794228 6 1
303794227 18 36
303794223 9 32
303794220 36 16
303794218 10 4
303794215 19 5
303794210 5 0
303794207 37 40
303794204 2 0
303794193 4 3
303794188 10 6
303794187 17 4
303794181 14 10
303794180 5 0
303794177 40 40
303794175 14 14
303794168 12 10
303794161 18 3
303794156 24 3
303794146 5 1
303794135 6 0
303794134 20 4
303794131 13 3
303794126 5 1
303794120 32 21
303794110 30 17
303794103 4 7
303794091 6 0
303794088 17 3
303794084 7 1
303794074 27 3
303794071 3 0
303794067 12 1
303794062 1 14
303794056 8 0
303794051 14 4
303794049 13 2
303794048 5 0
303794045 4 0
303794044 6 1
303794042 7 1
303794039 23 4
303794033 7 2
303794030 11 0
303794029 18 8
303794018 17 49
303794013 6 2
303794012 46 15
303794009 2 62
303794003 9 0
303793997 36 3
303793990 11 0
303793982 9 1
303793973 7 4
303793971 7 0
303793967 0 8
303793965 12 2
303793960 6 2
303793959 20 1
303793958 23 1
303793954 6 0
303793941 5 3
303793928 11 0
303793925 34 37
303793920 6 2
303793917 16 3
303793909 8 1
303793908 6 2
303793893 5 2
303793892 16 2
303793885 18 4
303793882 3 2
303793880 20 2
303793879 55 25
303793872 17 3
303793865 1 3
303793852 13 1
303793849 3 3
303793842 4 0
303793835 11 30
303793832 37 4
303793822 16 2
303793821 5 0
303793818 12 1
303793816 4 0
303793805 6 17
303793798 209 21
303793793 23 7
303793785 7 0
303793784 10 1
303793780 23 1
303793777 9 2
303793775 9 0
303793769 7 0
303793743 3 15
303793742 3 2
303793736 7 0
303793732 10 2
303793725 17 1
303793721 7 8
303793720 13 2
303793717 14 1
303793704 3 0
303793703 6 2
303793701 13 40
303793700 58 23
303793699 4 1
303793697 9 1
303793687 62 43
303793683 13 1
303793682 2 0
303793680 6 1
303793656 0 5
303793652 1 13
303793647 17 32
303793634 8 0
303793631 16 1
303793625 1 2
303793620 1 14
303793614 1 0
303793610 11 2
303793607 42 75
303793602 0 14
303793594 12 0
303793586 11 0
303793583 3 14
303793581 5 0
303793568 6 1
303793565 2 0
303793560 5 2
303793559 2 4
303793555 0 4
303793554 17 11
303793550 51 22
303793546 9 1
303793532 8 0
303793528 37 4
303793522 31 14
303793503 16 5
303793502 206 21
303793492 10 0
303793478 3 0
303793476 2 4
303793465 0 8
303793460 6 1
303793458 32 53
303793441 41 47
303793424 53 89
303793421 27 4
303793419 11 0
303793418 20 2
303793402 11 0
303793390 32 4
303793386 15 6
303793385 17 2
303793376 22 4
303793363 4 0
303793352 13 6
303793351 15 0
303793343 22 4
303793340 5 0
303793333 1 0
303793323 4 0
303793322 20 7
303793320 6 0
303793312 6 0
303793294 18 2
303793283 6 0
303793280 9 0
303793276 56 21
303793272 17 4
303793262 40 55
303793259 0 0
303793253 20 6
303793248 44 17
303793245 15 7
303793241 5 0
303793236 3 0
303793230 10 9
303793226 0 7
303793224 20 6
303793204 5 11
303793200 98 9
303793198 238 14
303793196 26 2
303793190 8 1
303793182 1 2
303793178 19 16
303793167 30 13
303793157 43 73
303793154 60 40
303793149 10 0
303793146 9 2
303793144 18 10
303793141 3 1
303793140 5 1
303793131 0 0
303793128 8 17
303793114 42 57
303793113 3 0
303793098 273 51
303793086 3 0
303793085 5 9
303793082 13 46
303793081 14 2
303793073 4 0
303793070 8 1
303793048 8 22
303793035 14 54
303793025 8 0
303793017 7 0
303793014 5 0
303793013 11 12
303793012 9 21
303793002 3 1
303793001 1 0
303792983 3 3
303792970 18 3
303792961 3 0
303792958 5 0
303792945 87 2
303792943 21 6
303792941 14 11
303792940 11 7
303792935 19 46
303792934 13 7
303792927 15 7
303792926 26 2
303792924 6 1
303792917 2 0
303792914 12 4
303792909 9 1
303792907 14 2
303792896 28 6
303792890 4 0
303792888 52 32
303792883 5 40
303792882 27 3
303792876 31 7
303792869 51 30
303792867 18 7
303792864 23 46
303792857 1 0
303792844 1 16
303792841 14 3
303792837 12 1
303792832 17 1
303792831 7 1
303792828 30 57
303792824 17 8
303792820 8 52
303792814 184 27
303792787 22 1
303792765 9 0
303792764 113 43
303792758 12 3
303792737 191 41
303792736 40 58
303792735 3 1
303792733 11 2
303792730 15 2
303792724 2 0
303792708 9 0
303792702 3 0
303792700 31 2
303792699 10 5
303792698 16 10
303792683 21 2
303792680 19 3
303792677 17 2
303792673 2 0
303792665 9 1
303792661 48 43
303792659 9 4
303792655 1 0
303792644 21 3
303792638 168 14
303792636 40 27
303792614 15 10
303792610 12 1
303792598 2 0
303792589 6 4
303792584 54 55
303792573 11 4
303792569 11 2
303792566 1 1
303792553 7 4
303792549 0 2
303792548 4 7
303792547 28 25
303792544 1 0
303792539 10 1
303792531 23 24
303792526 18 17
303792506 5 1
303792505 4 1
303792499 12 2
303792492 16 3
303792490 4 1
303792485 9 5
303792477 220 54
303792475 16 5
303792468 21 4
303792462 12 11
303792458 4 2
303792457 24 2
303792455 18 4
303792454 31 16
303792453 1 0
303792452 6 4
303792450 14 3
303792440 14 3
303792439 3 1
303792438 24 3
303792436 14 3
303792435 38 47
303792434 14 4
303792433 15 53
303792432 4 13
303792431 39 23
303792423 87 11
303792421 445 32
303792414 0 1
303792413 35 8
303792410 10 2
303792409 16 3
303792405 4 2
303792403 18 4
303792402 11 2
303792400 20 5
303792395 20 5
303792393 65 11
303792388 15 3
303792385 5 11
303792382 2 1
303792380 15 4
303792378 18 4
303792377 193 8
303792376 4 0
303792375 2 1
303792374 14 5
303792371 194 15
303792369 30 15
303792367 13 2
303792363 3 3
303792361 11 5
303792360 47 15
303792354 19 23
303792353 86 18
303792351 25 14
303792346 39 31
303792345 17 4
303792340 22 7
303792330 372 24
303792329 3 1
303792327 1 2
303792326 3 0
303792323 17 2
303792322 17 5
303792320 0 1
303792317 43 25
303792313 3 1
303792311 27 15
303792310 14 3
303792309 26 14
303792308 7 9
303792303 42 29
303792301 2 1
303792299 161 41
303792298 10 2
303792297 1 0
303792294 4 1
303792292 12 3
303792291 11 14
303792290 154 14
303792287 18 11
303792286 13 6
303792283 31 11
303792281 3 1
303792280 5 15
303792277 12 4
303792276 29 4
303792274 25 4
303792272 11 1
303792271 18 4
303792268 22 7
303792267 22 3
303792266 21 47
303792262 12 7
303792261 17 3
303792259 17 3
303792257 173 21
303792250 1 1
303792245 96 30
303792243 90 13
303792242 15 1
303792239 18 7
303792237 2 0
303792235 281 33
303792233 140 17
303792230 1 1
303792226 28 30
303792225 22 3
303792223 13 3
303792222 25 4
303792221 16 3
303792216 81 12
303792213 1 6
303792212 95 15
303792211 2 5
303792208 29 18
303792207 9 4
303792204 13 4
303792203 2 9
303792202 394 11
303792201 1 1
303792199 358 12
303792197 134 18
303792195 28 13
303792192 23 26
303792190 18 4
303792189 4 0
303792186 145 30
303792185 2 1
303792184 21 5
303792183 16 12
303792179 177 20
303792176 12 7
303792175 298 11
303792174 8 9
303792173 174 20
303792171 1 1
303792167 396 18
303792165 18 3
303792164 11 4
303792162 282 28
303792159 229 29
303792158 17 2
303792156 194 52
303792155 237 59
303792154 2 1
303792151 26 14
303792150 226 19
303792147 22 3
303792145 2 1
303792143 14 3
303792140 19 5
303792136 168 24
303792129 195 22
303792128 214 20
303792127 8 5
303792126 20 6
303792121 476 40
303792116 209 17
303792115 19 2
303792114 181 22
303792112 181 14
303792107 17 18
303792100 19 4
303792098 19 4
303792097 8 4
303792094 4 5
303792090 15 3
303792086 16 4
303792084 0 1
303792082 17 3
303792081 10 2
303792079 10 4
303792078 174 14
303792072 38 21
303792069 9 53
303792068 14 6
303792066 264 21
303792065 0 0
303792062 15 11
303792061 185 33
303792057 19 18
303792056 9 5
303792054 10 2
303792053 18 5
303792050 5 4
303792048 13 2
303792044 238 19
303792040 12 11
303792038 22 5
303792037 150 27
303792033 613 19
303792032 18 5
303792031 0 0
303792030 13 3
303792028 8 4
303792025 13 4
303792023 152 12
303792019 19 5
303792018 17 16
303792017 19 3
303792015 8 2
303792013 16 4
303792010 14 0
303792009 692 35
303792006 259 14
303792005 11 11
303792004 136 15
303792002 0 1
303791999 768 47
303791998 414 20
303791997 7 9
303791996 10 3
303791995 155 20
303791994 17 4
303791991 213 6
303791990 11 2
303791989 105 13
303791988 3 1
303791983 209 51
303791982 1 1
303791981 1 1
303791980 14 4
303791979 294 17
303791977 37 13
303791976 8 2
303791975 16 2
303791971 162 14
303791968 18 5
303791966 2 12
303791964 10 10
303791962 11 1
303791960 19 2
303791959 4 1
303791958 6 0
303791957 0 1
303791956 14 4
303791955 17 4
303791954 46 19
303791953 146 27
303791952 15 4
303791951 1 1
303791949 438 10
303791947 2 1
303791946 500 22
303791944 13 3
303791943 374 34
303791942 7 1
303791941 1 1
303791938 16 6
303791937 186 44
303791935 3 0
303791934 2 1
303791933 8 1
303791932 3 1
303791931 51 20
303791930 156 19
303791929 287 29
303791928 14 7
303791927 6 1
303791926 1 1
303791924 6 7
303791923 3 1
303791922 9 1
303791920 140 23
303791919 12 2
303791918 73 27
303791917 3 5
303791915 331 33
303791914 37 24
303791913 413 27
303791912 12 3
303791911 0 1
303791910 17 4
303791909 44 17
303791908 151 17
303791906 26 20
303791905 17 4
303791904 1 6
303791903 3 4
303791902 137 19
303791901 7 4
303791900 5 3
303791899 304 14
303791898 275 25
303791897 17 15
303791895 15 9
303791893 110 16
303791892 254 39
303791891 2 4
303791890 201 18
303791888 10 10
303791887 1 0
303791886 1 0
303791885 265 15
303791884 8 1
303791883 0 2
303791881 277 26
303791880 0 0
303791879 1 7
303791878 0 0
303791877 441 15
303791876 21 14
303791875 159 17
303791874 1 0
303791873 2 0
303791872 226 36
303791870 255 15
303791869 115 17
303791868 19 4
303791866 138 36
303791865 326 31
303791864 1 1
303791863 4 6
303791862 0 1
303791861 181 40
303791860 14 10
303791859 1 1
303791858 0 3
303791857 287 28
303791855 0 0
303791854 13 7
303791853 13 4
303791852 0 1
303791851 84 29
303791850 18 3
303791849 1 2
303791848 4 0
303791846 270 81
303791844 743 127
303791843 0 1
303791842 0 1
303791841 1 2
303791839 32 14
303791838 3 1
303791837 15 3
303791836 4 1
303791835 12 8
303791834 303 31
303791833 179 12
303791832 1 1
303791831 459 15
303791830 386 120
303791829 136 40
303791828 1 1
303791827 1 1
303791826 2 1
303791825 14 3
303791824 7 1
303791823 3 3
303791822 1 1
303791821 2 1
303791820 1 1
303791819 5 3
303791817 1 2
303791816 45 19
303791815 0 1
303791814 2 1
303791813 1 1
303791812 1 1
303791811 212 27
303791810 17 7
303791809 13 2
303791808 2 6
303791807 12 2
303791805 13 4
303791804 73 26
303791803 17 5
303791802 52 19
303791801 14 8
303791800 25 21
303791799 2 2
303791798 20 5
303791796 14 5
303791795 569 129
303791794 309 69
303791793 10 1
303791792 339 48
303791791 1 1
303791790 1 1
303791789 799 51
303791788 1082 90
303791787 1 1
303791786 227 61
303791785 4 1
303791784 5 4
303791783 7 3
303791782 18 3
303791781 1 1
303791779 15 5
303791778 1 1
303791777 1 0
303791776 463 110
303791775 150 17
303791774 1035 63
303791773 3 1
303791772 2 1
303791771 2 1
303791769 2 1
303791768 1 1
303791766 1 1
303791765 1 1
303791764 826 210
303791762 343 39
303791761 2 1
303791759 4 1
303791758 8 0
303791757 912 205
303791756 581 123
303791755 21 2
303791754 17 0
303791753 330 33
303791752 298 24
303791750 1 1
303791749 517 120
303791748 1 1
303791747 5 5
303791746 3 1
303791745 14 4
303791744 12 2
303791743 712 205
303791742 626 173
303791741 7 1
303791740 1115 247
303791738 8 14
303791735 8 1
303791734 13 1
