303953118 0 0
303951146 0 0
303942410 0 0
303937786 1 0
303936521 0 0
303936513 0 0
303914388 2 0
303864531 1 1
303864530 0 0
303862266 1 0
303861517 5 2
303857304 0 0
303799952 0 0
303799122 0 0
303798119 0 0
303794695 4 0
303754111 7 0
303744549 0 0
303741653 7 0
303741640 1 0
303741638 0 1
303738520 3 0
303737983 1 0
303737759 1 0
303737358 0 0
303737002 0 0
303733545 0 0
303705681 0 0
303672270 14 0
303672253 1 2
303672247 0 0
303672236 0 0
303672230 0 0
303672227 3 0
303671745 0 0
303665725 2 0
303587461 1 2
303584174 9 2
303583671 5 0
303523610 0 0
303506955 3 0
303501032 9 3
303500830 0 2
303497721 0 0
303486398 10 2
303485966 15 1
303448371 0 4
303412213 0 10
303405416 3 1
303325979 1 0
303324120 13 0
303319378 0 2
303310084 6 0
303251416 3 6
303250854 0 12
303250775 13 17
303250260 0 0
303249778 2 0
303247032 3 0
303236517 7 0
303236480 7 0
303192983 3 0
303179203 1 0
303175340 3 0
303168786 1 2
303164195 1 0
303153255 0 0
303147322 3 3
303147307 11 0
303079026 0 0
303051766 12 4
303044272 3 2
302986173 10 0
302986166 8 0
302986055 10 0
302978722 0 0
302977594 13 0
302949388 28 9
302893081 5 1
302885015 4 0
302885006 10 1
302885000 1 1
302884992 5 0
302884879 32 2
302882671 3 0
302882014 8 0
302880747 3 0
302870410 2 2
302831077 9 2
302818903 2 8
302818660 0 4
302817893 24 4
302817726 0 0
302817520 21 0
302817142 7 57
302811702 5 13
302798126 29 2
302798114 7 0
302798099 2 2
302776135 0 0
302731588 3 0
302730085 13 3
302728667 6 11
302728348 6 1
302725984 3 1
302723526 11 4
302718359 9 0
302712852 2 3
302711091 11 7
302707165 14 0
302688107 4 1
302644951 5 7
302644942 46 1
302644454 4 0
302644323 6 2
302643174 5 1
302642562 4 0
302638878 12 0
302638280 15 2
302638258 14 0
302638204 3 2
302638184 2 5
302638074 16 7
302636503 21 12
302634601 5 0
302610044 3 5
302595486 8 1
302570947 29 5
302569391 12 4
302568714 2 20
302567148 0 0
302565978 3 2
302565383 6 2
302565156 9 0
302564793 5 0
302563262 1 0
302553957 8 0
302553188 5 1
302541361 3 0
302497064 0 0
302495613 14 0
302492380 0 0
302492278 11 103
302492021 4 9
302491119 2 1
302489801 2 1
302487416 1 3
302485816 1 0
302478196 6 0
302476792 3 0
302476786 13 1
302476777 9 1
302476771 31 3
302476764 6 0
302476761 1 0
302476757 2 0
302476756 2 0
302476711 2 1
302439151 13 0
302439116 6 4
302412986 2 2
302412480 5 0
302412220 11 1
302412216 27 1
302412215 12 1
302412212 4 10
302412206 6 2
302412198 2 1
302412180 7 0
302408017 1 0
302407923 0 5
302403663 12 0
302403662 7 0
302403399 2 2
302402123 0 0
302400110 2 0
302399921 15 31
302398243 7 1
302395829 2 0
302363452 18 0
302361737 11 2
302331089 26 7
302331081 14 2
302330509 9 0
302327541 0 0
302327393 22 1
302327384 6 1
302320646 10 0
302315996 13 2
302315877 1 2
302315740 7 4
302314866 13 0
302314505 7 1
302314405 26 1
302310960 7 1
302310890 4 0
302310287 16 8
302309944 4 18
302309272 6 0
302308242 6 0
302308231 8 0
302308223 12 2
302308219 92 2
302308216 4 0
302307093 0 0
302306150 1 9
302301084 10 3
302298582 29 0
302298318 1 0
302297620 10 7
302277360 0 0
302274337 3 15
302265639 3 0
302264919 15 0
302251552 7 0
302250626 5 2
302234250 5 11
302232674 7 21
302232384 0 0
302231680 8 0
302231109 3 0
302228270 27 1
302227259 5 6
302219743 0 0
302219462 5 6
302202072 16 3
302200242 1 8
302180849 6 0
302180614 24 1
302180612 19 0
302180563 7 30
302180327 4 0
302179948 7 0
302179392 5 16
302178670 3 2
302176647 10 4
302176344 20 7
302176283 16 22
302176005 10 0
302176004 6 2
302175999 3 0
302175996 14 0
302175197 0 3
302174915 0 0
302174844 6 0
302174789 0 0
302174749 0 0
302174739 7 0
302174698 5 3
302174696 8 1
302174493 6 2
302174180 10 0
302173953 2 20
302173726 6 1
302173551 0 0
302173186 2 0
302172986 2 0
302172796 2 2
302172669 7 1
302172154 4 2
302172147 25 3
302171268 14 1
302169929 1 0
302168569 3 0
302164378 0 0
302137543 15 27
302125898 0 0
302125533 7 17
302124974 0 0
302124972 33 2
302123973 14 1
302120866 0 2
302120526 0 0
302120112 8 1
302119644 12 7
302119243 15 2
302117544 25 0
302117147 0 1
302109685 30 16
302093689 15 0
302093685 4 0
302093682 21 2
302093677 11 0
302093669 11 0
302093500 13 4
302093496 7 1
302093488 3 0
302093484 9 4
302085649 3 0
302085429 1 0
302085425 21 4
302085312 0 0
302078847 4 2
302078516 3 0
302077908 2 1
302077648 0 0
302076049 1 43
302075217 11 5
302075109 31 1
302074466 8 1
302073877 13 8
302073829 5 2
302073826 6 0
302072782 24 2
302071935 1 3
302070592 1 0
302064595 7 2
302064028 20 1
302064026 25 0
302055198 6 5
302049167 11 7
302047543 1 0
302039713 1 0
302039410 1 0
302035917 8 0
302034300 1 0
302031355 17 6
302031346 8 0
302030762 27 1
302029869 7 0
302029607 14 0
302029539 5 0
302028605 4 0
302028380 6 2
302027794 6 0
302027561 15 1
302027547 5 2
302025902 8 0
302017077 9 0
302016521 3 0
301975202 1 19
301971841 1 1
301971455 13 4
301970507 6 1
301969892 1 0
301967641 4 0
301966499 10 1
301965745 0 0
301964856 4 46
301964854 1 1
301964843 2 7
301964842 1 18
301964097 27 0
301964092 25 1
301952752 37 5
301943308 0 2
301935561 36 1
301927660 9 2
301925055 14 0
301925053 3 1
301925048 6 0
301924276 2 0
301920011 1 0
301919998 2 1
301919689 0 0
301919598 18 1
301915387 0 0
301915131 5 4
301914699 1 1
301914205 9 4
301913640 19 1
301913053 11 0
301912288 39 0
301912044 3 0
301911988 1 0
301911585 0 0
301907815 0 0
301901952 29 0
301901616 23 4
301901608 22 3
301901607 5 8
301901602 11 17
301901601 7 1
301901585 28 0
301901580 14 1
301899064 5 8
301878690 34 7
301864456 8 0
301864410 15 6
301864145 1 0
301864083 14 1
301863348 1 1
301863274 17 2
301863204 13 0
301863198 8 0
301862880 25 5
301860805 15 3
301860121 0 0
301859844 10 1
301859822 8 1
301858960 16 0
301858516 9 0
301858330 55 1
301857799 29 28
301857670 9 1
301857167 20 0
301857159 3 0
301851983 8 0
301847584 0 1
301819204 5 13
301811703 0 0
301810974 24 1
301810179 0 0
301809995 25 2
301798663 0 7
301798660 4 0
301798425 2 1
301798278 0 0
301798262 9 2
301797900 0 7
301797740 21 0
301797676 29 3
301797057 16 0
301796913 10 0
301795742 3 1
301795300 3 0
301795170 2 0
301793669 2 3
301792974 17 2
301792956 12 4
301792214 48 1
301791502 0 0
301791498 6 0
301791339 6 2
301791269 4 1
301791237 4 0
301790826 6 0
301790689 3 0
301789640 6 0
301787932 14 0
301787382 4 19
301787317 7 0
301780208 0 0
301779582 0 0
301778189 52 1
301778185 20 0
301777213 11 1
301765013 8 0
301765003 19 2
301764735 5 1
301764171 14 50
301757931 3 0
301755893 5 0
301755240 5 0
301737550 0 0
301736668 0 0
301736295 44 14
301734499 0 0
301733516 0 0
301727016 1 5
301726543 2 0
301726470 0 0
301726362 0 0
301726352 5 1
301726034 18 0
301726009 0 0
301725845 0 0
301725524 13 2
301725227 7 0
301724887 5 21
301724843 40 1
301724837 3 0
301724464 8 4
301723778 0 0
301723464 8 0
301723437 0 1
301723348 3 1
301720940 7 1
301720798 4 2
301718538 22 4
301718466 0 1
301718281 7 0
301718232 1 0
301718194 20 0
301718087 1 1
301717826 1 8
301717613 9 0
301717603 8 0
301717493 3 0
301717388 30 1
301717377 0 0
301717346 13 8
301716967 9 2
301716966 4 2
301716923 0 0
301716837 24 2
301716748 5 0
301716600 5 1
301716396 0 1
301716312 5 1
301716072 0 0
301715993 1 0
301715427 1 1
301714957 11 1
301714727 3 1
301714618 12 0
301714107 26 5
301714023 22 53
301713861 13 1
301713608 16 3
301713249 1 0
301713030 56 0
301712420 1 0
301711689 19 0
301711156 9 2
301710020 16 3
301705521 1 0
301705510 2 1
301705299 2 0
301705060 6 3
301705045 12 1
301704522 4 0
301703887 4 0
301703430 1 0
301702327 10 1
301699762 9 0
301697593 4 1
301695154 4 0
301685769 1 0
301684484 1 0
301667428 25 2
301663469 21 1
301663468 6 1
301663464 16 1
301663460 2 0
301663454 3 0
301663362 14 3
301661549 4 1
301660464 0 3
301659356 0 0
301657400 6 0
301657101 12 0
301651275 8 0
301651231 17 0
301651198 7 1
301651143 4 1
301651077 4 0
301650908 6 0
301650861 48 6
301650857 5 0
301650807 6 1
301650696 0 0
301650646 0 0
301650513 11 2
301650406 3 0
301650345 3 0
301650343 0 0
301650226 14 1
301649597 42 1
301649572 0 0
301649563 4 0
301649326 3 1
301648985 0 2
301648814 3 19
301648787 29 3
301647990 7 1
301647210 29 2
301647089 7 3
301647086 6 1
301647078 7 0
301646989 15 0
301646987 3 0
301646986 4 0
301646985 2 1
301646983 4 1
301646894 0 0
301646874 10 0
301646818 36 5
301646785 1 0
301646726 1 2
301646595 0 0
301646471 3 1
301646469 1 0
301646322 23 2
301646317 23 0
301646107 5 5
301645800 4 22
301645656 72 3
301645139 3 3
301644996 23 12
301644867 5 1
301644678 7 1
301644492 4 1
301644486 28 1
301644484 3 6
301644473 1 0
301644324 0 0
301644235 10 0
301644172 3 3
301643959 3 0
301643897 41 8
301643648 0 0
301643579 4 11
301643429 21 0
301643230 1 0
301642789 29 0
301642783 0 0
301642562 4 64
301642446 4 1
301642070 4 1
301641974 20 2
301641264 7 2
301641131 1 1
301640575 5 1
301640507 3 1
301640115 2 0
301639985 0 0
301639856 0 0
301639433 9 1
301638032 20 44
301637904 4 1
301635346 4 0
301632017 32 1
301631861 6 6
301630585 23 0
301630465 6 0
301630450 11 1
301630298 49 1
301629369 3 9
301628962 7 46
301628773 6 24
301618985 33 2
301618722 3 1
301618718 12 0
301618233 7 2
301616756 25 2
301614372 1 3
301613052 14 6
301613039 13 93
301611915 5 0
301611856 9 1
301611233 67 14
301608861 3 1
301608855 1 0
301608850 12 0
301608838 16 0
301608277 3 0
301607584 4 0
301606671 14 1
301606647 90 8
301606610 1 0
301606580 6 0
301599259 0 0
301597604 0 0
301597532 11 1
301597266 21 3
301597256 15 0
301597095 1 0
301597078 11 0
301596700 3 56
301596692 4 27
301595893 0 0
301595659 15 2
301595468 7 0
301594770 13 2
301594768 3 0
301594750 0 0
301592224 8 1
301591377 0 0
301590004 12 0
301589569 6 1
301587054 13 11
301586166 3 0
301586029 9 1
301586014 7 2
301585975 8 1
301585973 8 2
301585914 1 0
301585852 9 1
301585796 14 0
301585766 0 0
301585749 0 0
301585673 6 0
301585653 2 0
301585622 6 0
301585602 24 1
301585556 9 1
301585547 1 0
301585473 2 0
301585465 5 0
301585418 7 1
301585352 1 78
301585332 10 1
301585272 0 0
301585265 3 0
301585192 19 3
301585168 0 0
301585122 13 0
301585085 1 0
301585064 5 0
301585063 5 0
301584845 0 0
301584823 0 0
301584694 4 0
301584659 3 7
301584624 0 1
301584608 7 0
301584606 4 0
301584598 5 0
301584589 24 0
301584576 7 0
301584418 5 15
301584252 1 1
301584198 4 2
301584160 10 1
301584074 0 1
301583961 7 20
301583933 0 1
301583864 5 1
301583453 7 10
301583433 39 1
301583378 1 1
301582858 3 12
301582770 1 1
301582040 1 1
301582005 5 2
301581965 3 1
301581957 4 1
301581744 6 1
301581723 9 1
301581627 0 1
301581623 0 2
301581583 3 1
301581498 4 2
301581429 1 2
301581343 1 1
301581341 11 1
301581318 4 5
301581302 43 35
301581290 12 3
301581257 7 1
301581252 6 1
301581176 2 1
301581141 1 1
301581092 4 2
301581089 18 4
301581062 10 3
301581049 14 5
301581035 7 12
301580936 0 1
301580848 13 8
301580816 1 2
301580803 0 1
301580790 1 35
301580749 0 0
301580716 2 0
301580692 3 0
301580685 40 3
301580644 13 43
301580643 5 34
301580642 5 34
301580631 7 0
301580545 13 1
301580482 0 0
301580418 5 0
301580387 8 1
301580185 3 0
301580175 1 1
301580100 15 29
301579913 5 1
301579878 5 24
301579840 23 9
301579818 20 0
301579795 2 0
301579771 3 9
301579768 0 0
301579738 19 5
301579654 1 0
301579498 9 1
301579472 11 5
301579470 43 1
301579454 0 0
301579396 10 12
301579301 4 14
301579251 9 7
301579247 10 3
301579210 6 0
301579206 36 2
301579204 16 1
301579197 2 0
301579189 14 5
301579080 0 2
301579076 5 0
301579064 6 1
301578947 2 2
301578898 21 1
301578891 6 0
301578824 21 5
301578743 13 2
301578670 2 0
301578630 2 0
301578623 7 1
301578559 1 0
301578459 31 3
301578383 8 0
301578278 7 0
301578156 49 5
301578142 1 1
301578106 2 0
301578104 6 0
301578049 41 6
301578027 15 1
301578009 11 1
301577967 13 0
301577829 3 0
301577828 6 0
301577647 0 1
301577557 0 0
301577549 7 6
301577536 4 2
301577471 6 0
301577439 7 5
301577427 6 7
301577418 6 17
301577345 4 1
301577219 6 8
301577068 13 0
301576851 9 0
301576818 10 2
301576813 5 0
301576801 6 0
301576773 7 0
301576765 16 0
301576755 2 0
301576643 15 2
301576596 4 0
301576438 5 0
301576293 2 0
301576079 1 0
301576055 8 0
301575904 46 5
301575883 6 3
301575875 2 0
301575142 1 1
301575119 5 0
301575053 1 0
301575048 1 2
301575008 5 0
301574897 4 0
301574822 23 0
301574442 1 0
301574326 1 0
301574152 39 0
301574128 0 0
301574066 10 1
301573978 8 3
301573899 19 2
301573867 6 4
301573794 3 0
301573632 4 1
301573365 18 0
301573335 23 0
301573144 2 1
301573115 4 3
301572888 28 7
301572842 28 8
301572303 17 0
301572151 6 0
301571937 5 50
301571750 9 1
301570903 8 0
301570567 5 49
301570553 12 4
301570234 5 1
301569847 16 3
301569199 4 4
301569117 14 5
301569111 0 13
301569096 0 0
301569095 9 7
301569086 11 4
301569076 0 0
301568995 6 2
301568926 16 6
301568867 8 6
301568865 5 0
301568755 5 13
301568749 0 0
301568747 0 0
301568745 0 0
301568741 18 4
301568740 8 9
301568719 3 18
301568705 14 9
301568702 8 9
301568609 4 2
301568593 0 0
301568591 7 1
301568590 3 0
301568521 7 0
301568501 11 11
301568490 0 3
301568485 7 1
301568473 22 11
301568466 11 1
301568460 69 1
301568454 0 0
301568409 8 0
301568398 40 1
301568380 11 7
301568362 14 5
301568341 14 5
301568337 0 0
301568298 4 3
301568283 0 0
301568229 2 2
301568223 3 0
301568213 0 0
301568169 0 0
301568127 6 164
301568110 1 9
301568096 3 0
301568034 4 2
301567995 0 0
301567989 31 1
301567957 1 1
301567949 3 1
301567938 5 19
301567871 8 1
301567856 4 3
301567835 14 0
301567826 11 4
301567777 13 3
301567693 1 0
301567676 22 0
301567664 0 0
301567654 3 1
301567626 0 0
301567604 36 5
301567516 6 50
301567509 6 45
301567405 0 1
301567400 0 1
301567298 5 2
301567291 6 1
301567250 0 0
301567239 25 8
301567226 14 1
301567211 0 0
301567199 0 0
301567125 9 10
301567093 0 0
301567040 0 0
301566886 8 1
301566885 0 5
301566876 0 0
301566782 7 1
301566738 3 2
301566728 6 5
301566725 0 4
301566696 1 1
301566693 5 21
301566687 1 0
301566685 1 37
301566673 47 38
301566666 8 9
301566658 0 0
301566657 0 1
301566651 2 3
301566646 1 0
301566614 6 14
301566574 1 0
301566565 19 2
301566540 0 0
301566483 0 0
301566477 6 1
301566469 3 12
301566407 0 0
301566292 11 15
301566277 0 1
301566266 4 14
301566263 10 8
301566260 1 21
301566180 7 18
301566176 8 7
301566158 0 1
301566111 5 14
301566089 9 6
301566074 4 29
301566038 3 3
301565977 8 7
301565942 6 2
301565887 14 28
301565839 0 1
301565776 7 4
301565728 9 2
301565696 21 6
301565679 5 15
301565673 5 4
301565667 4 4
301565652 11 35
301565645 8 7
301565538 7 6
301565523 0 1
301565452 0 1
301565369 0 0
301565347 11 1
301565289 4 32
301565244 11 34
301565211 0 0
301565137 10 0
301565113 8 33
301564922 16 5
301564851 15 5
301564843 5 2
301564713 14 7
301564670 0 0
301564587 5 0
301564168 0 0
301564147 1 4
301564133 8 0
301564124 1 2
301564000 9 3
301563979 24 1
301563955 0 2
301563767 5 10
301563746 15 19
301563706 1 0
301563675 9 10
301563635 0 0
301563627 5 0
301563324 0 2
301563233 1 0
301563001 1 0
301562973 0 2
301562929 18 21
301562922 3 0
301562900 4 0
301562548 12 10
301562446 16 11
301562357 0 0
301562166 4 3
301561750 4 7
301561446 1 1
301560514 21 3
301560505 6 13
301560414 7 28
301560059 4 8
301559605 7 6
301556032 3 4
301556025 0 0
301555377 1 2
301555327 0 0
301555322 14 12
301555321 5 0
301555291 6 14
301555283 0 2
301555193 0 0
301555156 8 15
301555150 25 60
301555086 8 0
301555076 10 4
301555006 9 12
301554993 1 0
301554968 5 1
301554952 13 2
301554929 0 3
301554927 2 2
301554916 2 1
301554912 0 0
301554893 5 13
301554884 10 14
301554814 7 0
301554804 24 2
301554801 11 2
301554799 1 1
301554797 14 0
301554767 1 0
301554766 15 4
301554757 0 2
301554742 21 0
301554740 10 19
301554736 11 41
301554735 13 0
301554725 10 2
301554723 1 3
301554707 0 1
301554701 1 2
301554669 5 2
301554666 2 21
301554639 8 8
301554592 1 1
301554569 10 10
301554508 6 25
301554457 3 0
301554404 2 1
301554403 6 2
301554397 0 0
301554390 1 2
301554363 1 2
301554344 0 1
301554342 0 1
301554316 0 0
301554313 0 0
301554292 5 0
301554251 17 18
301554088 14 13
301554074 3 93
301554020 0 0
301554019 18 2
301553904 14 2
301553894 6 1
301553883 0 0
301553857 5 8
301553827 0 0
301553801 10 2
301553737 8 1
301553683 2 1
301553464 1 0
301553394 0 0
301553386 3 0
301553376 0 0
301553350 17 0
301553344 1 0
301553248 3 6
301553094 0 0
301553039 0 1
301552943 5 5
301552840 3 0
301552735 8 2
301552481 2 1
301552473 1 0
301552421 1 0
301552417 1 0
301552412 0 0
301552356 8 0
301552312 3 6
301552215 32 91
301552202 5 0
301552200 1 0
301551891 10 2
301551818 2 0
301551791 0 0
301551524 35 3
301551510 11 1
301551427 4 13
301551407 3 11
301550743 1 7
301550723 3 4
301549634 7 1
301549527 0 0
301548897 25 7
301548484 11 19
301548474 12 6
301548467 1 0
301548465 3 16
301548463 18 1
301548459 0 0
301548442 11 4
301548441 13 5
301548437 8 2
301548413 11 2
301548411 0 0
301548408 3 1
301548393 12 0
301548380 0 0
301548369 6 0
301548343 3 0
301548337 0 0
301548319 10 1
301548302 8 16
301548215 9 4
301548048 5 13
301548033 12 4
301548026 11 14
301548012 5 21
301547952 0 0
301547903 0 1
301547894 8 3
301547886 7 1
301547879 7 13
301547821 1 1
301547806 0 2
301547787 5 1
301547783 1 0
301547778 10 10
301547721 2 16
301547711 11 0
301547704 8 13
301547683 0 0
301547675 20 0
301547625 12 21
301547609 6 9
301547505 0 1
301547501 8 119
301547488 2 1
301547427 25 2
301547401 3 0
301547396 2 0
301547394 3 43
301547361 20 5
301547354 1 0
301547327 1 1
301547306 15 7
301547287 8 2
301547254 0 0
301547219 11 2
301547173 11 1
301547170 1 0
301547144 1 0
301547117 1 8
301547112 4 13
301547087 43 1
301547073 3 8
301547059 1 0
301547041 3 4
301547040 2 2
301547014 5 0
301546979 1 1
301546972 28 1
301546964 0 0
301546959 2 2
301546920 6 5
301546883 2 2
301546843 0 0
301546764 9 17
301546756 5 74
301546748 2 0
301546725 2 5
301546650 3 11
301546633 0 0
301546541 2 1
301546540 1 2
301546481 3 0
301546438 24 3
301546437 12 17
301546435 17 12
301546432 0 0
301546354 7 107
301546329 0 0
301546286 21 8
301546247 0 0
301546241 0 0
301546228 2 0
301546210 1 0
301546186 0 0
301546165 0 0
301546098 0 0
301546081 8 3
301546047 6 1
301546046 9 4
301545954 0 0
301545769 4 0
301545739 6 4
301545685 0 0
301545677 0 1
301545626 32 4
301545550 7 0
301545536 0 1
301545497 4 4
301545447 38 9
301545422 1 0
301545360 19 3
301545351 2 1
301545346 0 4
301545345 3 5
301545325 0 0
301545312 0 16
301545098 9 0
301545069 12 6
301545007 6 6
301544938 0 0
301544873 5 6
301544868 12 14
301544833 86 31
301544809 22 15
301544799 4 0
301544776 3 3
301544703 10 21
301544699 3 0
301544669 11 1
301544661 5 0
301544592 2 3
301544340 1 3
301544328 3 5
301544258 8 2
301544168 1 3
301544105 11 3
301543854 9 2
301543841 8 4
301543738 0 0
301543731 1 1
301543660 4 7
301543629 0 0
301543554 3 19
301543551 22 3
301543523 27 0
301543371 6 1
301542796 1 41
301542450 3 3
301542348 10 2
301542078 3 1
301541845 0 0
301541761 2 2
301541711 0 0
301541626 2 5
301541531 5 0
301541036 5 1
301541002 12 0
301540915 2 2
301540824 1 0
301540761 8 4
301540113 1 0
301539552 4 5
301539542 1 1
301539474 2 20
301539308 4 3
301539105 1 0
301538665 2 15
301537855 0 1
301537247 0 0
301537201 8 8
301535919 5 8
301535891 5 60
301535849 0 0
301535845 6 14
301535836 5 11
301535834 6 129
301535821 7 0
301535808 7 1
301535799 12 1
301535796 12 1
301535791 16 4
301535774 4 0
301535763 1 0
301535678 1 8
301535674 7 4
301535673 0 0
301535653 3 0
301535640 2 0
301535633 2 2
301535629 1 0
301535620 3 0
301535611 2 16
301535607 5 5
301535600 8 12
301535599 5 7
301535597 5 0
301535594 0 0
301535584 4 6
301535556 8 2
301535552 8 11
301535537 1 0
301535526 5 3
301535502 6 11
301535489 8 7
301535477 9 8
301535411 14 4
301535398 5 0
301535385 3 7
301535372 2 0
301535342 7 4
301535341 4 3
301535327 0 0
301535322 3 0
301535321 0 13
301535319 3 11
301535284 6 12
301535280 6 9
301535278 3 4
301535258 3 6
301535226 7 0
301535223 5 1
301535214 0 0
301535213 2 0
301535190 1 2
301535138 1 7
301535134 6 6
301535119 0 0
301535078 0 4
301535062 3 10
301535060 6 3
301535050 0 0
301535019 5 6
301535016 1 1
301535014 0 0
301535011 0 1
301534999 6 12
301534977 0 1
301534973 0 0
301534968 0 1
301534963 3 13
301534942 8 8
301534886 0 2
301534844 3 3
301534816 9 3
301534799 0 1
301534795 10 3
301534779 0 4
301534761 3 37
301534752 0 0
301534741 4 0
301534738 3 3
301534737 6 1
301534736 4 0
301534734 3 2
301534730 0 4
301534723 0 8
301534722 20 4
301534695 0 1
301534691 4 2
301534690 1 9
301534682 0 0
301534664 5 16
301534632 6 15
301534631 0 0
301534610 0 0
301534601 8 12
301534599 5 0
301534580 0 0
301534566 5 21
301534553 8 36
301534518 10 35
301534482 15 16
301534456 0 0
301534420 5 20
301534410 6 22
301534395 70 9
301534370 1 17
301534352 9 4
301534344 9 11
301534341 0 2
301534340 1 2
301534307 1 2
301534300 4 8
301534285 0 0
301534283 8 1
301534266 2 0
301534263 1 0
301534254 11 13
301534243 3 0
301534239 6 5
301534212 8 4
301534171 0 4
301534159 30 10
301534131 2 4
301534125 5 5
301534120 2 3
301534117 0 0
301534105 0 0
301534059 6 47
301534053 6 2
301534020 0 1
301534004 2 1
301533991 3 0
301533989 0 8
301533987 0 0
301533971 0 0
301533952 4 1
301533908 3 0
301533898 0 5
301533896 3 2
301533892 3 0
301533876 4 36
301533872 0 1
301533868 2 1
301533865 0 1
301533853 9 24
301533825 1 0
301533819 15 0
301533817 6 0
301533815 9 0
301533813 6 1
301533806 0 0
301533802 0 0
301533790 1 0
301533784 6 0
301533780 0 0
301533696 62 4
301533680 0 0
301533629 0 0
301533611 18 10
301533582 0 1
301533550 3 1
301533541 2 4
301533502 1 0
301533441 3 0
301533421 3 0
301533418 10 8
301533417 1 2
301533416 4 1
301533234 0 2
301533228 0 0
301533224 11 6
301533163 1 0
301533075 1 0
301533061 4 1
301533060 2 1
301533051 0 2
301533031 4 0
301533021 0 2
301533019 3 0
301532983 1 0
301532980 0 0
301532969 1 1
301532904 2 2
301532889 10 2
301532885 0 0
301532881 1 2
301532855 2 1
301532846 0 1
301532758 24 60
301532749 28 1
301532728 0 3
301532675 0 0
301532565 5 0
301532478 7 45
301532365 7 6
301532364 3 7
301532354 4 0
301532221 0 0
301532198 0 0
301532141 12 1
301532077 0 0
301532043 5 0
301531974 5 40
301531970 0 0
301531902 0 0
301531885 0 0
301531853 0 0
301531832 0 0
301531826 6 0
301531777 8 2
301531760 3 5
301531757 32 5
301531664 1 0
301531659 37 1
301531606 8 1
301531580 0 0
301531577 5 1
301531575 20 0
301531547 3 0
301531491 3 0
301531420 1 0
301531386 51 5
301531369 6 0
301531355 4 1
301531340 6 3
301531337 2 3
301531226 3 0
301531219 31 1
301531202 2 0
301531145 3 5
301531131 3 0
301531126 13 0
301531076 10 0
301531057 0 0
301530997 0 0
301530980 4 0
301530919 4 0
301530905 0 0
301530878 0 0
301530809 0 0
301530803 4 0
301530692 2 0
301530450 2 0
301530427 2 0
301530383 1 2
301530081 6 2
301530026 2 0
301529974 0 0
301529912 3 1
301529847 7 3
301529813 8 4
301529754 1 1
301529706 3 0
301529621 30 2
301529605 1 0
301529601 0 0
301529526 24 0
301529525 12 4
301529498 1 0
301529349 1 0
301529342 4 1
301529296 6 6
301529215 5 0
301529210 13 26
301529029 1 2
301529028 1 1
301528979 5 0
301528973 4 0
301528900 9 0
301528841 0 0
301528769 9 3
301528708 19 21
301528703 5 0
301528690 0 0
301528675 1 2
301528581 2 0
301528374 1 0
301528323 1 0
301528245 0 0
301528065 33 1
301528020 39 7
301527894 23 0
301527644 10 8
301527481 6 3
301527450 0 0
301527392 2 0
301527381 1 2
301527359 0 0
301527356 2 0
301527217 0 0
301527164 1 0
301527144 1 0
301527090 1 1
301526900 25 5
301526892 2 25
301526611 4 0
301526350 5 1
301526315 6 0
301526307 2 1
301526263 1 2
301525827 1 0
301525769 11 3
301525677 0 1
301525444 2 1
301525226 3 3
301524821 5 0
301524818 12 28
301524777 0 0
301524729 2 1
301524714 11 31
301524584 15 26
301524569 0 0
301524467 3 4
301524421 7 1
301524331 1 0
301524280 2 0
301524257 4 1
301523987 8 0
301523961 5 9
301523937 7 4
301523908 0 0
301523795 7 2
301523725 1 0
301523717 0 0
301523575 8 2
301523542 0 2
301523445 10 0
301523395 1 1
301523392 7 3
301523383 0 1
301523376 5 4
301523374 10 9
301523371 2 7
301523367 6 6
301523366 7 6
301523361 5 6
301523357 16 5
301523356 7 0
301523355 0 0
301523353 0 0
301523350 9 7
301523346 11 6
301523345 1 0
301523344 4 4
301523343 1 1
301523342 2 0
301523338 0 0
301523336 1 0
301523332 1 0
301523331 1 0
301523328 1 0
301523325 3 0
301523321 1 0
301523319 12 0
301523311 8 1
301523303 1 0
301523302 5 17
301523301 0 0
301523298 1 0
301523294 0 1
301523289 1 0
301523287 6 0
301523282 4 0
301523281 4 0
301523280 0 0
301523276 10 30
301523274 9 1
301523272 1 0
301523270 0 0
301523266 3 0
301523265 3 1
301523264 0 0
301523263 6 1
301523260 3 0
301523256 3 0
301523255 61 7
301523254 1 0
301523252 0 0
301523250 3 18
301523248 2 0
301523246 0 0
301523241 6 3
301523236 4 4
301523234 4 3
301523224 5 1
301523221 0 0
301523218 1 1
301523212 0 0
301523201 0 1
301523200 1 1
301523198 0 0
301523197 2 0
301523196 0 4
301523193 22 1
301523187 2 0
301523186 37 1
301523185 1 3
301523183 1 0
301523181 1 4
301523180 3 0
301523179 0 0
301523177 11 2
301523176 84 4
301523173 0 3
301523172 0 1
301523171 17 0
301523170 35 0
301523167 0 0
301523166 1 0
301523165 9 0
301523164 0 0
301523162 0 0
301523160 0 0
301523159 0 0
301523158 3 0
301523157 0 0
301523156 1 0
301523155 0 0
301523152 0 0
301523151 0 0
301523150 1 0
301523146 0 0
301523143 0 0
301523142 1 0
301523140 25 1
301523139 1 0
301523138 3 28
301523137 39 1
301523136 18 0
301523135 2 2
301523133 2 0
301523131 9 1
301523130 0 0
301523128 0 0
301523127 13 1
301523126 0 0
301523125 8 1
301523120 0 4
301523119 22 5
301523117 0 0
301523116 31 1
301523115 7 0
301523114 1 2
301523113 1 1
301523112 1 0
301523109 39 0
301523108 0 0
301523105 0 0
301523102 19 0
301523100 7 0
301523095 10 3
301523094 1 0
301523092 9 34
301523087 0 0
301523086 0 1
301523085 1 3
301523083 4 4
301523081 20 14
301523080 2 4
301523079 4 3
301523069 0 0
301523068 3 2
301523065 0 1
301523064 3 0
301523058 1 17
301523050 0 0
301523049 21 3
301523046 4 1
301523044 1 1
301523043 1 2
301523042 0 0
301523039 0 0
301523037 13 1
301523036 1 3
301523035 6 1
301523033 1 1
301523032 0 0
301523029 1 1
301523026 2 5
301523025 1 4
301523020 0 1
301523016 0 1
301523015 0 1
301523014 0 1
301523013 1 1
301523010 0 2
301523008 7 4
301523006 2 7
301523005 0 1
301523004 1 2
301523003 8 2
301523002 1 2
301522999 0 1
301522997 8 6
301522996 0 1
301522995 0 1
301522994 1 6
301522993 0 1
301522989 3 14
301522988 0 0
301522985 8 15
301522984 0 0
301522983 0 0
301522982 1 0
301522978 11 6
301522974 1 2
301522966 0 1
301522965 0 0
301522964 5 0
301522963 35 18
301522961 0 0
301522954 5 4
301522953 0 0
301522952 0 0
301522951 1 1
301522950 1 1
301522949 3 9
301522948 4 19
301522937 0 0
301522936 0 0
301522935 0 0
301522934 7 17
301522932 4 1
301522925 2 1
301522923 0 0
301522922 1 22
301522918 3 47
301522917 18 3
301522913 1 0
301522909 0 0
301522906 0 0
301522904 1 0
301522903 0 0
301522902 9 2
301522901 0 10
301522896 0 0
301522894 0 0
301522888 8 10
301522887 0 0
301522886 15 4
301522885 6 3
301522883 0 2
301522882 10 13
301522881 1 1
301522880 0 2
301522875 15 1
301522874 171 2
301522873 12 3
301522872 0 0
301522871 0 0
301522870 6 12
301522869 0 1
301522868 0 0
301522863 7 21
301522857 3 18
301522851 1 0
301522850 12 2
301522848 0 0
301522846 0 0
301522845 19 3
301522843 9 0
301522841 0 0
301522840 0 0
301522838 19 1
301522835 7 1
301522833 0 0
301522829 1 1
301522827 0 0
301522826 3 11
301522823 0 0
301522822 0 1
301522817 2 2
301522816 1 0
301522814 8 55
301522813 1 0
301522812 4 5
301522811 1 0
301522810 0 0
301522806 13 7
301522805 0 0
301522800 25 1
301522799 11 0
301522794 5 1
301522792 17 1
301522791 0 0
301522790 13 1
301522787 4 29
301522786 10 1
301522785 0 1
301522783 1 6
301522781 3 0
301522778 2 0
301522776 0 0
301522773 18 3
301522772 0 3
301522770 3 0
301522768 29 2
301522767 7 0
301522764 0 0
301522758 0 0
301522754 0 0
301522753 1 0
301522752 12 0
301522748 0 0
301522746 0 0
301522745 0 0
301522743 11 0
301522742 11 2
301522739 3 1
301522737 7 1
301522731 5 6
301522729 2 1
301522723 0 0
301522718 1 0
301522715 4 0
301522714 10 0
301522712 17 5
301522711 9 29
301522710 17 1
301522708 1 1
301522707 0 0
301522704 0 0
301522701 0 0
301522699 10 1
301522697 5 10
301522696 0 0
301522695 2 14
301522693 0 1
301522689 14 0
301522688 4 23
301522684 9 3
301522683 3 8
301522679 2 28
301522678 0 2
301522677 0 1
301522674 0 0
301522671 0 0
301522667 10 7
301522665 0 0
301522663 0 0
301522662 0 0
301522659 0 0
301522656 6 0
301522654 0 5
301522652 0 0
301522649 22 0
301522648 0 0
301522639 0 0
301522633 3 0
301522631 15 7
301522627 2 0
301522626 6 1
301522624 0 0
301522622 3 1
301522621 5 3
301522618 12 3
301522616 0 3
301522615 4 19
301522614 10 2
301522610 6 1
301522609 1 12
301522606 0 1
301522603 0 0
301522601 1 0
301522599 0 0
301522595 0 0
301522594 8 1
301522593 1 15
301522587 7 1
301522586 0 0
301522583 0 0
301522581 0 0
301522578 0 0
301522577 16 0
301522575 2 15
301522574 2 1
301522572 4 26
301522567 2 26
301522566 4 9
301522564 4 0
301522559 4 0
301522558 1 1
301522555 6 34
301522551 4 0
301522550 0 0
301522546 0 0
301522544 5 22
301522542 6 18
301522539 2 0
301522532 3 0
301522530 1 5
301522529 2 4
301522527 4 5
301522526 6 6
301522524 3 8
301522520 2 2
301522517 1 0
301522514 0 0
301522510 0 0
301522509 14 0
301522508 1 0
301522498 2 0
301522495 1 0
301522491 0 0
301522487 3 0
301522486 0 0
301522485 6 12
301522483 3 16
301522480 8 25
301522477 0 0
301522475 5 7
301522472 2 1
301522471 2 0
301522470 7 0
301522466 16 6
301522465 1 0
301522458 2 4
301522457 0 0
301522456 43 1
301522455 0 0
301522454 1 1
301522453 3 0
301522449 9 6
301522447 0 0
301522444 5 3
301522439 1 0
301522437 2 12
301522436 10 58
301522435 4 3
301522431 0 0
301522429 20 3
301522428 1 4
301522427 0 0
301522426 12 4
301522425 6 0
301522424 0 0
301522423 16 0
301522419 4 0
301522418 4 1
301522417 9 5
301522416 1 2
301522411 0 0
301522409 12 15
301522406 3 2
301522404 0 0
301522402 4 4
301522400 509 24
301522398 6 4
301522397 6 4
301522394 3 2
301522392 0 1
301522391 3 0
301522390 6 0
301522389 7 1
301522388 3 0
301522387 1 1
301522386 1 0
301522384 3 1
301522383 2 0
301522382 2 0
301522381 1 0
301522380 14 2
301522379 5 0
301522378 18 1
301522377 0 0
301522376 0 2
301522374 1 0
301522372 4 8
301522371 9 5
301522370 0 0
301522369 0 0
301522368 15 3
301522367 6 34
301522366 15 0
301522364 0 0
301522363 0 0
301522362 0 0
301522360 5 16
301522359 21 0
301522358 2 0
301522357 10 2
301522352 0 0
301522351 2 1
301522350 1 0
301522349 1 0
301522348 2 10
301522347 0 0
301522344 10 0
301522343 0 0
301522342 1 0
301522340 3 29
301522339 0 11
301522335 2 4
301522334 0 0
301522330 0 2
301522329 0 0
301522326 1 0
301522317 20 7
301522312 6 0
301522311 7 31
301522310 6 0
301522308 79 6
301522306 6 0
301522304 3 11
301522299 5 8
301522297 7 0
301522293 5 2
301522292 1 0
301522291 0 0
301522288 0 1
301522287 1 2
301522285 2 7
301522284 0 0
301522282 1 0
301522278 8 2
301522276 5 27
301522273 4 0
301522267 4 0
301522266 129 5
301522265 4 4
301522263 0 0
301522262 5 0
301522260 9 5
301522258 0 0
301522256 3 0
301522255 0 0
301522254 0 0
301522253 7 19
301522248 28 1
301522245 2 0
301522244 9 4
301522241 6 1
301522240 1 32
301522237 6 45
301522235 11 3
301522232 3 26
301522231 8 0
301522228 4 3
301522227 2 1
301522226 2 0
301522225 0 0
301522224 0 0
301522221 1 1
301522220 0 0
301522217 4 29
301522216 15 1
301522215 0 0
301522212 0 0
301522211 4 6
301522208 3 0
301522205 0 0
301522204 1 2
301522200 0 1
301522198 9 35
301522196 0 2
301522194 0 0
301522190 0 0
301522189 0 0
301522188 10 35
301522185 5 0
301522184 0 0
301522183 0 0
301522176 4 0
301522175 18 1
301522172 0 0
301522170 5 0
301522167 0 0
301522165 0 0
301522160 3 0
301522154 0 0
301522153 0 0
301522151 26 2
301522143 6 0
301522142 8 0
301522137 18 1
301522131 14 8
301522130 6 0
301522129 7 10
301522124 8 0
301522122 7 3
301522120 1 1
301522118 9 6
301522116 5 12
301522114 0 29
301522108 5 19
301522106 1 4
301522103 0 0
301522099 7 56
301522096 0 1
301522093 3 2
301522091 2 7
301522090 1 6
301522088 18 0
301522086 0 3
301522085 3 0
301522084 15 4
301522083 0 2
301522082 2 1
301522080 3 32
301522079 0 1
301522076 19 1
301522075 14 5
301522074 31 6
301522072 3 0
301522071 4 4
301522069 2 1
301522066 3 0
301522065 11 6
301522063 9 0
301522059 0 0
301522057 3 0
301522056 3 0
301522055 5 1
301522053 2 0
301522052 9 0
301522051 6 0
301522049 0 0
301522048 6 6
301522047 412 11
301522045 10 1
301522044 0 0
301522042 0 0
301522041 0 0
301522040 20 1
301522039 1 0
301522036 34 0
301522035 0 0
301522033 0 0
301522028 3 0
301522027 17 1
301522024 0 1
301522023 0 0
301522021 5 1
301522020 2 0
301522019 9 2
301522017 13 0
301522015 3 0
301522013 0 0
301522012 1 1
301522010 11 1
301522008 6 0
301522006 0 0
301522004 6 0
301522002 0 0
301522001 3 0
301521999 6 0
301521998 16 2
301521995 6 0
301521994 3 0
301521993 0 0
301521991 0 0
301521989 0 2
301521987 0 0
301521986 0 0
301521983 0 0
301521981 2 0
301521980 2 0
301521975 6 33
301521973 0 0
301521969 29 1
301521964 1 1
301521963 6 7
301521960 0 0
301521959 3 5
301521958 0 0
301521957 25 4
301521955 15 0
301521949 7 5
301521946 1 0
301521944 1 2
301521943 7 8
301521942 4 1
301521941 0 3
301521940 0 0
301521931 7 0
301521930 0 26
301521928 13 0
301521926 8 0
301521921 2 0
301521918 1 3
301521917 0 0
301521914 4 0
301521912 1 0
301521911 1 5
301521910 6 7
301521905 0 0
301521904 0 2
301521903 2 1
301521902 0 0
301521901 0 1
301521898 2 0
301521897 21 4
301521894 0 0
301521892 2 0
301521890 0 0
301521889 15 33
301521884 3 0
301521880 0 0
301521879 1 0
301521878 0 0
301521877 10 1
301521876 1 1
301521874 6 2
301521873 0 0
301521872 17 1
301521871 4 1
301521870 4 0
301521869 0 0
301521866 6 1
301521865 1 2
301521864 0 0
301521863 4 0
301521862 0 0
301521861 7 0
301521860 2 0
301521858 0 0
301521857 0 0
301521856 3 0
301521855 1 0
301521853 0 0
301521850 0 10
301521849 4 0
301521847 15 4
301521846 6 3
301521845 8 0
301521844 8 1
301521841 3 0
301521839 0 2
301521838 6 4
301521836 14 16
301521834 5 0
301521833 6 26
301521831 9 5
301521827 3 21
301521826 0 0
301521825 0 0
301521824 0 1
301521823 1 0
301521821 0 0
301521820 6 0
301521818 6 1
301521815 0 0
301521813 7 1
301521811 6 1
301521806 3 0
301521802 0 0
301521801 3 1
301521796 1 0
301521795 0 0
301521793 2 0
301521791 16 1
301521789 0 0
301521788 0 0
301521786 2 8
301521784 10 10
301521781 0 0
301521780 10 8
301521779 0 0
301521778 0 0
301521777 4 6
301521775 53 1
301521774 7 6
301521770 1 0
301521768 13 1
301521767 0 0
301521766 9 10
301521765 0 0
301521764 7 1
301521762 7 2
301521760 0 4
301521759 3 4
301521757 6 19
301521752 5 4
301521751 0 3
301521750 0 2
301521749 1 3
301521747 0 0
301521746 0 2
301521744 10 1
301521743 9 0
301521742 0 0
301521740 6 2
301521737 5 3
301521736 11 2
301521735 4 0
301521734 3 3
301521732 2 7
301521730 0 0
301521729 4 7
301521728 29 1
301521727 0 0
301521726 0 7
301521724 5 4
301521723 0 0
301521722 5 0
301521719 9 12
301521718 5 2
301521716 0 1
301521714 9 3
301521713 0 3
301521711 0 1
301521710 11 44
301521708 2 0
301521707 0 0
301521705 1 0
301521704 0 1
301521703 7 4
301521701 7 4
301521699 2 5
301521697 2 5
301521696 6 6
301521692 0 1
301521691 5 6
301521687 0 0
301521686 17 5
301521683 0 0
301521682 2 5
301521677 3 0
301521675 1 4
301521673 0 0
301521672 5 1
301521670 6 15
301521669 6 6
301521668 3 3
301521661 2 2
301521660 2 0
301521659 0 0
301521657 2 0
301521653 1 5
301521651 0 1
301521649 15 19
301521647 111 13
301521646 3 5
301521644 43 9
301521643 345 11
301521641 0 1
301521640 4 4
301521638 9 19
301521635 5 6
301521633 1 1
301521632 35 33
301521631 2 7
301521630 6 6
301521628 4 7
301521625 0 3
301521624 0 1
301521621 8 1
301521619 2 4
301521618 9 5
301521614 0 0
301521611 0 2
301521608 0 0
301521607 6 0
301521604 1 1
301521603 5 4
301521602 2 3
301521597 7 3
301521596 0 0
301521591 0 0
301521590 7 1
301521587 16 2
301521586 0 1
301521585 3 2
301521584 2 3
301521582 1 1
301521580 10 2
301521578 7 0
301521577 5 0
301521575 0 0
301521574 0 0
301521573 3 1
301521571 2 1
301521569 3 55
301521568 0 0
301521567 2 1
301521566 3 3
301521565 0 0
301521564 0 0
301521562 0 0
301521560 11 71
301521558 3 2
301521554 0 0
301521553 5 2
301521552 7 3
301521551 0 0
301521549 0 0
301521545 12 0
301521544 0 0
301521542 0 0
301521541 0 0
301521540 0 0
301521538 0 0
301521534 4 0
301521533 0 0
301521532 6 24
301521531 1 0
301521530 7 6
301521528 5 0
301521527 0 0
301521526 4 6
301521524 0 0
301521523 3 0
301521521 0 0
301521518 0 0
301521517 1 0
301521516 2 0
301521513 0 0
301521512 0 0
301521510 1 0
301521507 0 1
301521506 0 1
301521504 7 1
301521502 0 0
301521501 0 0
301521498 5 1
301521495 17 8
301521491 2 0
301521490 0 0
301521489 6 6
301521488 1 0
301521484 0 0
301521479 5 0
301521478 1 0
301521477 2 26
301521476 12 7
301521473 5 1
301521472 0 1
301521470 1 0
301521463 1 1
301521460 2 0
301521459 0 0
301521456 8 7
301521455 0 1
301521454 0 0
301521453 2 3
301521452 0 0
301521451 0 1
301521450 7 2
301521447 4 1
301521446 5 1
301521445 0 0
301521443 0 0
301521440 3 1
301521434 4 1
301521432 0 0
301521430 3 39
301521424 3 5
301521423 0 0
301521413 0 0
301521409 10 15
301521408 0 0
301521402 15 0
301521401 1 0
301521399 3 0
301521398 0 0
301521392 0 0
301521387 6 0
301521386 4 30
301521382 6 0
301521381 15 0
301521380 0 0
301521379 0 0
301521378 1 0
301521377 0 0
301521376 42 2
301521370 9 1
301521359 3 0
301521347 0 0
301521343 0 0
301521342 11 1
301521340 19 0
301521337 0 1
301521336 0 0
301521334 0 0
301521329 254 17
301521328 1 1
301521327 9 0
301521323 0 0
301521322 2 0
301521320 13 2
301521319 12 8
301521318 0 0
301521317 3 0
301521316 2 0
301521315 9 11
301521314 6 1
301521313 5 1
301521312 0 0
301521309 3 0
301521308 2 3
301521307 0 0
301521305 0 0
301521304 0 0
301521303 1 2
301521302 1 15
301521301 0 0
301521300 5 1
301521299 1 1
301521297 0 0
301521296 0 0
301521295 0 1
301521289 0 0
301521271 6 2
301521270 0 0
301521268 0 0
301521267 4 0
301521266 3 0
301521265 5 2
301521264 262 5
301521263 3 0
301521259 2 3
301521255 0 0
301521254 1 0
301521249 0 0
301521248 0 0
301521240 7 3
301521238 0 0
301521237 0 0
301521236 0 0
301521234 0 0
301521232 0 34
301521230 6 0
301521229 0 0
301521225 0 1
301521223 1 4
301521222 2 0
301521221 8 0
301521220 4 0
301521219 0 0
301521217 9 14
301521216 2 0
301521208 3 0
301521207 21 0
301521206 3 8
301521205 6 0
301521204 0 0
301521203 5 0
301521202 0 0
301521201 1 0
301521200 0 0
301521195 9 3
301521190 4 0
301521187 0 0
301521184 0 1
301521183 6 0
301521182 0 0
301521181 0 0
301521180 4 0
301521179 0 0
301521178 12 0
301521177 2 0
301521175 0 0
301521172 7 7
301521169 27 2
301521168 5 0
301521167 3 8
301521166 3 0
301521165 0 0
301521164 2 1
301521163 509 10
301521162 0 0
301521161 6 1
301521160 0 0
301521159 9 2
301521157 3 1
301521155 3 0
301521152 0 0
301521150 10 17
301521148 1 0
301521144 7 4
301521143 2 0
301521141 1 1
301521140 7 2
301521138 2 0
301521137 0 0
301521134 3 0
301521132 1 0
301521131 0 0
301521129 3 4
301521128 1 0
301521126 5 38
301521124 1 0
301521123 0 3
301521121 3 0
301521119 2 0
301521118 3 3
301521116 1 2
301521115 4 8
301521111 1 1
301521110 9 13
301521109 17 0
301521108 0 0
301521104 6 3
301521102 2 0
301521100 4 5
301521099 6 7
301521098 4 15
301521096 7 3
301521095 4 0
301521092 2 11
301521091 0 1
301521089 4 0
301521086 0 0
301521085 3 1
301521083 2 1
301521082 0 0
301521079 15 2
301521078 4 0
301521076 5 9
301521075 6 9
301521074 0 0
301521073 5 1
301521072 0 0
301521071 7 18
301521070 10 3
301521069 9 1
301521068 3 1
301521067 0 0
301521066 0 0
301521060 15 0
301521059 1 0
301521057 0 16
301521055 4 15
301521054 0 0
301521053 0 0
301521052 1 0
301521051 0 0
301521050 0 12
301521049 6 21
301521045 0 0
301521044 4 1
301521043 14 5
301521042 2 14
301521039 9 2
301521037 0 0
301521036 19 26
301521035 9 3
301521034 1 15
301521032 0 0
301521031 0 0
301521029 20 2
301521028 0 0
301521027 1 0
301521026 6 11
301521024 12 4
301521023 3 0
301521022 5 17
301521021 0 0
301521020 0 0
301521019 0 0
301521018 2 6
301521017 1 0
301521015 0 1
301521014 7 1
301521013 0 0
301521012 6 1
301521011 3 10
301521010 9 0
301521009 0 0
301521008 0 0
301521007 5 1
301521006 7 8
301521005 0 0
301521000 4 0
301520999 13 9
301520998 5 7
301520997 6 1
301520993 12 2
301520992 1 1
301520991 1 1
301520990 13 2
301520989 0 0
301520988 5 1
301520987 2 0
301520985 5 1
301520982 1 0
301520979 0 0
301520977 0 0
301520976 4 0
301520975 13 23
301520972 2 19
301520971 1 0
301520970 0 13
301520968 0 0
301520966 4 1
301520965 6 19
301520962 11 1
301520959 4 1
301520956 10 18
301520955 1 0
301520954 6 1
301520953 1 4
301520952 0 1
301520951 1 8
301520950 0 0
301520949 0 1
301520945 5 12
301520943 1 6
301520942 0 0
301520941 10 3
301520940 5 4
301520939 4 2
301520938 5 0
301520937 334 15
301520936 0 0
301520935 4 1
301520934 4 2
301520933 2 7
301520932 0 0
301520930 6 5
301520929 7 8
301520928 0 0
301520926 0 0
301520925 4 3
301520924 5 9
301520923 2 2
301520922 4 1
301520920 2 1
301520919 239 43
301520918 4 6
301520917 6 5
301520916 8 1
301520915 6 5
301520913 2 0
301520911 3 3
301520910 8 0
301520909 2 11
301520908 2 8
301520907 4 5
301520906 1 0
301520904 3 0
301520900 2 6
301520898 2 6
301520896 9 6
301520895 0 0
301520894 0 0
301520893 0 0
301520892 6 0
301520891 1 1
301520890 2 0
301520889 2 0
301520888 9 2
301520887 4 0
301520886 2 1
301520885 7 6
301520884 5 7
301520882 2 9
301520880 9 7
301520879 3 3
301520877 0 0
301520876 8 20
301520875 10 6
301520874 6 4
301520871 0 1
301520870 0 4
301520869 0 0
301520868 0 0
301520867 0 0
301520866 6 0
301520864 12 11
301520863 12 1
301520861 10 0
301520860 24 1
301520857 0 0
301520854 15 12
301520853 6 16
301520852 9 0
301520851 4 0
301520850 0 0
301520849 4 5
301520848 0 0
301520847 0 0
301520846 1 3
301520845 14 7
301520844 5 0
301520842 0 0
301520841 554 7
301520840 10 13
301520836 4 1
301520835 8 3
301520827 0 0
301520824 23 0
301520822 0 0
301520819 0 1
301520814 0 1
301520813 0 1
301520800 0 0
301520768 2 0
301520765 0 0
301520763 0 0
301520762 0 0
301520755 1 0
301520753 0 0
301520750 17 4
301520749 2 0
301520746 63 0
301520745 19 0
301520744 9 1
301520742 0 1
301520737 1 1
301520733 0 0
301520732 2 0
301520730 0 0
301520728 0 1
301520727 3 0
301520726 0 0
301520724 0 0
301520721 0 0
301520718 13 3
301520717 0 0
301520716 10 3
301520715 8 0
301520714 0 0
301520712 2 0
301520709 0 0
301520702 1 1
301520701 10 3
301520700 307 7
301520696 0 1
301520695 2 0
301520694 3 0
301520693 2 0
301520691 3 1
301520688 9 0
301520686 5 0
301520685 15 0
301520681 1 0
301520680 872 11
301520679 25 0
301520677 0 0
301520676 0 0
301520675 4 0
301520673 2 1
301520672 8 0
301520670 3 0
301520669 6 1
301520668 6 1
301520666 1 0
301520664 0 0
301520662 12 2
301520661 0 0
301520658 2 0
301520655 0 0
301520654 0 2
301520652 7 0
301520650 0 0
301520649 8 1
301520647 0 2
301520645 6 4
301520643 0 1
301520642 9 1
301520641 2 1
301520638 2 1
301520637 2 0
301520636 0 0
301520635 0 0
301520634 19 4
301520633 1 0
301520632 662 45
301520631 0 1
301520630 58 1
301520629 1 0
301520626 8 10
301520623 6 0
301520622 8 0
301520621 6 0
301520620 3 0
301520618 7 0
301520617 2 0
301520616 3 3
301520615 0 0
301520614 0 0
301520612 0 2
301520609 0 0
301520607 10 1
301520602 570 8
301520601 1 0
301520600 10 0
301520598 694 15
301520597 0 0
301520596 0 1
301520595 11 0
301520594 0 0
301520593 2 0
301520591 7 1
301520590 4 0
301520589 1 1
301520588 2 0
301520587 2 0
301520585 23 4
301520584 9 2
301520583 5 0
301520582 664 8
301520581 5 2
301520580 1 1
301520579 11 0
301520577 13 14
301520574 332 6
301520572 3 1
301520570 0 0
301520569 15 1
301520568 4 0
301520567 10 2
301520566 6 0
301520563 32 2
301520562 2 0
301520561 0 0
301520560 0 1
301520559 1 0
301520557 6 1
301520556 16 0
301520555 3 0
301520551 9 1
301520550 11 0
301520549 1 1
301520547 1 3
301520545 0 0
301520543 21 3
301520541 766 17
301520540 1 0
301520539 7 0
301520538 4 0
301520537 536 17
301520535 21 14
301520534 3 1
301520532 167 8
301520531 1 0
301520530 0 0
301520529 0 0
301520528 0 0
301520527 19 8
301520526 0 0
301520524 6 4
301520521 4 2
301520520 0 0
301520519 6 0
301520518 1 0
301520517 0 0
301520516 0 0
301520515 2 25
301520514 0 0
301520512 4 0
301520509 10 20
301520508 0 0
301520505 0 1
301520504 1 0
301520503 0 0
301520502 3 2
301520501 0 0
301520500 21 1
301520499 2 0
301520497 0 0
301520496 6 1
301520495 5 4
301520494 2 1
301520493 0 1
301520492 0 0
301520491 10 10
301520490 450 21
301520489 1 0
301520488 27 20
301520487 3 0
301520484 6 1
301520483 20 13
301520481 0 1
301520479 3 2
301520478 0 0
301520477 7 0
301520476 1 2
301520475 4 0
301520474 6 0
301520473 9 11
301520472 2 0
301520471 0 0
301520469 10 0
301520468 3 1
301520467 11 2
301520465 0 0
301520464 3 0
301520463 0 0
301520462 9 1
301520461 6 10
301520460 0 0
301520459 1 0
301520458 0 1
301520457 2 1
301520456 9 0
301520455 1 1
301520453 21 1
301520452 0 0
301520451 622 13
301520450 3 4
301520449 0 2
301520448 0 0
301520447 2 3
301520445 3 1
301520444 7 1
301520443 1 1
301520442 0 1
301520441 9 6
301520440 0 0
301520439 5 1
301520437 4 1
301520436 868 17
301520433 0 0
301520432 4 0
301520430 2 3
301520429 86 10
301520428 4 1
301520427 0 2
301520425 3 2
301520424 3 2
301520423 6 1
301520422 1 0
301520421 15 4
301520420 9 2
301520419 0 1
301520417 0 0
301520415 6 0
301520414 1 1
301520413 1216 292
301520412 13 11
301520411 6 8
301520410 3 5
301520409 11 5
301520408 1 0
301520407 21 2
301520404 3 1
301520400 17 0
301520399 3 2
301520398 1 0
301520396 0 0
301520395 18 3
301520394 1 0
301520393 26 14
301520392 2 0
301520389 7 3
301520388 8 2
301520387 1244 21
301520385 0 0
301520384 14 2
301520383 483 21
301520382 1 0
301520381 4 3
301520380 3 0
301520379 22 6
301520377 0 0
301520376 1 0
301520375 12 2
301520373 3 0
301520371 14 0
301520370 0 0
301520369 5 2
301520368 3 0
301520367 4 2
301520366 0 1
301520365 5 1
301520364 2 1
301520363 0 0
301520362 6 1
301520360 1 7
301520359 8 1
301520358 0 1
301520357 5 1
301520356 0 0
301520355 43 4
301520354 3 1
301520353 54 4
301520352 0 0
301520350 7 1
301520348 8 2
301520347 2 1
301520344 593 91
301520343 0 0
301520341 0 0
301520340 7 1
301520339 7 1
301520338 0 0
301520337 8 0
301520335 0 0
301520334 8 0
301520332 0 0
301520331 2 2
301520330 6 6
301520328 1 0
301520325 0 0
301520324 2 0
301520322 6 1
301520321 775 18
301520320 0 0
301520318 0 0
301520317 0 0
301520316 7 1
301520315 1 0
301520313 5 1
301520312 3 1
301520310 1267 18
301520309 15 12
301520305 8 3
301520302 3 1
301520301 4 5
301520300 11 0
301520299 5 0
301520297 5 1
301520296 0 0
301520294 0 1
301520293 1 0
301520292 8 0
301520291 1 0
301520290 5 1
301520289 9 33
301520288 7 0
301520286 0 0
301520285 183 4
301520284 0 0
301520283 5 2
301520282 4 3
301520280 0 0
301520279 23 3
301520277 5 0
301520273 0 0
301520270 8 1
301520269 10 1
301520268 3 1
301520267 11 0
301520266 0 0
301520265 2 1
301520264 1 1
301520263 26 12
301520262 5 0
301520260 4 1
301520258 6 0
301520257 2 1
301520256 0 1
301520255 616 8
301520254 0 0
301520253 2 1
301520252 17 1
301520251 6 1
301520250 0 1
301520249 1 2
301520247 371 7
301520246 726 12
301520245 4 1
301520244 11 0
301520243 9 1
301520242 0 3
301520240 3 1
301520239 0 1
301520238 19 0
301520237 0 0
301520236 0 0
301520235 7 0
301520232 0 0
301520231 3 7
301520230 2 0
301520228 0 1
301520227 3 1
301520226 12 2
301520225 0 0
301520224 0 0
301520223 10 0
301520221 4 2
301520220 3 1
301520219 0 0
301520218 5 9
301520216 2 3
301520215 0 5
301520214 0 0
301520212 0 0
301520211 340 4
301520210 1 1
301520209 13 1
301520206 5 0
301520205 4 0
301520204 0 0
301520203 2 1
301520201 2 0
301520200 2 6
301520199 2 0
301520198 6 0
301520197 276 5
301520196 0 0
301520194 3 0
301520193 2 6
301520192 5 3
301520191 3 1
301520190 14 0
301520189 5 0
301520188 0 1
301520187 0 0
301520186 0 0
301520185 13 3
301520183 15 0
301520182 1 0
301520181 1 2
301520180 0 0
301520179 3 0
301520178 0 0
301520177 3 0
301520176 1 0
301520175 6 0
301520174 1 1
301520173 12 6
301520172 2 0
301520171 35 17
301520170 3 0
301520169 2 2
301520168 1 1
301520167 0 0
301520166 20 11
301520164 14 1
301520163 3 3
301520162 0 0
301520161 3 0
301520160 7 0
301520159 2 0
301520158 4 1
301520156 5 1
301520155 1 1
301520153 3 0
301520152 0 0
301520150 1 4
301520149 0 0
301520148 1 2
301520147 4 0
301520146 4 1
301520145 0 0
301520144 9 4
301520143 4 3
301520142 2 4
301520140 1265 21
301520138 6 1
301520134 0 0
301520133 2 0
301520130 6 0
301520129 5 2
301520127 3 0
301520126 0 0
301520124 3 2
301520120 5 1
301520119 5 4
301520117 0 0
301520116 4 5
301520115 1715 51
301520114 0 0
301520113 17 16
301520112 0 0
301520111 0 0
301520110 4 0
301520109 2 0
301520108 2 0
301520107 3 3
301520105 226 6
301520103 0 0
301520102 16 0
301520101 3 0
301520100 0 0
301520099 4 0
301520097 8 0
301520096 2 0
301520095 0 0
301520094 0 0
301520093 465 19
301520092 2 0
301520091 1 2
301520090 0 0
301520089 4 0
301520088 772 7
301520087 1 0
301520086 0 0
301520085 3 0
301520084 5 0
301520081 0 0
301520080 1 0
301520079 0 0
301520078 1 48
301520077 1 0
301520076 5 1
301520075 4 0
301520072 3 0
301520071 4 0
301520070 0 0
301520069 2 42
301520068 0 0
301520067 0 0
301520066 1 0
301520065 3 1
301520064 3 0
301520063 0 0
301520062 2 0
301520060 0 0
301520059 1 0
301520058 0 0
301520057 0 0
301520056 0 0
301520055 0 0
301520053 2 1
301520052 4 0
301520051 1 0
301520050 14 1
301520049 3 0
301520048 1 0
301520046 5 0
301520045 0 0
301520044 0 0
301520043 0 0
301520041 0 0
301520040 1 0
301520039 8 0
301520038 0 0
301520037 0 3
301520036 4 2
301520035 0 0
301520034 1 2
301520033 4 1
301520032 9 0
301520031 0 0
301520030 3 0
301520029 3 4
301520027 1 0
301520026 0 0
301520025 2 1
301520023 2 0
301520021 10 0
301520019 5 0
301520018 0 0
301520017 2 1
301520016 0 0
301520015 1 0
301520014 0 0
301520013 2 1
301520008 368 16
301520007 2 1
301520006 3 0
301520005 5 1
301520004 1 0
301520003 0 0
301520002 0 1
301520001 0 0
301519999 1 0
301519997 0 0
301519996 0 0
301519995 318 19
301519994 3 1
301519993 4 0
301519992 1 0
301519991 1 0
301519990 18 15
301519989 3 5
301519988 24 16
301519987 0 31
301519986 0 2
301519985 1 0
301519984 348 56
301519983 13 0
301519982 4 3
301519980 3 0
301519979 0 0
301519977 1 1
301519976 2 0
301519975 4 1
301519974 2 1
301519973 1 0
301519972 1 1
301519971 1 2
301519969 12 1
301519968 6 0
301519967 8 0
301519966 2 1
301519965 0 0
301519964 1 0
301519962 8 0
301519958 4 1
301519957 5 1
301519956 0 0
301519955 7 3
301519953 5 0
301519952 6 1
301519951 3 0
301519950 2 1
301519949 0 0
301519948 0 0
301519946 1 1
301519945 2 4
301519944 2 1
301519943 0 0
301519942 9 0
301519941 0 0
301519940 9 1
301519939 9 0
301519937 4 0
301519936 2 1
301519935 0 1
301519934 3 1
301519933 0 0
301519931 0 0
301519930 3 0
301519929 1 1
301519927 3 1
301519925 5 2
301519923 5 3
301519922 1 0
301519921 4 2
301519919 3 0
301519917 6 1
301519916 0 0
301519914 1 0
301519912 7 0
301519911 0 1
301519910 2 3
301519907 1 0
301519906 494 8
301519905 987 12
301519904 7 0
301519903 0 0
301519902 6 1
301519901 0 0
301519900 3 55
301519899 13 2
301519898 0 0
301519897 3 0
301519896 0 0
301519894 0 0
301519893 19 5
301519892 2 0
301519891 539 14
301519890 0 0
301519889 5 1
301519888 0 0
301519887 19 17
301519886 0 0
301519883 3 3
301519882 0 0
301519880 17 22
301519879 4 0
301519877 0 8
301519876 1224 45
301519875 2 16
301519873 0 0
301519872 0 0
301519871 7 1
301519869 0 0
301519868 0 0
301519867 2 2
301519866 6 0
301519865 3 0
301519864 4 0
301519863 2 63
301519862 0 3
301519861 0 0
301519860 0 1
301519859 6 1
301519858 0 0
301519856 7 1
301519855 1 0
301519854 0 0
301519853 0 0
301519851 8 0
301519849 13 1
301519848 3 1
301519847 0 0
301519846 7890 592
301519844 1 11
301519842 14 6
301519841 2 0
301519840 4 0
301519839 0 0
301519838 440 9
301519836 7 19
301519834 11 0
301519833 4 0
301519831 4 0
301519830 0 0
301519829 3 0
301519828 5 4
301519827 5 4
301519826 1 0
301519825 0 0
301519824 6 0
301519823 0 0
301519822 3 0
301519821 4 5
301519820 5 0
301519819 0 0
301519817 11 17
301519816 12 1
301519815 0 0
301519814 4 1
301519812 0 0
301519811 6 2
301519809 10 0
301519808 6 0
301519806 0 0
301519805 2 1
301519804 0 0
301519803 4 0
301519802 0 0
301519801 0 0
301519800 0 0
301519799 11 1
301519798 1251 13
301519797 6 0
301519796 1 0
301519795 1 0
301519794 8 3
301519793 5 0
301519791 4 1
301519790 1 1
301519789 10 0
301519788 6 0
301519787 2 6
301519786 11 0
301519784 6 2
301519783 10 1
301519781 6 0
301519780 2 9
301519779 5 1
301519778 3 0
301519776 4 0
301519774 4 13
301519773 1110 17
301519772 0 7
301519771 4 0
301519770 0 0
301519769 5 1
301519768 6 1
301519767 0 0
301519766 4 0
301519765 0 1
301519764 0 5
301519762 1 0
301519761 8 0
301519760 1 0
301519759 6 0
301519758 4 0
301519757 2 0
301519756 2 0
301519754 0 0
301519753 7 3
301519752 1 1
301519750 0 0
301519749 3 4
301519748 4 1
301519747 6 4
301519746 3 34
301519745 7 2
301519743 9 1
301519742 0 1
301519740 2 1
301519739 4 1
301519737 0 0
301519736 2 1
301519735 6 1
301519734 1 0
301519733 0 0
301519732 1 0
301519731 0 0
301519730 726 4
301519729 5 1
301519728 1 0
301519727 8 1
301519726 2 0
301519725 0 0
301519724 1 0
301519723 4 8
301519722 0 3
301519721 3 1
301519720 0 0
301519719 0 0
301519718 0 0
301519716 5 1
301519715 0 0
301519714 3 7
301519712 1 0
301519711 2 0
301519710 1 0
301519709 3 2
301519708 24 33
301519707 6 2
301519705 7 3
301519704 4 0
301519703 0 0
301519701 8 0
301519700 1 1
301519699 0 0
301519697 1264 21
301519695 0 0
301519694 0 0
301519693 7 4
301519692 0 0
301519691 6 1
301519689 3 0
301519688 4 1
301519687 0 0
301519686 1 0
301519685 4 66
301519684 4011 606
301519683 0 0
301519682 2 0
301519679 8 0
301519678 0 0
301519677 0 0
301519675 0 0
301519674 5 0
301519673 1 0
301519672 2 0
301519671 6 0
301519670 3 0
301519668 2 0
301519666 5 0
301519664 1 0
301519663 7 0
301519661 1 1
301519660 4 0
301519659 0 0
301519657 21 23
301519655 0 0
301519653 0 0
301519652 5 3
301519651 4 0
301519650 1 0
301519649 4 5
301519646 2 0
301519644 6 0
301519643 2 1
301519642 2 0
301519641 0 2
301519640 12 0
301519639 3 0
301519638 7 1
301519637 0 0
301519634 2 1
301519633 0 1
301519632 3 0
301519631 0 0
301519630 5 2
301519629 4 1
301519628 9 3
301519627 4 0
301519626 1 0
301519625 1 0
301519624 5 0
301519623 2 0
301519622 0 26
301519621 939 9
301519620 8 23
301519619 6 0
301519618 32 0
301519616 0 1
301519615 5 0
301519613 3 0
301519612 3 0
301519611 0 0
301519610 2 0
301519609 3 0
301519608 0 0
301519607 0 0
301519606 4 0
301519605 1 0
301519604 0 0
301519603 0 0
301519602 6 1
301519601 1 3
301519600 5 1
301519598 0 0
301519597 2 0
301519596 1 1
301519595 0 28
301519594 0 0
301519593 6 0
301519592 0 0
301519591 8 61
301519588 0 0
301519587 0 0
301519586 9 119
301519585 0 0
301519584 3341 18
301519583 5 1
301519581 0 0
301519580 10 1
301519579 6 0
301519578 2 0
301519577 4 0
301519575 5 0
301519574 6 2
301519573 5 2
301519572 4 0
301519571 1 0
301519570 8 0
301519569 1 0
301519568 1918 15
301519567 0 3
301519566 1 0
301519565 9 184
301519564 8 0
301519563 5 3
301519561 4 1
301519560 2 0
301519559 5 4
301519558 7 1
301519557 0 1
301519556 0 0
301519555 1583 21
301519554 26 19
301519552 5 0
301519551 5 3
301519550 861 10
301519549 1 0
301519548 5 3
301519547 3 2
301519546 0 0
301519544 3 0
301519543 2 0
301519542 0 0
301519541 0 0
301519539 0 0
301519538 553 10
301519537 1 3
301519535 5 0
301519533 0 0
301519532 2 0
301519531 4 1
301519530 0 0
301519528 0 0
301519527 0 0
301519526 6 1
301519525 9 1
301519524 9 0
301519523 1 0
301519522 6 5
301519521 4 0
301519520 7 0
301519519 2 10
301519518 0 0
301519516 0 2
301519515 0 0
301519514 6 0
301519513 9 0
301519512 3 0
301519511 6 1
301519510 10 0
301519509 6 0
301519507 2 0
301519506 5 4
301519505 5 0
301519504 4 0
301519503 10 1
301519502 0 0
301519501 0 0
301519500 12 5
301519498 3 0
301519497 4 2
301519495 4 0
301519494 3 0
301519493 0 0
301519490 0 1
301519489 0 0
301519488 1 0
301519487 3 0
301519486 5 7
301519484 6 0
301519483 1 9
301519481 1 0
301519480 3 1
301519479 1 7
301519478 0 0
301519477 3 1
301519475 6 1
301519474 2 0
301519473 0 0
301519472 0 0
301519470 0 0
301519469 0 0
301519468 2132 47
301519467 2 0
301519465 5 0
301519463 2 1
301519462 0 2
301519461 2 8
301519460 0 0
301519459 1 0
301519457 0 0
301519456 4 1
301519454 1 0
301519453 1 0
301519452 1 1
301519451 1 80
301519450 2 1
301519449 2117 77
301519448 4 0
301519445 21 0
301519444 3 23
301519443 1 0
301519442 2 0
301519441 0 0
301519438 3 0
301519437 2 0
301519436 0 0
301519434 7 0
301519433 1 0
301519431 4 0
301519429 7 5
301519428 1393 7
301519427 0 0
301519426 0 0
301519425 0 0
301519424 0 0
301519422 1 1
301519421 0 0
301519419 3 0
301519418 0 0
301519417 3 2
301519416 3 0
301519415 1 0
301519414 18 0
301519413 9 0
301519412 700 6
301519408 3 0
301519407 0 0
301519406 0 0
301519405 0 0
301519404 0 0
301519403 0 0
301519402 0 5
301519401 0 0
301519400 0 0
301519399 1 0
301519398 0 0
301519397 0 0
301519394 0 12
301519393 1 0
301519391 0 0
301519390 0 0
301519389 0 0
301519388 3615 409
301519387 4 0
301519385 11 2
301519383 1913 89
301519381 0 0
301519380 27 15
301519379 1 1
301519378 5 1
301519377 0 0
301519376 2 0
301519375 2 0
301519374 1 0
301519371 0 0
301519370 0 0
301519369 0 0
301519366 3 1
301519364 4 2
301519361 10 3
301519360 10 27
301519359 8 0
301519358 8 0
301519356 2064 19
301519355 12 0
301519354 1 0
301519353 2 2
301519352 18 4
301519351 1 1
301519350 1937 29
301519348 1 2
301519347 6 4
301519346 6 3
301519345 0 1
301519344 4 1
301519343 0 1
301519339 1232 19
301519338 2 0
301519337 5 0
301519333 8 1
301519330 0 0
301519329 3 0
301519328 1 0
301519327 4 0
301519326 0 0
301519325 0 0
301519323 2 0
301519322 1 0
301519321 1 0
301519320 3 1
301519319 0 0
301519318 907 10
301519317 2 3
301519314 1 0
301519311 0 0
301519310 0 0
301519309 4 5
301519308 1222 25
301519307 2 0
301519305 0 2
301519304 1 0
301519303 3 0
301519302 1 0
301519301 1 1
301519300 1 1
301519299 2 1
301519298 3 6
301519296 1 0
301519294 1 1
301519293 5 2
301519292 4 1
301519291 7 0
301519290 0 1
301519289 2 1
301519288 0 0
301519286 1 0
301519283 1 0
301519281 3 0
301519280 1 0
301519279 2 0
301519278 0 0
301519277 3 0
301519276 2 1
301519275 6 0
301519274 1 0
301519273 1 1
301519272 0 0
301519271 5 1
301519269 5 2
301519268 1 0
301519266 8 0
301519265 8 0
301519264 2 1
301519263 0 0
301519262 12 2
301519261 0 3
301519260 0 0
301519259 8 17
301519258 1542 20
301519257 3 1
301519256 5 0
301519254 909 24
301519252 2 7
301519251 3 0
301519250 3 1
301519249 4 6
301519248 9 0
301519247 6 1
301519245 2 1
301519244 6 0
301519243 1 0
301519242 3 0
301519241 3 1
301519240 1 0
301519239 2 1
301519238 1 0
301519236 2 2
301519235 2 11
301519234 7 15
301519233 3 1
301519232 3 1
301519231 3 7
301519230 4 10
301519229 8 1
301519228 5 0
301519227 0 0
301519226 2 0
301519225 5 0
301519224 0 1
301519223 0 9
301519220 3 0
301519219 4 10
301519218 5 8
301519215 0 0
301519214 3 0
301519213 3 8
301519212 6 1
301519211 7 0
301519210 1 0
301519209 1 0
301519208 12 2
301519207 4 3
301519206 0 0
301519205 2352 168
301519203 14 8
301519202 9 1
301519201 15 4
301519200 3 0
301519199 0 0
301519198 3 0
301519197 2 0
301519196 6 7
301519194 0 0
301519193 10 0
301519192 3 7
301519191 5 0
301519190 2 2
301519189 0 0
301519188 6442 154
301519187 9 0
301519186 1 0
301519185 5 2
301519184 3311 40
301519183 1 0
301519182 4 0
301519180 8 3
301519178 2 8
301519177 3 2
301519176 3 1
301519175 5 5
301519174 5 0
301519173 1412 18
301519172 2520 15
301519171 1 0
301519170 1 0
301519169 824 38
301519168 3 2
301519167 5 1
301519166 1 1
301519165 11 2
301519164 0 0
301519163 4 0
301519162 0 0
301519161 2 1
301519160 6 0
301519159 2 0
301519158 4 0
301519157 4 0
301519156 3 0
301519155 1 3
301519154 0 1
301519153 2 0
301519152 3 0
301519151 8 0
301519150 1 0
301519149 3 0
301519147 4 2
301519146 9507 135
301519145 0 0
301519144 8 2
301519142 0 0
301519141 6 0
301519140 1 0
301519139 1 1
301519137 0 0
301519136 10 0
301519135 13 3
301519134 6 0
301519133 5 12
301519132 4 0
301519131 1 2
301519130 0 1
301519129 5 0
301519128 3 4
301519127 809 7
301519125 0 0
301519124 1 0
301519123 1 3
301519121 0 0
301519120 7 0
301519119 0 0
301519117 0 0
301519116 0 0
301519115 1 0
301519114 0 0
301519113 5 0
301519112 4 1
301519111 0 0
301519110 0 0
301519108 0 0
301519106 6 2
301519105 7 2
301519104 0 0
301519103 5434 61
301519102 0 0
301519100 0 0
301519099 0 1
301519098 0 0
301519097 1 0
301519095 0 1
301519094 7 0
301519093 1 0
301519092 0 0
301519091 0 0
301519090 2 0
301519089 0 4
301519088 4 8
301519086 8 0
301519082 0 0
301519081 5 0
301519080 0 11
301519079 0 0
301519077 4 1
301519076 0 0
301519074 2 0
301519073 9 1
301519072 0 0
301519069 6 0
301519068 2 0
301519067 8 1
301519066 0 0
301519065 4 1
301519064 4 1
301519063 0 1
301519062 0 0
301519061 1 0
301519060 0 0
301519059 2 0
301519058 4634 82
301519057 899 20
301519056 0 0
301519055 3 1
301519054 1 0
301519053 0 8
301519052 1426 59
301519051 0 0
301519048 6 1
301519046 0 0
301519045 0 0
301519043 2 1
301519042 0 0
301519041 0 0
301519040 0 1
301519038 3 0
301519037 2 1
301519036 0 1
301519034 1 1
301519033 0 7
301519032 0 3
301519031 0 0
301519030 2 1
301519029 8 1
301519028 2 1
301519027 0 0
301519026 3 2
301519025 0 0
301519024 1 1
301519022 9 0
301519021 6 0
301519020 10 0
301519019 12191 105
301519018 8 3
301519017 3 0
301519016 1 1
301519015 2 1
301519014 0 1
301519013 10 1
301519012 0 0
301519011 3 0
301519010 3 1
301519009 0 3
301519008 0 0
301519007 0 0
301519006 0 0
301519004 1 0
301519003 0 0
301519002 0 0
301519000 6 0
301518999 1797 14
301518998 0 0
301518997 1 0
301518996 4250 45
301518995 0 0
301518994 11 4
301518993 5 0
301518992 1 1
301518989 4 0
301518988 2 0
301518986 5 0
301518984 0 0
301518983 1 0
301518982 2248 16
301518981 1 0
301518979 1 0
301518978 8 1
301518977 3 2
301518976 0 0
301518975 1 5
301518974 3 0
301518973 5 1
301518972 9 1
301518971 0 0
301518970 2 0
301518969 2 1
301518968 2 1
301518967 1 0
301518966 3 0
301518965 0 4
301518962 0 0
301518961 0 0
301518959 1 0
301518958 0 0
301518957 1 0
301518955 0 0
301518954 0 0
301518951 9 0
301518950 2 5
301518949 0 0
301518948 6 0
301518947 9 0
301518946 1 0
301518945 3 0
301518944 9 1
301518943 0 0
301518942 6 0
301518941 0 0
301518940 7 0
301518939 0 0
301518938 1 5
301518937 4 1
301518934 0 0
301518933 3 0
301518932 3 1
301518931 1 0
301518930 3 0
301518929 2 0
301518928 2 1
301518927 0 0
301518926 0 2
301518925 1 3
301518924 8111 79
301518923 0 1
301518922 0 0
301518921 0 0
301518920 0 1
301518919 2 0
301518918 0 0
301518917 3 1
301518916 7 0
301518915 4 1
301518914 1 0
301518913 3 1
301518912 4 2
301518911 0 0
301518910 6 1
301518908 0 1
301518906 13 12
301518905 1 0
301518904 2 1
301518903 4 0
301518902 1 1
301518901 0 0
301518900 1 2
301518899 2 1
301518898 8 2
301518897 10 2
301518896 2 0
301518895 1 4
301518894 2 0
301518893 0 0
301518892 13545 260
301518891 2 0
301518890 1174 39
301518889 4 0
301518887 2 0
301518886 1 0
301518884 2 6
301518883 0 2
301518882 0 0
301518881 4 0
301518880 1 0
301518879 7 7
301518878 1 6
301518877 1 0
301518876 681 8
301518875 3604 65
301518874 7 1
301518872 1 1
301518871 1 2
301518870 0 0
301518869 1 7
301518868 0 0
301518867 7 1
301518866 1911 94
301518865 3 0
301518864 627 18
301518863 2 5
301518862 8 0
301518860 7 3
301518859 3 0
301518858 0 0
301518857 1 3
301518856 0 0
301518855 9 1
301518854 1 0
301518853 1 1
301518852 5 10
301518851 1 7
301518850 9 0
301518849 5 2
301518846 1 0
301518845 0 1
301518844 0 0
301518843 1 0
301518842 7 1
301518841 1 0
301518839 4 0
301518838 2 1
301518837 0 0
301518836 0 0
301518835 1 2
301518834 0 0
301518833 8 3
301518831 0 0
301518830 0 0
301518828 5 1
301518827 2 0
301518826 0 0
301518825 0 1
301518824 3 2
301518823 0 0
301518822 3 0
301518821 0 0
301518820 7 1
301518819 4 1
301518818 1 0
301518817 272 10
301518816 5 1
301518815 5 2
301518813 1 0
301518811 0 0
301518810 0 0
301518809 5 2
301518807 2 0
301518806 4 4
301518805 4 0
301518803 1 0
301518802 0 0
301518801 0 0
301518800 2 2
301518799 2 1
301518798 1 4
301518797 5 0
301518794 4 1
301518793 6 0
301518792 1 0
301518791 3 1
301518789 0 0
301518788 1 0
301518787 0 0
301518786 4 2
301518785 2 0
301518784 0 0
301518783 1 1
301518782 1 2
301518781 3 11
301518780 1 1
301518779 2 4
301518778 0 0
301518777 1 3
301518776 5 1
301518774 0 1
301518773 2 2
301518772 3 2
301518771 0 0
301518769 0 0
301518768 0 0
301518767 1 2
301518766 3 0
301518765 9 2
301518763 6 0
301518762 4 0
301518760 1 1
301518759 0 0
301518758 4 2
301518757 0 0
301518756 0 0
301518755 3 1
301518753 5 0
301518752 0 0
301518750 5838 75
301518748 0 0
301518747 0 0
301518746 1 0
301518745 8 3
301518744 4 0
301518743 1 0
301518742 0 0
301518741 2 1
301518740 0 0
301518739 4 0
301518738 0 1
301518736 3 2
301518735 1 0
301518734 0 1
301518733 1 0
301518732 1 0
301518731 0 1
301518730 5 14
301518729 9 1
301518728 1523 22
301518727 0 0
301518726 0 0
301518724 10754 195
301518723 1 0
301518722 1343 15
301518721 0 0
301518720 0 0
301518719 5 3
301518718 4 1
301518716 3 1
301518715 0 0
301518714 0 0
301518713 0 0
301518712 2 0
301518711 5 1
301518710 0 0
301518709 7 4
301518708 0 1
301518705 0 0
301518704 3 1
301518703 2 4
301518702 0 4
301518701 1 0
301518700 0 0
301518699 1 2
301518698 5 0
301518697 2 0
301518696 2 1
301518695 0 0
301518694 906 16
301518693 3 2
301518692 1 4
301518690 0 0
301518689 0 0
301518688 4 2
301518687 4 0
301518686 1 6
301518685 3 0
301518684 7 0
301518683 0 0
301518682 5 3
301518681 0 0
301518680 0 0
301518679 0 2
301518678 1 0
301518677 14 2
301518676 1 0
301518675 0 1
301518674 0 0
301518673 0 1
301518672 0 0
301518670 0 1
301518669 3 1
301518668 5 0
301518667 9 0
301518666 0 0
301518665 1 1
301518664 2 0
301518662 0 0
301518661 1 0
301518660 1 0
301518659 6 0
301518658 0 0
301518657 4 0
301518656 0 1
301518655 1 0
301518654 3 1
301518653 0 0
301518652 8 0
301518651 6 0
301518650 3 0
301518649 2 0
301518648 2 2
301518647 4 0
301518645 0 1
301518644 0 0
301518643 0 3
301518642 0 0
301518641 3 1
301518640 4 1
301518639 3 0
301518638 1 0
301518637 5 0
301518636 4 1
301518635 1 0
301518634 1467 20
301518633 11 4
301518632 5 12
301518631 2 1
301518630 1 2
301518629 0 0
301518628 0 0
301518627 1 0
301518626 0 0
301518625 2 2
301518624 7 2
301518623 6 0
301518622 5 1
301518621 6 0
301518620 3 0
301518619 3 0
301518618 0 0
301518617 15786 132
301518616 2 0
301518615 4 2
301518614 2 0
301518613 2 0
301518612 2 0
301518611 2 0
301518610 1 1
301518609 1 0
301518608 4 0
301518607 2 1
301518606 142 6
301518605 2 0
301518604 7 1
301518603 9 5
301518602 4 0
301518600 7 0
301518598 4069 111
301518597 4 2
301518596 9 0
301518595 0 0
301518594 1911 23
301518592 1 0
301518591 7 2
301518590 1 0
301518589 0 1
301518588 3 1
301518587 6 6
301518586 1 2
301518585 0 1
301518584 0 0
301518583 2 1
301518582 2 0
301518581 3 1
301518580 11 3
301518579 6762 110
301518578 7 2
301518577 1 0
301518576 1 0
301518575 2 2
301518574 0 0
301518573 1 0
301518572 2 0
301518571 3 0
301518570 1 0
301518569 0 0
301518568 2 1
301518567 0 0
301518566 0 0
301518565 4 0
301518564 3 2
301518563 0 0
301518562 8 1
301518561 0 0
301518560 2 2
301518559 0 1
301518558 5 4
301518557 1 0
301518556 2 0
301518555 0 0
301518554 0 0
301518553 0 0
301518552 0 0
301518551 0 0
301518550 0 0
301518549 0 0
301518548 8 0
301518547 0 0
301518546 0 0
301518545 2 1
301518544 0 0
301518543 0 0
301518542 0 0
301518541 1 0
301518540 0 0
301518539 8 1
301518538 0 0
301518536 2 0
301518535 2 0
301518534 1 0
301518533 1 0
301518532 0 0
301518531 0 0
301518530 0 1
301518528 0 0
301518527 0 0
301518526 1 0
301518525 0 0
301518524 1 0
301518523 1 0
301518522 0 0
301518521 0 0
301518520 0 0
301518519 9 0
301518518 0 0
301518517 0 0
301518516 0 0
301518515 1 0
301518514 0 0
301518513 0 2
301518512 0 2
301518511 1 2
301518510 3 2
301518509 2 0
301518508 0 0
301518507 2 0
301518506 0 0
301518505 0 0
301518503 7 0
301518502 4 0
301518501 2 0
301518500 1 0
301518499 2 0
301518498 1 5
301518497 366 3
301518496 2 0
301518495 6 1
301518494 3 1
301518493 0 2
301518492 4 2
301518491 1 0
301518490 1 0
301518489 0 1
301518488 0 1
301518487 0 0
301518485 1 0
301518484 0 0
301518483 7 0
301518482 0 0
301518481 0 1
301518480 7 3
301518479 1 0
301518478 7 1
301518477 0 0
301518476 0 2
301518475 4 0
301518473 0 0
301518472 1 0
301518471 2 0
301518470 2 0
301518469 0 0
301518468 0 0
301518467 1 0
301518466 1 0
301518465 0 0
301518464 0 0
301518463 0 0
301518462 4 1
301518461 0 0
301518460 0 0
301518459 2 0
301518458 3 1
301518457 1 0
301518456 0 0
301518455 2 1
301518454 4 2
301518452 1 0
301518451 1 0
301518450 1 1
301518449 0 0
301518448 1 1
301518447 0 1
301518446 0 0
301518445 0 0
301518444 2 0
301518443 3 1
301518442 4 1
301518441 0 0
301518440 3 1
301518439 0 1
301518438 2 0
301518436 0 0
301518435 0 0
301518434 5 0
301518433 0 0
301518432 0 1
301518431 1 1
301518430 1 0
301518429 0 0
301518428 2 3
301518427 0 0
301518426 0 0
301518425 0 0
301518424 0 2
301518423 1 2
301518422 1 1
301518421 2 0
301518420 0 1
301518419 0 0
301518418 1 0
301518417 0 2
301518416 2 0
301518415 2 0
301518413 0 2
301518412 1 1
301518411 0 2
301518409 0 3
301518408 1 2
301518406 0 0
301518405 0 0
301518404 2 2
301518403 0 1
301518402 0 0
301518401 0 0
301518400 0 1
301518399 2 0
301518398 0 0
301518397 0 0
301518396 0 0
301518394 3 0
301518393 0 0
301518392 0 0
301518391 0 2
301518390 0 0
301518389 0 0
301518388 0 2
301518387 0 3
301518386 0 0
301518385 0 2
301518384 0 2
301518383 1 2
301518382 1 2
301518381 3 1
301518380 1 1
301518379 0 0
301518378 0 0
301518377 0 2
301518376 0 1
301518375 1 1
301518374 0 0
301518373 0 0
301518372 0 1
301518371 0 1
301518370 0 0
301518369 2 2
301518368 1 0
301518366 0 1
301518365 0 0
301518362 0 1
301518361 0 0
301518360 0 1
301518359 0 0
301518358 0 1
301518357 0 1
301518354 0 1
301518353 2 3
301518352 0 0
301518351 0 0
301518350 0 1
301518349 0 1
301518348 0 1
301518346 0 2
301518345 5 3
