303957388 0 0
303940651 0 0
303931951 1 0
303864418 0 0
303864414 0 0
303858951 1 0
303857080 0 0
303820344 0 1
303805066 11 0
303804928 3 0
303799770 2 0
303791205 0 0
303745156 0 0
303744614 0 1
303737668 1 1
303733629 0 0
303733619 0 0
303733235 0 0
303705125 3 0
303683981 3 1
303671647 11 1
303670568 5 0
303668951 0 0
303668948 5 3
303660765 1 0
303660755 0 0
303660417 8 0
303659950 2 0
303596972 1 3
303587459 7 0
303586964 0 0
303573797 6 0
303571491 2 11
303525458 2 0
303504412 5 0
303504409 1 4
303504408 8 0
303504399 0 0
303504394 1 0
303504392 2 0
303504387 3 0
303504384 0 0
303457331 1 0
303433419 0 2
303412854 2 0
303412149 1 0
303411528 6 0
303407071 6 0
303405426 12 0
303404645 19 0
303404590 4 0
303399583 18 2
303369116 0 0
303328170 2 0
303325800 0 0
303319148 22 5
303315130 0 0
303250257 0 0
303242592 5 0
303239336 2 0
303215757 0 0
303215276 29 5
303175184 5 0
303164181 0 1
303164126 2 0
303163588 0 6
303163091 2 1
303162488 5 0
303162058 9 0
303155400 33 14
303153227 1 0
303151686 1 0
303136864 16 0
303134587 0 2
303115704 24 3
303115703 3 7
303104584 3 6
303102934 2 5
303079672 6 0
303078698 4 4
303068870 18 7
303064970 0 0
303063344 11 0
303049448 0 0
303048725 13 1
302987665 8 0
302984511 1 0
302981639 2 1
302981610 0 0
302978285 7 3
302977080 17 13
302976039 30 0
302952735 4 17
302950417 0 0
302888214 0 5
302882414 5 8
302880946 1 0
302880011 13 3
302877102 8 32
302872950 1 0
302831730 6 9
302829939 20 0
302829936 5 0
302829934 7 0
302818616 21 0
302818609 3 1
302817894 9 0
302817879 30 9
302817712 1 0
302816882 0 0
302816546 1 0
302816437 4 0
302815593 10 0
302815482 31 7
302813502 2 3
302812715 4 1
302812049 13 12
302809952 13 0
302809869 9 3
302809062 14 0
302808232 1 0
302803026 0 0
302776106 1 0
302745521 3 0
302744446 6 0
302730845 13 0
302730838 12 0
302730833 6 1
302729662 15 0
302729657 6 0
302729656 4 0
302729652 1 0
302729651 9 0
302729650 11 0
302729649 9 0
302728630 14 0
302718906 19 3
302718200 11 1
302715937 13 0
302710045 11 0
302673308 3 0
302663893 14 0
302663798 16 0
302645152 0 10
302644744 0 0
302644392 3 13
302642440 7 0
302642309 6 0
302640184 9 0
302638238 5 1
302637098 4 1
302627484 6 1
302608182 11 4
302582117 12 0
302581501 32 8
302570550 5 0
302569378 7 5
302568203 34 0
302567093 1 2
302563636 12 1
302562077 40 10
302561988 2 10
302561895 2 0
302560795 2 0
302534579 2 0
302529074 2 1
302508419 32 1
302496033 18 0
302491695 16 0
302490291 0 0
302489713 4 0
302488965 9 0
302484956 32 10
302476829 2 0
302473035 30 1
302452107 8 4
302444198 2 0
302443235 5 1
302422874 26 4
302411781 13 4
302411270 2 0
302411092 25 0
302403803 5 0
302402843 26 1
302402253 1 24
302402056 9 6
302402039 1 0
302400070 3 43
302399415 17 45
302398352 18 0
302397632 5 0
302396665 62 4
302363732 23 5
302329346 0 1
302328325 6 16
302327401 54 7
302316212 6 0
302315205 27 1
302315121 6 2
302314391 5 1
302314389 9 0
302311625 11 1
302309672 4 2
302308790 60 4
302307825 6 9
302304218 34 9
302303661 24 0
302303304 6 0
302277168 4 1
302245559 8 0
302238556 22 0
302238527 5 0
302238353 38 6
302237776 0 0
302236717 10 0
302233797 28 1
302232789 12 0
302232619 46 1
302231975 19 6
302230900 0 0
302229513 1 0
302228692 26 7
302226887 16 1
302226857 34 0
302223140 29 6
302192040 40 50
302181682 13 0
302180702 27 3
302179388 42 12
302179013 2 0
302179010 1 28
302178808 29 12
302175805 30 1
302175715 5 0
302175505 51 11
302175311 9 0
302174399 25 11
302174234 9 0
302174189 1 0
302174158 9 0
302172229 7 16
302171661 4 0
302170936 25 15
302170593 58 0
302152159 5 0
302136860 8 1
302135312 0 0
302135022 1 0
302125842 8 0
302125839 15 4
302124839 5 0
302118487 50 0
302118439 34 0
302118409 38 0
302117878 57 7
302091968 5 5
302081702 3 0
302078900 23 4
302078246 40 6
302078242 8 1
302077787 27 4
302077177 13 2
302075019 27 1
302075007 24 2
302073839 6 2
302073814 9 1
302073809 4 0
302073804 9 0
302073429 47 1
302073236 51 3
302073154 10 0
302073153 16 0
302072935 1 0
302070837 47 0
302070723 21 0
302069948 22 1
302068575 9 0
302065083 21 2
302063796 0 1
302040244 0 14
302040241 3 59
302035569 0 0
302035124 0 0
302035087 9 2
302035085 3 0
302035082 7 0
302035074 7 5
302035019 7 0
302035015 4 0
302034895 0 0
302034878 11 0
302034729 1 1
302034723 51 3
302033706 15 0
302032061 25 2
302032060 28 2
302032011 22 1
302032009 3 0
302030400 13 0
302026912 0 7
302024159 12 2
302017075 54 2
302017072 44 1
302016529 20 0
302008564 47 3
301975070 30 1
301975068 51 0
301975063 31 0
301972153 52 4
301971473 11 0
301971445 0 0
301971278 23 10
301971146 0 0
301971144 0 0
301971034 41 5
301970865 6 0
301970056 6 4
301969899 15 0
301969807 15 6
301969752 0 0
301967726 7 1
301967712 29 9
301967259 18 6
301967065 3 0
301966883 6 1
301966744 7 2
301964389 26 1
301962617 33 1
301962083 5 2
301961049 14 6
301954684 3 0
301954260 13 3
301952829 6 22
301951615 23 0
301943506 0 1
301939864 16 5
301927080 39 2
301922598 23 0
301920010 0 0
301919584 21 1
301919430 0 1
301918416 35 2
301917969 30 4
301915293 27 9
301915290 26 1
301915273 28 1
301914468 9 1
301913596 22 3
301912130 9 2
301911958 4 0
301910268 55 1
301908199 10 0
301908122 33 1
301907944 7 0
301901293 0 0
301879347 2 0
301864423 3 0
301864144 31 4
301864140 11 0
301864138 18 0
301864042 0 1
301864017 11 1
301863919 7 0
301863314 31 1
301863312 8 0
301863311 12 0
301863310 5 0
301863309 3 0
301863308 2 1
301863306 21 0
301863305 40 4
301863302 11 0
301863301 6 1
301860732 13 0
301860705 3 61
301859237 47 4
301859233 13 5
301858292 40 11
301858074 6 0
301857678 33 4
301857401 10 0
301855332 40 3
301851346 6 0
301847471 9 17
301845698 15 4
301822400 0 1
301811153 42 1
301800887 2 0
301799093 6 0
301799088 11 2
301799046 6 0
301798931 33 3
301798556 34 3
301798478 0 0
301798431 18 0
301798208 6 22
301797329 14 0
301794033 18 0
301793981 40 2
301793476 16 0
301792965 1 0
301792926 17 6
301792653 33 3
301792478 0 0
301792236 17 5
301792025 2 0
301791282 0 0
301791188 19 1
301791072 29 2
301790729 5 1
301790339 34 7
301789894 8 3
301789880 14 0
301789609 22 1
301789248 17 0
301787336 2 52
301786055 37 4
301779931 0 0
301776876 5 0
301773627 13 4
301757622 1 0
301757615 2 0
301738628 3 1
301738563 1 24
301738402 9 4
301726533 7 3
301726531 5 1
301726347 27 12
301726108 29 9
301725769 2 14
301725740 1 0
301725731 2 0
301725624 0 2
301725507 44 2
301725448 36 0
301725429 13 0
301725302 10 13
301724828 14 7
301724808 0 1
301723925 36 3
301723816 23 4
301723221 25 2
301722841 17 0
301722837 1 0
301722822 3 0
301721521 40 3
301718759 32 1
301718641 52 2
301718471 28 2
301718391 4 73
301718036 2 1
301717696 25 1
301717491 2 1
301717472 32 2
301717400 34 0
301717358 1 1
301717281 7 0
301716951 33 3
301716947 0 0
301716929 18 1
301716914 22 1
301716829 24 1
301716802 0 0
301716483 30 2
301716468 11 0
301716335 3 0
301716155 35 2
301716085 1 0
301716036 3 47
301715940 23 1
301715902 5 2
301715784 1 0
301715692 1 43
301715690 20 1
301715688 2 18
301715674 16 11
301715477 22 10
301715451 0 1
301715180 0 0
301715146 11 5
301715114 13 1
301714907 31 0
301714378 35 3
301714295 3 16
301714293 31 3
301714287 19 0
301714270 0 0
301714232 1 0
301713602 2 0
301713346 5 2
301713159 2 2
301712813 27 4
301712802 17 0
301712243 7 4
301711573 22 4
301711294 52 0
301710905 38 4
301708615 24 1
301705619 26 3
301705224 1 0
301704392 45 4
301703905 50 6
301701843 36 5
301701662 0 0
301701637 9 1
301700017 1 0
301695451 0 0
301693721 36 7
301686106 13 0
301685176 30 2
301668667 1 11
301665825 4 0
301665821 7 0
301663297 30 5
301663055 39 4
301662913 29 5
301662698 0 0
301662042 6 0
301662033 13 0
301653247 63 11
301651285 32 6
301650874 18 5
301650693 11 0
301650642 1 0
301650607 4 6
301650601 27 2
301650342 20 6
301650011 0 0
301649590 72 1
301649589 8 0
301649116 6 0
301649103 8 0
301649097 49 5
301647172 43 1
301647165 29 1
301647132 14 2
301647121 13 1
301646975 28 2
301646970 2 0
301646930 0 0
301646860 43 4
301646817 6 1
301646508 14 0
301646507 1 1
301646465 61 1
301646272 24 2
301646042 32 1
301645789 9 1
301645303 45 4
301645151 0 0
301644866 0 0
301644764 30 2
301644027 40 5
301643961 1 0
301643739 6 0
301643705 39 5
301643589 0 0
301643587 34 0
301643585 3 0
301643554 3 1
301643549 13 3
301643197 5 0
301643097 3 0
301642617 1 5
301642557 2 50
301642494 37 6
301641832 34 6
301641714 16 5
301641548 26 3
301641056 8 4
301640819 3 0
301640276 14 5
301640161 0 0
301640154 1 0
301640152 0 0
301640146 9 1
301639493 10 23
301637989 47 6
301637763 23 3
301636458 2 0
301631036 23 1
301631015 39 3
301630898 12 0
301630421 27 1
301628001 29 32
301627904 17 13
301625765 31 1
301625749 11 0
301625474 16 0
301619050 46 5
301619044 15 0
301618222 14 2
301618083 1 0
301616923 3 49
301615497 0 0
301611764 22 3
301610486 11 2
301610380 2 0
301603692 5 0
301597796 28 4
301597772 54 1
301597743 13 0
301597720 42 6
301597649 44 8
301597610 0 0
301597509 38 8
301597231 10 0
301597226 5 0
301597222 42 5
301597169 2 15
301597101 0 0
301596624 1 0
301596586 0 0
301596503 2 46
301596310 4 0
301595840 5 2
301594848 18 1
301594050 35 5
301592531 40 6
301590969 34 3
301585899 35 3
301585846 37 4
301585816 1 0
301585800 33 2
301585782 37 5
301585604 4 0
301585592 0 0
301585535 38 3
301585514 4 11
301585472 30 3
301585427 27 4
301585379 4 38
301585373 49 1
301585349 2 3
301585310 27 2
301585259 24 3
301585089 51 1
301585052 15 0
301584955 5 0
301584804 13 10
301584727 0 0
301584658 3 28
301584651 0 0
301584535 44 9
301584530 43 8
301584515 11 7
301584276 0 0
301584170 52 2
301584153 48 2
301584113 7 12
301584082 14 0
301584067 0 0
301583979 37 4
301583806 22 0
301583783 24 15
301583756 52 1
301583747 1 0
301583677 2 3
301583500 33 1
301583201 31 2
301583180 4 6
301582197 28 3
301581882 29 1
301581827 26 5
301581798 0 2
301581743 17 0
301581691 22 5
301581474 1 0
301581423 48 1
301581367 0 0
301581360 43 0
301581175 0 9
301581148 26 0
301581145 24 2
301580995 8 0
301580990 0 0
301580923 0 8
301580730 9 0
301580665 26 3
301580662 25 4
301580587 36 1
301580397 1 1
301580294 43 0
301580288 28 1
301580287 9 0
301580271 7 0
301580270 14 1
301580254 8 0
301580249 28 0
301580228 8 0
301579865 24 1
301579860 18 0
301579566 28 4
301579400 8 0
301579289 23 3
301579280 0 0
301579086 31 4
301579044 12 0
301579040 28 5
301578908 1 0
301578852 12 18
301578747 17 1
301578647 17 0
301578607 31 4
301578514 29 5
301578404 26 4
301577980 32 3
301577923 23 4
301577596 0 0
301577543 6 1
301577463 29 4
301577160 30 5
301576051 22 0
301576045 12 0
301576025 5 2
301576000 33 5
301575850 45 2
301575825 25 5
301575775 5 3
301575337 0 0
301575222 6 32
301574934 41 3
301574689 0 0
301574638 27 1
301573778 6 0
301573770 6 5
301573486 30 6
301573308 12 41
301572472 5 0
301570810 14 0
301570318 24 5
301569080 0 0
301568789 1 3
301568781 23 4
301568650 23 3
301568648 5 1
301567503 0 0
301567409 3 28
301566946 0 2
301566943 28 9
301566897 30 2
301566067 32 2
301566021 7 0
301565922 40 2
301565811 0 1
301565246 38 1
301565156 29 3
301563998 26 3
301563939 24 0
301562056 4 3
301555350 24 0
301554922 0 0
301554831 29 5
301554458 0 1
301554386 25 7
301554366 0 1
301554317 22 3
301554217 2 1
301553175 30 6
301552406 28 7
301552354 29 7
301552118 5 1
301551806 21 3
301550986 8 3
301550673 33 8
301550514 13 77
301549349 7 0
301548443 10 0
301548360 0 0
301548305 0 3
301548058 34 6
301548035 32 3
301548018 2 0
301547969 51 2
301547845 14 0
301547825 12 1
301547815 22 0
301547748 12 3
301547690 8 0
301547688 1 6
301547684 22 0
301547677 21 5
301547672 11 0
301546904 21 1
301546735 0 0
301546465 10 16
301546177 23 1
301545854 2 1
301545495 46 1
301545373 8 0
301545239 5 44
301545051 31 1
301544700 17 0
301544433 2 0
301544432 28 1
301544428 4 1
301542224 6 0
301541351 0 2
301540930 7 2
301539786 34 6
301539662 0 0
301535889 1 0
301535100 27 0
301534972 29 2
301534919 2 20
301534878 14 18
301534827 35 2
301534670 0 0
301534620 1 1
301534619 1 0
301534516 23 2
301534374 36 3
301534295 30 2
301534216 4 9
301533706 10 0
301533520 48 0
301533519 5 0
301533499 2 0
301533230 12 0
301532768 5 37
301532707 10 1
301532448 5 1
301532243 30 5
301532042 1 1
301531961 12 1
301531367 2 1
301530460 0 1
301530204 0 1
301529891 1 3
301529139 0 1
301528798 12 1
301528131 0 0
301525018 53 0
301524238 16 0
301523554 2 0
301523368 0 0
301523323 21 7
301523296 22 1
301523295 35 6
301523292 2 0
301523194 2 1
301523168 19 8
301523161 3 4
301523123 2 3
301523082 11 81
301523074 2 1
301523066 29 4
301523060 8 0
301523059 16 7
301523054 13 0
301523048 2 0
301522975 1 0
301522970 0 0
301522914 1 0
301522892 33 5
301522889 2 29
301522876 10 0
301522774 7 0
301522750 11 5
301522673 0 0
301522617 10 0
301522613 16 0
301522602 20 2
301522588 11 0
301522579 23 4
301522554 2 0
301522547 2 0
301522533 35 4
301522505 0 0
301522460 14 0
301522393 0 0
301522341 1 0
301522338 1 0
301522301 26 5
301522286 32 2
301522275 0 0
301522250 0 0
301522249 43 4
301522230 30 4
301522201 33 6
301522192 0 0
301522141 24 0
301522123 39 5
301522100 0 0
301522095 18 8
301522046 0 0
301521967 26 4
301521965 29 4
301521952 19 1
301521951 0 1
301521936 3 1
301521934 9 6
301521925 15 3
301521908 8 5
301521887 10 5
301521843 9 5
301521842 36 5
301521763 0 1
301521689 7 1
301521684 27 2
301521679 32 5
301521674 19 2
301521656 14 5
301521594 14 3
301521449 8 0
301521441 0 0
301521439 51 6
301521420 6 0
301521418 2 9
301521403 0 0
301521390 0 0
301521333 11 0
301521276 0 0
301521210 50 1
301521199 2 0
301521151 0 1
301521127 5 45
301521105 0 0
301521088 44 12
301521084 46 3
301521002 1 0
301520995 3 1
301520967 10 6
301520725 23 1
301520722 26 5
301520639 0 1
301520586 3 1
301520536 7 3
301520498 40 1
301520431 26 2
301520307 28 3
301520274 19 2
301520272 14 2
301520248 36 5
301520106 1 0
301520098 4 32
301519918 20 14
301519885 0 0
301519835 15 3
301519636 0 0
301519372 1 0
301519334 0 0
301518990 3 0
301518960 18 5
301518952 13 11
301518706 26 1
301518329 32 0
301518305 29 4
301518294 30 3
301518204 19 7
301518150 17 2
301518113 0 0
301518070 0 0
301518062 7 0
301518059 23 2
301518057 32 2
301518055 3 0
301518022 7 1
301517966 0 0
301517954 26 3
301517952 22 0
301517947 5 0
301517943 0 0
301517939 26 1
301517930 29 3
301517865 0 0
301517856 8 3
301517847 40 0
301517811 0 0
301517705 3 14
301517569 36 2
301517550 0 0
301517539 45 4
301517537 3 5
301517515 0 0
301517462 11 56
301517446 0 0
301517437 11 0
301517436 10 1
301517432 18 0
301517418 44 5
301517411 17 0
301517396 0 0
301517393 17 2
301517390 20 2
301517386 18 2
301517376 17 3
301517361 19 1
301517318 0 0
301517304 0 0
301517285 33 2
301517264 0 0
301517230 26 1
301517218 18 1
301517217 17 1
301517192 27 1
301517181 38 2
301517175 8 0
301517143 10 0
301517141 1 6
301517127 11 34
301517088 3 1
301517073 22 0
301517070 6 0
301517044 24 1
301517038 23 1
301517032 0 0
301516975 38 1
301516959 47 56
301516925 0 1
301516924 4 8
301516876 2 4
301516875 8 0
301516810 25 0
301516806 26 1
301516804 0 0
301516797 29 1
301516794 2 8
301516775 8 0
301516773 8 0
301516767 48 1
301516700 2 0
301516698 0 1
301516687 5 1
301516645 9 0
301516635 12 0
301516588 1 12
301516539 9 0
301516491 19 4
301516483 0 0
301516454 14 0
301516425 7 0
301516422 0 0
301516417 31 3
301516409 23 8
301516403 0 0
301516376 5 23
301516341 6 0
301516335 22 0
301516288 0 0
301516283 23 1
301516219 0 1
301516183 19 2
301516171 6 0
301516139 18 6
301516105 10 3
301516034 7 4
301516003 4 48
301515946 5 0
301515934 15 0
301515931 13 2
301515910 0 0
301515854 0 0
301515851 0 0
301515843 2 2
301515777 13 1
301515774 31 3
301515767 20 0
301515758 20 1
301515721 11 4
301515699 21 3
301515689 9 2
301515636 0 0
301515379 2 0
301515372 1 17
301515326 36 7
301515259 12 1
301515235 0 0
301515227 7 3
301515225 33 4
301515204 1 0
301515142 17 1
301515138 25 0
301515130 11 1
301515122 15 1
301515118 8 16
301515073 9 3
301515067 19 2
301515050 0 0
301515021 1 3
301514962 9 0
301514955 0 0
301514936 7 0
301514931 41 0
301514926 45 10
301514793 4 0
301514728 11 3
301514671 22 1
301514669 17 4
301514659 24 2
301514649 14 1
301514633 6 1
301514586 30 1
301514585 11 9
301514573 0 0
301514558 0 3
301514511 25 1
301514471 16 1
301514463 15 2
301514448 5 1
301514433 5 1
301514403 22 1
301514336 9 3
301514322 5 3
301514266 15 1
301514246 33 0
301514234 38 0
301514227 7 13
301514220 24 2
301514169 1 0
301514155 27 1
301514143 6 0
301513952 5 1
301513889 13 1
301513879 15 1
301513864 6 8
301513844 2 8
301513830 27 1
301513827 7 0
301513783 16 1
301513741 17 1
301513699 1 47
301513686 39 1
301513610 19 0
301513582 10 1
301513581 0 1
301513572 15 0
301513538 8 0
301513499 9 0
301513471 24 1
301513390 16 1
301513332 10 1
301513330 24 1
301513328 1 0
301513324 22 0
301513314 29 8
301513303 18 9
301513296 0 0
301513290 26 0
301513258 14 0
301513189 24 1
301512943 6 0
301512909 9 17
301512757 23 2
301512632 13 2
301512547 10 1
301512545 18 8
301512454 2 6
301512395 16 1
301512388 18 1
301512366 0 0
301512325 9 8
301512253 2 23
301512238 24 29
301512221 7 17
301512178 5 4
301512155 14 2
301512130 8 1
301512126 13 1
301512114 0 1
301512007 3 14
301511990 0 0
301511985 13 14
301511920 6 0
301511918 17 0
301511905 0 0
301511883 5 0
301511875 1 0
301511858 15 0
301511801 24 0
301511797 0 0
301511796 0 0
301511793 24 1
301511783 9 0
301511768 1 11
301511755 1 0
301511739 33 3
301511724 25 0
301511712 13 0
301511690 8 1
301511684 5 0
301511680 18 3
301511670 14 2
301511640 52 4
301511588 0 0
301511585 0 0
301511432 22 1
301511413 4 9
301511411 0 0
301511289 19 1
301511155 17 2
301511084 3 0
301511051 24 1
301511013 10 2
301510901 0 1
301510849 23 0
301510727 13 0
301510701 5 24
301510588 21 2
301510540 21 2
301510402 8 1
301510296 6 14
301509582 21 3
301509558 13 6
301509458 1 0
301509366 0 0
301509221 0 0
301509168 17 3
301509066 24 0
301509023 18 2
301509005 12 3
301508932 12 1
301508918 0 0
301508876 3 3
301508826 0 0
301508731 7 34
301508671 17 0
301508539 7 12
301508470 0 1
301508366 19 0
301508180 8 1
301507865 15 6
301507602 12 1
301507173 6 0
301506976 2 0
301506537 14 4
301505823 3 25
301505600 5 1
301505117 2 12
301505104 5 0
301505090 40 0
301505087 1 1
301505085 28 1
301505082 21 0
301505070 1 0
301505067 17 1
301505056 32 4
301505039 32 5
301505016 9 2
301505010 12 1
301505008 13 0
301504980 19 9
301504940 21 5
301504938 26 5
301504903 10 13
301504899 24 3
301504888 16 3
301504861 1 1
301504853 0 0
301504852 34 2
301504838 1 0
301504808 8 10
301504807 8 3
301504777 5 10
301504735 6 9
301504730 0 0
301504683 18 3
301504634 0 0
301504594 22 4
301504576 2 5
301504533 6 5
301504530 1 0
301504527 0 0
301504496 0 1
301504463 12 1
301504462 7 0
301504454 8 0
301504448 32 0
301504438 20 7
301504420 4 0
301504418 4 1
301504416 0 0
301504413 28 6
301504412 0 0
301504402 2 0
301504377 0 1
301504376 0 1
301504238 20 6
301504234 33 49
301504216 25 1
301504209 1 0
301504167 22 4
301504162 15 1
301504110 1 8
301504105 0 0
301504091 19 2
301504090 0 0
301504082 3 3
301504057 4 23
301504012 1 0
301503925 1 0
301503923 11 3
301503921 28 3
301503896 26 0
301503883 25 5
301503878 20 3
301503866 0 2
301503863 14 29
301503826 0 3
301503768 7 3
301503734 17 4
301503709 0 0
301503643 24 2
301503636 21 6
301503632 0 1
301503621 1 0
301503542 1 0
301503536 7 15
301503529 10 13
301503488 16 1
301503480 32 6
301503473 0 0
301503398 35 0
301503336 12 41
301503318 1 0
301503228 1 0
301503226 27 3
301503177 0 0
301503166 41 2
301503159 34 2
301503153 9 1
301503148 0 0
301503142 0 2
301503138 0 1
301503088 7 12
301503054 28 3
301503046 5 38
301503027 19 3
301503026 3 0
301502997 1 0
301502974 1 1
301502960 1 2
301502933 14 2
301502911 32 12
301502905 8 1
301502891 0 7
301502882 10 0
301502881 11 54
301502867 1 3
301502854 3 12
301502719 20 4
301502594 7 12
301502573 6 12
301502552 1 1
301502519 1 1
301502444 1 9
301502425 0 1
301502384 30 4
301502337 1 0
301502122 5 18
301502071 10 0
301502065 1 2
301502049 10 2
301502022 8 11
301502010 0 0
301502000 11 22
301501998 19 3
301501944 0 1
301501878 0 0
301501873 1 3
301501865 15 4
301501835 2 6
301501735 0 0
301501732 1 0
301501642 3 6
301501633 1 2
301501617 18 2
301501555 5 2
301501320 31 3
301501314 0 0
301501216 19 3
301501119 5 32
301501113 1 4
301501087 7 5
301501082 3 2
301501065 13 5
301501057 8 43
301501047 11 2
301501009 0 0
301501006 14 2
301500988 4 1
301500966 10 1
301500935 7 4
301500888 6 21
301500884 1 0
301500876 10 3
301500683 20 0
301500608 17 18
301500474 0 0
301500197 29 5
301500177 0 0
301500174 0 1
301500169 0 0
301500142 0 0
301500131 25 0
301500108 7 24
301500099 5 24
301499998 11 3
301499986 16 4
301499904 6 1
301499880 6 4
301499860 10 2
301499495 14 5
301499349 16 1
301499300 8 2
301499256 7 11
301499223 14 2
301499061 0 0
301499001 12 2
301498879 11 4
301498521 2 6
301498507 10 0
301498437 4 27
301498317 14 2
301498219 2 1
301498142 11 20
301497638 1 0
301497590 18 3
301497566 30 4
301497452 6 0
301496935 16 15
301496708 12 18
301496674 12 22
301496527 5 6
301496313 30 3
301496187 4 9
301495561 14 6
301495292 7 1
301494779 1 13
301494764 20 0
301494608 0 3
301494574 11 17
301494273 15 4
301493957 3 9
301493781 1 7
301492967 16 3
301492880 0 0
301492715 18 0
301487999 14 7
301486914 8 11
301486889 8 12
301486857 12 17
301486856 11 60
301486847 0 0
301486832 22 7
301486831 0 0
301486810 15 30
301486773 1 0
301486767 0 0
301486758 3 12
301486746 1 0
301486729 28 2
301486715 3 12
301486712 1 0
301486691 3 3
301486678 20 4
301486671 0 0
301486653 2 1
301486642 6 3
301486636 0 0
301486613 1 9
301486612 8 21
301486596 0 0
301486584 0 0
301486583 9 0
301486535 11 9
301486514 69 1
301486460 8 48
301486459 0 0
301486435 2 0
301486429 18 4
301486413 0 0
301486397 9 4
301486376 9 8
301486375 0 0
301486339 22 4
301486327 0 0
301486324 0 0
301486323 0 1
301486319 0 1
301486316 0 1
301486313 0 0
301486312 0 0
301486306 19 4
301486295 12 0
301486283 25 3
301486280 7 8
301486251 1 0
301486238 4 71
301486231 4 72
301486218 15 3
301486211 18 12
301486208 3 8
301486207 3 0
301486202 0 0
301486170 1 0
301486165 3 4
301486151 14 8
301486146 0 0
301486142 6 15
301486114 0 0
301486106 3 8
301486098 23 5
301486074 1 0
301486065 0 0
301486060 27 3
301485978 3 0
301485961 1 1
301485957 12 14
301485956 7 9
301485950 3 3
301485928 1 0
301485915 0 0
301485908 0 0
301485879 15 52
301485871 10 53
301485864 0 0
301485795 21 3
301485783 7 4
301485745 0 1
301485732 0 1
301485679 9 2
301485643 0 0
301485641 2 0
301485627 0 0
301485610 34 3
301485608 5 6
301485546 32 5
301485538 0 8
301485527 24 5
301485520 0 0
301485502 1 0
301485401 9 6
301485391 0 3
301485379 2 0
301485363 0 0
301485337 5 3
301485332 7 18
301485283 4 6
301485277 8 2
301485270 23 2
301485265 6 4
301485230 4 41
301485206 17 5
301485197 1 0
301485178 53 2
301485176 1 0
301485171 10 8
301485144 20 2
301485044 51 3
301485005 0 0
301484936 0 0
301484861 1 1
301484836 10 4
301484826 51 2
301484809 4 5
301484611 3 3
301484524 0 0
301484446 0 3
301484429 2 1
301484415 18 5
301484409 1 3
301484405 1 0
301484385 5 5
301484278 2 12
301484177 0 0
301484141 8 3
301484122 5 1
301484109 0 0
301484031 6 41
301483952 3 1
301483883 0 0
301483792 23 2
301483735 0 5
301483643 0 0
301483638 11 8
301483621 33 2
301483499 1 0
301483435 12 1
301483357 5 0
301483267 0 0
301483234 29 5
301483182 1 0
301483011 2 2
301482966 17 5
301482901 1 0
301482833 0 0
301482826 8 0
301482755 5 15
301482746 6 2
301482714 0 0
301482691 0 1
301482621 3 2
301482269 28 2
301482261 2 0
301481913 30 0
301481789 10 9
301481557 20 4
301480895 0 0
301480881 2 1
301480876 2 0
301480866 0 3
301480865 3 1
301480864 15 0
301480853 6 0
301480852 1 1
301480850 1 3
301480845 24 9
301480828 5 11
301480822 0 0
301480821 7 4
301480820 12 8
301480805 41 3
301480803 33 8
301480800 0 0
301480785 0 0
301480780 24 1
301480777 10 11
301480775 21 2
301480741 20 5
301480729 0 0
301480728 0 2
301480690 4 2
301480678 6 5
301480671 12 2
301480657 50 2
301480644 15 6
301480641 22 5
301480634 0 0
301480618 0 1
301480614 0 0
301480597 8 6
301480594 0 1
301480588 0 0
301480586 7 0
301480571 0 1
301480556 0 0
301480538 1 0
301480525 12 9
301480521 0 0
301480507 38 7
301480484 8 25
301480465 1 1
301480455 10 3
301480451 1 0
301480430 2 2
301480406 4 1
301480405 0 0
301480356 22 6
301480347 35 6
301480345 12 10
301480323 8 3
301480306 12 43
301480289 3 41
301480287 0 0
301480286 0 1
301480277 5 6
301480270 19 6
301480251 7 2
301480224 33 3
301480219 0 0
301480185 5 47
301480183 4 16
301480154 2 0
301480134 1 0
301480129 38 6
301480116 7 4
301480084 12 2
301480079 33 2
301480077 0 0
301480073 0 1
301480064 2 0
301480061 4 0
301480056 11 0
301480048 0 0
301480033 1 21
301480021 33 6
301480018 21 5
301479998 20 17
301479997 0 0
301479986 0 0
301479984 0 0
301479965 4 1
301479953 6 35
301479951 28 5
301479950 6 4
301479941 19 2
301479935 12 0
301479919 7 10
301479916 38 1
301479907 8 4
301479856 0 1
301479851 5 3
301479847 2 0
301479842 0 2
301479840 34 5
301479839 0 0
301479836 13 7
301479835 1 0
301479820 2 0
301479809 4 0
301479808 25 6
301479777 0 5
301479775 35 10
301479772 6 11
301479771 2 4
301479763 0 6
301479744 30 6
301479736 17 9
301479645 1 9
301479613 0 1
301479611 22 1
301479596 2 0
301479581 19 3
301479554 2 2
301479487 1 1
301479477 0 0
301479426 6 0
301479401 1 3
301479391 13 0
301479371 24 11
301479323 5 8
301479310 2 2
301479299 11 4
301479292 22 4
301479269 1 0
301479190 23 5
301479124 1 0
301479072 1 2
301479067 0 2
301479017 3 42
301478984 1 0
301478978 3 5
301478904 10 7
301478868 16 7
301478846 10 5
301478762 3 3
301478731 31 8
301478690 13 0
301478609 3 2
301478598 1 2
301478577 2 1
301478545 9 23
301478535 23 4
301478521 1 0
301478515 8 2
301478492 8 15
301478438 7 3
301478418 21 13
301478403 0 2
301478398 0 32
301478361 1 2
301478345 4 3
301478336 19 4
301478318 3 0
301478272 19 13
301478235 3 0
301478181 18 6
301478152 0 0
301478046 33 8
301478045 1 1
301477983 4 3
301477925 0 0
301477897 2 0
301477885 27 4
301477883 0 0
301477842 3 0
301477835 0 0
301477782 9 0
301477737 0 1
301477711 10 4
301477688 32 6
301477657 20 4
301477603 18 13
301477589 1 0
301477577 0 27
301477525 4 30
301477372 15 0
301477366 8 6
301477346 32 2
301477340 34 5
301477325 10 0
301477260 49 0
301477177 33 5
301477139 2 1
301477127 34 5
301477118 0 2
301477112 0 0
301476950 0 2
301476566 18 2
301476538 1 1
301476468 6 34
301476462 24 6
301476453 1 2
301476436 34 9
301476407 1 2
301476399 0 4
301476382 15 1
301476374 0 1
301476340 0 0
301476339 6 0
301476331 0 0
301476288 0 0
301476260 7 1
301476253 0 0
301476242 26 34
301476195 9 6
301476191 45 10
301476187 44 11
301476164 46 8
301476161 31 7
301476144 24 9
301476129 4 2
301476121 0 0
301476091 2 1
301476078 1 2
301476074 4 0
301476063 1 0
301476041 24 21
301476040 9 0
301476039 2 20
301476033 2 3
301476032 12 7
301476012 19 3
301475982 0 0
301475979 11 11
301475975 15 2
301475966 8 10
301475956 0 2
301475952 0 0
301475950 7 19
301475948 21 4
301475942 17 6
301475936 0 6
301475924 0 0
301475918 14 6
301475916 6 10
301475912 9 9
301475904 1 0
301475898 41 4
301475897 26 14
301475892 32 3
301475859 9 13
301475840 13 30
301475829 12 8
301475810 8 6
301475808 5 19
301475806 7 1
301475805 5 12
301475802 5 0
301475782 16 3
301475774 0 0
301475773 0 0
301475759 12 10
301475751 1 0
301475741 12 6
301475726 34 5
301475725 9 24
301475720 11 5
301475680 1 2
301475668 19 4
301475667 21 19
301475663 8 3
301475656 19 4
301475647 4 9
301475636 21 4
301475599 0 2
301475595 8 5
301475584 0 2
301475564 1 2
301475560 0 2
301475559 9 6
301475539 7 9
301475510 32 16
301475505 0 0
301475498 1 0
301475493 2 1
301475474 0 2
301475451 1 3
301475444 2 1
301475422 8 54
301475408 10 13
301475407 16 10
301475406 16 10
301475405 2 2
301475396 13 11
301475387 19 6
301475386 0 3
301475376 7 0
301475374 15 7
301475365 13 8
301475364 14 13
301475318 14 2
301475295 2 0
301475255 0 0
301475251 0 0
301475250 5 0
301475249 16 0
301475248 1 1
301475214 8 2
301475201 16 8
301475200 18 10
301475197 13 10
301475196 0 0
301475192 1 1
301475184 1 0
301475143 1 1
301475137 30 6
301475106 3 16
301475105 0 1
301475099 21 2
301475086 1 3
301475049 13 9
301475029 1 0
301475014 2 1
301475005 1 2
301474979 1 1
301474976 11 19
301474963 15 9
301474954 0 0
301474942 5 0
301474934 0 1
301474879 0 0
301474867 1 2
301474865 0 0
301474857 12 2
301474854 19 9
301474853 7 19
301474850 9 21
301474821 0 1
301474816 7 0
301474812 25 9
301474811 32 2
301474807 4 1
301474796 6 9
301474792 11 0
301474789 3 44
301474787 11 4
301474783 1 0
301474781 1 1
301474779 16 5
301474774 0 0
301474771 4 3
301474740 0 0
301474729 1 2
301474724 0 0
301474713 39 11
301474712 7 2
301474711 2 0
301474704 1 9
301474698 9 5
301474695 2 0
301474689 28 9
301474688 6 7
301474687 1 0
301474681 16 8
301474676 2 14
301474663 3 1
301474648 31 0
301474647 27 11
301474642 1 1
301474637 21 3
301474634 4 0
301474625 5 13
301474624 6 17
301474623 0 0
301474602 3 10
301474585 24 8
301474531 0 0
301474528 33 6
301474425 31 7
301474422 17 10
301474377 3 3
301474371 6 1
301474370 4 1
301474321 43 9
301474294 19 10
301474276 30 7
301474275 21 6
301474266 0 1
301474225 0 0
301474215 1 0
301474212 31 6
301474190 24 7
301474183 1 0
301474172 1 67
301474161 0 0
301474160 15 0
301474155 1 1
301474134 0 0
301474130 1 4
301474122 0 0
301474063 2 0
301474031 1 1
301474020 19 3
301473948 20 6
301473913 0 0
301473895 2 2
301473891 0 0
301473849 1 1
301473812 8 4
301473804 0 3
301473778 2 2
301473771 15 4
301473764 22 7
301473749 0 0
301473744 0 0
301473734 2 0
301473724 0 0
301473698 14 5
301473678 1 0
301473669 4 56
301473660 0 0
301473630 10 6
301473621 13 29
301473605 3 4
301473570 0 0
301473536 0 1
301473529 18 1
301473517 0 0
301473481 0 3
301473361 12 12
301473360 0 0
301473358 11 7
301473357 3 6
301473314 10 0
301473308 3 0
301473263 1 0
301473176 1 0
301473169 597 46
301473106 13 8
301473063 32 3
301472990 10 40
301472882 36 7
301472854 4 6
301472846 44 9
301472793 36 7
301472790 4 0
301472775 3 0
301472715 1 0
301472669 0 1
301472647 2 27
301472641 1 0
301472636 3 1
301472622 37 5
301472603 41 7
301472594 0 0
301472591 3 8
301472568 0 0
301472555 18 2
301472554 0 2
301472513 0 1
301472508 32 5
301472486 0 2
301472468 35 0
301472467 5 3
301472451 0 0
301472433 0 0
301472306 42 5
301472218 15 5
301472185 0 0
301472147 18 2
301472146 33 2
301472063 10 1
301471990 3 0
301471978 15 5
301471966 0 0
301471898 37 6
301471764 7 2
301471725 8 0
301471721 34 7
301471720 4 6
301471710 14 7
301471669 0 2
301471650 0 0
301471649 1 2
301471641 15 8
301471616 0 1
301471506 0 0
301471493 0 2
301471444 1 0
301471415 32 8
301471405 9 3
301471388 2 0
301471347 22 10
301471218 16 4
301471184 7 2
301471055 174 9
301471042 12 6
301471006 38 8
301470969 3 0
301470956 12 6
301470948 0 0
301470884 0 1
301470776 1 0
301470673 3 0
301470584 25 9
301470525 1 0
301470516 0 1
301470338 19 1
301470332 0 0
301470313 0 0
301470308 5 0
301470219 44 9
301470185 2 0
301470182 12 11
301470165 31 6
301470154 28 5
301469920 0 1
301469864 6 2
301469843 3 0
301469829 13 1
301469791 0 1
301469702 21 7
301469685 10 2
301469680 6 0
301469628 15 0
301469552 7 0
301469506 1 2
301469444 3 7
301469440 0 0
301469408 7 1
301469367 0 0
301469366 4 0
301469364 16 0
301469313 0 0
301469296 0 0
301469274 15 0
301469210 299 3
301469209 0 0
301469188 13 8
301469153 11 3
301469054 14 2
301469027 0 0
301468959 0 0
301468958 17 8
301468899 1 1
301468764 6 8
301468751 17 8
301468643 7 1
301468642 24 6
301468603 1 0
301468198 2 1
301468068 19 2
301467999 28 6
301467991 34 3
301467986 1 1
301467980 13 3
301467831 36 8
301467766 12 2
301467728 13 3
301467691 16 3
301467621 56 6
301467598 0 1
301467593 0 1
301467382 32 33
301467365 12 1
301467344 0 0
301467308 12 2
301467283 28 1
301467251 32 6
301467234 31 5
301467204 7 2
301467105 40 8
301467066 3 1
301466938 14 8
301466935 20 6
301466926 28 7
301466834 1 1
301466762 14 0
301466758 1 0
301466719 5 30
301466699 10 33
301466619 0 0
301466612 6 2
301466538 0 0
301466453 5 0
301466369 12 18
301466328 42 2
301466227 26 2
301466004 11 3
301465748 1 0
301465703 6 8
301465675 0 0
301465554 1 0
301465471 8 0
301465318 15 2
301465281 9 0
301465196 1 0
301463999 52 7
301463672 520 16
301463480 35 8
301463437 4 51
301463353 0 1
301463089 0 1
301462678 1 0
301462669 22 0
301462346 1 0
301462096 0 0
301461998 1 0
301461937 1 0
301461888 12 0
301461827 41 7
301461723 18 5
301461674 0 0
301461269 11 0
301461232 14 3
301461191 0 4
301461065 35 5
301460959 41 7
301460883 8 9
301460877 13 7
301460874 6 5
301460873 4 17
301460866 2 0
301460864 3 0
301460862 8 18
301460850 3 0
301460847 18 1
301460845 0 1
301460839 2 1
301460838 2 1
301460837 3 2
301460828 0 1
301460824 0 0
301460820 4 27
301460814 0 1
301460811 1 0
301460806 0 0
301460801 0 0
301460800 0 0
301460793 1 0
301460786 26 0
301460785 0 0
301460783 54 2
301460780 5 1
301460777 0 3
301460776 0 0
301460773 11 4
301460771 4 1
301460770 42 8
301460769 53 10
301460768 37 11
301460766 11 1
301460765 1 0
301460762 27 4
301460761 3 0
301460760 18 2
301460759 20 10
301460756 36 3
301460755 0 0
301460753 31 7
301460751 48 7
301460750 0 0
301460747 8 2
301460745 0 3
301460744 13 0
301460743 0 1
301460741 49 2
301460740 1 0
301460738 41 5
301460736 2 0
301460734 0 0
301460733 11 1
301460732 1 0
301460730 28 6
301460729 23 5
301460728 13 0
301460727 14 0
301460726 0 0
301460724 41 2
301460722 23 1
301460720 2 0
301460718 1 0
301460714 2 0
301460713 34 1
301460712 17 7
301460709 3 7
301460708 2 0
301460707 27 1
301460706 8 31
301460705 0 0
301460703 14 7
301460702 1 18
301460701 6 0
301460700 33 4
301460698 1 0
301460697 4 0
301460696 2 12
301460695 21 6
301460693 21 8
301460692 1 0
301460691 8 8
301460687 33 0
301460683 13 6
301460681 13 1
301460680 8 2
301460676 22 6
301460673 1 0
301460671 0 0
301460670 21 0
301460668 13 0
301460667 26 4
301460661 0 1
301460658 4 9
301460656 0 0
301460653 0 0
301460651 31 6
301460647 0 0
301460645 37 6
301460644 20 2
301460643 3 7
301460642 35 5
301460640 0 0
301460638 4 0
301460637 15 6
301460636 36 5
301460635 26 7
301460633 6 0
301460627 2 5
301460626 0 0
301460624 0 3
301460623 3 0
301460622 0 3
301460621 3 2
301460619 2 1
301460617 35 0
301460616 18 7
301460615 6 0
301460614 4 3
301460612 12 7
301460611 21 7
301460610 6 4
301460608 7 6
301460607 11 6
301460604 11 1
301460603 33 4
301460602 40 4
301460601 6 0
301460599 16 5
301460597 3 0
301460592 1 0
301460591 1 0
301460590 29 5
301460589 34 4
301460588 0 0
301460586 13 1
301460584 1 0
301460581 1 0
301460579 3 40
301460573 1 47
301460571 2 38
301460568 0 0
301460567 1 0
301460566 2 36
301460564 1 33
301460563 28 5
301460562 1 34
301460560 1 34
301460559 7 0
301460558 23 7
301460557 1 30
301460556 8 0
301460555 31 3
301460554 0 30
301460549 1 29
301460548 5 1
301460547 3 9
301460546 17 0
301460545 1 0
301460540 6 0
301460536 11 2
301460535 7 0
301460534 7 2
301460532 5 7
301460531 35 7
301460529 2 1
301460528 7 0
301460525 19 7
301460521 0 0
301460520 6 8
301460518 28 1
301460516 0 0
301460508 6 1
301460507 0 0
301460504 31 5
301460503 19 6
301460502 11 0
301460498 35 7
301460495 1 2
301460494 14 1
301460493 21 9
301460492 20 9
301460491 9 10
301460489 30 6
301460487 25 7
301460486 8 8
301460485 8 3
301460484 0 0
301460483 0 0
301460482 0 0
301460480 0 0
301460478 11 7
301460477 0 5
301460474 17 2
301460471 31 7
301460470 23 7
301460469 2 2
301460468 0 0
301460467 1 0
301460466 59 2
301460462 30 5
301460454 1 1
301460453 0 0
301460452 0 0
301460451 43 9
301460447 23 7
301460446 17 4
301460445 7 0
301460444 4 0
301460443 21 4
301460442 1 0
301460441 26 5
301460440 13 3
301460439 2 0
301460438 22 6
301460437 0 2
301460433 1 1
301460432 10 6
301460429 4 1
301460428 11 6
301460427 1 1
301460424 0 0
301460421 2 15
301460418 3 2
301460417 19 7
301460414 7 2
301460413 0 0
301460411 4 1
301460408 0 4
301460407 0 0
301460406 3 12
301460403 1 0
301460402 0 0
301460398 8 1
301460396 30 12
301460395 14 5
301460394 7 1
301460393 0 0
301460388 24 6
301460382 0 0
301460381 0 0
301460378 4 0
301460375 2 1
301460374 1 0
301460373 42 5
301460370 4 0
301460366 0 0
301460363 3 41
301460358 1 0
301460355 38 10
301460351 57 2
301460350 5 38
301460349 29 14
301460347 18 11
301460346 29 8
301460344 3 3
301460339 13 2
301460338 10 17
301460337 4 12
301460335 17 2
301460331 3 30
301460330 2 19
301460329 16 8
301460325 14 0
301460324 3 1
301460321 12 7
301460320 26 6
301460319 6 1
301460318 2 0
301460316 3 0
301460314 14 9
301460309 16 7
301460308 3 3
301460307 3 0
301460306 2 0
301460303 0 3
301460300 6 2
301460299 3 9
301460298 7 14
301460296 19 6
301460295 2 2
301460292 1 4
301460289 8 3
301460288 16 8
301460287 2 3
301460286 10 36
301460283 1 0
301460280 2 4
301460278 0 0
301460274 8 15
301460273 6 3
301460272 0 0
301460271 0 0
301460270 32 4
301460269 2 2
301460267 13 10
301460265 1 1
301460264 0 0
301460263 33 6
301460262 1 0
301460261 8 2
301460260 14 1
301460259 1 0
301460257 1 2
301460256 4 1
301460255 2 0
301460254 0 1
301460252 6 0
301460251 30 7
301460250 7 2
301460249 3 1
301460248 11 1
301460247 26 4
301460246 0 0
301460245 0 2
301460243 8 0
301460242 10 0
301460240 12 3
301460239 26 5
301460238 5 18
301460237 0 0
301460236 12 0
301460234 31 4
301460233 0 0
301460232 7 0
301460231 1 0
301460229 3 2
301460227 1 1
301460225 23 5
301460224 7 7
301460223 21 4
301460221 4 0
301460220 0 0
301460219 5 3
301460218 3 5
301460216 6 6
301460215 8 10
301460213 5 3
301460212 28 3
301460211 28 4
301460210 22 6
301460208 9 1
301460207 0 8
301460206 6 5
301460205 3 0
301460204 28 4
301460201 2 1
301460200 28 4
301460199 0 1
301460198 21 5
301460193 22 5
301460192 1 14
301460189 2 2
301460187 3 7
301460186 2 1
301460185 20 4
301460184 7 7
301460183 0 4
301460182 0 0
301460181 1 0
301460180 40 4
301460178 15 1
301460176 16 0
301460172 7 1
301460171 2 4
301460169 2 1
301460168 0 0
301460165 7 3
301460163 19 6
301460161 0 1
301460159 0 1
301460158 17 2
301460157 18 4
301460156 0 0
301460155 17 4
301460148 14 1
301460146 18 2
301460145 3 22
301460142 18 2
301460141 5 0
301460139 14 3
301460138 1 0
301460136 5 5
301460134 2 0
301460133 9 45
301460132 0 0
301460127 5 16
301460123 0 1
301460122 0 0
301460121 0 0
301460120 7 0
301460119 0 0
301460118 5 15
301460115 2 0
301460113 0 0
301460111 0 3
301460108 1 1
301460107 1 0
301460106 0 0
301460105 0 4
301460104 6 2
301460103 25 4
301460102 3 0
301460100 0 2
301460099 2 1
301460097 1 0
301460096 0 0
301460094 22 6
301460091 1 2
301460086 0 1
301460083 20 2
301460081 1 0
301460080 23 5
301460079 0 0
301460078 15 0
301460074 2 4
301460069 0 0
301460063 2 6
301460062 2 1
301460061 0 0
301460060 0 0
301460058 0 0
301460056 17 1
301460055 1 18
301460054 0 0
301460053 19 3
301460052 0 0
301460051 1 2
301460050 0 1
301460047 0 0
301460046 0 1
301460045 17 4
301460044 3 6
301460043 0 0
301460041 0 1
301460040 0 0
301460039 24 5
301460037 0 0
301460036 0 0
301460035 15 3
301460034 0 1
301460033 19 4
301460032 2 2
301460029 6 2
301460027 21 4
301460026 15 3
301460025 6 1
301460019 20 1
301460018 0 0
301460017 21 3
301460016 1 1
301460015 0 0
301460014 1 17
301460013 0 0
301460006 1 0
301460005 12 2
301460004 2 5
301460003 10 1
301460002 3 1
301460001 14 0
301459998 0 2
301459997 0 0
301459996 4 1
301459994 0 0
301459993 0 0
301459991 7 2
301459990 0 0
301459989 2 8
301459988 0 0
301459985 1 2
301459984 23 13
301459983 3 14
301459980 3 12
301459979 0 0
301459977 1 1
301459976 0 0
301459974 4 6
301459973 12 1
301459972 1 1
301459971 0 2
301459970 7 2
301459969 13 1
301459968 4 3
301459966 14 1
301459965 5 5
301459959 14 1
301459958 0 0
301459957 15 1
301459954 4 7
301459950 18 2
301459948 4 1
301459946 5 0
301459945 20 2
301459943 2 6
301459941 12 4
301459940 0 0
301459938 15 0
301459935 1 0
301459933 1 0
301459931 6 3
301459928 1 0
301459927 1 1
301459926 2 0
301459925 2 0
301459920 19 5
301459919 0 0
301459918 0 0
301459915 2 5
301459914 8 4
301459913 19 3
301459912 2 1
301459910 0 4
301459908 31 4
301459906 0 0
301459901 1 2
301459898 0 0
301459897 3 0
301459895 3 2
301459894 12 3
301459893 4 3
301459892 0 0
301459891 23 2
301459890 16 2
301459888 0 0
301459887 0 0
301459886 16 1
301459884 14 1
301459883 18 4
301459882 10 16
301459881 14 3
301459880 3 3
301459879 1 0
301459875 15 2
301459874 0 0
301459869 0 0
301459867 4 2
301459866 7 2
301459864 15 1
301459861 18 3
301459859 0 0
301459858 22 4
301459856 4 3
301459855 18 3
301459854 2 3
301459846 4 1
301459842 19 2
301459839 23 4
301459835 20 2
301459834 23 3
301459833 1 0
301459832 8 4
301459829 16 2
301459828 6 3
301459823 0 1
301459822 17 2
301459819 1 1
301459818 2 1
301459817 19 3
301459816 1 1
301459815 7 7
301459814 5 6
301459813 0 0
301459812 2 5
301459810 0 0
301459807 17 2
301459802 5 3
301459800 18 3
301459799 0 0
301459798 1 1
301459797 0 1
301459795 0 1
301459794 10 2
301459793 0 0
301459791 22 1
301459789 2 3
301459787 6 6
301459784 0 3
301459782 3 8
301459781 2 1
301459779 0 1
301459778 1 0
301459775 25 3
301459772 23 4
301459770 0 0
301459769 2 0
301459767 6 12
301459766 17 4
301459765 3 0
301459764 0 0
301459763 6 2
301459761 11 4
301459760 1 0
301459759 3 3
301459758 7 1
301459757 16 3
301459756 17 3
301459755 20 1
301459752 2 2
301459750 0 2
301459748 2 1
301459747 0 0
301459745 57 0
301459744 12 1
301459742 2 0
301459741 18 0
301459740 21 2
301459739 20 1
301459738 561 6
301459736 29 2
301459734 0 0
301459732 21 3
301459731 39 5
301459730 3 3
301459729 22 3
301459728 12 3
301459724 6 2
301459721 0 1
301459720 0 1
301459717 9 4
301459716 0 0
301459714 12 1
301459713 0 0
301459712 9 31
301459711 0 0
301459709 11 3
301459704 25 3
301459703 0 4
301459702 1 10
301459701 3 1
301459700 18 6
301459696 2 0
301459695 7 20
301459694 0 1
301459692 2 0
301459691 23 7
301459690 1 0
301459689 20 4
301459688 23 4
301459686 1 0
301459684 0 0
301459683 1 1
301459680 1 1
301459679 8 5
301459677 1 0
301459676 7 1
301459672 0 0
301459671 0 0
301459670 0 1
301459668 0 0
301459667 8 3
301459666 9 2
301459665 36 4
301459663 35 8
301459660 4 2
301459659 1 3
301459658 30 7
301459657 1 0
301459656 14 14
301459653 2 2
301459652 2 2
301459651 19 4
301459649 22 9
301459645 24 8
301459643 5 22
301459642 5 8
301459641 11 6
301459639 18 9
301459638 0 0
301459637 26 35
301459636 0 0
301459633 16 5
301459632 0 1
301459631 9 12
301459624 0 0
301459623 12 7
301459620 0 0
301459619 3 1
301459618 4 2
301459616 0 0
301459615 8 2
301459614 7 0
301459608 31 4
301459607 18 3
301459605 0 0
301459604 22 0
301459602 1 0
301459601 24 4
301459600 9 0
301459599 32 2
301459598 2 0
301459596 11 2
301459595 6 1
301459594 1 0
301459593 13 1
301459592 25 4
301459591 0 0
301459590 0 0
301459586 21 4
301459585 0 1
301459584 0 1
301459583 0 0
301459582 0 1
301459581 1 1
301459580 0 0
301459577 35 2
301459576 19 3
301459575 11 10
301459574 17 3
301459573 0 0
301459572 1 0
301459571 26 4
301459569 9 2
301459568 11 0
301459566 8 1
301459565 1 0
301459564 40 0
301459563 0 0
301459562 14 1
301459561 5 0
301459560 14 2
301459559 6 3
301459558 12 2
301459556 0 0
301459555 4 0
301459552 0 0
301459551 3 4
301459550 0 6
301459549 19 1
301459548 16 1
301459547 0 1
301459546 14 7
301459545 17 0
301459544 10 1
301459543 1 0
301459541 8 2
301459540 1 0
301459539 1 0
301459538 23 0
301459537 8 2
301459534 8 12
301459533 5 13
301459531 2 13
301459530 7 2
301459529 2 3
301459527 24 5
301459526 1 0
301459523 0 0
301459522 24 1
301459520 21 7
301459518 7 14
301459517 0 15
301459516 0 2
301459515 21 2
301459512 9 0
301459511 14 4
301459510 11 3
301459509 0 1
301459508 11 6
301459506 0 0
301459504 1 0
301459503 14 2
301459502 0 0
301459498 12 14
301459497 17 5
301459496 29 0
301459494 0 0
301459493 0 4
301459492 21 5
301459491 7 12
301459488 11 2
301459486 4 0
301459485 1 0
301459483 2 0
301459482 27 1
301459480 0 1
301459479 1 0
301459477 1 0
301459474 3 0
301459473 1 0
301459471 0 0
301459469 11 0
301459468 5 1
301459466 2 0
301459465 20 4
301459460 6 1
301459459 0 0
301459458 15 5
301459457 27 1
301459456 20 1
301459455 27 3
301459454 4 15
301459451 36 4
301459450 17 4
301459448 26 1
301459446 0 0
301459445 1 0
301459439 29 2
301459437 0 0
301459434 13 3
301459431 10 1
301459428 18 3
301459427 12 8
301459424 17 2
301459421 5 1
301459420 1 0
301459418 0 0
301459416 16 1
301459415 4 0
301459414 0 1
301459413 20 4
301459412 15 1
301459410 392 4
301459408 43 6
301459406 7 0
301459403 18 2
301459402 17 5
301459401 17 3
301459400 2 1
301459399 7 0
301459398 2 0
301459397 1 0
301459396 0 0
301459395 0 0
301459394 1 4
301459391 26 4
301459390 36 2
301459388 26 2
301459386 12 1
301459381 14 7
301459380 29 2
301459379 22 3
301459378 32 1
301459377 14 0
301459376 0 0
301459374 1 0
301459373 7 4
301459371 5 1
301459370 35 10
301459369 24 0
301459368 11 13
301459367 20 3
301459365 5 0
301459364 6 1
301459363 13 1
301459362 38 2
301459361 5 3
301459360 35 3
301459359 4 2
301459356 10 6
301459354 3 1
301459353 0 0
301459352 11 77
301459349 0 0
301459348 23 2
301459347 25 2
301459346 6 1
301459345 14 1
301459343 0 0
301459341 0 0
301459337 21 6
301459333 0 46
301459332 0 0
301459331 10 2
301459330 2 0
301459328 0 1
301459323 1 1
301459322 1 1
301459321 31 2
301459320 1 0
301459318 1 0
301459317 14 3
301459316 26 3
301459314 5 5
301459312 5 5
301459311 31 1
301459310 1 0
301459309 0 0
301459308 2 1
301459307 15 1
301459305 14 0
301459304 35 1
301459302 25 3
301459301 12 2
301459300 14 1
301459298 26 1
301459297 0 2
301459296 0 4
301459292 13 2
301459289 11 1
301459286 8 0
301459285 1 0
301459284 0 0
301459283 37 1
301459281 34 1
301459280 13 6
301459279 2 1
301459275 23 2
301459274 0 0
301459273 15 1
301459272 1 0
301459271 8 1
301459270 1 0
301459268 2 1
301459266 13 3
301459265 0 0
301459263 2 0
301459262 16 3
301459261 0 0
301459260 0 0
301459258 0 0
301459257 21 2
301459255 0 0
301459249 0 0
301459246 0 0
301459244 10 8
301459241 0 0
301459237 15 3
301459236 25 2
301459233 26 1
301459232 13 2
301459230 4 1
301459227 0 0
301459226 0 0
301459224 7 2
301459223 28 10
301459222 3 1
301459221 11 9
301459220 1 1
301459218 1 1
301459216 0 4
301459215 6 2
301459211 18 3
301459210 22 2
301459208 2 0
301459207 0 6
301459206 8 5
301459205 5 2
301459203 2 5
301459202 0 0
301459201 0 1
301459199 8 20
301459197 1 0
301459194 3 0
301459193 6 2
301459191 0 2
301459188 6 0
301459187 1 1
301459186 19 2
301459185 36 1
301459184 0 1
301459183 10 4
301459182 3 0
301459181 1 2
301459180 6 1
301459179 1 0
301459178 0 0
301459177 0 0
301459176 3 0
301459173 18 3
301459171 17 2
301459170 0 0
301459168 2 0
301459167 1 3
301459166 1 1
301459165 0 0
301459163 9 7
301459162 7 4
301459161 28 4
301459158 25 3
301459154 2 2
301459152 1 18
301459151 4 0
301459149 9 3
301459148 2 0
301459147 11 40
301459146 27 2
301459145 1 2
301459144 1 2
301459143 3 0
301459141 6 8
301459139 4 11
301459138 9 2
301459137 1 2
301459136 0 1
301459135 1 6
301459132 3 0
301459130 13 1
301459128 2 0
301459126 27 0
301459125 4 1
301459124 3 3
301459123 8 7
301459122 0 3
301459121 7 1
301459120 0 1
301459119 2 1
301459117 0 7
301459116 2 2
301459115 4 1
301459113 21 3
301459111 0 2
301459110 6 7
301459109 11 6
301459108 17 5
301459107 26 1
301459105 29 1
301459104 11 1
301459097 449 27
301459096 28 2
301459093 12 7
301459091 0 0
301459090 908 36
301459089 11 0
301459087 26 0
301459086 11 5
301459083 4 0
301459082 1 0
301459081 0 2
301459078 7 4
301459075 7 27
301459072 5 1
301459071 9 2
301459070 14 12
301459068 3 3
301459067 5 1
301459066 4 0
301459065 14 3
301459064 3 0
301459063 0 1
301459062 4 4
301459061 1 1
301459060 9 3
301459059 27 1
301459058 23 1
301459057 1 1
301459056 0 7
301459055 11 1
301459054 1 0
301459053 7 10
301459052 6 0
301459051 1 5
301459050 11 0
301459049 28 4
301459048 11 0
301459046 20 0
301459045 9 8
301459043 8 2
301459040 0 1
301459037 3 26
301459036 9 2
301459035 28 25
301459033 21 0
301459032 6 0
301459031 7 4
301459030 11 5
301459029 21 0
301459027 2 1
301459019 12 1
301459011 1 1
301459009 0 0
301459008 3 0
301459007 18 0
301459005 9 3
301459001 0 0
301458997 1 6
301458996 19 1
301458995 18 2
301458991 9 1
301458990 10 0
301458989 31 6
301458988 0 0
301458987 6 0
301458986 6 2
301458985 19 1
301458984 8 1
301458983 19 18
301458982 14 1
301458981 0 0
301458980 2 1
301458979 1 1
301458977 14 1
301458975 0 2
301458973 2 1
301458972 2 1
301458971 0 1
301458970 4 0
301458968 9 4
301458966 7 1
301458965 5 0
301458964 1 2
301458962 19 1
301458954 0 0
301458952 1 1
301458951 3 1
301458950 0 1
301458948 15 3
301458947 1 1
301458946 5 4
301458944 2 2
301458942 0 1
301458941 0 1
301458940 1 3
301458937 38 23
301458936 13 2
301458934 1 1
301458930 3 0
301458927 2 2
301458924 12 2
301458923 15 1
301458922 2 1
301458921 2 1
301458920 8 2
301458918 0 0
301458911 5 1
301458910 1 1
301458909 2 0
301458904 2 39
301458903 0 41
301458902 3 0
301458901 3 1
301458900 5 1
301458899 0 1
301458898 7 0
301458897 3 1
301458895 9 11
301458891 0 2
301458889 16 2
301458887 2 0
301458885 4 0
301458884 23 2
301458882 2 0
301458880 13 20
301458879 10 3
301458877 18 10
301458876 0 0
301458875 14 0
301458874 14 2
301458873 0 0
301458872 1 0
301458871 0 0
301458870 18 3
301458869 0 0
301458868 17 2
301458867 0 0
301458866 16 2
301458865 3 0
301458864 4 62
301458863 0 0
301458861 514 4
301458860 10 5
301458859 17 3
301458858 2 0
301458857 8 0
301458855 3 0
301458854 0 0
301458853 17 4
301458852 1 1
301458851 0 0
301458850 14 4
301458848 0 0
301458847 1 4
301458846 14 3
301458845 4 15
301458844 11 1
301458842 2 0
301458841 16 2
301458836 8 0
301458835 1 2
301458834 0 0
301458833 0 0
301458832 2 0
301458831 0 0
301458830 4 4
301458829 0 0
301458828 1 0
301458826 3 0
301458825 14 0
301458824 14 3
301458823 0 1
301458822 4 2
301458821 3 30
301458820 4 1
301458819 21 2
301458818 0 0
301458816 14 2
301458815 0 0
301458814 0 0
301458813 0 0
301458812 1 0
301458810 0 0
301458809 0 1
301458807 34 1
301458806 0 0
301458805 0 0
301458804 0 0
301458801 3 1
301458800 0 0
301458798 0 0
301458796 5 1
301458795 14 2
301458794 7 0
301458793 4 1
301458792 12 2
301458791 8 0
301458790 4 0
301458789 5 0
301458788 10 1
301458787 11 3
301458786 16 2
301458785 16 3
301458782 0 0
301458780 0 0
301458778 10 1
301458777 16 2
301458776 0 0
301458774 12 1
301458773 2 1
301458772 2 1
301458771 13 3
301458770 2 10
301458768 1 13
301458767 0 0
301458766 15 3
301458765 1 0
301458764 1 4
301458763 12 3
301458762 0 0
301458760 11 1
301458758 1 1
301458757 4 0
301458756 0 0
301458755 10 2
301458753 3 1
301458752 18 1
301458751 3 1
301458750 3 3
301458749 17 1
301458748 0 0
301458747 5 1
301458745 1 0
301458743 0 0
301458742 0 1
301458741 1 0
301458740 16 2
301458739 0 0
301458738 4 1
301458737 0 2
301458735 0 0
301458732 0 0
301458731 7 7
301458730 21 1
301458729 2 0
301458728 51 4
301458727 0 0
301458725 0 0
301458723 21 1
301458722 0 0
301458721 0 0
301458718 3 9
301458717 0 1
301458716 0 0
301458715 4 0
301458714 20 1
301458713 0 1
301458712 0 1
301458711 0 0
301458710 14 2
301458709 1 0
301458707 0 0
301458706 1 4
301458705 0 0
301458704 13 4
301458702 6 1
301458701 31 1
301458700 13 2
301458698 1 0
301458697 0 0
301458696 0 0
301458695 23 1
301458694 0 0
301458692 24 2
301458691 7 0
301458690 0 0
301458689 0 0
301458688 20 3
301458686 0 0
301458684 0 0
301458683 345 39
301458679 7 0
301458677 1 2
301458676 14 1
301458675 4 7
301458673 0 0
301458672 19 2
301458670 9 2
301458669 6 3
301458668 22 0
301458667 20 0
301458666 20 1
301458665 8 8
301458664 5 1
301458662 2 0
301458661 0 0
301458660 0 0
301458658 16 1
301458657 0 0
301458656 3 2
301458655 1 0
301458654 13 1
301458653 2 2
301458652 539 164
301458651 4 4
301458649 1 0
301458648 1 4
301458646 2 1
301458643 19 1
301458642 13 0
301458641 18 1
301458639 0 1
301458638 3 3
301458637 0 0
301458634 2 0
301458633 9 1
301458632 3 0
301458631 16 1
301458629 0 0
301458628 16 2
301458627 7 0
301458626 2 0
301458625 2 0
301458624 7 2
301458623 3 1
301458620 7 1
301458618 39 1
301458616 3 0
301458615 1 0
301458614 0 0
301458613 18 1
301458612 2 0
301458611 0 0
301458609 13 3
301458607 11 1
301458606 5 5
301458604 5 10
301458603 8 1
301458602 13 1
301458600 0 0
301458598 19 1
301458596 19 0
301458592 19 0
301458591 0 1
301458589 0 1
301458588 7 1
301458587 17 2
301458584 1 0
301458583 0 0
301458582 1 0
301458581 1 0
301458580 14 9
301458579 14 0
301458578 0 0
301458577 15 1
301458576 3 0
301458574 17 1
301458572 21 2
301458571 2 0
301458569 0 1
301458568 1 1
301458567 0 2
301458566 0 1
301458565 1 2
301458564 2 0
301458562 13 0
301458561 18 1
301458560 1 1
301458559 1 29
301458557 0 1
301458556 8 0
301458555 2 0
301458554 6 7
301458553 2 38
301458552 0 0
301458551 23 2
301458550 5 3
301458549 0 0
301458547 0 0
301458546 2 1
301458545 2 0
301458544 5 0
301458543 26 5
301458542 14 35
301458541 19 2
301458539 34 0
301458538 6 0
301458536 1 1
301458534 6 11
301458533 2 0
301458532 0 0
301458531 3 0
301458530 8 1
301458529 0 0
301458528 0 0
301458527 27 2
301458526 0 14
301458525 2 0
301458524 7 3
301458523 1 0
301458522 15 3
301458521 0 0
301458520 11 7
301458519 2 0
301458518 0 0
301458517 7 2
301458516 0 0
301458515 9 1
301458514 8 22
301458513 1 0
301458512 5 1
301458510 9 2
301458509 13 2
301458508 3 0
301458507 4 26
301458506 6 3
301458505 17 2
301458504 11 2
301458503 294 5
301458501 1 0
301458500 19 2
301458494 0 0
301458492 15 2
301458490 0 0
301458486 0 0
301458485 0 0
301458483 31 0
301458482 35 0
301458480 24 0
301458479 59 3
301458478 6 1
301458477 2 1
301458475 0 0
301458472 13 2
301458470 17 2
301458465 0 1
301458464 19 0
301458463 23 0
301458462 8 1
301458461 1 0
301458457 0 0
301458456 0 0
301458455 2 0
301458454 10 12
301458453 0 0
301458450 0 0
301458447 25 1
301458446 1 0
301458444 0 0
301458443 7 3
301458442 0 1
301458440 6 0
301458439 0 1
301458438 1 1
301458436 0 1
301458435 26 4
301458434 13 4
301458432 18 4
301458431 9 3
301458430 2 0
301458429 3 0
301458428 9 0
301458427 0 0
301458425 9 0
301458422 7 2
301458421 20 1
301458420 3 0
301458419 1 0
301458417 12 4
301458416 0 0
301458415 0 0
301458414 27 4
301458413 12 5
301458412 1 1
301458411 6 5
301458410 194 2
301458408 0 0
301458407 2 1
301458406 13 5
301458405 0 0
301458404 1 6
301458403 31 3
301458401 23 3
301458400 17 7
301458399 0 0
301458398 9 1
301458397 0 0
301458396 6 1
301458395 11 4
301458391 7 8
301458390 5 0
301458389 0 2
301458388 1 0
301458387 29 3
301458385 30 3
301458384 1 1
301458383 2 15
301458382 15 4
301458381 1 2
301458380 17 4
301458379 0 1
301458378 17 3
301458377 14 4
301458376 24 2
301458375 25 3
301458374 32 5
301458373 2 1
301458372 0 0
301458371 0 0
301458370 9 1
301458369 0 0
301458368 5 0
301458367 1 2
301458366 4 1
301458364 24 2
301458363 0 0
301458362 27 1
301458361 1 0
301458360 18 2
301458359 16 2
301458358 10 1
301458357 0 0
301458356 0 0
301458355 1 0
301458354 20 2
301458353 3 0
301458352 4 3
301458351 4 3
301458350 9 2
301458349 1 0
301458348 35 1
301458347 15 3
301458346 21 1
301458345 23 1
301458342 16 13
301458340 1 1
301458337 1 2
301458336 2 0
301458335 0 0
301458333 0 0
301458332 9 1
301458331 0 0
301458330 7 1
301458329 0 0
301458328 1 0
301458327 1 0
301458326 10 0
301458325 0 1
301458324 0 1
301458323 26 1
301458322 0 0
301458319 0 1
301458318 9 3
301458316 13 3
301458314 1 1
301458313 14 1
301458312 0 1
301458311 4 2
301458309 3 0
301458308 2 8
301458307 6 0
301458306 0 0
301458304 3 18
301458303 0 0
301458302 0 0
301458300 20 3
301458299 0 0
301458297 24 1
301458296 3 21
301458295 4 2
301458294 0 0
301458293 17 3
301458292 0 0
301458291 7 6
301458290 4 2
301458289 18 2
301458288 0 0
301458285 9 11
301458282 0 0
301458281 10 39
301458280 18 4
301458279 2 0
301458278 10 55
301458274 9 0
301458269 0 0
301458267 5 0
301458266 9 2
301458265 11 1
301458264 10 0
301458263 11 2
301458261 17 0
301458260 8 1
301458259 2 0
301458258 3 2
301458257 566 1
301458256 9 6
301458254 42 15
301458252 2 1
301458249 8 1
301458248 0 0
301458247 1 3
301458246 8 2
301458245 5 0
301458244 0 0
301458243 6 0
301458241 8 4
301458240 1 0
301458237 0 0
301458235 3 0
301458234 0 0
301458233 0 0
301458231 12 2
301458226 19 4
301458225 0 0
301458224 0 0
301458223 13 3
301458221 5 6
301458220 195 5
301458219 10 0
301458218 23 7
301458217 8 27
301458216 19 0
301458215 36 8
301458214 6 1
301458212 4 1
301458211 23 0
301458210 0 0
301458209 0 0
301458207 23 1
301458206 0 0
301458205 10 1
301458204 48 16
301458203 21 1
301458202 5 0
301458201 0 1
301458200 17 0
301458199 7 1
301458198 7 0
301458197 9 1
301458196 8 3
301458195 4 33
301458194 7 0
301458191 0 21
301458190 12 1
301458189 0 0
301458188 23 2
301458185 1 0
301458184 4 6
301458182 20 1
301458181 5 0
301458180 13 2
301458179 0 0
301458176 1 0
301458172 8 9
301458171 804 3
301458169 14 1
301458168 0 0
301458163 23 6
301458161 17 1
301458160 23 0
301458159 0 0
301458157 13 1
301458156 13 0
301458155 0 0
301458154 23 1
301458153 0 0
301458151 7 7
301458150 6 70
301458149 1 0
301458148 13 2
301458146 2 0
301458145 4 0
301458144 14 0
301458143 1 0
301458142 1 1
301458141 3 0
301458139 6 1
301458138 23 1
301458137 9 1
301458136 1 0
301458135 20 0
301458133 9 0
301458130 1 8
301458129 8 2
301458128 0 1
301458127 3 1
301458126 24 0
301458125 2 4
301458124 20 0
301458122 21 0
301458121 19 0
301458120 18 1
301458119 1 5
301458118 0 0
301458117 4 2
301458116 15 1
301458115 21 1
301458114 0 0
301458113 0 0
301458112 1 0
301458111 0 0
301458110 16 0
301458109 21 1
301458108 8 3
301458107 1 0
301458106 1 1
301458105 321 49
301458104 0 0
301458103 0 0
301458101 14 1
301458099 9 2
301458098 1 0
301458097 0 0
301458096 15 1
301458095 5 7
301458093 2 1
301458092 1 3
301458091 0 2
301458090 8 6
301458089 15 1
301458088 14 4
301458086 3 2
301458085 2 1
301458084 18 2
301458083 1 1
301458082 8 2
301458080 12 3
301458079 13 1
301458078 10 2
301458077 14 2
301458075 7 1
301458074 0 1
301458072 9 1
301458070 0 1
301458069 1 1
301458068 7 2
301458067 0 2
301458065 13 2
301458063 14 4
301458061 1 1
301458059 13 1
301458057 12 3
301458054 10 0
301458053 12 1
301458052 15 0
301458051 8 0
301458048 0 0
301458047 15 1
301458046 12 1
301458045 11 0
301458043 1 0
301458041 6 0
301458039 12 0
301458038 3 0
301458036 0 0
301458035 8 0
301458034 1 0
301458033 6 0
301458032 12 0
301458031 15 0
301458030 6 0
301458029 1 0
301458026 0 2
301458025 5 2
301458024 0 1
301458023 8 1
301458022 12 2
301458021 2 3
301458020 0 0
301458019 1 0
301458018 0 0
301458017 5 2
301458016 0 1
301458015 10 0
301458014 0 0
301458013 6 14
301458012 10 6
301458011 0 1
301458010 13 2
301458009 1 1
301458007 809 10
301458004 3 7
301458003 3 1
301458002 2 0
301458001 0 0
301458000 0 1
301457999 0 2
301457998 7 1
301457997 0 0
301457996 0 1
301457994 15 2
301457993 18 3
301457992 1 3
301457991 1 2
301457990 5 2
301457989 38 21
301457988 3 10
301457987 1 3
301457986 3 7
301457985 0 1
301457984 4 3
301457982 4 1
301457981 0 2
301457980 0 1
301457978 0 3
301457976 0 1
301457975 14 3
301457974 3 7
301457973 0 3
301457972 0 1
301457970 0 1
301457968 0 1
301457967 0 0
301457966 20 1
301457965 1 1
301457964 1 0
301457963 17 3
301457962 4 2
301457960 1 4
301457959 1 13
301457958 2 2
301457957 11 4
301457956 5 2
301457955 21 3
301457953 22 1
301457951 22 3
301457950 5 4
301457949 1 0
301457948 3 4
301457947 1 0
301457946 20 4
301457945 7 1
301457944 3 2
301457942 6 0
301457941 12 2
301457940 7 4
301457939 19 2
301457937 0 0
301457932 8 1
301457931 58 11
301457929 0 0
301457928 10 0
301457926 6 1
301457925 10 2
301457924 25 3
301457923 1 6
301457922 0 0
301457921 23 3
301457919 0 0
301457918 21 3
301457916 23 1
301457914 0 1
301457913 6 2
301457912 3 2
301457911 0 0
301457909 25 2
301457908 0 0
301457907 30 5
301457906 10 0
301457905 1 2
301457904 4 3
301457903 2 0
301457902 0 2
301457901 1 0
301457900 0 0
301457899 24 4
301457898 0 0
301457897 1 0
301457896 4 0
301457895 4 1
301457894 5 1
301457893 0 0
301457892 5 2
301457889 18 2
301457888 1 1
301457887 27 3
301457886 0 0
301457885 1 0
301457883 0 0
301457882 3 0
301457880 2 3
301457879 3 0
301457878 34 10
301457877 1 1
301457876 8 1
301457875 28 2
301457874 29 2
301457872 0 0
301457871 10 5
301457870 0 0
301457869 41 9
301457868 11 1
301457866 5 1
301457865 3 0
301457864 6 1
301457863 21 3
301457862 2 0
301457861 0 0
301457859 15 0
301457858 2 0
301457857 2 0
301457856 4 0
301457855 1904 16
301457854 1 0
301457852 27 2
301457851 1 0
301457850 15 0
301457849 22 2
301457848 0 0
301457846 12 1
301457844 1 0
301457843 0 0
301457842 10 0
301457841 22 1
301457840 3 0
301457839 7 0
301457838 1 0
301457837 650 13
301457836 5 0
301457835 23 1
301457834 29 0
301457833 4 0
301457832 442 10
301457831 1 0
301457830 5 0
301457828 0 2
301457827 5 0
301457826 3 2
301457825 2 1
301457824 0 0
301457823 11 6
301457822 6 1
301457821 7 2
301457818 6 2
301457817 1 4
301457816 9 0
301457815 22 0
301457814 21 3
301457813 0 0
301457812 817 17
301457811 1 0
301457810 4 2
301457809 12 2
301457808 8 1
301457807 20 4
301457806 8 1
301457804 4 1
301457803 7 1
301457801 12 15
301457800 6 1
301457799 18 1
301457798 15 1
301457796 4 0
301457795 2 0
301457794 11 3
301457793 7 2
301457792 3 0
301457791 2 0
301457790 520 15
301457787 4 14
301457786 1 3
301457785 15 1
301457784 6 0
301457782 3 2
301457781 1 0
301457780 0 0
301457779 3 1
301457778 0 2
301457777 11 3
301457776 3 3
301457775 18 1
301457774 3 2
301457773 9 0
301457772 31 3
301457771 7 1
301457770 1 2
301457768 8 2
301457767 12 1
301457766 3 3
301457765 3 1
301457764 7 0
301457761 1 0
301457760 12 2
301457759 2 2
301457757 16 1
301457756 14 2
301457755 0 0
301457753 9 1
301457752 4 0
301457751 1 1
301457750 0 0
301457749 4 2
301457748 21 2
301457747 12 1
301457745 9 1
301457742 7 1
301457741 6 1
301457740 0 1
301457739 3 4
301457736 364 5
301457735 10 0
301457734 3 1
301457733 0 0
301457730 1 0
301457727 4 3
301457726 2 4
301457725 15 1
301457724 36 2
301457723 5 0
301457722 0 13
301457721 0 0
301457720 6 4
301457719 1065 3
301457718 8 2
301457717 0 1
301457716 28 3
301457715 1 0
301457714 0 1
301457712 455 4
301457711 0 0
301457710 2 0
301457709 0 0
301457708 6 1
301457707 14 0
301457706 1 1
301457704 11 2
301457702 5 1
301457700 15 2
301457699 4 3
301457698 395 4
301457696 3 13
301457694 3 5
301457693 0 0
301457692 3 0
301457691 2 1
301457690 1 0
301457689 4 0
301457688 21 4
301457687 7 3
301457686 2 1
301457685 390 23
301457684 1 0
301457683 1 0
301457681 3 0
301457680 1 1
301457679 1 1
301457678 0 0
301457677 8 1
301457676 2 0
301457675 6 0
301457674 10 2
301457673 0 0
301457671 0 1
301457670 1 0
301457669 9 2
301457668 5 5
301457667 1 0
301457666 11 6
301457665 4 0
301457664 17 5
301457663 8 4
301457662 6 4
301457661 0 0
301457660 0 0
301457659 0 29
301457658 0 0
301457657 21 4
301457655 30 3
301457654 1 1
301457653 7 0
301457652 2 0
301457651 1 2
301457650 0 0
301457649 18 5
301457648 24 3
301457647 15 3
301457646 2 0
301457645 26 3
301457644 0 0
301457643 0 0
301457642 0 2
301457641 2 0
301457640 7 4
301457639 3 2
301457638 0 1
301457637 5 1
301457635 0 2
301457634 1 0
301457633 15 1
301457632 0 0
301457631 3 2
301457630 22 2
301457629 0 0
301457628 0 0
301457626 10 0
301457625 15 1
301457624 19 2
301457623 1 0
301457622 46 6
301457621 4 0
301457619 30 6
301457618 2 0
301457617 0 1
301457616 0 2
301457615 2 0
301457614 2 0
301457612 4 0
301457610 0 0
301457609 1 0
301457608 0 0
301457607 14 3
301457604 12 3
301457603 2 0
301457602 20 4
301457601 0 0
301457598 0 0
301457597 1 1
301457596 29 3
301457595 16 3
301457593 18 2
301457592 28 2
301457591 8 1
301457589 4 4
301457588 0 0
301457587 6 0
301457586 4 0
301457585 1 0
301457584 1 0
301457583 0 0
301457582 8 18
301457581 15 0
301457579 1415 25
301457577 1427 48
301457576 1 1
301457575 954 14
301457574 2 0
301457573 1 3
301457572 1 0
301457571 2 0
301457570 5 0
301457569 2 0
301457568 3 12
301457567 3 15
301457564 0 0
301457563 0 2
301457561 30 4
301457560 16 5
301457559 16 5
301457557 28 6
301457555 12 7
301457554 32 5
301457553 3 0
301457552 21 5
301457551 0 1
301457550 292 7
301457549 0 1
301457548 4 3
301457547 0 2
301457546 5 0
301457545 13 3
301457543 0 0
301457542 0 2
301457541 1 0
301457540 19 6
301457538 14 0
301457535 2 0
301457534 1 0
301457532 3 60
301457528 2 9
301457526 0 0
301457525 12 0
301457524 642 4
301457523 2 1
301457520 6 2
301457519 36 6
301457517 4 0
301457516 7 6
301457514 1 2
301457513 14 0
301457512 962 11
301457511 4 5
301457507 0 1
301457506 12 0
301457504 1 1
301457503 1 1
301457502 17 7
301457501 1 0
301457500 8 1
301457499 17 9
301457498 17 7
301457497 1 1
301457496 15 6
301457495 4 0
301457494 1 3
301457492 2 0
301457491 6 3
301457490 0 2
301457489 5 1
301457488 4 6
301457487 8 0
301457486 3 0
301457485 13 5
301457484 1 1
301457483 13 0
301457482 5 6
301457480 0 0
301457479 13 0
301457478 18 6
301457477 3 0
301457476 19 0
301457475 2 0
301457474 34 7
301457473 0 0
301457472 0 0
301457471 16 1
301457470 7 1
301457469 31 11
301457468 2 0
301457466 20 5
301457465 32 7
301457464 2 0
301457463 6 1
301457462 290 6
301457460 30 10
301457459 4 0
301457458 3 0
301457457 13 6
301457456 7 0
301457455 17 6
301457453 8 5
301457451 11 2
301457450 12 5
301457449 1 0
301457448 1 1
301457447 13 1
301457446 1 1
301457445 17 7
301457444 29 9
301457443 9 1
301457442 16 7
301457439 5 0
301457438 7 0
301457437 0 0
301457436 3 3
301457435 8 0
301457434 300 4
301457433 10 0
301457432 0 4
301457431 33 47
301457430 4 3
301457427 0 0
301457426 0 1
301457425 1 0
301457424 26 9
301457423 2 0
301457422 12 7
301457421 10 10
301457420 4 2
301457417 15 0
301457416 25 7
301457415 1 3
301457414 2 32
301457413 4 17
301457412 15 4
301457411 1 1
301457410 22 36
301457409 4 1
301457408 15 8
301457405 1 1
301457402 0 1
301457400 12 2
301457399 2 10
301457398 4 1
301457396 1 1
301457395 5 1
301457393 7 1
301457392 1 2
301457391 1 4
301457390 7 2
301457389 0 3
301457387 0 1
301457386 3 0
301457385 10 1
301457384 14 7
301457383 21 9
301457382 7 3
301457381 1 0
301457379 2 1
301457378 2 14
301457377 0 0
301457376 3 0
301457375 1 0
301457374 18 30
301457373 2 0
301457372 3 0
301457370 35 5
301457369 527 4
301457368 0 2
301457366 1 0
301457364 6 0
301457363 4 1
301457362 4 21
301457361 1 0
301457358 6 1
301457356 0 0
301457355 0 0
301457354 0 21
301457353 0 1
301457352 0 1
301457350 23 10
301457349 19 12
301457347 8 0
301457346 3 1
301457345 4 4
301457344 3 0
301457343 22 15
301457342 1 0
301457340 4 0
301457339 1 8
301457337 3 0
301457336 1 3
301457335 0 0
301457334 43 11
301457333 2 0
301457332 468 4
301457329 12 11
301457327 1 1
301457326 0 1
301457325 7 0
301457324 1 2
301457323 39 11
301457322 39 9
301457321 13 5
301457320 8 1
301457319 13 9
301457317 0 1
301457316 27 10
301457315 15 8
301457314 2 6
301457313 3 0
301457312 4 0
301457311 0 3
301457309 0 2
301457307 25 8
301457305 2 3
301457304 2 1
301457303 6 9
301457302 7 0
301457301 1337 16
301457300 2 18
301457299 23 14
301457298 11 0
301457297 1 0
301457296 18 4
301457295 14 0
301457294 14 1
301457293 6 0
301457292 2 1
301457291 1 0
301457289 10 0
301457288 4 0
301457287 0 1
301457284 14 0
301457283 1 2
301457281 9 1
301457279 2 0
301457278 13 0
301457277 6 1
301457276 9 0
301457275 0 0
301457274 635 5
301457273 5 0
301457272 0 0
301457271 5 0
301457268 0 1
301457267 3 7
301457266 0 0
301457264 33 14
301457263 13 2
301457262 2 0
301457261 5 3
301457260 26 13
301457259 1 0
301457258 36 13
301457257 1 0
301457256 10 0
301457255 1 3
301457254 976 8
301457253 25 15
301457252 1 0
301457251 2 1
301457250 4 3
301457249 42 12
301457248 2 2
301457247 1 2
301457246 0 0
301457245 1 0
301457244 9 22
301457243 4 1
301457242 30 14
301457241 1 1
301457239 5 0
301457238 7 1
301457237 8 1
301457236 6 1
301457235 3 0
301457234 336 15
301457232 0 0
301457230 1 0
301457229 10 4
301457228 18 13
301457227 10 2
301457226 1 0
301457225 33 21
301457224 0 1
301457222 1 0
301457221 0 1
301457220 2 0
301457219 13 23
301457218 11 2
301457217 9 15
301457216 13 14
301457213 2 2
301457211 11 1
301457210 35 19
301457208 5 2
301457206 32 9
301457205 5 0
301457204 1 1
301457203 5 15
301457201 5 1
301457200 2 1
301457198 4 1
301457197 4 1
301457196 20 11
301457195 21 11
301457194 9 1
301457193 2 1
301457192 4 3
301457189 28 15
301457188 6 1
301457187 28 12
301457186 7 2
301457185 6 1
301457184 9 2
301457183 3 0
301457181 3 6
301457180 1 22
301457179 3 3
301457178 2 0
301457176 0 1
301457175 29 8
301457174 28 10
301457173 18 5
301457172 9 11
301457171 0 13
301457170 1 2
301457169 0 4
301457168 16 10
301457167 6 16
301457166 5 3
301457164 3 5
301457163 509 81
301457162 14 2
301457160 6 4
301457159 24 10
301457158 3 5
301457157 3 1
301457156 4 4
301457154 1 1
301457153 14 1
301457152 0 2
301457150 2 4
301457148 4 2
301457147 8 1
301457146 3 1
301457145 11 17
301457144 7 9
301457143 0 0
301457142 386 7
301457141 3 1
301457140 6 1
301457139 0 0
301457138 0 0
301457137 4 1
301457136 24 7
301457135 2 0
301457134 0 1
301457133 10 0
301457132 0 0
301457131 2880 39
301457130 17 0
301457128 0 0
301457127 0 0
301457126 0 0
301457125 0 0
301457124 0 1
301457122 5 3
301457121 1 1
301457120 15 5
301457119 6 0
301457118 1 3
301457117 0 4
301457116 7 1
301457115 1 0
301457114 1 2
301457113 4 1
301457110 1 1
301457109 32 3
301457108 2 4
301457107 10 4
301457106 5 7
301457105 1 2
301457104 14 6
301457103 2 2
301457102 0 1
301457101 0 3
301457100 2 1
301457099 1 2
301457098 5 0
301457097 0 0
301457096 27 5
301457093 3 2
301457092 370 17
301457090 0 3
301457089 7 1
301457088 2 0
301457085 20 5
301457084 2 2
301457082 1 0
301457081 5 4
301457080 4 3
301457079 0 2
301457078 0 0
301457077 8 0
301457076 5 0
301457075 14 1
301457073 2 2
301457072 0 8
301457069 21 5
301457068 3 3
301457067 3 2
301457066 17 6
301457065 7 3
301457063 9 3
301457062 2 2
301457061 10 0
301457059 49 4
301457058 36 4
301457057 0 2
301457056 1 3
301457055 0 1
301457053 2 8
301457052 7 1
301457051 1 1
301457050 15 8
301457049 6 2
301457048 13 7
301457047 0 0
301457046 4 6
301457045 0 3
301457044 1 28
301457043 7 6
301457042 1 0
301457041 1 0
301457040 2 0
301457039 0 3
301457038 1 0
301457037 2 1
301457036 0 0
301457035 2 0
301457034 0 0
301457033 3 2
301457032 0 2
301457031 5 2
301457029 0 0
301457028 0 0
301457027 22 12
301457025 3 1
301457024 1 7
301457023 10 0
301457022 9 1
301457021 19 5
301457019 16 0
301457018 19 3
301457017 2 1
301457014 0 0
301457013 3 0
301457012 0 1
301457010 21 5
301457009 1 1
301457008 16 17
301457006 2 2
301457005 6 7
301457003 8 3
301457002 0 0
301457001 2 2
301457000 4 61
301456999 0 2
301456996 1 0
301456995 9 8
301456994 2 0
301456992 1 1
301456991 1 1
301456990 4 0
301456988 0 0
301456987 0 2
301456986 1 0
301456985 0 0
301456984 0 5
301456983 0 3
301456982 1 0
301456981 1 0
301456980 366 31
301456979 3 3
301456978 0 3
301456977 20 1
301456976 1 0
301456974 5 0
301456972 2 0
301456971 14 4
301456970 0 2
301456969 15 4
301456968 0 0
301456967 0 1
301456965 0 1
301456964 3 0
301456963 0 0
301456962 6 3
301456961 3 1
301456960 15 0
301456958 5 0
301456957 2 2
301456956 7 16
301456955 17 3
301456954 14 2
301456953 5 3
301456952 9 7
301456951 1 1
301456950 5736 216
301456949 1 0
301456948 10 1
301456947 2 2
301456946 1 1
301456944 3 2
301456943 6 2
301456942 5 2
301456941 25 6
301456940 19 0
301456938 2 0
301456937 7 2
301456936 23 2
301456934 1 0
301456933 4 0
301456931 1 2
301456930 2 2
301456929 233 10
301456928 0 2
301456927 30 5
301456926 1803 56
301456925 13 6
301456924 3 2
301456923 0 3
301456922 8 0
301456921 11 0
301456919 17 11
301456918 12 3
301456917 17 5
301456916 7 0
301456915 1 3
301456914 7 0
301456913 27 2
301456912 502 6
301456911 0 0
301456910 8 4
301456909 9 6
301456908 2 0
301456907 0 1
301456906 0 1
301456905 2 1
301456903 2 2
301456902 567 8
301456900 4 1
301456899 1 0
301456896 6 19
301456895 6 0
301456894 5 1
301456890 9 4
301456889 3 0
301456887 1 0
301456886 1 0
301456884 7 0
301456883 5 3
301456882 3 1
301456881 22 5
301456880 0 0
301456879 0 0
301456878 3 1
301456877 5 1
301456876 3 4
301456875 0 15
301456874 27 5
301456873 14 8
301456872 8 0
301456871 9 0
301456870 1 1
301456869 5 4
301456868 0 0
301456867 0 0
301456866 1 4
301456865 7 3
301456864 2 0
301456863 0 0
301456862 16 5
301456861 0 1
301456859 1 3
301456858 0 0
301456857 94 32
301456855 0 2
301456854 45 3
301456853 566 5
301456851 20 8
301456850 0 4
301456849 5 1
301456848 27 6
301456847 0 1
301456845 3 2
301456844 0 2
301456843 6 29
301456842 9 9
301456841 0 2
301456840 7 14
301456839 8 18
301456838 0 0
301456837 9 7
301456836 0 3
301456835 0 0
301456834 0 0
301456833 2 1
301456832 1 2
301456831 4 0
301456830 0 0
301456829 0 0
301456828 0 0
301456827 32 5
301456826 7 6
301456824 0 1
301456822 10 19
301456820 2 0
301456818 1 9
301456817 18 4
301456816 1 4
301456815 6 1
301456814 9 3
301456813 5 2
301456812 1 2
301456811 11 15
301456810 1 17
301456809 3 1
301456808 3 0
301456807 15 4
301456806 0 1
301456805 14 2
301456804 2 3
301456802 2 0
301456801 0 1
301456800 1 0
301456799 15 9
301456798 1401 35
301456797 1 0
301456796 0 3
301456794 1 3
301456793 2 2
301456792 1 1
301456791 14 0
301456790 0 1
301456789 6 2
301456785 31 3
301456784 19 6
301456783 2 5
301456782 5 1
301456781 0 1
301456780 1 15
301456776 0 2
301456775 2 0
301456774 8 1
301456773 2 0
301456772 7 7
301456771 7 1
301456770 1 2
301456769 5 0
301456768 5 3
301456767 4 8
301456766 33 0
301456765 0 0
301456764 0 0
301456763 0 0
301456762 15 4
301456758 5 0
301456757 9 7
301456756 4 3
301456755 555 11
301456754 0 0
301456752 1 4
301456751 0 0
301456748 4 2
301456746 4 7
301456745 8 10
301456744 29 4
301456743 12 7
301456742 9 6
301456741 15 6
301456740 25 5
301456739 0 0
301456738 11 9
301456736 1 4
301456735 6 6
301456731 2 1
301456728 9 3
301456727 2 4
301456726 10 6
301456724 10 6
301456723 29 6
301456722 6 5
301456721 10 1
301456720 15 6
301456718 3 2
301456717 1 1
301456716 0 1
301456715 7 4
301456712 2 2
301456711 3 0
301456710 0 0
301456708 18 4
301456707 5 9
301456705 1 2
301456704 17 6
301456703 6 7
301456702 1 1
301456701 0 1
301456700 2 2
301456698 0 1
301456697 10 8
301456696 9 2
301456694 1 3
301456693 0 2
301456692 12 4
301456691 3 7
301456690 12 1
301456688 1 2
301456686 6 5
301456685 2 2
301456684 7 5
301456682 0 2
301456680 9 10
301456678 1 0
301456677 0 0
301456676 2 1
301456675 20 12
301456674 13 1
301456673 8 1
301456672 1 0
301456671 11 0
301456670 9 8
301456669 3 10
301456668 0 0
301456667 861 59
301456666 1 6
301456664 33 6
301456663 16 3
301456662 7 0
301456661 603 38
301456660 1 9
301456659 12 4
301456658 0 0
301456657 27 5
301456656 27 5
301456655 1 2
301456654 10 6
301456653 14 4
301456652 1 12
301456651 5 3
301456650 6 0
301456649 9 6
301456647 1 0
301456646 17 1
301456645 31 9
301456643 5 5
301456642 25 6
301456641 4 1
301456639 14 7
301456638 15 1
301456637 6 7
301456636 10 0
301456635 3 4
301456634 7 0
301456633 1 0
301456632 3 1
301456631 1 3
301456630 5 5
301456629 1 1
301456628 10 10
301456627 7 6
301456625 8 5
301456624 0 1
301456623 18 7
301456621 14 6
301456620 2 3
301456619 7 1
301456618 13 5
301456616 0 0
301456615 3 2
301456612 8 0
301456611 2 1
301456609 4 3
301456607 7 4
301456606 0 0
301456605 1 20
301456604 2 35
301456603 0 0
301456602 19 3
301456601 4 6
301456600 8 1
301456599 0 4
301456598 2 3
301456597 0 0
301456596 1 1
301456595 0 1
301456593 0 0
301456592 9 16
301456591 0 0
301456590 7 2
301456589 700 4
301456587 27 6
301456586 11 10
301456584 0 1
301456583 2 1
301456582 7 4
301456581 7 3
301456580 8 3
301456579 0 5
301456578 0 0
301456577 2 3
301456575 0 3
301456574 8 0
301456573 5 40
301456571 23 5
301456570 15 3
301456569 2 1
301456566 5 5
301456565 3 1
301456564 4 0
301456563 0 0
301456562 0 0
301456561 1 1
301456560 7 6
301456559 20 4
301456557 4 0
301456556 1 0
301456555 16 4
301456554 4 3
301456552 0 2
301456551 21 6
301456550 4 2
301456548 4 2
301456547 0 0
301456546 14 6
301456545 5 7
301456544 3 4
301456543 0 0
301456541 5 0
301456540 1 2
301456539 1 2
301456538 0 1
301456537 3 3
301456536 0 1
301456535 17 6
301456534 0 0
301456533 5 0
301456532 3 4
301456531 0 0
301456530 0 0
301456529 2 2
301456528 0 0
301456527 1 1
301456526 12 4
301456524 4 1
301456522 24 5
301456520 4 2
301456518 0 0
301456517 1 1
301456516 4 2
301456515 0 0
301456514 3 1
301456512 20 7
301456511 10 1
301456509 5 3
301456508 3 3
301456507 3 1
301456506 22 7
301456505 1 2
301456504 1 4
301456502 8 0
301456500 0 1
301456499 23 7
301456498 0 0
301456497 6 1
301456496 1626 259
301456495 1 2
301456494 1 0
301456493 20 7
301456492 2 4
301456491 6 5
301456490 0 0
301456489 6 5
301456488 1031 9
301456487 1 0
301456486 15 5
301456485 3 9
301456484 19 5
301456483 22 4
301456482 1 3
301456481 0 0
301456480 0 0
301456479 22 5
301456478 6 8
301456477 0 0
301456476 1 1
301456475 0 2
301456474 25 6
301456473 22 6
301456471 10 1
301456470 0 0
301456469 19 5
301456468 4 0
301456464 7 5
301456463 1 0
301456462 0 1
301456461 15 6
301456460 25 6
301456459 0 3
301456458 2673 29
301456457 4 0
301456456 1 0
301456455 0 0
301456454 5 3
301456450 0 2
301456449 7 0
301456447 9 6
301456446 17 6
301456445 0 0
301456444 15 6
301456443 11 10
301456442 6 4
301456441 2 0
301456440 5 4
301456439 4 0
301456438 2 0
301456437 4 8
301456436 11 1
301456435 23 4
301456434 0 0
301456433 2119 140
301456432 0 0
301456431 21 4
301456430 0 1
301456429 7 0
301456428 1 0
301456427 905 69
301456426 959 7
301456425 19 6
301456424 16 6
301456423 0 2
301456421 5 6
301456420 0 2
301456419 2 1
301456418 10 0
301456417 0 0
301456416 0 0
301456415 12 3
301456414 4 3
301456413 20 2
301456412 15 3
301456411 2 2
301456410 0 0
301456409 4 0
301456408 4 1
301456406 0 0
301456405 0 0
301456404 5 1
301456403 5 2
301456402 0 0
301456401 4 1
301456400 2 0
301456399 30 9
301456396 1 0
301456394 2 2
301456393 19 6
301456392 1 0
301456388 4 2
301456387 11 0
301456386 2 2
301456385 8 11
301456384 0 1
301456383 9 0
301456381 21 5
301456380 0 0
301456379 23 3
301456378 23 3
301456376 70 23
301456374 20 4
301456373 5 3
301456372 12 2
301456371 18 4
301456370 1 0
301456369 17 3
301456368 0 0
301456367 7 5
301456366 16 4
301456365 4 1
301456364 1 0
301456363 1 2
301456362 6 3
301456360 4 3
301456359 4 9
301456358 0 0
301456357 2 1
301456354 3 1
301456353 4 1
301456352 0 0
301456351 0 0
301456349 24 8
301456348 0 0
301456347 1 0
301456346 2 1
301456345 21 2
301456344 3 2
301456343 2 4
301456342 3 0
301456341 0 0
301456340 2 0
301456339 0 0
301456338 4 1
301456337 3 3
301456335 0 0
301456333 1 5
301456332 1 0
301456331 0 0
301456330 0 0
301456328 0 1
301456327 0 0
301456326 0 0
301456325 2 0
301456324 0 0
301456323 0 0
301456322 0 0
301456321 18 9
301456320 26 6
301456317 4 2
301456316 3 17
301456315 0 1
301456314 4 4
301456312 15 6
301456311 2 2
301456310 0 1
301456309 2 2
301456308 23 7
301456307 11 1
301456306 0 0
301456305 2 1
301456303 8 1
301456302 6 2
301456301 23 3
301456300 7610 1562
301456298 0 0
301456297 1 1
301456296 1 3
301456294 32 10
301456293 4 0
301456292 18 6
301456291 22 9
301456290 0 2
301456289 0 0
301456288 0 5
301456286 4 4
301456285 1 0
301456284 0 2
301456283 7 7
301456279 0 2
301456277 703 3
301456276 1 3
301456275 5 0
301456274 12227 96
301456272 8 1
301456271 0 0
301456270 6 8
301456269 3 0
301456268 3 9
301456267 4110 52
301456266 0 0
301456265 24 9
301456264 7 0
301456263 4 1
301456262 2 0
301456261 2 7
301456260 10 1
301456258 4 6
301456257 20 7
301456256 0 2
301456255 0 0
301456253 3 0
301456252 769 3
301456251 1 1
301456250 22 8
301456249 1797 18
301456248 0 0
301456246 6 4
301456244 9 1
301456243 24 8
301456242 2 0
301456240 13 4
301456239 23 4
301456238 0 0
301456237 1 8
301456236 18 8
301456233 2 0
301456232 17 8
301456230 2 3
301456229 7 0
301456228 4 1
301456227 0 0
301456226 0 0
301456225 10 1
301456224 0 0
301456223 15 0
301456222 0 1
301456220 4 0
301456219 0 0
301456218 15 8
301456217 0 0
301456215 2565 55
301456214 1 0
301456213 0 0
301456212 2046 42
301456210 21 5
301456209 8 9
301456208 14 4
301456207 0 0
301456206 5 8
301456205 0 0
301456204 16 12
301456203 0 1
301456202 0 1
301456201 0 0
301456200 10 0
301456199 3 1
301456198 3 4
301456197 1502 24
301456196 2 0
301456195 0 1
301456194 0 0
301456193 8 6
301456192 2 0
301456191 4 0
301456190 7 1
301456189 1 0
301456188 18 7
301456187 2 1
301456186 0 1
301456185 1 5
301456184 8 24
301456183 1 4
301456182 1 3
301456181 15 10
301456180 8 9
301456179 10 2
301456178 1 2
301456177 26 8
301456176 3 2
301456175 4 1
301456174 23 5
301456173 3 1
301456172 9 1
301456171 1 1
301456169 6 1
301456168 23 4
301456167 0 3
301456166 5 7
301456165 6 1
301456164 1 1
301456162 7 1
301456160 2 1
301456158 4 1
301456156 0 1
301456155 20 5
301456153 9 33
301456152 3 1
301456150 0 0
301456149 8 0
301456148 1 0
301456147 3 8
301456145 1 0
301456144 0 0
301456143 1 0
301456142 1 7
301456141 5 2
301456140 19 4
301456139 0 0
301456138 0 2
301456137 20 8
301456135 23 5
301456134 13 7
301456133 5 2
301456132 0 0
301456131 0 0
301456130 8 2
301456129 17 2
301456128 17 2
301456127 0 2
301456126 14 7
301456125 2 0
301456124 0 0
301456123 15 6
301456122 1 0
301456121 1 1
301456120 4 0
301456118 3 1
301456116 9 2
301456115 9 0
301456114 9 1
301456112 14 14
301456111 2 0
301456110 4 1
301456109 1 0
301456108 230 1
301456107 2 0
301456106 2 0
301456105 7 0
301456102 0 0
301456101 20 5
301456100 167 4
301456099 21 6
301456097 872 7
301456096 0 0
301456095 3 1
301456094 16 4
301456090 20 7
301456089 0 1
301456088 23 2
301456087 23 7
301456086 0 0
301456085 0 2
301456084 1 0
301456082 15 4
301456079 16 3
301456078 2 1
301456077 3 1
301456075 2 0
301456074 1097 124
301456073 0 5
301456072 0 0
301456071 22 18
301456070 2 0
301456069 2 2
301456068 3 0
301456066 17 4
301456065 4 0
301456064 0 0
301456061 4 4
301456060 0 2
301456059 0 0
301456057 0 0
301456056 5 2
301456055 0 0
301456054 0 2
301456053 4 1
301456052 19 6
301456051 6 1
301456050 1 0
301456049 972 18
301456048 7 0
301456046 3 0
301456045 7 3
301456044 0 0
301456043 6 3
301456041 7 1
301456040 4 0
301456039 0 1
301456037 3 0
301456036 4 2
301456035 0 0
301456034 3 1
301456033 27 9
301456032 0 1
301456031 4 0
301456030 0 0
301456029 6 1
301456028 4 3
301456027 0 0
301456026 2 0
301456025 1 0
301456024 9 0
301456023 0 2
301456022 0 1
301456021 2 0
301456020 0 1
301456019 1 0
301456018 925 7
301456016 6 4
301456015 1 0
301456014 0 1
301456012 2310 90
301456011 2 0
301456010 0 0
301456009 1 0
301456007 0 0
301456006 1 2
301456005 7 4
301456004 3 1
301456003 1 1
301456002 635 11
301456001 0 1
301456000 4 0
301455999 0 0
301455998 0 1
301455997 0 0
301455996 2 0
301455995 3 1
301455992 4 0
301455991 0 0
301455990 4 1
301455989 18 4
301455988 984 8
301455987 8 1
301455986 4 2
301455985 5 0
301455984 2 0
301455983 0 0
301455982 0 0
301455981 0 2
301455980 10 2
301455979 4 0
301455978 0 0
301455976 3 0
301455975 0 0
301455974 22 7
301455972 0 0
301455971 0 2
301455970 16 2
301455969 0 0
301455968 1412 33
301455967 0 1
301455964 0 1
301455962 19 3
301455961 3 3
301455960 27 3
301455958 0 0
301455957 27 5
301455956 3 1
301455955 0 1
301455954 6 3
301455952 7 0
301455951 1 0
301455950 1001 15
301455949 1 0
301455948 4 0
301455947 5 0
301455946 2 2
301455945 9 2
301455944 3 0
301455943 3 0
301455942 2 0
301455941 15 5
301455940 0 0
301455938 0 0
301455935 2 2
301455934 1 0
301455933 1 0
301455932 1 0
301455931 2 0
301455930 0 4
301455929 21 4
301455928 0 0
301455927 2 1
301455926 4 0
301455925 2 1
301455924 1 0
301455923 1 0
301455922 31 20
301455921 4 0
301455920 2 6
301455918 0 0
301455917 0 1
301455916 3 1
301455915 25 5
301455912 4 0
301455911 28 7
301455910 17 4
301455909 0 0
301455908 2 7
301455907 15 3
301455906 1 0
301455904 0 0
301455903 0 0
301455902 27 12
301455901 14 4
301455900 0 1
301455899 4 0
301455897 0 0
301455895 1 0
301455894 3 0
301455891 8 1
301455890 10 4
301455889 10 4
301455888 5 0
301455887 4 1
301455886 0 0
301455885 2 1
301455884 0 1
301455883 9 0
301455882 1 1
301455881 2 2
301455880 22 4
301455879 5 1
301455878 0 0
301455877 10 4
301455876 0 0
301455875 0 0
301455874 0 0
301455872 3 3
301455871 1 1
301455870 0 0
301455869 0 0
301455868 0 0
301455867 28 4
301455866 10 2
301455865 3 0
301455864 0 0
301455863 2 0
301455862 533 16
301455861 0 0
301455860 0 0
301455859 0 0
301455857 0 0
301455856 8 0
301455855 6 3
301455853 22 4
301455852 4 0
301455850 0 0
301455849 5 9
301455848 0 0
301455847 6 0
301455846 0 0
301455845 1 0
301455844 0 0
301455843 0 0
301455842 2 0
301455841 15 5
301455840 0 0
301455839 6 3
301455837 1 0
301455836 3 0
301455834 0 0
301455833 1 0
301455832 26 3
301455831 2 0
301455830 7 4
301455829 0 0
301455828 2 0
301455827 12 2
301455826 0 0
301455825 4 0
301455824 1 1
301455823 1 0
301455822 0 1
301455821 15 5
301455820 0 0
301455819 21 4
301455818 0 0
301455817 9 0
301455816 0 1
301455815 0 2
301455814 1 2
301455813 0 0
301455812 22 3
301455811 17 6
301455809 5 1
301455808 4 0
301455807 3 3
301455806 4 1
301455805 4 0
301455804 2 5
301455801 5 3
301455800 0 0
301455799 23 5
301455798 5 4
301455797 2 0
301455796 2 2
301455795 1088 57
301455794 1 0
301455792 3 0
301455791 0 0
301455790 2 0
301455789 0 1
301455788 2 0
301455787 0 0
301455785 0 1
301455784 3 0
301455783 2 2
301455782 0 0
301455781 1 1
301455779 2 0
301455777 9 2
301455776 1 4
301455775 0 0
301455774 31 2
301455773 0 1
301455772 4 4
301455771 0 0
301455770 2 0
301455769 1 0
301455768 9 0
301455767 7 2
301455766 2 2
301455765 5 3
301455764 3 3
301455763 0 0
301455762 0 1
301455761 4 0
301455760 0 0
301455758 0 0
301455757 17 3
301455756 8 1
301455755 5 10
301455754 21 5
301455753 20 6
301455752 0 1
301455751 0 0
301455750 1 0
301455749 0 0
301455748 3 0
301455747 9 2
301455746 1 0
301455745 0 0
301455744 5 0
301455743 17 3
301455742 2 0
301455741 1 0
301455740 1 2
301455739 0 0
301455738 6 2
301455737 2 1
301455736 3 0
301455734 0 1
301455733 0 0
301455731 0 0
301455730 19 2
301455729 0 0
301455727 0 1
301455726 9 1
301455725 0 0
301455724 0 0
301455723 6 0
301455722 10 1
301455721 0 0
301455720 2 0
301455719 1 1
301455717 1 0
301455716 1 1
301455714 0 0
301455713 4 1
301455712 0 0
301455711 27 3
301455710 10 5
301455709 2 5
301455708 1 0
301455706 2195 91
301455704 1 3
301455703 0 0
301455702 9 0
301455701 2159 28
301455700 3 0
301455699 3 1
301455698 3 0
301455697 1 1
301455696 5526 682
301455695 2 0
301455694 5 0
301455693 2865 311
301455692 2 0
301455691 11 2
301455690 3 2
301455689 2 0
301455688 17 0
301455686 0 0
301455685 0 0
301455684 0 0
301455683 3 0
301455682 5 0
301455680 1 0
301455679 0 0
301455677 3 0
301455676 3 14
301455675 4 0
301455674 4 3
301455673 4 0
301455672 15 2
301455671 4 2
301455670 4 0
301455669 2 11
301455668 0 3
301455667 5 2
301455666 46 15
301455665 17 4
301455664 10 0
301455663 2 1
301455662 0 0
301455661 12 1
301455660 3 2
301455659 2098 20
301455658 3 0
301455657 5 1
301455656 3 0
301455655 1912 32
301455654 17 3
301455653 3 0
301455649 0 0
301455648 5 1
301455647 5 1
301455646 619 12
301455645 3 0
301455643 8 0
301455642 5 1
301455641 20 2
301455640 4 0
301455639 15 0
301455638 1 0
301455637 4 1
301455635 3 1
301455634 5876 102
301455632 6 1
301455631 2 0
301455630 1 2
301455629 0 3
301455628 7 1
301455627 8 1
301455626 0 3
301455625 12 0
301455624 4 1
301455623 2 3
301455621 1 0
301455619 1 2
301455618 15 2
301455617 5 1
301455616 0 1
301455615 1 0
301455614 2 1
301455613 5 1
301455612 15 2
301455610 0 0
301455608 0 0
301455607 15 1
301455606 2 3
301455605 13 3
301455604 5 0
301455603 0 1
301455602 12 3
301455601 14 2
301455600 0 1
301455598 2 0
301455597 0 0
301455596 12 2
301455595 0 0
301455591 0 0
301455588 0 0
301455587 0 0
301455586 0 0
301455585 7 1
301455583 0 0
301455582 1 1
301455579 0 1
301455578 1 0
301455577 3 1
301455576 0 0
301455575 1 0
301455574 2 2
301455573 1 0
301455572 0 0
301455570 17 4
301455569 5 1
301455567 4 0
301455566 1217 5
301455565 1 0
301455564 0 0
301455563 2 0
301455562 4 1
301455561 3 0
301455560 2 0
301455559 0 0
301455558 3 0
301455557 1276 6
301455556 4 0
301455554 0 0
301455553 4 0
301455552 4051 59
301455551 0 1
301455550 0 0
301455549 0 2
301455548 1 18
301455547 1193 21
301455546 6 0
301455545 4 1
301455544 2 1
301455542 0 0
301455541 4 1
301455540 0 0
301455539 16 1
301455538 4859 621
301455537 0 0
301455536 0 0
301455534 1 1
301455533 15 3
301455532 0 0
301455531 1 1
301455530 0 0
301455529 0 0
301455528 3 0
301455527 0 1
301455526 698 13
301455525 0 0
301455524 631 18
301455523 9 0
301455522 2 0
301455521 0 0
301455520 1 0
301455519 0 0
301455518 9 1
301455517 9 1
301455516 3 0
301455514 0 3
301455513 1644 30
301455511 0 0
301455509 0 0
301455508 0 0
301455507 0 0
301455505 1 0
301455504 1 0
301455503 0 0
301455502 0 0
301455501 0 0
301455500 0 0
301455499 0 0
301455498 0 1
301455497 0 0
301455496 15 5
301455495 1 0
301455494 0 0
301455493 0 0
301455492 0 0
301455491 1 0
301455490 0 0
301455489 1661 16
301455488 2 1
301455487 14 2
301455486 6 0
301455485 0 0
301455483 0 0
301455482 1 0
301455481 0 0
301455479 0 0
301455478 0 1
301455476 2 1
301455475 0 0
301455474 0 3
301455473 1 1
301455472 10 0
301455471 1 26
301455469 2 0
301455468 0 0
301455467 1 0
301455466 1 1
301455465 1 1
301455463 5 4
301455462 0 0
301455461 2 2
301455460 0 0
301455459 7 0
301455458 11 0
301455457 16 2
301455456 0 6
301455455 4 7
301455454 9 1
301455453 0 1
301455452 1 5
301455451 0 0
301455450 23 6
301455449 1 30
301455448 1 1
301455447 0 0
301455446 4 0
301455444 1 0
301455443 0 1
301455442 4 1
301455441 0 0
301455440 8 0
301455439 0 0
301455438 1 4
301455437 0 0
301455436 0 6
301455435 0 0
301455434 2 9
301455432 3 1
301455431 1 1
301455430 0 1
301455429 2 4
301455428 0 0
301455426 0 0
301455425 0 0
301455424 1 2
301455423 3 0
301455422 13 9
301455421 1 0
301455420 0 0
301455419 0 0
301455418 28 9
301455417 0 0
301455415 2 0
301455414 0 0
301455413 1 0
301455412 0 0
301455411 7 0
301455410 0 6
301455409 0 0
301455408 5 4
301455407 9 2
301455406 4 0
301455405 0 0
301455404 0 0
301455403 0 0
301455402 0 0
301455401 0 0
301455400 0 0
301455399 6 2
301455398 3 2
301455397 1 1
301455396 0 0
301455395 4 0
301455393 0 1
301455392 654 18
301455391 0 6
301455390 2 0
301455389 2 2
301455388 2 2
301455387 0 0
301455386 0 7
301455385 0 0
301455384 1 0
301455382 5 0
301455381 2 0
301455380 4 0
301455379 3 0
301455378 0 0
301455377 6 1
301455376 2 6
301455374 0 0
301455373 2 0
301455372 1 0
301455371 0 0
301455370 1 0
301455369 1 2
301455368 0 0
301455367 3 0
301455366 9 1
301455365 0 2
301455364 3 2
301455363 25 9
301455362 1 0
301455361 1 5
301455360 16 4
301455359 1 7
301455358 17 6
301455357 6 0
301455356 0 0
301455355 0 0
301455354 3 3
301455353 0 0
301455352 0 0
301455351 1331 16
301455348 11 2
301455347 0 0
301455346 0 1
301455345 2 3
301455344 17 7
301455343 0 1
301455342 0 1
301455341 0 1
301455340 21 11
301455339 0 0
301455338 1 1
301455337 2 1
301455336 4 1
301455335 0 2
301455334 0 1
301455333 3 1
301455332 16 2
301455330 0 0
301455329 0 0
301455327 0 0
301455326 0 1
301455325 2 2
301455324 0 1
301455323 1 0
301455322 8 1
301455321 2 0
301455320 1 0
301455319 0 0
301455318 7 2
301455317 2 1
301455316 7 1
301455315 0 0
301455314 1052 9
301455313 30 14
301455312 13 2
301455311 4 26
301455310 0 0
301455309 0 1
301455308 0 2
301455306 0 0
301455305 5104 125
301455304 982 22
301455303 1 0
301455302 3 0
301455301 1 0
301455300 1 0
301455299 4 2
301455298 3 1
301455297 2 0
301455295 1 3
301455294 8 1
301455293 0 1
301455292 2 0
301455291 3 1
301455290 1 2
301455288 1 1
301455287 1 0
301455286 1 0
301455285 2 0
301455283 4 4
301455282 2 1
301455280 1 0
301455278 2 1
301455277 1 0
301455276 3565 334
301455275 1 0
301455274 22 7
301455273 11 5
301455272 10 4
301455271 1 1
301455270 1 1
301455269 1 0
301455268 3 4
301455267 3 0
301455266 0 3
301455265 4 3
301455264 6 3
301455263 0 0
301455262 0 0
301455261 1038 5
301455260 0 4
301455259 0 0
301455258 0 1
301455257 2 1
301455256 980 4
301455255 0 0
301455254 1 2
301455252 12 2
301455251 1 0
301455250 0 1
301455249 2 0
301455248 2110 15
301455247 5 0
301455246 0 0
301455245 0 0
301455244 0 2
301455243 0 0
301455242 0 0
301455241 1 0
301455240 50 14
301455239 0 0
301455238 6 0
301455237 0 0
301455234 7 2
301455233 2 2
301455232 2 2
301455231 8620 902
301455230 1 0
301455228 1 0
301455227 1 0
301455226 8 0
301455225 20 6
301455224 1 0
301455223 29 10
301455222 5 5
301455221 4 2
301455220 4 8
301455219 1 1
301455218 4 0
301455217 3 0
301455216 0 1
301455215 0 0
301455214 0 2
301455213 6 0
301455212 7 1
301455211 0 0
301455210 0 0
301455209 13 2
301455208 0 0
301455207 0 1
301455206 8 0
301455205 0 0
301455202 1 0
301455201 1 0
301455200 2 0
301455199 2 1
301455198 0 0
301455197 0 0
301455195 0 5
301455194 1 1
301455193 0 0
301455192 25 8
301455191 0 0
301455190 0 2
301455187 1 0
301455186 0 0
301455184 9 0
301455183 1 0
301455182 24 8
301455181 0 0
301455180 3 0
301455179 5 5
301455178 0 0
301455177 2 0
301455176 0 0
301455175 5 2
301455174 0 0
301455173 2 1
301455172 0 1
301455171 0 0
301455170 0 0
301455169 0 0
301455168 0 0
301455167 3 11
301455166 12366 375
301455164 1 0
301455163 3 0
301455162 0 0
301455160 12 13
301455159 30 6
301455158 0 0
301455157 0 1
301455156 0 3
301455155 0 0
301455154 0 0
301455153 0 2
301455152 14 3
301455151 23 5
301455150 0 0
301455149 0 0
301455148 13102 97
301455147 0 0
301455146 4 0
301455145 0 0
301455143 6 3
301455142 0 1
301455141 0 0
301455140 2 2
301455139 0 0
301455138 1 2
301455137 0 2
301455136 3 0
301455135 1 0
301455133 3 2
301455132 40 11
301455130 0 1
301455128 13 2
301455127 0 1
301455126 7057 934
301455125 2 0
301455124 0 2
301455123 0 0
301455122 0 1
301455121 9462 253
301455120 0 0
301455119 0 0
301455118 2 0
301455117 38 11
301455116 1 0
301455115 12 3
301455114 0 0
301455113 5 2
301455112 0 0
301455111 0 2
301455110 13 1
301455109 5 2
301455108 2 1
301455107 3 0
301455106 6 1
301455105 3 0
301455104 1 1
301455103 1 1
301455102 5 0
301455101 1 2
301455100 0 0
301455098 12 5
301455097 15 2
301455096 1 1
301455095 7 1
301455094 9 2
301455093 3 0
301455092 11 1
301455091 2 0
301455090 1 1
301455089 1 0
301455088 1 0
301455087 8 5
301455086 0 2
301455085 0 0
301455084 3 3
301455083 2 2
301455082 0 2
301455081 5 0
301455080 0 2
301455079 0 0
301455078 6 2
301455075 2 1
301455074 0 0
301455073 20 5
301455072 0 0
301455071 3 1
301455070 19 5
301455069 6 4
301455068 4 2
301455067 0 1
301455065 0 0
301455064 0 0
301455063 2 2
301455062 1 0
301455060 4 0
301455059 9 2
301455058 0 43
301455057 7 20
301455056 6 15
301455055 4 3
301455054 1 1
301455052 16 3
301455051 2 0
301455050 0 2
301455049 3 1
301455048 2 0
301455047 0 2
301455046 0 0
301455045 0 0
301455044 0 2
301455043 0 0
301455042 0 0
301455041 1 3
301455040 0 1
301455039 0 1
301455038 0 1
301455037 3 0
301455036 0 1
301455035 18 5
301455034 6 0
301455033 3 0
301455032 7 1
301455031 0 1
301455030 7 1
301455029 9 2
301455028 7 0
301455027 1 0
301455026 1 3
301455025 1 1
301455024 1 2
301455023 1 0
301455022 0 2
301455021 0 1
301455019 1 2
301455018 14 2
301455017 0 1
301455016 0 0
301455015 7 3
301455013 2 0
301455012 1 0
301455010 3 1
301455009 12 1
301455008 0 0
301455007 3 6
301455006 1 2
301455005 0 0
301455004 7 1
301455003 4 3
301455002 3 0
301455001 0 0
301455000 0 1
301454999 6 3
301454998 1 1
301454997 3 8
301454996 4 3
301454995 1 0
301454994 3 0
301454992 2 3
301454991 1 1
301454990 1 0
301454988 0 1
301454987 0 1
301454986 1 4
301454985 1 2
301454984 1 1
301454983 2 0
301454982 7 3
301454981 9 1
301454980 1 2
301454979 0 1
301454978 0 6
301454977 3 0
301454976 0 0
301454975 9 0
301454974 12 3
301454973 0 5
301454972 8 10
301454971 5 2
301454970 2 0
301454969 7 3
301454968 29 8
301454967 2 1
301454966 1 1
301454965 1 1
301454964 1 0
301454963 1 1
301454962 5 1
301454961 0 1
301454960 0 1
301454959 0 7
301454958 0 5
301454956 2 1
301454954 3 1
301454953 0 1
301454951 6 3
301454950 0 1
301454949 0 1
301454948 12 8
301454947 0 0
301454946 0 6
301454945 2 0
301454944 15 2
301454943 0 0
301454942 2 0
301454941 0 0
301454939 1 0
301454938 3 0
301454937 2 0
301454936 0 3
301454935 3 6
301454933 0 1
301454931 0 20
301454930 0 2
301454929 2 1
301454928 0 1
301454927 0 0
301454926 0 2
301454925 0 0
301454924 66 19
301454923 1 2
301454922 0 0
301454921 0 2
301454920 2 3
301454919 0 1
301454918 0 1
301454917 0 1
301454916 2 1
301454915 0 2
301454914 7 4
301454913 3 2
301454911 2 1
301454910 1 2
301454909 2 2
301454908 0 1
301454907 1 3
301454905 3 3
301454904 4 2
301454902 1 2
301454900 2 1
301454899 0 1
301454897 1 1
301454896 2 2
301454895 0 1
301454894 0 1
301454893 1 1
301454892 0 2
301454891 0 1
301454890 2 3
301454889 0 2
301454888 1 1
301454887 19 7
301454886 10 2
301454885 0 6
301454884 0 1
301454882 2 11
301454881 1 1
301454880 1 1
301454879 1 3
301454878 1 3
301454877 0 1
301454876 0 2
301454875 0 9
301454874 0 1
301454872 2 1
301454870 0 1
301454867 0 1
301454866 0 1
301454865 13 2
301454863 0 0
301454861 0 0
301454860 0 2
301454858 33 9
301454857 1 0
301454856 0 1
301454855 2 1
301454854 2 0
301454853 1 0
301454852 1 1
301454851 1 0
301454850 0 0
301454849 1 1
301454848 0 2
301454847 0 1
301454845 9624 383
301454844 0 1
301454843 0 1
301454841 4 1
301454840 0 0
301454839 6 1
301454838 4 4
301454837 9 1
301454836 1 1
301454834 1 0
301454833 1 0
301454832 0 0
301454831 0 0
301454830 0 0
301454829 0 0
301454827 0 0
301454826 0 0
301454825 0 0
301454824 0 0
301454823 14 1
301454822 0 0
301454821 0 0
301454820 0 0
301454819 0 0
301454818 0 0
301454816 14 1
301454815 2 1
301454814 0 0
301454813 2 1
301454812 0 0
301454811 0 0
301454810 0 1
301454809 0 0
301454808 0 1
301454807 0 0
301454806 13 1
301454805 0 0
301454804 1 3
301454803 0 0
301454802 0 0
301454801 2 1
301454800 0 1
301454799 0 2
301454798 0 0
301454796 1 0
301454795 1 0
301454794 1 0
301454793 2 0
301454792 1 0
301454790 2 3
301454789 2 2
