303958270 0 0
303958262 0 0
303958204 0 1
303958158 0 0
303958031 0 0
303958024 0 0
303958021 0 0
303958015 0 0
303958001 0 2
303957997 0 0
303957996 0 0
303957983 0 0
303957968 4 0
303957967 1 0
303957964 0 0
303957962 1 1
303957949 0 0
303957947 0 0
303957942 1 0
303957941 0 0
303957930 0 0
303957926 0 0
303957924 0 0
303957906 4 0
303957899 0 0
303957887 0 0
303957869 4 0
303957860 1 3
303957856 0 0
303957850 2 1
303957838 1 0
303957835 2 0
303957832 1 5
303957826 0 0
303957825 1 4
303957810 0 0
303957798 2 0
303957788 3 0
303957784 3 1
303957774 1 0
303957772 1 0
303957765 7 0
303957762 0 9
303957748 0 8
303957746 2 0
303957744 1 1
303957739 0 6
303957725 0 0
303957706 2 0
303957703 0 0
303957702 0 0
303957695 2 0
303957694 1 1
303957677 13 0
303957661 0 0
303957656 0 1
303957655 1 1
303957651 2 1
303957649 10 0
303957632 7 0
303957630 0 7
303957626 0 0
303957624 1 0
303957623 8 0
303957615 2 0
303957609 2 0
303957607 6 0
303957606 2 1
303957601 6 6
303957596 6 1
303957592 1 6
303957589 0 0
303957582 0 0
303957567 0 0
303957552 13 6
303957545 0 0
303957542 0 2
303957538 0 0
303957536 6 0
303957532 4 0
303957530 1 0
303957524 10 0
303957505 5 0
303957500 0 1
303957492 3 0
303957490 1 0
303957489 20 11
303957482 6 1
303957480 1 6
303957470 6 1
303957468 6 0
303957463 1 2
303957460 23 0
303957459 1 0
303957457 4 0
303957454 0 1
303957444 2 0
303957443 0 4
303957427 4 0
303957424 1 0
303957423 5 1
303957411 4 0
303957409 3 1
303957404 0 1
303957401 1 2
303957393 0 0
303957383 0 0
303957380 0 0
303957378 18 1
303957373 24 0
303957366 4 1
303957363 1 0
303957362 3 0
303957360 1 3
303957353 1 2
303957347 4 12
303957340 4 0
303957337 1 0
303957330 6 0
303957301 0 3
303957295 4 0
303957288 21 4
303957287 1 5
303957286 0 0
303957285 13 1
303957283 1 0
303957266 0 0
303957264 1 11
303957258 0 0
303957254 2 1
303957253 4 1
303957240 20 0
303957237 10 1
303957235 1 2
303957224 7 0
303957220 24 8
303957218 7 0
303957216 8 1
303957208 17 8
303957206 8 1
303957202 2 0
303957201 0 0
303957199 14 3
303957192 5 1
303957189 12 1
303957188 11 0
303957182 8 0
303957179 7 6
303957177 0 0
303957175 0 0
303957174 3 0
303957173 0 0
303957172 21 1
303957168 1 0
303957165 12 1
303957163 1 0
303957162 0 0
303957159 6 0
303957158 0 0
303957156 0 0
303957149 14 6
303957146 12 2
303957143 4 0
303957140 0 0
303957138 3 0
303957137 0 1
303957131 0 0
303957128 0 0
303957125 8 0
303957122 2 1
303957118 14 0
303957117 4 0
303957116 0 0
303957115 13 4
303957112 3 0
303957093 7 0
303957089 8 0
303957086 0 0
303957082 8 3
303957080 11 1
303957078 1 0
303957076 1 0
303957075 3 27
303957074 3 21
303957073 2 1
303957071 0 0
303957070 0 0
303957065 0 0
303957060 0 0
303957056 29 2
303957051 10 1
303957048 3 0
303957046 0 0
303957045 10 1
303957044 7 1
303957043 13 0
303957039 0 0
303957029 0 0
303957024 5 1
303957023 0 0
303957021 0 0
303957014 0 0
303957006 5 39
303957005 40 3
303957000 7 11
303956999 15 3
303956998 3 1
303956995 4 0
303956989 5 30
303956988 0 3
303956985 1 4
303956979 0 0
303956975 2 1
303956972 0 0
303956969 0 0
303956962 19 1
303956961 5 1
303956960 5 4
303956956 17 2
303956955 20 3
303956950 4 0
303956947 2 32
303956945 7 1
303956935 4 0
303956926 7 3
303956925 3 1
303956924 0 0
303956919 7 2
303956918 2 0
303956915 0 0
303956913 4 0
303956912 0 0
303956911 1 0
303956910 3 9
303956908 16 0
303956904 3 17
303956900 11 0
303956899 2 78
303956889 7 0
303956880 1 0
303956879 1 0
303956877 5 0
303956870 1 1
303956861 2 0
303956823 1 1
303956816 2 6
303956804 0 1
303956802 21 0
303956801 1 0
303956799 7 0
303956797 7 0
303956775 10 0
303956757 4 0
303956756 12 1
303956753 9 0
303956750 0 0
303956748 3 3
303956736 18 2
303956727 19 11
303956707 9 2
303956694 1 0
303956692 4 4
303956689 6 28
303956686 8 1
303956677 15 1
303956674 3 3
303956673 5 4
303956672 1 1
303956671 7 14
303956670 5 32
303956668 10 4
303956660 5 1
303956655 1 0
303956654 4 2
303956634 13 0
303956627 5 6
303956626 9 0
303956624 4 15
303956623 1 0
303956615 23 2
303956613 9 3
303956612 0 1
303956610 5 32
303956603 1 1
303956598 4 0
303956590 19 1
303956585 0 1
303956582 6 1
303956581 1 1
303956580 18 0
303956579 7 1
303956577 9 0
303956574 5 0
303956573 4 13
303956572 2 3
303956570 0 0
303956569 16 3
303956565 8 2
303956563 5 1
303956561 14 0
303956559 12 19
303956552 2 3
303956549 0 0
303956547 2 1
303956542 5 2
303956541 4 1
303956540 18 0
303956538 3 6
303956537 6 0
303956532 6 0
303956531 28 0
303956530 1 1
303956528 6 0
303956524 0 0
303956522 8 1
303956520 2 3
303956516 0 3
303956515 13 1
303956512 4 2
303956511 4 2
303956510 12 3
303956509 5 2
303956505 5 2
303956502 0 0
303956498 5 2
303956497 35 0
303956492 1 2
303956491 10 0
303956490 4 0
303956489 3 0
303956487 1 2
303956486 1 1
303956484 0 0
303956483 0 0
303956479 2 0
303956471 16 0
303956470 8 2
303956469 2 0
303956468 0 0
303956465 2 0
303956462 10 0
303956460 2 0
303956457 13 0
303956456 7 1
303956454 3 1
303956450 8 0
303956443 16 36
303956439 2 0
303956433 5 1
303956432 0 0
303956430 2 1
303956429 1 4
303956426 14 0
303956425 1 1
303956424 22 1
303956423 0 3
303956421 0 1
303956420 20 7
303956418 0 0
303956417 11 2
303956414 2 0
303956412 5 11
303956408 9 23
303956407 7 38
303956406 2 0
303956405 0 13
303956403 0 2
303956402 3 0
303956401 5 0
303956398 10 0
303956394 2 0
303956392 6 2
303956391 3 0
303956387 3 1
303956385 2 0
303956380 30 0
303956376 2 0
303956372 13 3
303956370 31 0
303956358 8 0
303956357 5 5
303956347 24 0
303956338 17 1
303956336 0 0
303956333 0 0
303956319 5 0
303956290 0 0
303956268 19 0
303956246 0 0
303956240 1 0
303956238 0 0
303956235 40 1
303956232 24 6
303956217 3 0
303956212 3 1
303956208 7 0
303956207 8 5
303956188 2 1
303956186 8 0
303956185 2 0
303956184 2 2
303956182 7 34
303956181 5 1
303956180 38 1
303956179 18 6
303956178 0 0
303956177 9 21
303956173 5 0
303956170 3 0
303956169 3 2
303956168 4 16
303956166 2 0
303956165 1 1
303956163 5 2
303956158 0 1
303956154 16 10
303956152 12 2
303956141 2 10
303956140 10 3
303956133 3 0
303956101 3 0
303956099 0 0
303956094 18 0
303956092 6 0
303956087 4 0
303956077 2 3
303956072 43 1
303956071 7 1
303956069 15 1
303956067 15 3
303956062 0 0
303956054 45 1
303956050 4 0
303956047 7 1
303956043 8 1
303956042 4 3
303956041 0 0
303956040 32 1
303956035 37 1
303956032 7 11
303956031 12 1
303956024 20 3
303956022 17 4
303956021 0 0
303956018 3 0
303956017 3 0
303956015 2 0
303956014 1 0
303956013 0 0
303956012 6 1
303956011 0 0
303956010 0 1
303956001 0 0
303955997 0 0
303955996 12 2
303955992 0 0
303955991 0 0
303955988 1 0
303955987 6 0
303955983 7 137
303955980 5 3
303955979 28 6
303955967 7 1
303955966 1 3
303955963 7 2
303955961 13 1
303955960 5 1
303955959 7 39
303955953 2 0
303955947 23 3
303955946 9 1
303955945 14 3
303955944 175 6
303955940 18 3
303955939 1 0
303955937 16 9
303955929 9 2
303955928 4 0
303955927 4 56
303955926 13 0
303955924 4 7
303955922 7 60
303955920 17 2
303955919 4 4
303955916 8 2
303955908 336 5
303955905 46 2
303955904 3 0
303955900 7 2
303955899 11 2
303955893 2 0
303955886 4 0
303955883 10 0
303955881 10 3
303955879 5 27
303955877 6 0
303955874 0 3
303955873 6 0
303955872 7 17
303955868 198 4
303955866 33 2
303955865 21 1
303955861 6 0
303955860 2 0
303955859 8 22
303955856 6 2
303955855 2 0
303955853 1 3
303955848 5 10
303955847 6 3
303955846 0 0
303955845 4 0
303955844 111 4
303955842 6 13
303955841 7 2
303955840 4 0
303955837 9 0
303955835 2 15
303955829 58 0
303955827 4 0
303955825 2 0
303955822 10 0
303955821 9 1
303955820 6 2
303955819 2 0
303955818 144 9
303955817 34 29
303955816 11 0
303955812 53 3
303955811 3 1
303955806 92 2
303955801 95 10
303955800 1 1
303955799 5 22
303955796 28 2
303955792 0 0
303955788 6 0
303955784 3 2
303955781 0 0
303955773 7 1
303955772 8 0
303955767 7 0
303955760 31 0
303955759 0 1
303955756 4 1
303955753 4 19
303955751 11 4
303955750 6 1
303955747 6 0
303955746 24 4
303955744 9 0
303955742 13 1
303955741 39 2
303955740 10 3
303955739 7 1
303955738 2 2
303955735 4 1
303955732 5 0
303955731 11 17
303955730 20 5
303955729 4 10
303955728 7 1
303955727 39 2
303955726 35 1
303955724 1 0
303955720 10 4
303955719 4 1
303955717 3 0
303955711 7 11
303955710 13 4
303955709 6 0
303955704 7 2
303955702 6 1
303955701 1 15
303955700 7 2
303955699 7 12
303955697 2 0
303955696 7 1
303955694 3 1
303955693 5 0
303955692 3 0
303955691 2 0
303955689 141 4
303955688 8 1
303955686 4 4
303955685 20 0
303955684 68 6
303955680 1 0
303955679 8 0
303955677 12 4
303955676 2 4
303955674 5 55
303955669 19 1
303955668 3 3
303955667 4 2
303955666 37 3
303955665 9 16
303955661 5 4
303955655 10 5
303955651 4 5
303955648 3 0
303955645 0 0
303955643 8 2
303955642 10 5
303955641 5 2
303955639 6 4
303955638 294 7
303955637 5 0
303955636 4 2
303955634 3 4
303955632 21 1
303955629 15 2
303955628 9 0
303955627 1 0
303955626 0 1
303955625 8 4
303955624 1 0
303955623 11 2
303955621 2 16
303955618 1 5
303955617 2 8
303955615 0 0
303955614 0 9
303955613 7 1
303955611 3 0
303955610 0 0
303955607 0 0
303955603 11 4
303955601 578 4
303955597 255 3
303955596 3 4
303955595 1 4
303955594 1 1
303955591 4 3
303955589 428 10
303955588 12 1
303955587 129 4
303955586 8 0
303955585 5 4
303955583 6 4
303955580 12 4
303955578 27 2
303955576 1 0
303955575 5 2
303955574 37 16
303955573 21 1
303955572 16 1
303955571 5 0
303955569 7 0
303955566 38 28
303955565 0 3
303955564 4 0
303955561 1 0
303955557 8 0
303955556 7 2
303955553 5 2
303955552 4 3
303955551 1 31
303955549 11 29
303955548 17 1
303955547 6 8
303955545 13 11
303955541 7 2
303955540 4 18
303955538 71 3
303955536 11 0
303955535 6 1
303955534 8 1
303955533 9 7
303955532 0 1
303955529 158 5
303955528 3 20
303955527 8 1
303955525 20 0
303955523 2 20
303955522 0 0
303955521 7 19
303955520 48 2
303955519 3 0
303955515 3 0
303955513 1 10
303955512 0 0
303955510 210 2
303955509 2 4
303955503 7 2
303955500 100 3
303955499 5 0
303955498 2 1
303955495 0 0
303955493 2 4
303955492 0 0
303955489 28 3
303955487 1 0
303955486 1 3
303955485 1 10
303955484 0 0
303955483 0 0
303955481 0 0
303955480 148 6
303955478 7 2
303955477 29 2
303955474 0 0
303955470 8 0
303955469 5 2
303955468 8 2
303955467 4 0
303955464 29 0
303955462 0 0
303955461 1 0
303955456 9 2
303955455 7 0
303955454 36 1
303955453 4 0
303955452 310 1
303955451 57 1
303955450 0 0
303955444 7 0
303955443 0 0
303955442 0 0
303955440 10 4
303955439 5 3
303955437 1 4
303955436 8 0
303955435 5 25
303955433 1 0
303955432 1 0
303955429 0 1
303955425 0 2
303955424 4 6
303955423 4 2
303955422 195 15
303955421 2 19
303955420 144 2
303955418 18 7
303955416 8 2
303955415 4 0
303955413 17 1
303955412 2 50
303955409 1 0
303955408 2 0
303955407 9 1
303955406 190 3
303955405 1 3
303955403 0 1
303955402 8 41
303955401 6 0
303955400 203 7
303955397 2 2
303955396 18 8
303955393 11 17
303955392 4 2
303955387 686 30
303955384 3 0
303955382 0 0
303955380 28 0
303955379 1 6
303955378 1 18
303955375 7 1
303955373 1 0
303955372 3 0
303955370 1 1
303955369 335 19
303955368 14 4
303955366 4 1
303955365 1 0
303955364 13 25
303955363 2 3
303955362 3 2
303955360 0 5
303955358 1 1
303955357 9 3
303955354 38 3
303955353 3 0
303955351 3 2
303955350 3 3
303955348 1 10
303955346 1 1
303955343 4 10
303955342 10 0
303955341 1 4
303955340 2 0
303955339 3 1
303955338 589 1
303955336 7 1
303955335 5 2
303955331 2 2
303955329 18 0
303955325 1 0
303955321 10 0
303955320 0 24
303955319 21 0
303955317 4 4
303955315 1 0
303955314 12 2
303955313 7 2
303955312 22 0
303955310 7 1
303955309 0 0
303955306 0 0
303955305 8 0
303955303 7 1
303955302 26 0
303955301 20 2
303955299 3 1
303955298 11 1
303955296 4 32
303955295 3 1
303955294 481 14
303955293 0 0
303955292 2 1
303955288 6 4
303955286 28 0
303955285 3 2
303955282 8 0
303955279 583 5
303955278 4 3
303955276 3 11
303955275 1 3
303955273 1 0
303955271 1 0
303955270 6 5
303955269 0 3
303955268 3 9
303955267 484 6
303955265 121 3
303955264 2 0
303955263 12 0
303955262 1 3
303955261 1 0
303955260 1 3
303955259 2 2
303955257 3 0
303955254 4 3
303955253 3 0
303955252 4 10
303955251 7 4
303955248 3 0
303955245 26 2
303955244 3 0
303955243 55 3
303955242 10 2
303955240 5 4
303955238 521 18
303955237 7 20
303955235 4 1
303955234 8 4
303955233 0 1
303955232 0 0
303955231 4 3
303955230 12 1
303955229 0 0
303955228 4 1
303955227 3 24
303955226 1 0
303955225 2 0
303955222 3 1
303955221 9 6
303955219 2 0
303955218 9 3
303955216 3 0
303955215 1 0
303955214 20 1
303955213 0 1
303955212 7 1
303955211 2 1
303955210 15 1
303955207 0 0
303955206 15 7
303955205 65 1
303955204 222 6
303955203 1 0
303955199 3 3
303955198 2 0
303955197 160 10
303955196 4 29
303955195 0 31
303955193 1 0
303955192 4 1
303955191 18 2
303955190 13 1
303955189 8 0
303955188 1 19
303955187 16 6
303955185 3 23
303955181 3 3
303955179 253 3
303955178 90 16
303955177 257 3
303955175 136 2
303955174 2 26
303955173 28 1
303955172 1 0
303955171 2 3
303955167 6 0
303955166 15 3
303955164 3 23
303955163 351 4
303955162 3 25
303955161 28 0
303955158 95 10
303955157 3 0
303955154 13 1
303955153 6 7
303955152 7 1
303955150 1 9
303955147 4 23
303955146 9 0
303955144 0 2
303955143 23 12
303955141 4 2
303955140 3 1
303955138 6 0
303955136 2 4
303955130 2 3
303955129 11 2
303955126 3 1
303955125 45 0
303955124 2 8
303955123 5 5
303955121 8 2
303955120 8 0
303955119 3 27
303955118 6 28
303955117 1 0
303955115 4 0
303955114 0 1
303955112 1 2
303955111 315 11
303955108 9 5
303955106 19 0
303955105 8 2
303955104 3 2
303955103 5 3
303955101 257 2
303955100 0 0
303955099 2 50
303955098 4 44
303955097 4 5
303955095 9 11
303955094 3 10
303955093 7 0
303955092 8 2
303955091 4 1
303955090 22 1
303955089 1 3
303955087 0 0
303955085 3 4
303955084 9 0
303955083 10 0
303955082 7 1
303955080 10 4
303955079 14 20
303955078 1 16
303955075 2 30
303955074 0 1
303955072 1 2
303955071 2 2
303955070 2 0
303955069 3 0
303955068 8 4
303955067 9 2
303955064 22 0
303955063 242 8
303955062 2 0
303955060 2 2
303955056 1 0
303955055 5 1
303955054 6 2
303955053 5 3
303955050 1 23
303955049 2 3
303955048 4 5
303955047 5 3
303955045 5 3
303955042 1 11
303955041 2 34
303955040 5 4
303955039 686 2
303955038 485 5
303955037 1384 11
303955036 3 0
303955035 9 2
303955034 10 11
303955030 5 3
303955028 16 33
303955027 3 2
303955026 2 8
303955024 1 0
303955023 8 1
303955022 535 5
303955020 2 40
303955019 9 3
303955013 2 45
303955011 21 1
303955010 3 1
303955008 1 0
303955007 1 46
303955006 0 1
303955005 143 7
303955003 0 0
303955002 0 0
303955000 8 3
303954999 1 18
303954994 7 2
303954993 0 1
303954991 280 15
303954990 10 1
303954989 1 3
303954987 9 4
303954986 5 23
303954985 20 5
303954984 126 3
303954983 6 1
303954982 7 26
303954981 3 5
303954980 10 3
303954979 0 1
303954977 8 5
303954976 10 3
303954975 3 1
303954974 2 1
303954973 137 3
303954972 19 0
303954971 5 2
303954970 4 41
303954968 0 1
303954967 4 1
303954966 3 1
303954965 12 4
303954964 3 1
303954963 11 1
303954961 1 0
303954960 17 4
303954959 7 1
303954957 2 3
303954954 1 1
303954953 18 1
303954952 13 3
303954951 0 0
303954950 8 1
303954949 0 0
303954948 0 3
303954945 219 6
303954943 2 1
303954942 8 2
303954941 488 17
303954940 11 3
303954939 7 1
303954938 2 2
303954937 2 1
303954936 4 1
303954935 1 0
303954934 4 2
303954931 4 2
303954930 4 2
303954929 2 3
303954928 2 3
303954927 1 1
303954926 18 1
303954925 2 12
303954924 5 3
303954923 0 0
303954922 4 2
303954921 165 11
303954919 1 0
303954917 3 1
303954916 978 17
303954915 24 1
303954914 1 0
303954913 4 4
303954912 1 2
303954911 411 13
303954908 2 1
303954907 2 1
303954906 7 0
303954905 26 8
303954904 17 7
303954903 1 1
303954902 1 2
303954899 8 2
303954898 8 1
303954896 4 2
303954895 19 2
303954893 2 1
303954892 1 0
303954891 6 2
303954890 6 2
303954889 3 2
303954887 10 7
303954884 1 1
303954881 8 3
303954880 1 1
303954878 9 4
303954876 6 3
303954875 1119 33
303954874 7 2
303954873 92 2
303954872 3 3
303954871 7 2
303954869 3 0
303954868 8 3
303954867 2 1
303954866 2 0
303954864 3 1
303954862 0 6
303954861 11 10
303954860 2 0
303954859 6 2
303954858 4 1
303954854 0 1
303954853 2 2
303954852 6 2
303954851 7 0
303954850 0 0
303954849 5 2
303954848 160 5
303954847 1 2
303954846 6 0
303954843 2 1
303954841 4 3
303954840 1 2
303954838 7 3
303954837 10 0
303954835 4 1
303954834 6 3
303954833 330 9
303954832 0 0
303954831 2 2
303954830 20 1
303954829 1 2
303954828 6 1
303954827 1 7
303954825 3 3
303954824 1 0
303954823 464 6
303954822 7 0
303954821 2 2
303954820 2 2
303954818 1 0
303954814 4 3
303954813 5 2
303954812 6 3
303954811 150 9
303954810 3 3
303954809 4 2
303954808 6 2
303954807 0 0
303954806 5 1
303954805 1 3
303954804 9 3
303954802 1 3
303954801 9 1
303954800 7 0
303954799 8 2
303954797 1 0
303954796 5 2
303954795 8 1
303954794 206 4
303954792 8 1
303954791 4 3
303954790 4 2
303954789 0 0
303954788 0 0
303954787 3 4
303954785 1 3
303954783 157 2
303954782 0 0
303954780 18 0
303954777 4 0
303954776 4 3
303954775 2 2
303954774 7 1
303954773 144 4
303954771 3 1
303954770 5 1
303954769 6 5
303954768 9 4
303954767 3 1
303954766 3 0
303954764 2 3
303954760 3 1
303954759 5 1
303954758 3 0
303954757 7 1
303954756 4 2
303954752 4 6
303954749 10 0
303954748 3 7
303954746 985 41
303954742 2 0
303954740 9 4
303954739 5 3
303954737 1 0
303954735 9 1
303954734 371 6
303954733 1 0
303954732 7 0
303954731 3 3
303954730 7 1
303954729 6 3
303954728 12 1
303954727 2 4
303954725 4 1
303954724 4 1
303954723 1 1
303954722 2 1
303954721 3 2
303954719 4 4
303954718 1 1
303954716 2 0
303954715 5 0
303954713 10 3
303954712 4 3
303954711 7 0
303954710 4 0
303954709 4 4
303954708 8 4
303954707 4 1
303954706 8 1
303954705 9 3
303954704 1 0
303954703 497 10
303954701 7 0
303954700 3 0
303954698 7 1
303954697 2 5
303954696 6 64
303954695 8 2
303954693 0 0
303954692 0 0
303954691 10 1
303954689 1 0
303954688 0 0
303954687 5 1
303954685 3 2
303954684 6 4
303954683 8 1
303954682 2 1
303954681 3 2
303954680 4 4
303954679 8 1
303954678 11 6
303954677 15 0
303954676 174 13
303954675 0 0
303954673 11 2
303954672 357 3
303954671 1 2
303954670 1 1
303954669 5 1
303954668 2 1
303954667 9 43
303954666 2 0
303954665 2 0
303954664 4 1
303954662 1 0
303954661 3 0
303954658 1 3
303954657 6 1
303954654 3 1
303954653 35 5
303954652 8 1
303954649 6 1
303954648 9 0
303954646 0 0
303954645 7 2
303954644 0 0
303954643 3 5
303954642 0 0
303954641 0 5
303954640 10 1
303954639 0 1
303954638 583 9
303954637 3 1
303954634 1 0
303954632 8 0
303954631 2 4
303954630 3 0
303954629 2 1
303954628 4 3
303954627 88 6
303954626 10 11
303954624 3 1
303954623 3 1
303954622 4 1
303954621 7 1
303954620 11 1
303954619 2 2
303954618 3 2
303954617 3 0
303954616 3 1
303954615 14 1
303954613 5 0
303954612 3 2
303954611 6 2
303954610 2 1
303954609 7 5
303954608 14 2
303954607 1 0
303954606 11 3
303954605 5 4
303954604 6 1
303954602 5 1
303954601 9 1
303954600 9 2
303954599 1 0
303954598 2 1
303954597 1 3
303954596 0 0
303954595 262 6
303954594 1 1
303954593 12 1
303954592 3 0
303954591 7 4
303954589 3 1
303954587 1 1
303954586 5 4
303954585 1 0
303954584 1 1
303954583 1162 47
303954582 8 0
303954581 1 3
303954580 4 1
303954579 0 0
303954578 7 35
303954577 2 0
303954575 2 2
303954574 0 0
303954573 3 0
303954572 1 0
303954569 5 1
303954567 0 0
303954565 2 1
303954564 4 3
303954562 2 1
303954561 12 4
303954560 4 1
303954559 1 0
303954558 7 3
303954557 5 1
303954556 13 4
303954555 1 2
303954554 4 3
303954553 8 1
303954552 1 1
303954550 1776 49
303954549 6 0
303954548 3 6
303954547 0 0
303954546 9 1
303954545 0 0
303954543 8 1
303954542 4 5
303954541 5 1
303954540 3 1
303954539 3 1
303954538 2 3
303954537 7 3
303954536 5 2
303954535 2 6
303954534 355 11
303954533 1 2
303954532 2 0
303954531 2425 121
303954530 241 4
303954528 1 2
303954527 4 3
303954526 5 5
303954525 21 1
303954524 6 8
303954522 2 3
303954521 1 2
303954518 5 4
303954517 4 1
303954516 2 1
303954515 2 2
303954512 8 0
303954511 0 0
303954510 4 1
303954509 0 3
303954508 0 0
303954506 557 4
303954505 7 28
303954504 1 1
303954503 2 0
303954502 6 1
303954501 5 1
303954500 2 1
303954499 6 2
303954498 2 3
303954497 7 3
303954495 6 1
303954494 3 6
303954493 4 1
303954492 5 1
303954490 1 0
303954488 0 2
303954487 16 2
303954485 3 2
303954484 18 1
303954481 3 0
303954479 1 0
303954478 7 1
303954476 8 33
303954474 1 3
303954473 2 2
303954472 1 9
303954471 1 0
303954470 3 0
303954469 4 2
303954468 9 0
303954467 468 17
303954466 0 0
303954465 1 5
303954464 5 1
303954463 7 2
303954462 0 5
303954461 1 0
303954460 0 0
303954459 2 9
303954457 3 1
303954456 4 1
303954455 5 1
303954454 2 2
303954453 2 2
303954452 2 3
303954450 4 4
303954449 606 28
303954448 7 0
303954447 5 10
303954445 4 0
303954444 4 0
303954443 1 2
303954441 2 3
303954440 0 0
303954439 3 1
303954438 287 15
303954437 9 0
303954436 3 1
303954435 8 2
303954434 5 1
303954433 11 2
303954431 5 4
303954429 2 2
303954427 1 31
303954426 5 1
303954425 1128 44
303954424 3 4
303954423 0 2
303954422 3 1
303954421 0 0
303954420 1 2
303954419 1 2
303954418 1 2
303954417 24 12
303954416 8 1
303954415 3 0
303954414 2 0
303954413 416 49
303954412 860 67
303954411 1 2
303954410 1 0
303954409 7 3
303954408 7 9
303954407 8 0
303954405 1 2
303954404 1 0
303954403 4 2
303954402 6 0
303954401 3 0
303954400 1 0
303954399 5 0
303954398 416 16
303954397 11 3
303954396 478 31
303954394 2 1
303954393 7 3
303954392 587 27
303954391 4 1
303954390 4 3
303954389 1 1
303954388 22 3
303954387 4 0
303954386 10 0
303954385 2 2
303954384 2 1
303954383 5 1
303954381 2 2
303954380 2 1
303954379 4 0
303954377 4 5
303954375 3 1
303954374 1 0
303954373 2 1
303954372 9 0
303954370 0 2
303954369 5 5
303954368 7 1
303954367 2 3
303954366 1 0
303954365 2 1
303954364 2 0
303954361 5 4
303954358 3 4
303954357 5 0
303954356 9 20
303954355 2 4
303954354 14 7
303954352 15 4
303954350 20 2
303954349 2745 22
303954347 3 7
303954346 5 2
303954345 5 2
303954344 1 0
303954343 2 0
303954342 1 0
303954341 4 0
303954339 6 1
303954338 367 15
303954336 5 2
303954335 3 1
303954334 3 0
303954333 0 1
303954332 1 3
303954331 3 1
303954330 4 2
303954329 2 2
303954328 10 1
303954327 19 1
303954326 69 6
303954325 4 4
303954324 3 1
303954323 9 0
303954321 5 3
303954320 8 1
303954319 2 0
303954318 7 8
303954317 12 5
303954316 4 3
303954315 2 3
303954314 3 3
303954313 3 2
303954312 1 4
303954311 1 0
303954310 3 1
303954309 4 1
303954308 2 0
303954307 147 10
303954306 2 0
303954305 0 1
303954304 1 3
303954303 26 12
303954302 9 1
303954301 6 5
303954300 4 1
303954299 574 43
303954297 2 0
303954296 2 0
303954294 7 4
303954292 1 0
303954290 4 0
303954289 3 6
303954288 2 0
303954287 2020 147
303954284 2 10
303954283 23 7
303954282 1 0
303954281 3 4
303954280 0 0
303954279 1 0
303954278 12 0
303954277 0 0
303954276 1 4
303954275 7 9
303954274 1 1
303954273 89 10
303954272 8 0
303954270 0 0
303954269 8 5
303954268 9 0
303954266 1 0
303954265 3 2
303954263 7 1
303954262 6 1
303954259 0 0
303954258 5 1
303954257 5 4
303954256 3 4
303954255 2 1
303954254 337 1
303954252 88 6
303954250 1 1
303954249 59 6
303954248 6 1
303954247 4 2
303954245 0 1
303954244 1 1
303954243 3 0
303954242 5 3
303954241 3 4
303954240 4 0
303954239 10 4
303954238 193 7
303954237 7 6
303954236 1696 31
303954235 9 0
303954234 5 2
303954233 1 0
303954232 10 0
303954231 503 17
303954229 763 128
303954228 5 4
303954227 4 0
303954225 1 2
303954224 2 4
303954223 10 1
303954221 15 11
303954220 10 3
303954218 17 13
303954217 8 1
303954216 4 3
303954215 2 0
303954214 8 2
303954213 0 3
303954212 8 8
303954211 2 1
303954210 0 1
303954209 0 5
303954208 2 0
303954207 0 0
303954206 4 3
303954205 11 0
303954204 3 4
303954202 339 9
303954201 0 0
303954200 3 0
303954199 0 3
303954198 1 3
303954197 7 2
303954196 3 2
303954195 2 0
303954194 0 0
303954193 2 5
303954192 2 9
303954191 3 1
303954190 0 0
303954188 2 27
303954187 2 3
303954186 2 1
303954185 10 3
303954184 1 3
303954182 0 0
303954181 8 2
303954179 0 0
303954178 1 0
303954177 0 0
303954176 2 2
303954175 0 0
303954174 8 1
303954172 2 2
303954171 3 3
303954170 8 3
303954169 2 0
303954168 2 3
303954167 2 9
303954166 0 0
303954164 10 3
303954163 232 12
303954162 0 0
303954161 0 1
303954160 2 1
303954159 5 1
303954157 5 0
303954156 3 0
303954155 2 19
303954154 2 3
303954153 5 4
303954151 1400 41
303954150 1 0
303954149 8 0
303954148 2 3
303954146 5 0
303954145 1 0
303954143 1 0
303954142 2 3
303954141 8 2
303954140 5 5
303954139 0 0
303954138 7 3
303954137 4 3
303954136 3 1
303954135 3 4
303954134 1 0
303954133 0 0
303954132 6 1
303954131 5 4
303954130 1 1
303954129 0 0
303954128 4 2
303954127 0 0
303954126 0 0
303954125 6 0
303954124 4 2
303954123 0 0
303954122 0 0
303954121 2 3
303954120 0 0
303954119 1 0
303954118 3 0
303954117 4 2
303954116 1 3
303954115 2 5
303954113 4 16
303954112 1 2
303954111 1 3
303954109 2 3
303954108 8 2
303954107 2 0
303954106 6 1
303954105 1 0
303954103 1 2
303954102 4 2
303954101 6 0
303954100 6 0
303954099 1450 25
303954097 1 3
303954096 1 3
303954094 6 0
303954093 0 0
303954091 1 0
303954089 9 0
303954086 3 11
303954083 0 0
303954082 539 34
303954081 5 4
303954080 0 0
303954078 7 1
303954077 0 0
303954076 5 1
303954074 9 0
303954073 2 0
303954072 1 2
303954071 0 0
303954070 385 2
303954069 5 1
303954067 0 1
303954066 0 2
303954065 1 0
303954064 3 0
303954063 411 7
303954062 2 1
303954060 2 0
303954059 2 2
303954058 0 0
303954057 1 0
303954056 1 3
303954055 2 2
303954054 0 0
303954053 3 3
303954051 2 2
303954050 4 1
303954049 7 0
303954047 9 0
303954045 0 1
303954043 2 3
303954042 5 3
303954041 1 4
303954040 0 2
303954039 1 1
303954038 78 11
303954036 1 1
303954032 3 1
303954031 1 0
303954029 0 0
303954027 1 2
303954026 0 0
303954025 7 0
303954024 5 0
303954023 0 0
303954022 0 2
303954021 4 3
303954020 1 0
303954018 2 3
303954016 0 3
303954015 6 1
303954014 5 1
303954012 0 2
303954011 7 1
303954010 2 3
303954009 5 1
303954008 1 2
303954006 0 4
303954005 0 4
