303957581 0 0
303957579 0 0
303956783 0 0
303955445 3 0
303955388 2 0
303946931 0 1
303941276 0 0
303940128 0 0
303940086 0 0
303940080 0 0
303940071 0 0
303939447 0 0
303935183 0 0
303935131 1 0
303916976 0 0
303916967 8 0
303916954 0 0
303916936 0 0
303912720 0 1
303901722 0 0
303876488 6 0
303876343 0 0
303871163 0 0
303865466 3 1
303865465 0 0
303864959 0 0
303864806 0 6
303864804 3 6
303864708 0 0
303864660 4 1
303864394 0 0
303864079 2 1
303863731 0 0
303859983 1 0
303859856 3 0
303859838 1 0
303857111 2 0
303857107 3 0
303856923 1 5
303856412 1 1
303856281 3 0
303856277 1 0
303856273 2 0
303854413 5 2
303854379 5 0
303854360 1 0
303851005 0 0
303824417 4 0
303805127 3 0
303804865 0 1
303804633 7 0
303804605 0 0
303804362 0 1
303804005 13 11
303803751 10 1
303803344 2 16
303800668 1 0
303799228 0 0
303798026 0 1
303797934 5 1
303797169 4 1
303796840 8 0
303796838 1 7
303795680 0 1
303791698 1 7
303791065 0 2
303790781 0 0
303790290 0 0
303790287 10 0
303788790 10 0
303787321 4 1
303764715 1 0
303764689 8 0
303764343 8 0
303764340 2 0
303764338 1 0
303763082 0 0
303754487 2 0
303753849 12 0
303753845 1 0
303753840 0 0
303753271 3 0
303745138 1 3
303744940 6 6
303744740 3 3
303744489 0 0
303744485 0 0
303744304 0 1
303744201 4 2
303744049 2 3
303743994 1 5
303743639 1 5
303743465 38 16
303743438 2 0
303743175 0 1
303741581 6 9
303741450 4 0
303741448 7 0
303741434 10 3
303741426 3 0
303741173 0 0
303741160 7 0
303740894 11 3
303740521 9 0
303740373 1 0
303740371 9 0
303740032 17 0
303739920 6 0
303739840 4 0
303739521 2 6
303739297 14 1
303738737 0 0
303738589 13 0
303738579 0 5
303738576 0 9
303738457 4 1
303738219 1 17
303738122 10 6
303738105 4 0
303737998 19 7
303737545 6 40
303737481 2 0
303737446 0 0
303737439 7 0
303737434 3 0
303737305 0 0
303737301 8 3
303737014 0 0
303736999 1 0
303736978 34 1
303736900 5 1
303736782 3 0
303736671 0 2
303735972 6 0
303735968 9 0
303735527 0 0
303735474 4 0
303735424 14 0
303735062 12 0
303735026 3 13
303735014 18 3
303735007 9 0
303734664 11 0
303734587 1 0
303734510 0 0
303734505 0 0
303734402 6 0
303734398 8 0
303734387 1 0
303734381 18 3
303733793 7 0
303733737 0 0
303733736 2 0
303733648 3 0
303733621 0 1
303733560 1 4
303733552 30 0
303733406 17 1
303733347 13 0
303733337 1 4
303733261 11 0
303733046 0 0
303732586 0 0
303732443 17 0
303732356 4 0
303732232 22 3
303731680 12 0
303731295 0 0
303731261 0 2
303731220 5 3
303731205 7 0
303731173 13 3
303731141 20 26
303730895 3 49
303730734 0 0
303730027 1 0
303729779 0 0
303729549 5 0
303729417 7 2
303729285 0 0
303729251 2 0
303729190 19 2
303728413 0 2
303727864 13 12
303727752 23 14
303727540 8 1
303727500 14 1
303727264 9 5
303727216 4 3
303726589 12 19
303724930 3 1
303724928 19 0
303724913 7 0
303724866 0 0
303724754 14 10
303724716 17 32
303724678 30 6
303724641 0 3
303724431 7 52
303724423 15 16
303724406 0 0
303724391 5 1
303724339 27 1
303724333 3 0
303724165 6 6
303724062 1 4
303724023 0 0
303723746 1 1
303723741 9 13
303723616 17 1
303723438 3 21
303722733 12 0
303722703 0 0
303722694 12 0
303722609 1 4
303722463 46 10
303722454 0 0
303722274 6 4
303722157 36 7
303722082 19 38
303721924 16 47
303721901 2 0
303721897 0 14
303721758 0 2
303721699 4 37
303721562 25 13
303721554 5 7
303721466 0 0
303721274 10 34
303721253 0 2
303720328 38 15
303720277 6 1
303720274 11 0
303720047 4 29
303719621 10 7
303719521 2 0
303717753 38 7
303717694 2 0
303717470 5 1
303711283 22 1
303711243 0 2
303710924 9 3
303710918 1 3
303710878 16 1
303710831 9 2
303710663 5 8
303710655 8 1
303710555 37 18
303710010 13 5
303709999 7 1
303709976 3 12
303709717 0 6
303709344 17 4
303708981 13 6
303708950 6 0
303708943 0 0
303708942 2 1
303707598 5 2
303707566 11 1
303707117 3 4
303706704 19 44
303706619 5 0
303705932 0 0
303705810 16 29
303705309 0 0
303702740 4 2
303701644 0 0
303698805 1 2
303698795 12 0
303698758 16 4
303698597 12 4
303698592 0 0
303698576 2 7
303698334 0 0
303698307 16 28
303698216 5 0
303698171 12 6
303698137 5 2
303698102 5 0
303698097 7 0
303698083 14 0
303698068 32 1
303698063 19 2
303698051 6 0
303698023 18 0
303697156 22 12
303697139 24 0
303697122 16 6
303696924 16 28
303696837 8 22
303696789 10 0
303696733 3 2
303696218 14 0
303696053 3 35
303696049 10 0
303695911 25 0
303695907 14 33
303695845 3 3
303695688 2 0
303695609 16 0
303695319 9 17
303694203 0 1
303694039 0 0
303693270 9 10
303692703 2 0
303692428 0 0
303692412 7 1
303692053 14 0
303692020 7 0
303685857 17 4
303685845 0 0
303685773 34 27
303685652 2 9
303685592 10 0
303685542 0 0
303685535 13 0
303685515 12 0
303685512 6 0
303685508 23 1
303685502 4 58
303685493 3 32
303685488 0 6
303685473 23 53
303684890 21 11
303684805 10 3
303684796 0 4
303684764 13 0
303684757 0 0
303684669 4 29
303684651 0 59
303684633 12 3
303684593 2 1
303684275 0 1
303684178 3 0
303684166 8 0
303684131 7 42
303684076 11 5
303684060 8 34
303684047 1 22
303683949 2 0
303683895 21 16
303683658 0 0
303683553 20 2
303683531 0 1
303683530 0 0
303683352 6 0
303683318 7 5
303683200 9 3
303682905 0 0
303682850 8 5
303682774 3 4
303682594 0 0
303682533 14 4
303682524 26 46
303682477 2 41
303682476 3 37
303682405 12 18
303682404 60 14
303682399 9 0
303682394 5 41
303682391 17 3
303682316 12 0
303682297 12 18
303682288 8 1
303681895 0 0
303681795 26 33
303681605 25 23
303681561 52 6
303681529 1 0
303681338 11 12
303680905 6 82
303680834 21 1
303680457 40 41
303680359 8 0
303680301 56 10
303680281 2 5
303680184 7 21
303679116 0 0
303679007 9 1
303678835 40 39
303678828 61 15
303678785 24 35
303678618 0 0
303678043 45 9
303677039 4 0
303676771 0 0
303676543 22 3
303676261 28 5
303676090 10 0
303675946 20 39
303675791 6 0
303675647 0 0
303675507 20 25
303675217 0 0
303674585 20 47
303673403 7 0
303673397 8 0
303673376 18 1
303673275 6 1
303673213 12 0
303673156 9 57
303673113 27 2
303672893 1 25
303672822 14 4
303672821 0 0
303672814 2 2
303672813 9 49
303672810 13 52
303672807 11 2
303672801 3 58
303672799 15 1
303672796 8 0
303672782 11 0
303672777 0 0
303672769 12 1
303672766 8 0
303672758 1 0
303672757 1 0
303672756 9 35
303672748 3 43
303672743 12 1
303672739 50 9
303672732 4 0
303672731 5 21
303672726 12 0
303672725 0 1
303672724 9 0
303672723 2 3
303672722 12 0
303672720 9 3
303672703 27 21
303672698 4 47
303672695 19 0
303672692 7 0
303672682 24 13
303672678 4 8
303672670 6 6
303672665 0 0
303672656 2 13
303672648 20 0
303672643 6 2
303672642 1 0
303672639 0 2
303672625 2 0
303672613 11 0
303672600 3 22
303672595 6 1
303672592 14 3
303672591 10 27
303672587 2 2
303672586 1 0
303672583 9 1
303672582 0 2
303672579 2 0
303672578 9 2
303672574 10 0
303672568 1 2
303672566 0 7
303672565 10 0
303672563 1 1
303672560 0 0
303672552 9 3
303672551 10 4
303672550 13 0
303672549 7 4
303672546 55 1
303672543 1 4
303672542 38 0
303672537 71 0
303672533 16 0
303672531 3 49
303672527 15 2
303672523 12 2
303672521 6 56
303672520 0 3
303672519 7 0
303672518 1 2
303672512 9 7
303672510 30 0
303672504 18 1
303672503 9 0
303672498 1 0
303672496 62 9
303672488 25 5
303672485 2 0
303672484 0 2
303672480 9 3
303672479 4 41
303672473 0 5
303672467 52 2
303672460 15 6
303672457 0 0
303672456 8 3
303672447 25 0
303672445 0 2
303672443 0 0
303672435 5 10
303672434 15 0
303672430 5 1
303672429 2 1
303672426 14 4
303672425 0 0
303672422 1 2
303672419 2 0
303672418 9 0
303672416 8 1
303672414 53 3
303672413 0 0
303672410 45 8
303672409 33 8
303672407 0 41
303672401 1 0
303672400 10 0
303672397 40 0
303672396 7 0
303672395 6 0
303672394 0 2
303672392 11 1
303672387 0 0
303672386 10 24
303672383 5 37
303672382 5 1
303672381 0 23
303672380 3 24
303672375 26 10
303672372 9 2
303672363 6 14
303672362 4 0
303672352 1 3
303672349 4 0
303672334 0 0
303672333 19 0
303672330 31 3
303672328 4 13
303672327 2 0
303672326 4 0
303672324 1 0
303672321 10 0
303672318 22 8
303672313 9 0
303672312 17 0
303672308 11 0
303672306 0 0
303672303 0 1
303672301 31 0
303672300 30 0
303672299 9 110
303672296 44 3
303672293 24 1
303672288 14 14
303672287 14 0
303672286 11 0
303672285 25 6
303672278 4 58
303672277 2 4
303672276 7 0
303672272 6 8
303672271 95 0
303672269 6 15
303672268 13 8
303672262 13 8
303672261 12 12
303672255 1 1
303672252 0 1
303672250 6 0
303672244 12 0
303672243 7 1
303672240 13 0
303672234 1 0
303672233 34 5
303672226 18 0
303672224 35 6
303672222 7 0
303672217 3 13
303672212 35 1
303672211 0 5
303672207 0 3
303672204 8 1
303672201 9 1
303672196 3 16
303672190 12 2
303672185 7 0
303672179 7 1
303672177 0 1
303672176 11 26
303672174 16 19
303672168 24 4
303672167 1 0
303672160 1 3
303672159 7 8
303672158 1 0
303672153 12 3
303672150 22 2
303672147 9 54
303672146 1 0
303672145 8 0
303672144 35 1
303672142 0 0
303672141 1 1
303672140 15 33
303672139 0 0
303672138 5 0
303672135 4 44
303672134 4 28
303672133 11 35
303672132 28 59
303672128 230 3
303672126 0 2
303672123 33 16
303672118 2 1
303672113 1 2
303672110 24 9
303672107 0 0
303672104 1 1
303672101 18 3
303672100 0 0
303672095 14 22
303672093 5 1
303672088 0 0
303672085 3 0
303672073 2 2
303672069 4 9
303672066 8 75
303672064 4 34
303672052 8 2
303672051 0 6
303672050 11 5
303672049 24 3
303672046 13 3
303672042 19 1
303672041 18 19
303672040 17 0
303672037 13 1
303672034 31 13
303672033 10 0
303672032 15 3
303672031 31 6
303672029 10 1
303672028 1 1
303672017 3 32
303672012 10 0
303672011 2 9
303672006 0 0
303672005 33 3
303672001 17 1
303671999 29 6
303671998 18 14
303671997 10 20
303671996 1 1
303671991 13 11
303671983 4 0
303671978 0 0
303671977 14 14
303671974 1 0
303671973 2 5
303671971 18 2
303671964 20 11
303671962 4 70
303671958 24 3
303671957 1 0
303671955 9 0
303671954 0 2
303671953 0 8
303671952 4 14
303671950 108 4
303671948 0 2
303671946 9 4
303671944 19 14
303671943 13 3
303671941 29 7
303671940 44 1
303671938 14 0
303671932 1 2
303671928 0 0
303671927 17 1
303671925 16 16
303671924 7 0
303671923 3 0
303671920 15 0
303671918 5 0
303671914 5 0
303671912 9 3
303671907 4 3
303671904 37 24
303671902 2 1
303671886 32 19
303671884 4 1
303671883 9 7
303671880 13 0
303671875 14 8
303671871 7 5
303671865 9 2
303671863 7 0
303671862 9 0
303671861 6 0
303671860 0 0
303671859 0 3
303671858 0 0
303671854 16 1
303671850 34 7
303671847 4 7
303671846 0 1
303671837 0 12
303671834 15 11
303671833 1 1
303671830 2 0
303671827 4 5
303671824 5 8
303671823 2 3
303671814 1 3
303671810 0 0
303671809 13 2
303671806 1 0
303671798 216 4
303671797 0 2
303671796 29 57
303671795 23 10
303671793 13 0
303671790 275 8
303671788 94 3
303671786 0 0
303671782 1 1
303671781 0 11
303671778 0 2
303671773 10 0
303671764 1 1
303671757 1 1
303671756 5 62
303671748 11 0
303671747 7 17
303671744 20 12
303671743 30 9
303671742 13 0
303671741 0 1
303671740 10 0
303671738 9 0
303671737 13 1
303671733 1 0
303671723 1 0
303671720 9 2
303671719 11 3
303671710 0 0
303671709 8 1
303671706 327 1
303671704 0 38
303671701 11 0
303671693 6 0
303671691 12 1
303671688 2 1
303671687 8 0
303671686 0 0
303671683 3 0
303671681 11 6
303671678 11 0
303671677 14 30
303671675 29 1
303671673 6 1
303671670 35 0
303671669 22 1
303671666 7 61
303671665 3 0
303671663 18 5
303671662 4 0
303671661 8 3
303671657 8 10
303671655 8 0
303671654 8 1
303671653 8 0
303671652 0 0
303671648 24 0
303671646 3 28
303671644 0 0
303671642 6 1
303671640 0 0
303671639 7 5
303671635 0 0
303671634 26 3
303671633 17 0
303671632 26 19
303671631 1 0
303671630 36 0
303671629 5 0
303671628 4 0
303671623 1 0
303671622 18 22
303671621 7 0
303671618 3 0
303671616 0 2
303671615 0 0
303671614 9 0
303671613 1 0
303671612 5 0
303671611 1 0
303671609 55 18
303671607 36 20
303671606 15 5
303671603 13 4
303671602 13 0
303671601 7 0
303671598 8 0
303671597 13 3
303671595 18 7
303671594 12 3
303671590 27 14
303671588 7 0
303671587 2 9
303671584 3 0
303671581 23 12
303671580 25 4
303671579 0 14
303671578 38 8
303671576 9 0
303671573 11 36
303671570 14 2
303671569 22 15
303671568 0 1
303671567 6 8
303671566 22 18
303671565 4 1
303671564 15 1
303671563 8 19
303671562 7 3
303671561 18 1
303671560 20 8
303671559 5 0
303671558 25 7
303671554 19 34
303671553 5 1
303671548 0 0
303671547 24 22
303671545 14 3
303671544 4 0
303671543 9 9
303671542 2 1
303671541 30 14
303671539 22 0
303671537 7 0
303671536 14 1
303671535 6 1
303671533 5 1
303671532 5 1
303671531 6 0
303671530 7 1
303671526 5 2
303671525 21 8
303671523 99 20
303671522 61 6
303671521 16 3
303671519 28 24
303671518 8 31
303671517 16 0
303671516 15 5
303671514 14 5
303671513 0 0
303671511 0 0
303671509 4 0
303671508 0 2
303671507 0 1
303671506 42 13
303671505 6 43
303671502 10 4
303671500 14 1
303671499 31 8
303671498 6 0
303671495 0 0
303671493 1 2
303671492 0 7
303671491 0 0
303671490 11 0
303671489 52 0
303671488 7 0
303671485 17 2
303671481 15 1
303671480 2 0
303671479 20 6
303671478 3 0
303671477 0 1
303671475 2 64
303671472 25 53
303671462 0 0
303671456 1 14
303671455 29 4
303671454 3 0
303671453 12 0
303671451 13 0
303671450 18 0
303671449 0 0
303671447 23 42
303671446 14 41
303671437 6 2
303671434 0 0
303671430 0 0
303671429 36 3
303671424 0 0
303671422 3 0
303671421 0 1
303671419 125 4
303671418 2 7
303671414 13 1
303671413 0 0
303671411 10 2
303671410 35 29
303671407 6 0
303671403 13 0
303671399 14 6
303671398 18 3
303671396 25 0
303671395 9 1
303671394 7 1
303671393 17 2
303671392 26 15
303671390 164 2
303671389 7 12
303671388 20 2
303671385 19 10
303671384 10 1
303671377 12 18
303671376 55 9
303671375 24 6
303671370 21 17
303671366 1 39
303671365 3 56
303671363 5 1
303671361 7 1
303671355 1 0
303671352 23 44
303671351 28 38
303671347 16 8
303671344 1 0
303671339 1 0
303671337 3 56
303671336 1 0
303671334 2 2
303671331 61 22
303671330 1 0
303671327 33 6
303671326 6 27
303671324 17 5
303671323 15 5
303671322 13 67
303671321 7 0
303671320 1 0
303671319 2 6
303671318 0 0
303671317 1 0
303671316 1 0
303671315 1 0
303671314 5 29
303671313 9 27
303671309 9 2
303671308 2 1
303671307 0 1
303671304 7 0
303671299 37 2
303671296 0 5
303671294 1 17
303671293 19 4
303671290 36 17
303671289 2 2
303671288 11 0
303671287 8 1
303671285 63 19
303671284 0 1
303671282 1 2
303671281 12 1
303671280 1 0
303671278 0 0
303671277 7 1
303671276 16 0
303671273 8 4
303671271 8 1
303671269 185 2
303671268 3 16
303671266 1 3
303671263 3 0
303671262 0 0
303671260 1 0
303671259 32 73
303671258 13 15
303671256 10 2
303671255 10 0
303671254 11 2
303671253 15 42
303671249 7 17
303671248 2 2
303671243 4 0
303671242 23 2
303671240 7 3
303671238 4 1
303671236 11 0
303671235 6 1
303671231 4 3
303671230 2 1
303671228 0 0
303671226 9 1
303671225 4 39
303671220 37 6
303671217 470 13
303671216 1 0
303671215 0 0
303671214 1 1
303671211 8 0
303671210 39 2
303671208 1 3
303671200 21 6
303671199 19 3
303671196 26 0
303671195 2 3
303671194 46 1
303671193 0 0
303671192 13 0
303671191 10 0
303671190 13 0
303671189 8 5
303671187 9 0
303671186 15 0
303671185 3 0
303671184 10 29
303671182 6 2
303671179 95 3
303671177 1 11
303671176 24 6
303671174 15 8
303671173 25 0
303671172 4 8
303671171 4 1
303671170 1 35
303671169 11 0
303671168 28 0
303671167 6 0
303671166 17 1
303671164 6 0
303671162 10 0
303671161 11 9
303671160 6 0
303671159 16 0
303671158 13 6
303671156 5 47
303671155 1 0
303671154 1 0
303671153 9 28
303671150 4 0
303671149 4 7
303671148 3 19
303671146 108 2
303671145 21 0
303671143 7 0
303671140 1 6
303671139 1 12
303671138 3 0
303671137 15 1
303671136 5 8
303671135 0 0
303671133 2 15
303671132 0 0
303671131 178 34
303671129 1 14
303671128 12 12
303671127 65 42
303671125 169 3
303671124 4 9
303671122 2 0
303671120 16 8
303671119 0 0
303671118 0 1
303671117 15 4
303671114 0 2
303671112 14 14
303671111 26 1
303671110 29 5
303671106 2 0
303671103 17 17
303671101 0 19
303671096 23 16
303671094 1 0
303671092 47 6
303671091 2 0
303671090 47 5
303671089 2 3
303671086 3 0
303671085 2 0
303671082 12 18
303671081 7 0
303671078 13 2
303671075 11 1
303671074 33 21
303671073 14 11
303671072 6 1
303671068 11 4
303671066 0 1
303671065 14 3
303671063 11 0
303671061 4 1
303671059 11 4
303671058 3 0
303671055 14 26
303671054 0 1
303671053 361 10
303671050 8 1
303671047 5 1
303671046 19 16
303671044 4 1
303671043 12 1
303671042 1 0
303671041 0 36
303671040 4 0
303671038 13 4
303671036 2 0
303671035 3 1
303671034 1 0
303671033 2 14
303671031 23 4
303671029 3 0
303671028 40 14
303671027 1 3
303671025 2 1
303671022 8 0
303671017 19 70
303671015 12 1
303671012 0 0
303671011 2 26
303671007 16 1
303671005 1 0
303671003 4 0
303670998 3 0
303670997 0 0
303670994 13 1
303670986 5 0
303670984 1 40
303670983 0 0
303670982 0 2
303670979 6 1
303670977 7 0
303670975 0 0
303670973 1 0
303670971 37 10
303670967 0 0
303670961 11 0
303670958 0 0
303670957 8 0
303670955 39 10
303670954 5 0
303670953 32 21
303670951 1 0
303670948 1 0
303670947 0 0
303670946 196 3
303670943 17 0
303670942 7 0
303670940 1 0
303670939 2 1
303670936 5 0
303670933 11 0
303670932 1 0
303670928 9 0
303670925 2 0
303670924 8 1
303670922 1 0
303670921 28 2
303670920 15 1
303670919 18 6
303670917 8 0
303670916 310 3
303670914 0 1
303670913 2 0
303670911 1 2
303670910 0 0
303670908 0 0
303670907 11 1
303670905 15 3
303670904 14 3
303670903 0 2
303670902 5 20
303670901 5 0
303670900 7 4
303670899 2 0
303670896 7 0
303670894 0 0
303670893 0 0
303670891 7 1
303670890 0 1
303670889 5 0
303670886 3 1
303670885 9 1
303670881 2 0
303670880 8 6
303670879 0 0
303670877 13 0
303670875 4 0
303670874 0 0
303670873 5 0
303670872 1 0
303670870 3 1
303670869 1 1
303670868 17 9
303670866 20 5
303670863 519 13
303670862 1 0
303670861 4 0
303670858 9 1
303670857 10 1
303670856 5 2
303670855 0 2
303670854 14 11
303670853 3 40
303670852 2 0
303670850 3 1
303670848 1 5
303670846 0 1
303670845 9 0
303670841 3 1
303670838 1 3
303670836 13 2
303670832 0 0
303670831 2 0
303670830 6 0
303670829 4 2
303670828 8 5
303670827 17 0
303670824 0 1
303670823 115 5
303670818 123 3
303670817 16 4
303670816 26 13
303670815 4 0
303670813 1 5
303670810 3 0
303670809 12 11
303670807 9 0
303670806 145 5
303670805 19 4
303670804 12 1
303670803 2 0
303670802 0 0
303670800 2 0
303670799 15 2
303670796 4 1
303670794 1 5
303670793 0 0
303670791 0 1
303670789 3 0
303670786 2 0
303670785 1 6
303670784 3 0
303670783 8 0
303670782 4 0
303670781 7 1
303670779 10 0
303670775 12 1
303670774 14 1
303670773 6 0
303670772 2 8
303670771 3 0
303670769 2 0
303670768 4 0
303670767 1 7
303670763 8 0
303670761 9 0
303670756 4 1
303670755 25 11
303670753 15 0
303670751 3 1
303670749 0 0
303670747 4 0
303670746 2 0
303670745 0 0
303670743 9 12
303670741 4 0
303670740 1 0
303670739 7 1
303670737 9 0
303670736 8 0
303670734 0 0
303670733 3 0
303670732 7 0
303670731 3 1
303670730 0 2
303670728 12 0
303670726 168 6
303670723 11 2
303670722 0 0
303670721 7 0
303670718 6 2
303670717 4 1
303670716 16 1
303670713 1 0
303670709 2 0
303670708 24 3
303670707 0 0
303670705 3 0
303670701 11 1
303670700 5 5
303670699 178 11
303670697 0 0
303670695 0 0
303670694 1 0
303670691 9 0
303670690 4 0
303670688 1 1
303670685 0 0
303670684 5 1
303670682 11 4
303670681 20 5
303670678 6 0
303670676 15 3
303670675 2 2
303670674 1 0
303670672 9 3
303670671 15 5
303670670 11 9
303670669 5 0
303670668 0 0
303670667 0 0
303670666 7 0
303670663 9 0
303670662 3 1
303670661 1 8
303670658 19 6
303670656 24 3
303670655 7 3
303670653 7 1
303670651 9 0
303670649 0 0
303670648 10 1
303670644 7 1
303670639 3 33
303670638 1 7
303670637 1 0
303670636 12 0
303670634 7 1
303670631 13 0
303670628 3 0
303670627 3 41
303670626 6 0
303670625 2 16
303670624 14 3
303670623 7 0
303670620 0 0
303670618 6 1
303670617 6 1
303670616 12 0
303670615 0 7
303670614 0 0
303670613 4 4
303670612 4 0
303670611 4 0
303670609 0 0
303670607 10 4
303670605 0 0
303670604 26 27
303670601 0 14
303670599 5 0
303670596 5 1
303670595 15 8
303670594 0 0
303670591 32 20
303670590 7 4
303670588 8 0
303670587 6 0
303670586 6 1
303670585 0 1
303670584 18 3
303670582 5 3
303670581 12 6
303670578 2 17
303670576 4 0
303670573 1 0
303670572 18 1
303670571 3 1
303670570 12 0
303670569 8 0
303670566 2 9
303670565 17 3
303670564 12 2
303670563 9 1
303670562 7 3
303670561 15 3
303670560 7 0
303670557 13 0
303670554 0 0
303670552 12 3
303670551 10 0
303670549 12 1
303670548 1 0
303670546 7 6
303670545 0 0
303670544 7 2
303670543 0 0
303670541 4 0
303670539 4 1
303670538 4 2
303670537 9 1
303670535 5 4
303670534 7 0
303670533 0 0
303670532 6 2
303670530 3 1
303670529 7 2
303670527 5 0
303670526 29 6
303670523 0 2
303670520 0 1
303670519 7 0
303670515 3 1
303670514 5 12
303670511 7 1
303670509 5 3
303670507 6 1
303670503 0 1
303670500 0 0
303670499 1 1
303670496 11 8
303670495 7 6
303670494 0 0
303670492 9 0
303670491 0 1
303670490 4 3
303670489 3 1
303670487 0 0
303670486 9 0
303670485 13 2
303670483 8 43
303670481 8 4
303670479 5 0
303670476 11 0
303670475 7 1
303670474 16 10
303670471 3 4
303670469 6 9
303670468 4 4
303670467 7 0
303670466 4 1
303670465 0 0
303670463 4 1
303670461 1 1
303670460 6 0
303670459 7 1
303670458 10 2
303670457 3 0
303670456 14 1
303670455 673 37
303670454 1 0
303670453 0 0
303670451 231 3
303670450 7 0
303670448 1 0
303670447 12 3
303670444 2 10
303670442 7 0
303670441 8 1
303670439 12 0
303670438 7 13
303670435 672 39
303670434 9 1
303670433 0 21
303670432 11 0
303670431 3 0
303670430 5 1
303670429 15 3
303670428 0 0
303670427 9 0
303670426 6 1
303670424 1 15
303670422 0 2
303670421 9 1
303670420 6 0
303670419 35 20
303670418 8 19
303670417 3 1
303670416 0 0
303670415 21 8
303670414 4 13
303670413 10 5
303670412 0 0
303670410 8 1
303670409 6 27
303670408 2 5
303670407 10 0
303670404 5 0
303670403 7 6
303670401 10 0
303670400 10 5
303670399 0 0
303670397 13 5
303670396 16 0
303670395 3 2
303670393 4 2
303670392 5 1
303670390 12 4
303670389 15 5
303670388 5 6
303670387 0 3
303670386 1 3
303670385 4 3
303670384 3 4
303670383 26 2
303670382 22 9
303670381 0 1
303670380 2 1
303670379 0 0
303670377 13 5
303670375 291 5
303670374 1 0
303670373 13 9
303670372 7 1
303670371 6 0
303670370 4 0
303670369 13 0
303670368 7 1
303670367 14 4
303670366 3 0
303670365 15 35
303670364 2 9
303670361 5 1
303670360 11 0
303670359 10 1
303670358 9 0
303670357 14 30
303670356 11 1
303670355 9 26
303670354 4 0
303670351 0 1
303670350 3 0
303670349 5 0
303670348 12 8
303670347 164 15
303670346 0 1
303670345 1 1
303670344 249 5
303670342 2 0
303670341 1 32
303670340 4 4
303670339 5 0
303670338 6 2
303670337 0 0
303670336 1 0
303670335 1 0
303670334 3 32
303670333 3 64
303670332 13 2
303670331 2 0
303670330 10 5
303670329 1 0
303670327 26 14
303670326 14 8
303670325 17 0
303670324 0 0
303670323 5 8
303670322 2 1
303670321 12 0
303670320 8 5
303670319 7 1
303670317 6 0
303670316 1 1
303670315 0 0
303670314 11 1
303670313 0 2
303670312 344 33
303670311 17 8
303670310 19 7
303670309 316 11
303670307 2 0
303670306 10 3
303670305 6 1
303670304 1 0
303670303 7 1
303670301 1 0
303670300 1 11
303670299 1 0
303670295 11 3
303670294 27 12
303670292 6 0
303670290 3 0
303670289 3 0
303670286 45 16
303670282 12 3
303670279 52 18
303670278 3 1
303670277 0 0
303670276 181 4
303670275 14 2
303670274 1 17
303670273 1 1
303670271 9 6
303670270 1 0
303670268 7 18
303670266 21 2
303670265 15 4
303670264 0 1
303670262 5 0
303670261 9 1
303670260 0 0
303670259 5 0
303670258 11 4
303670257 0 0
303670255 0 1
303670254 1 0
303670253 1 0
303670252 0 1
303670251 2 46
303670250 1 0
303670249 7 1
303670248 4 0
303670247 1 0
303670246 6 1
303670245 1 0
303670244 6 0
303670243 2 1
303670242 3 2
303670241 0 0
303670240 5 7
303670239 5 4
303670237 4 54
303670236 9 7
303670235 243 8
303670234 31 15
303670233 18 6
303670232 19 15
303670231 0 1
303670230 9 1
303670229 0 0
303670228 13 8
303670227 10 1
303670226 10 7
303670224 2 0
303670223 19 4
303670220 4 9
303670218 8 13
303670216 11 0
303670215 11 2
303670214 2 0
303670213 4 36
303670212 126 4
303670211 1 1
303670210 3 1
303670209 4 2
303670208 5 1
303670207 7 3
303670205 0 2
303670204 1 1
303670202 3 0
303670201 0 0
303670200 9 0
303670199 10 8
303670198 3 10
303670197 14 1
303670195 8 1
303670194 3 0
303670193 2 1
303670192 8 0
303670191 9 0
303670190 1 0
303670189 35 11
303670188 3 3
303670187 3 0
303670186 1 19
303670185 11 0
303670184 0 0
303670183 12 0
303670182 2 0
303670181 19 15
303670180 3 8
303670179 0 0
303670178 2 18
303670177 4 0
303670175 4 0
303670174 8 0
303670173 6 4
303670172 7 4
303670171 1 0
303670170 0 0
303670169 0 0
303670168 7 3
303670167 20 0
303670166 7 1
303670165 3 0
303670164 18 1
303670163 116 13
303670162 1 3
303670161 2 1
303670160 13 0
303670159 6 11
303670158 8 1
303670156 13 14
303670155 7 0
303670154 3 1
303670153 1569 146
303670152 6 1
303670151 7 1
303670150 0 0
303670148 4 1
303670147 7 5
303670146 0 8
303670145 4 1
303670144 5 0
303670143 4 1
303670142 0 0
303670141 0 1
303670140 6 0
303670139 12 0
303670138 8 3
303670136 3 21
303670135 0 0
303670134 9 0
303670133 10 0
303670132 17 4
303670130 151 18
303670129 10 0
303670128 7 0
303670127 0 0
303670126 13 5
303670125 22 46
303670124 4 1
303670123 1 2
303670121 4 0
303670120 0 0
303670119 0 0
303670118 16 0
303670116 7 0
303670115 10 1
303670114 5 1
303670113 9 5
303670110 308 7
303670109 0 0
303670108 9 0
303670107 3 1
303670106 4 4
303670105 183 1
303670103 1 2
303670102 9 2
303670101 116 3
303670100 1 22
303670097 9 11
303670096 15 6
303670095 5 0
303670094 11 1
303670093 12 0
303670092 13 0
303670090 8 0
303670089 10 1
303670088 15 6
303670087 1 0
303670085 1 1
303670083 339 8
303670082 14 3
303670081 4 0
303670080 709 130
303670079 4 0
303670078 10 0
303670076 11 1
303670075 0 6
303670072 455 3
303670071 917 104
303670069 10 0
303670068 0 0
303670067 11 0
303670066 3 2
303670064 17 19
303670063 364 4
303670062 8 0
303670061 8 0
303670059 0 0
303670058 13 8
303670057 6 0
303670056 4 8
303670055 8 0
303670053 0 0
303670052 3 0
303670051 13 9
303670050 6 0
303670049 8 0
303670048 282 24
303670046 16 4
303670045 10 10
303670042 1 0
303670041 4 0
303670038 5 0
303670037 14 15
303670036 84 3
303670035 3 0
303670033 9 0
303670031 0 0
303670030 8 11
303670029 190 21
303670028 21 8
303670027 11 3
303670026 5 3
303670025 5 0
303670023 6 3
303670022 131 8
303670021 135 49
303670020 1 1
303670019 0 0
303670018 354 10
303670017 3 20
303670016 2 0
303670015 4 2
303670014 8 0
303670013 10 0
303670012 2 0
303670011 0 0
303670010 186 22
303670009 372 9
303670008 2 0
303670007 4 0
303670006 0 0
303670003 92 3
303670002 373 10
303670000 13 16
303669998 0 0
303669997 1 0
303669995 5 8
303669993 2 0
303669992 1 0
303669991 0 0
303669990 2 5
303669989 441 7
303669988 8 0
303669987 5 0
303669986 9 0
303669985 2 2
303669984 12 3
303669983 5 19
303669982 9 12
303669981 15 15
303669980 4 2
303669978 0 0
303669977 0 1
303669976 0 0
303669975 20 13
303669974 24 1
303669973 664 8
303669972 7 3
303669971 0 0
303669970 6 0
303669969 0 0
303669967 17 15
303669966 8 0
303669965 4 0
303669964 7 0
303669963 313 11
303669962 6 1
303669961 0 2
303669960 5 0
303669958 262 6
303669957 0 0
303669956 0 2
303669955 1 0
303669954 13 3
303669953 1 0
303669952 2 0
303669949 6 0
303669948 8 0
303669946 92 0
303669945 6 0
303669944 2 0
303669943 10 0
303669942 4 0
303669941 9 0
303669940 10 0
303669939 3 0
303669938 3 0
303669937 13 4
303669936 2 0
303669935 0 1
303669934 5 0
303669933 3 2
303669932 4 1
303669931 1 1
303669930 16 7
303669929 4 0
303669928 10 2
303669927 3 0
303669926 0 1
303669925 3 2
303669924 6 0
303669923 7 5
303669921 2207 212
303669920 6 3
303669919 14 3
303669918 4 0
303669917 22 40
303669916 13 2
303669915 8 2
303669913 4 2
303669912 263 79
303669911 5 0
303669909 1 1
303669907 0 0
303669906 0 0
303669905 1 13
303669904 150 11
303669903 5 0
303669901 4 0
303669900 4 4
303669899 5 0
303669897 1 12
303669896 5 0
303669895 9 1
303669894 364 9
303669893 5 0
303669892 2 2
303669891 5 0
303669890 4 1
303669889 0 0
303669888 24 17
303669885 2 0
303669883 425 21
303669882 0 0
303669881 3 6
303669880 0 0
303669879 3 0
303669878 4 4
303669877 2 1
303669876 2 1
303669875 8 0
303669874 3 0
303669873 1 0
303669872 2 0
303669871 7 0
303669869 0 0
303669868 7 1
303669867 5 1
303669866 3 21
303669865 262 2
303669864 353 8
303669863 7 0
303669862 11 1
303669861 0 0
303669860 2 0
303669858 1 2
303669857 538 11
303669856 3 5
303669854 0 0
303669853 1 2
303669852 7 42
303669851 10 6
303669850 0 0
303669849 513 9
303669848 6 2
303669847 21 14
303669846 11 4
303669845 0 0
303669843 10 4
303669842 2 1
303669840 15 5
303669839 822 13
303669838 1 1
303669837 10 0
303669836 14 1
303669834 0 0
303669833 18 23
303669832 5 0
303669830 7 0
303669829 7 1
303669826 1 1
303669824 1 0
303669822 3 0
303669821 5 1
303669820 6 0
303669818 0 0
303669815 4 1
303669813 1 0
303669812 3 0
303669811 845 10
303669809 5 4
303669808 1 0
303669807 5 2
303669805 11 0
303669804 5 3
303669803 9 0
303669802 1 0
303669801 6 0
303669798 430 10
303669797 0 0
303669796 2 0
303669795 9 7
303669794 902 17
303669791 0 2
303669790 24 19
303669789 9 2
303669788 5 1
303669787 13 13
303669786 158 3
303669785 8 0
303669784 6 1
303669783 9 1
303669782 7 4
303669780 13 9
303669779 1 0
303669778 0 0
303669777 10 0
303669776 434 32
303669775 5 0
303669774 4 2
303669773 210 32
303669771 11 0
303669770 0 2
303669769 4 1
303669768 7 23
303669767 7 1
303669765 7 0
303669764 12 0
303669763 14 27
303669762 2 2
303669761 1 1
303669760 386 42
303669759 5 0
303669758 10 4
303669757 2 2
303669756 941 11
303669755 413 12
303669754 211 18
303669753 0 0
303669752 13 0
303669751 9 2
303669750 13 2
303669747 8 6
303669746 8 0
303669745 9 1
303669744 19 8
303669743 9 5
303669742 239 36
303669741 8 5
303669740 1 0
303669739 20 36
303669738 850 8
303669737 281 11
303669736 8 0
303669735 9 15
303669734 9 1
303669732 429 6
303669731 11 25
303669730 1963 38
303669729 0 0
303669728 2 0
303669727 4 1
303669725 0 0
303669724 5 3
303669723 0 0
303669721 7 2
303669720 1637 79
303669719 3 0
303669718 196 21
303669717 10 0
303669716 7 1
303669715 10 0
303669713 7 0
303669712 7 2
303669711 11 0
303669710 4 2
303669709 9 0
303669706 4 1
303669705 346 12
303669704 1 0
303669703 307 78
303669702 10 1
303669701 6 1
303669700 362 9
303669699 1 2
303669698 403 20
303669697 8 0
303669696 4 3
303669695 430 18
303669694 6 0
303669692 21 16
303669691 1 0
303669690 7 0
303669689 15 5
303669688 322 4
303669687 5 0
303669686 0 0
303669685 9 35
303669684 0 0
303669682 0 0
303669681 201 5
303669680 0 0
303669679 6 0
303669678 315 32
303669677 0 0
303669676 6 2
303669675 3 4
303669674 3 0
303669673 3 0
303669672 8 1
303669671 546 6
303669669 0 0
303669668 13 12
303669667 3 1
303669666 12 1
303669664 13 12
303669663 0 0
303669661 13 0
303669660 4 0
303669659 2 1
303669658 1 0
303669657 5 0
303669656 1 0
303669655 5 0
303669654 16 11
303669652 0 0
303669651 2 1
303669650 1316 21
303669649 3 1
303669646 207 21
303669645 0 0
303669644 4 1
303669643 2 7
303669642 5 4
303669641 22 11
303669639 651 50
303669638 5 0
303669637 4 1
303669636 18 6
303669635 164 2
303669633 0 0
303669632 0 0
303669631 7 6
303669628 0 2
303669627 0 1
303669626 3 2
303669625 2052 26
303669624 10 1
303669621 483 14
303669620 3 6
303669619 1 0
303669618 24 48
303669617 6 2
303669616 0 0
303669615 6 1
303669614 8 0
303669613 1 0
303669612 5 4
303669611 3 0
303669610 0 0
303669608 12 0
303669607 10 0
303669606 0 1
303669605 5 0
303669603 0 0
303669602 1 2
303669601 5 0
303669599 13 3
303669598 3 3
303669597 1 0
303669596 7 1
303669595 3 1
303669594 1434 37
303669593 222 9
303669592 6 0
303669591 4 1
303669590 1 0
303669589 6 0
303669587 1 0
303669585 255 6
303669584 1 4
303669583 7 0
303669582 15 12
303669580 0 0
303669579 1729 97
303669578 10 1
303669577 0 0
303669576 5 1
303669575 10 1
303669574 6 6
303669573 6 2
303669572 0 0
303669571 5 7
303669570 8 1
303669569 83 32
303669568 10 0
303669567 5 3
303669566 603 6
303669564 8 6
303669563 5 0
303669562 1 4
303669561 5 0
303669560 3 10
303669558 8 0
303669557 8 15
303669556 0 0
303669555 1 0
303669554 8 0
303669551 1 2
303669550 10 2
303669549 2 24
303669548 0 0
303669547 0 0
303669546 5 0
303669545 3 0
303669544 8 1
303669541 4 2
303669540 10 2
303669539 0 0
303669538 3 22
303669537 3 1
303669536 4 0
303669535 5 0
303669534 10 1
303669533 4 2
303669532 10 1
303669531 3 2
303669530 11 6
303669529 12 6
303669527 0 0
303669526 0 1
303669525 4 10
303669524 5 14
303669522 829 69
303669521 999 11
303669520 14 0
303669519 6 5
303669518 824 34
303669517 4 1
303669516 1 3
303669515 5 1
303669514 8 1
303669513 5 6
303669511 16 11
303669510 10 0
303669509 0 0
303669508 3 1
303669506 0 1
303669505 0 0
303669504 5 1
303669503 1 0
303669501 0 0
303669500 2 4
303669499 10 7
303669498 2 0
303669497 9 2
303669496 2 2
303669495 0 1
303669494 5 0
303669493 4947 402
303669490 0 1
303669489 2 12
303669488 10 9
303669487 0 1
303669486 0 0
303669485 4 2
303669484 5 1
303669483 751 103
303669482 0 0
303669481 7 0
303669480 4 2
303669479 9 0
303669478 1 3
303669477 0 1
303669476 1 0
303669474 2 2
303669473 1 0
303669472 1 3
303669471 9 4
303669470 0 0
303669469 2 2
303669468 4 3
303669467 5 3
303669466 6 8
303669465 7 0
303669464 1 0
303669463 1 1
303669462 10 2
303669461 1 3
303669460 1 2
303669459 0 8
303669458 1296 35
303669456 8 4
303669455 5 10
303669454 1139 27
303669453 1 0
303669452 10 3
303669451 3 1
303669450 6 2
303669449 1 0
303669447 2 23
303669446 5 0
303669445 2 2
303669444 16 10
303669443 2 30
303669442 2 0
303669441 5 3
303669440 2 1
303669437 5 1
303669436 0 2
303669435 7 1
303669433 1 2
303669432 0 0
303669430 0 0
303669428 10 8
303669427 5 1
303669425 0 1
303669424 5 6
303669423 5 3
303669421 5 2
303669420 1 2
303669419 14 9
303669418 9 1
303669417 12 0
303669416 1 10
303669415 19 11
303669414 8 5
303669413 6 0
303669412 0 0
303669411 199 7
303669410 4 2
303669409 4 1
303669408 1 11
303669407 10 1
303669406 2 3
303669405 1 1
303669404 1 0
303669403 0 18
303669402 4 7
303669401 9 14
303669400 0 9
303669399 9 1
303669398 1979 38
303669397 10 3
303669396 496 6
303669395 0 0
303669394 8 1
303669392 0 0
303669391 3 3
303669389 0 1
303669388 0 1
303669384 3 10
303669383 7 0
303669381 2 1
303669380 9 5
303669379 4 2
303669378 4 2
303669377 0 5
303669376 6 0
303669374 0 0
303669373 8 1
303669372 3 0
303669371 11 3
303669370 0 0
303669369 106 4
303669368 9 0
303669367 5 0
303669366 1 0
303669365 2 33
303669364 6 0
303669363 1 1
303669362 1 4
303669361 2 1
303669360 19 9
303669359 9 0
303669358 9 11
303669357 0 0
303669356 0 7
303669355 0 0
303669354 8 4
303669353 10 10
303669352 0 1
303669351 6 2
303669350 5 0
303669349 12 12
303669348 0 0
303669347 2 1
303669346 3 1
303669345 0 0
303669344 1 2
303669343 0 0
303669342 1 0
303669341 2 1
303669340 1 0
303669339 4 0
303669334 0 0
303669333 12 11
303669332 2 0
303669331 2 0
303669330 0 0
303669329 0 8
303669328 7 2
303669327 5 1
303669326 1 6
303669325 6 8
303669324 2 0
303669323 0 0
303669322 8 10
303669321 1 0
303669319 0 0
303669318 10 2
303669316 4 0
303669315 2 1
303669313 2 1
303669312 6 9
303669311 0 0
303669310 3 0
303669309 0 0
303669307 0 0
303669306 3 2
303669305 5 1
303669304 0 2
303669303 15 7
303669301 0 0
303669300 4 1
303669298 10 3
303669297 1 2
303669296 0 9
303669295 14 9
303669294 3 1
303669293 2 2
303669291 8 1
303669290 1 2
303669289 0 2
303669287 0 5
303669286 0 1
303669285 2 2
303669284 0 0
303669283 0 2
303669282 5 28
303669281 3 0
303669280 0 0
303669279 2 7
303669278 4 2
303669276 3 2
303669275 0 0
303669274 0 1
303669273 1 0
303669271 0 1
303669270 13 5
303669269 224 9
303669268 3 2
303669267 5 3
303669266 0 0
303669265 9 1
303669264 2650 499
303669263 4 3
303669262 11 8
303669260 3 2
303669259 8 0
303669258 11 1
303669257 1 0
303669256 22 12
303669255 1 0
303669254 1 0
303669253 17 10
303669252 8 8
303669251 5 17
303669250 1 1
303669249 5 0
303669248 1 0
303669247 0 0
303669246 0 0
303669245 4 2
303669243 9 8
303669242 3 0
303669240 5 5
303669239 3647 53
303669238 9 6
303669237 3 1
303669236 1 2
303669234 4 3
303669233 1 1
303669232 6 0
303669231 5 2
303669229 0 2
303669228 0 0
303669227 2409 186
303669226 2 2
303669223 1 0
303669222 1 1
303669221 1 2
303669220 6 5
303669218 0 1
303669217 0 0
303669216 1 1
303669215 2 2
303669214 1 0
303669213 0 0
303669212 0 0
303669211 1 0
303669210 1 3
303669209 9 1
303669208 2 1
303669207 6 3
303669206 1 3
303669205 1 2
303669204 4 0
303669202 1 1
303669201 0 1
303669200 2 1
303669199 0 2
303669198 0 1
303669197 1 1
303669196 1 1
303669195 0 2
303669194 1 0
303669193 0 0
