303941881 0 2
303938723 0 0
303931910 0 1
303859128 0 0
303857177 2 0
303854042 0 0
303820628 0 0
303820618 0 0
303799604 1 0
303798159 3 1
303791209 0 0
303789275 2 1
303744367 0 1
303740952 4 0
303737803 0 0
303737788 0 0
303737781 3 0
303737776 0 0
303737762 1 0
303737757 1 0
303724202 1 0
303719336 0 0
303660147 1 0
303506960 0 5
303498682 0 0
303497486 10 0
303481037 0 0
303472092 0 0
303457484 0 0
303457462 2 1
303325821 1 0
303322827 1 0
303314921 0 0
303299259 1 0
303282307 5 0
303250261 0 0
303249801 1 16
303236296 9 0
303175416 2 0
303079870 0 1
303078984 4 0
302988617 8 0
302986956 6 0
302986953 6 0
302983668 4 0
302906167 1 0
302882690 5 0
302882446 2 2
302882441 8 2
302880769 10 36
302832151 6 0
302832148 2 1
302817904 9 0
302812129 0 0
302809030 1 0
302801673 6 1
302776143 0 0
302773493 11 1
302773307 3 1
302725327 11 0
302723771 0 1
302723540 0 7
302709769 17 0
302709742 16 0
302709738 0 1
302644561 9 0
302642590 1 20
302638910 1 0
302638884 7 0
302637483 0 13
302637065 0 0
302637055 0 1
302636511 9 1
302635131 7 0
302634553 1 5
302634530 2 15
302610424 4 1
302585691 0 0
302569401 7 0
302534555 1 0
302523822 7 0
302507754 2 0
302496977 7 0
302490421 1 1
302490293 2 0
302484170 4 4
302479731 7 1
302476324 2 5
302442921 11 3
302441225 6 0
302398248 14 1
302395906 0 0
302395882 13 0
302395792 10 0
302395316 7 2
302328478 3 8
302316002 32 0
302315932 22 0
302315912 7 0
302315218 11 0
302314820 12 1
302309151 6 8
302308992 0 0
302306235 14 4
302305110 0 0
302304681 5 0
302274358 2 3
302236783 5 0
302236066 2 9
302233650 19 0
302232937 0 0
302231138 14 5
302229230 13 1
302185415 20 0
302181748 13 0
302179968 6 3
302176001 3 4
302175452 0 0
302174810 0 0
302174662 0 0
302174277 6 7
302173557 15 1
302173197 16 0
302172615 0 2
302169182 12 2
302137564 7 1
302125524 10 0
302125106 22 2
302124524 9 1
302124442 1 1
302120934 3 1
302110469 5 4
302085434 22 0
302078311 13 3
302078305 4 0
302078294 15 0
302078085 3 1
302074850 0 0
302074160 14 1
302073845 1 0
302073625 46 5
302073483 0 0
302071962 7 75
302063907 6 1
302044888 5 0
302040457 1 4
302030394 1 0
302030104 18 1
302000553 0 0
301976680 8 5
301971533 0 3
301969494 31 0
301967351 11 0
301967349 15 1
301965922 5 1
301964862 7 0
301961444 2 0
301960864 21 1
301927172 1 0
301920404 14 1
301913174 7 1
301912947 1 0
301911415 4 4
301910237 0 0
301900303 7 4
301893119 23 3
301864420 14 4
301863616 8 0
301863564 24 8
301863155 2 0
301860893 1 0
301860560 11 0
301860540 1 0
301859896 4 0
301858637 32 1
301858147 0 0
301854966 24 0
301854824 16 0
301854211 4 10
301846931 3 11
301845691 8 0
301845682 6 0
301830696 24 0
301829252 3 0
301827237 3 1
301821079 1 0
301810750 4 1
301799045 7 0
301798950 2 0
301798920 9 0
301798888 31 0
301798221 5 0
301798212 1 0
301797245 2 1
301793876 4 0
301793872 2 0
301793186 9 1
301792973 32 2
301792752 6 34
301792402 3 1
301792255 1 0
301791578 0 0
301791512 7 7
301791495 9 2
301791486 5 0
301791470 12 2
301791466 32 2
301791443 37 0
301791423 27 0
301790982 28 2
301790310 1 1
301788531 6 8
301787690 3 0
301787393 3 18
301777358 0 0
301775196 4 1
301764083 0 0
301755253 10 1
301740540 10 4
301738399 12 4
301738268 2 0
301735162 2 3
301726545 2 1
301726356 15 0
301725876 6 0
301725365 16 4
301725257 10 7
301725253 18 4
301725176 3 0
301724732 33 0
301724659 8 0
301724645 8 0
301724257 3 0
301723996 7 1
301722986 1 2
301722852 3 0
301722443 2 0
301720869 0 0
301718214 11 0
301718143 1 0
301718048 9 0
301718025 5 1
301718011 0 0
301717578 0 0
301717424 1 0
301717391 1 0
301717359 8 0
301717274 43 0
301717259 1 1
301717241 3 0
301717180 0 0
301717147 0 7
301717104 1 0
301716957 11 1
301716936 0 0
301716816 3 0
301716591 11 1
301716581 1 3
301716559 28 2
301716393 5 0
301715552 4 0
301715545 36 2
301715540 18 1
301715535 21 0
301715253 17 5
301715122 8 1
301714988 8 0
301713643 6 0
301713497 1 5
301713057 4 0
301712889 9 3
301712879 30 2
301712871 14 0
301712352 0 0
301712228 1 0
301712223 1 0
301708921 10 1
301708658 4 11
301705643 5 118
301705527 16 4
301704611 9 1
301704609 4 0
301703707 0 1
301702341 3 1
301701061 5 0
301699966 1 0
301699760 4 3
301699650 26 6
301699177 20 1
301696491 1 0
301665322 32 1
301665299 31 0
301665293 15 2
301665276 19 0
301665072 0 0
301663493 24 1
301663476 29 1
301662275 10 13
301660844 2 3
301658926 2 1
301657892 10 1
301656977 0 1
301651268 17 1
301651247 15 1
301651214 25 4
301651202 6 4
301651148 24 0
301651130 20 0
301651126 4 0
301651034 1 2
301650961 5 1
301650948 11 2
301650933 2 6
301650812 9 0
301650811 20 3
301650737 1 0
301650705 0 8
301650703 6 2
301650628 24 2
301650506 3 0
301650426 0 0
301650381 0 0
301650039 4 1
301649722 0 0
301649615 11 0
301649611 9 0
301649609 28 2
301649495 4 0
301649467 10 2
301649384 0 0
301649377 3 1
301649367 20 0
301649162 1 1
301649128 15 5
301647219 3 1
301647171 0 0
301647113 21 1
301647106 7 1
301647068 13 6
301646973 7 0
301646878 26 0
301646814 1 11
301646747 0 0
301646731 17 0
301646573 4 0
301646539 0 0
301646506 4 31
301646193 15 0
301646140 0 0
301645989 9 1
301645934 6 11
301645490 10 0
301645388 0 0
301645267 10 3
301645033 4 0
301645028 0 11
301645014 32 0
301645007 20 0
301644999 9 0
301644697 5 0
301644693 16 1
301644601 15 2
301644590 5 0
301644570 14 0
301644512 13 1
301644135 37 7
301643848 18 3
301643783 5 2
301643399 0 0
301643019 22 5
301642961 11 0
301642911 9 1
301642906 10 1
301642860 1 0
301642713 6 3
301642635 3 0
301642565 7 10
301642351 2 1
301642343 41 0
301642212 2 29
301642026 0 1
301641950 15 3
301641913 21 3
301641763 1 0
301641740 2 2
301641733 7 0
301641433 0 0
301641425 1 0
301641313 4 25
301641305 5 20
301641276 2 1
301640550 0 0
301640485 28 3
301640435 41 7
301640282 9 2
301640214 28 0
301638463 5 0
301638225 6 3
301638146 6 1
301637787 2 11
301635829 0 0
301635811 0 0
301635792 0 0
301634753 1 0
301631412 12 0
301631216 7 1
301631001 23 0
301630860 0 0
301630846 12 2
301630775 12 2
301630741 0 0
301630574 1 1
301630313 1 0
301630222 6 1
301630112 6 1
301630078 11 3
301630047 0 1
301629985 8 2
301629690 14 1
301629686 2 0
301629517 4 0
301629315 6 20
301627912 9 16
301627850 8 6
301627733 11 3
301627111 11 7
301625203 1 2
301619359 9 1
301619173 3 0
301619137 1 0
301619067 4 3
301618963 13 1
301618695 3 2
301618496 15 0
301617890 9 1
301617641 0 0
301617585 0 0
301617542 9 8
301617504 16 5
301617461 0 0
301616231 14 3
301616090 1 1
301615707 2 0
301615643 3 1
301614352 3 0
301613187 1 1
301612820 2 31
301611507 5 13
301611499 0 0
301611455 0 0
301611177 8 0
301611168 3 20
301611048 8 0
301610725 10 3
301610136 1 18
301609717 1 0
301608495 1 3
301608246 3 1
301607028 7 1
301606769 12 3
301606710 4 1
301606493 12 0
301606460 8 18
301606431 4 0
301603767 12 1
301597872 10 1
301597694 21 0
301597693 8 0
301597681 10 1
301597549 11 2
301597533 0 3
301597386 2 0
301597364 31 2
301597359 21 2
301597325 8 2
301597318 10 0
301597294 4 0
301597286 12 2
301597276 14 2
301597273 5 0
301597223 0 0
301597068 4 0
301596998 8 1
301596752 73 6
301596650 1 1
301596648 25 5
301596643 0 0
301596104 21 2
301596093 0 0
301596015 32 0
301595851 0 0
301595837 5 0
301595828 7 1
301595824 5 0
301595720 8 2
301595472 7 3
301595470 0 1
301595469 8 0
301595284 0 0
301595171 3 2
301594935 0 0
301594807 9 1
301594771 0 0
301594699 7 1
301594646 39 0
301594639 20 0
301594456 10 1
301594453 6 13
301594260 3 25
301594226 0 0
301593692 0 0
301593662 11 0
301593521 1 7
301592742 9 1
301592693 4 7
301592547 20 10
301592443 18 1
301592401 5 26
301592300 21 0
301592192 13 1
301592002 3 11
301590413 21 2
301589971 55 4
301587697 2 2
301587369 16 1
301586338 1 2
301586250 1 0
301586185 6 0
301586184 0 0
301586156 6 15
301586153 10 1
301586133 11 0
301586124 0 0
301586123 18 1
301586122 9 1
301586116 4 0
301586101 43 1
301586091 9 1
301586076 0 2
301586052 1 2
301585978 0 0
301585966 0 0
301585960 0 0
301585959 2 1
301585952 1 0
301585940 7 0
301585934 11 2
301585929 0 0
301585926 0 0
301585919 0 0
301585906 12 0
301585903 6 12
301585894 7 1
301585873 16 0
301585860 1 0
301585853 4 1
301585850 13 1
301585821 2 0
301585797 8 18
301585793 11 0
301585755 1 0
301585753 2 0
301585727 1 0
301585724 23 0
301585720 30 0
301585712 9 1
301585706 10 2
301585702 25 2
301585615 6 0
301585568 3 0
301585558 3 62
301585543 0 1
301585533 11 1
301585530 6 0
301585487 8 1
301585467 1 0
301585446 2 18
301585442 0 1
301585425 11 1
301585398 11 1
301585366 6 0
301585302 9 2
301585290 10 2
301585238 11 1
301585215 6 52
301585199 11 0
301585187 4 7
301585183 4 4
301585160 10 1
301585131 0 0
301585080 4 0
301585062 12 2
301585060 13 0
301585012 0 5
301585009 0 5
301584987 2 3
301584976 11 1
301584974 14 1
301584914 1 0
301584908 9 19
301584894 0 1
301584893 0 1
301584891 4 1
301584866 3 40
301584865 2 18
301584859 0 0
301584773 10 0
301584772 5 0
301584771 12 0
301584730 28 3
301584725 5 0
301584720 8 23
301584716 1 0
301584713 0 0
301584687 59 13
301584647 15 0
301584599 5 0
301584594 0 0
301584579 1 9
301584571 0 0
301584551 0 0
301584546 1 0
301584531 0 0
301584524 17 1
301584521 19 0
301584506 12 1
301584496 8 1
301584474 13 0
301584449 0 0
301584431 1 45
301584423 2 0
301584410 8 1
301584394 29 0
301584391 7 2
301584387 14 1
301584360 6 0
301584338 12 1
301584281 0 1
301584234 0 0
301584212 2 9
301584205 1 0
301584203 0 0
301584179 0 0
301584146 44 0
301584123 1 1
301584115 0 3
301584112 5 0
301584106 10 0
301584103 11 0
301584041 49 0
301584039 3 1
301584027 0 0
301584016 11 24
301584010 3 0
301584002 41 0
301583983 9 0
301583919 1 0
301583875 2 0
301583836 22 0
301583827 4 0
301583826 8 0
301583811 18 0
301583792 1 0
301583727 3 14
301583717 14 1
301583711 0 2
301583696 2 0
301583679 9 6
301583665 5 2
301583640 1 0
301583477 4 15
301583462 16 0
301583459 24 8
301583431 23 6
301583398 16 2
301583348 15 7
301583327 11 1
301583309 31 2
301583306 2 0
301583294 2 12
301583206 6 0
301583182 11 1
301583005 2 0
301582935 7 1
301582883 9 1
301582797 0 1
301582642 0 0
301582605 3 0
301582477 1 1
301582455 0 0
301582438 9 1
301582319 0 0
301582188 0 1
301582045 5 15
301582033 8 2
301582030 3 9
301582025 2 11
301582022 1 1
301582020 2 8
301582001 0 4
301581999 1 2
301581998 1 1
301581997 1 1
301581996 2 24
301581993 17 1
301581992 0 2
301581980 18 2
301581977 12 7
301581973 4 12
301581970 29 2
301581969 3 15
301581966 21 1
301581955 15 8
301581951 0 1
301581941 0 2
301581940 2 31
301581939 8 12
301581935 0 1
301581925 5 9
301581918 12 0
301581904 0 0
301581898 0 7
301581896 1 0
301581892 8 1
301581889 1 16
301581888 7 0
301581886 0 0
301581860 6 0
301581853 4 0
301581851 14 0
301581848 8 3
301581846 3 0
301581840 0 0
301581826 1 0
301581822 3 15
301581821 3 37
301581817 0 1
301581813 3 1
301581809 0 0
301581807 0 0
301581785 3 0
301581784 7 14
301581783 13 1
301581779 3 0
301581778 33 0
301581775 0 0
301581771 2 0
301581767 2 0
301581762 17 2
301581757 0 0
301581756 1 0
301581753 0 0
301581751 7 11
301581739 0 0
301581737 10 14
301581722 2 12
301581712 2 6
301581710 3 19
301581700 0 1
301581698 7 7
301581694 10 35
301581692 3 28
301581687 1 2
301581681 34 1
301581680 15 2
301581676 4 14
301581675 88 2
301581665 0 1
301581664 1 22
301581663 11 25
301581661 1 1
301581660 0 13
301581659 0 2
301581651 0 4
301581650 1 0
301581644 2 2
301581636 6 13
301581632 0 16
301581629 0 3
301581622 0 64
301581620 21 2
301581615 5 20
301581614 1 16
301581609 7 18
301581608 5 20
301581607 3 19
301581606 55 2
301581603 7 10
301581602 0 2
301581601 0 2
301581600 0 1
301581597 8 17
301581587 0 3
301581586 4 10
301581585 18 5
301581584 0 1
301581581 5 9
301581579 0 1
301581575 2 1
301581571 15 6
301581553 0 1
301581549 13 9
301581548 0 0
301581547 0 1
301581545 0 0
301581543 15 0
301581540 0 1
301581538 1 0
301581537 0 1
301581518 0 1
301581513 1 0
301581509 1 1
301581497 9 0
301581491 13 8
301581487 5 13
301581478 4 0
301581477 6 0
301581475 10 1
301581471 13 1
301581468 8 12
301581454 0 1
301581451 0 2
301581449 0 2
301581446 0 2
301581440 2 0
301581437 0 3
301581424 27 3
301581420 0 1
301581410 0 2
301581404 0 14
301581402 2 2
301581396 1 0
301581394 1 0
301581393 1 2
301581389 2 2
301581388 2 0
301581380 0 0
301581357 5 2
301581351 5 1
301581349 0 0
301581344 15 0
301581336 8 4
301581335 6 0
301581334 4 11
301581319 0 0
301581310 2 8
301581306 0 0
301581300 24 4
301581298 2 0
301581292 3 13
301581287 1 1
301581282 0 1
301581281 9 14
301581280 1 0
301581275 9 1
301581273 9 0
301581270 3 27
301581264 0 0
301581260 1 0
301581258 0 0
301581256 0 0
301581255 14 2
301581254 11 0
301581253 0 1
301581247 2 0
301581246 27 8
301581244 0 0
301581238 1 0
301581220 0 0
301581211 2 1
301581208 4 0
301581202 2 1
301581201 8 0
301581187 13 1
301581186 29 0
301581185 0 4
301581184 12 2
301581180 5 6
301581179 29 0
301581178 7 3
301581177 0 0
301581172 26 4
301581171 29 0
301581167 33 2
301581164 17 0
301581161 30 2
301581159 11 0
301581158 13 0
301581157 4 11
301581152 11 0
301581149 17 0
301581140 10 17
301581136 1 0
301581127 1 9
301581112 0 0
301581103 8 19
301581102 8 2
301581099 10 1
301581096 14 2
301581093 16 0
301581091 40 0
301581090 4 8
301581088 6 1
301581085 18 2
301581083 6 0
301581075 25 0
301581073 1 0
301581070 8 1
301581061 4 0
301581056 19 0
301581054 13 13
301581048 10 0
301581047 25 0
301581046 1 0
301581045 2 1
301581044 7 7
301581043 0 0
301581041 0 0
301581025 0 0
301581024 6 11
301581019 11 0
301581013 20 5
301581008 1 0
301581006 12 16
301581003 0 0
301580996 5 13
301580994 0 0
301580992 1 0
301580991 8 39
301580989 0 1
301580988 7 43
301580985 0 0
301580982 0 1
301580978 8 1
301580976 1 1
301580973 9 1
301580965 16 15
301580964 7 14
301580963 1 0
301580961 14 1
301580959 0 0
301580957 4 32
301580955 43 1
301580954 10 14
301580949 39 0
301580940 4 0
301580939 19 3
301580938 7 14
301580932 11 1
301580928 5 2
301580926 23 1
301580914 13 1
301580896 2 6
301580888 4 0
301580876 10 3
301580875 9 4
301580867 10 3
301580865 0 0
301580862 8 6
301580860 6 1
301580858 2 3
301580857 7 7
301580856 0 0
301580847 0 0
301580845 1 0
301580840 0 0
301580839 0 0
301580837 9 0
301580835 0 0
301580833 8 3
301580832 5 4
301580831 0 1
301580829 0 0
301580826 4 1
301580825 12 2
301580821 4 1
301580814 3 1
301580811 18 2
301580810 9 5
301580809 18 2
301580805 0 0
301580804 0 0
301580802 0 0
301580801 4 0
301580799 1 0
301580798 15 0
301580794 3 2
301580793 7 4
301580792 4 0
301580791 36 0
301580788 5 4
301580787 0 0
301580785 0 1
301580782 0 0
301580779 22 5
301580775 24 0
301580773 6 0
301580765 0 0
301580763 0 0
301580759 8 10
301580758 1 0
301580750 6 0
301580746 0 1
301580745 17 11
301580742 3 5
301580741 8 4
301580740 5 5
301580738 2 28
301580737 7 8
301580735 6 5
301580734 5 17
301580733 18 1
301580727 21 3
301580726 6 3
301580723 21 1
301580718 4 4
301580706 0 0
301580694 19 4
301580686 2 0
301580684 2 0
301580681 7 1
301580678 3 13
301580674 0 0
301580671 0 0
301580667 3 14
301580657 0 0
301580655 1 0
301580645 0 2
301580639 2 0
301580637 5 17
301580634 6 0
301580633 0 0
301580627 0 1
301580620 0 1
301580616 0 0
301580614 0 0
301580613 17 0
301580611 22 3
301580606 0 0
301580605 0 0
301580601 0 0
301580599 1 0
301580595 5 4
301580592 0 1
301580590 4 6
301580588 1 0
301580586 0 0
301580582 2 6
301580579 0 0
301580573 10 1
301580570 0 1
301580569 5 4
301580567 13 7
301580566 2 15
301580565 4 11
301580563 0 1
301580562 0 5
301580553 1 2
301580552 2 0
301580548 5 15
301580547 0 3
301580543 23 3
301580536 7 1
301580534 0 2
301580532 0 3
301580528 0 0
301580525 16 4
301580524 1 1
301580520 4 0
301580511 38 5
301580509 1 0
301580507 18 7
301580506 3 4
301580504 0 0
301580502 13 3
301580495 21 4
301580494 1 0
301580487 4 4
301580486 15 1
301580484 67 2
301580481 5 13
301580480 0 0
301580472 6 43
301580469 3 41
301580468 14 1
301580467 3 11
301580461 10 3
301580460 3 0
301580459 18 1
301580458 12 0
301580456 4 8
301580454 5 1
301580453 0 0
301580447 25 0
301580439 11 0
301580431 4 26
301580423 0 6
301580422 18 1
301580417 12 0
301580415 8 23
301580412 4 6
301580411 4 0
301580407 19 1
301580405 24 2
301580402 8 0
301580394 17 0
301580392 10 1
301580391 0 0
301580382 23 0
301580379 1 0
301580378 0 0
301580374 11 3
301580373 19 0
301580371 1 0
301580369 9 1
301580368 6 0
301580367 1 13
301580366 0 0
301580365 1 0
301580362 27 2
301580360 40 5
301580358 7 5
301580355 9 1
301580352 0 0
301580351 0 0
301580345 15 2
301580343 4 20
301580341 13 0
301580337 0 0
301580336 6 0
301580332 0 1
301580329 8 4
301580326 1 14
301580325 1 1
301580319 0 4
301580318 3 0
301580317 6 4
301580316 36 0
301580309 3 0
301580308 27 3
301580304 8 3
301580300 2 0
301580299 3 20
301580295 5 19
301580293 1 0
301580286 98 4
301580282 3 34
301580278 0 1
301580276 4 16
301580264 25 1
301580263 0 3
301580262 12 2
301580258 3 42
301580255 3 31
301580252 15 0
301580248 4 17
301580246 22 1
301580245 1 0
301580244 0 0
301580243 7 18
301580240 2 20
301580238 0 0
301580236 0 0
301580235 2 0
301580233 0 0
301580232 7 0
301580230 17 1
301580225 2 0
301580222 5 0
301580221 5 0
301580219 7 19
301580217 0 0
301580214 5 15
301580209 1 4
301580196 0 27
301580192 1 0
301580189 3 29
301580188 1 0
301580187 8 2
301580186 0 4
301580181 1 2
301580177 0 0
301580170 12 2
301580154 0 2
301580151 7 0
301580146 1 0
301580139 24 1
301580133 2 16
301580129 0 0
301580127 2 14
301580124 10 5
301580121 0 0
301580118 17 0
301580115 24 1
301580108 3 0
301580101 3 3
301580099 10 11
301580097 1 3
301580096 5 10
301580094 2 0
301580092 12 5
301580091 2 0
301580086 11 0
301580079 3 22
301580077 3 1
301580072 8 0
301580067 9 1
301580064 16 3
301580063 36 0
301580062 3 12
301580060 2 6
301580058 0 0
301580051 0 0
301580049 1 1
301580047 10 2
301580046 9 0
301580045 11 2
301580040 9 2
301580035 4 1
301580033 0 0
301580032 3 15
301580030 4 22
301580027 11 2
301580026 15 1
301580025 2 2
301580019 14 0
301580018 5 7
301580015 1 0
301580002 7 11
301580001 3 7
301579992 1 0
301579991 19 0
301579990 9 0
301579987 3 4
301579983 6 0
301579979 13 2
301579969 9 15
301579967 24 0
301579961 0 0
301579952 5 0
301579945 16 15
301579942 0 0
301579939 0 0
301579938 4 5
301579937 0 0
301579936 11 0
301579934 1 0
301579933 3 7
301579930 0 2
301579925 0 0
301579922 0 0
301579916 8 21
301579915 12 1
301579911 0 0
301579909 6 71
301579908 14 19
301579902 4 0
301579897 1 0
301579889 2 1
301579882 12 16
301579871 3 0
301579870 6 15
301579867 16 1
301579864 1 0
301579863 21 0
301579858 0 3
301579856 0 0
301579855 0 0
301579853 22 16
301579850 27 1
301579846 15 4
301579844 4 17
301579841 0 1
301579833 5 17
301579829 1 2
301579826 1 0
301579824 5 0
301579821 12 21
301579815 8 0
301579812 0 0
301579811 15 1
301579810 7 1
301579809 6 2
301579805 0 8
301579804 0 14
301579801 0 0
301579800 1 0
301579798 4 0
301579796 0 2
301579794 3 1
301579792 11 21
301579791 1 11
301579789 0 0
301579775 3 13
301579767 0 0
301579766 1 0
301579765 17 1
301579762 1 0
301579760 23 6
301579756 6 30
301579753 14 17
301579751 39 1
301579749 14 19
301579746 10 5
301579744 30 16
301579743 13 1
301579741 17 7
301579736 7 1
301579734 6 15
301579732 13 24
301579730 8 4
301579729 0 0
301579728 22 1
301579725 1 1
301579721 0 0
301579720 2 21
301579719 7 0
301579715 13 2
301579713 0 0
301579712 1 0
301579709 6 4
301579705 6 0
301579704 0 2
301579701 0 0
301579695 1 0
301579692 3 1
301579689 28 1
301579688 2 8
301579686 0 2
301579684 0 2
301579682 1 0
301579678 1 0
301579669 9 1
301579665 0 0
301579663 8 1
301579660 2 1
301579658 6 0
301579656 5 3
301579655 12 18
301579645 1 13
301579637 1 0
301579631 10 30
301579627 5 10
301579625 10 19
301579623 8 16
301579622 2 7
301579620 9 1
301579619 5 24
301579618 6 1
301579616 10 9
301579614 14 18
301579610 0 0
301579608 13 19
301579607 10 31
301579606 4 0
301579598 37 2
301579596 1 1
301579595 19 10
301579593 0 2
301579589 0 1
301579587 0 1
301579584 2 17
301579577 1 1
301579575 3 1
301579573 0 2
301579568 28 3
301579565 7 20
301579561 0 3
301579560 7 0
301579558 2 0
301579557 9 27
301579550 1 4
301579548 2 0
301579544 7 27
301579538 5 19
301579534 35 0
301579533 1 2
301579532 4 10
301579530 0 2
301579529 4 3
301579526 10 34
301579525 0 2
301579524 18 6
301579523 2 0
301579518 10 1
301579513 6 0
301579499 3 0
301579497 2 8
301579496 3 8
301579494 12 43
301579492 9 42
301579488 31 38
301579487 13 23
301579484 0 2
301579481 0 3
301579480 1 1
301579478 1 1
301579477 8 46
301579469 3 28
301579468 2 2
301579464 3 12
301579463 0 1
301579458 5 12
301579452 24 2
301579451 2 9
301579448 8 3
301579444 19 6
301579442 0 2
301579427 1 1
301579422 11 4
301579421 5 2
301579420 0 2
301579417 1 4
301579416 1 1
301579415 5 0
301579410 17 4
301579409 1 1
301579403 9 1
301579402 29 23
301579399 2 1
301579398 33 1
301579394 2 0
301579391 7 0
301579385 8 4
301579384 1 0
301579382 2 0
301579380 0 1
301579379 4 0
301579377 13 0
301579369 1 7
301579366 17 19
301579362 12 5
301579358 4 0
301579355 1 2
301579354 33 10
301579349 9 23
301579344 4 11
301579341 10 1
301579340 7 23
301579339 10 1
301579338 14 1
301579337 2 0
301579336 9 2
301579330 5 27
301579327 13 6
301579326 7 3
301579322 1 1
301579321 1 19
301579320 1 2
301579319 7 0
301579318 9 1
301579308 4 26
301579306 2 0
301579305 4 25
301579303 5 19
301579302 2 1
301579296 17 14
301579294 4 0
301579292 3 3
301579291 5 3
301579290 0 0
301579288 2 13
301579287 2 0
301579286 7 15
301579283 11 2
301579279 1 2
301579273 0 0
301579271 10 0
301579270 4 6
301579266 8 6
301579264 9 19
301579263 7 1
301579262 4 1
301579260 3 0
301579258 7 2
301579257 9 0
301579253 3 21
301579252 2 0
301579246 0 1
301579242 9 1
301579241 2 6
301579238 0 2
301579231 0 0
301579229 13 1
301579227 6 0
301579224 3 8
301579221 17 4
301579220 0 0
301579213 2 0
301579208 6 14
301579207 9 2
301579205 1 0
301579203 1 0
301579201 4 0
301579195 2 0
301579191 6 0
301579186 0 0
301579181 12 0
301579171 1 0
301579160 2 0
301579156 1 0
301579148 25 7
301579145 2 1
301579143 1 0
301579142 3 0
301579139 11 0
301579137 10 0
301579133 19 0
301579128 2 4
301579121 3 1
301579112 3 5
301579107 12 0
301579106 8 5
301579091 7 3
301579087 7 11
301579084 1 0
301579067 2 0
301579066 2 0
301579063 0 1
301579062 3 1
301579059 22 6
301579057 17 3
301579056 7 0
301579054 4 0
301579051 1 0
301579050 8 1
301579049 2 0
301579048 3 1
301579046 0 0
301579039 0 0
301579036 7 0
301579032 13 3
301579028 0 0
301579026 1 2
301579020 0 0
301579015 0 0
301579010 0 0
301579008 0 0
301579007 0 1
301579003 10 5
301579000 0 0
301578997 4 9
301578995 8 11
301578992 8 3
301578991 1 1
301578990 0 0
301578987 10 3
301578986 0 1
301578985 2 5
301578984 9 1
301578981 0 1
301578978 0 1
301578977 2 2
301578970 5 10
301578961 11 4
301578951 0 0
301578950 13 4
301578949 0 2
301578941 8 0
301578940 1 0
301578938 1 0
301578929 3 0
301578924 3 1
301578922 9 3
301578921 1 0
301578920 1 0
301578918 0 1
301578913 18 1
301578904 0 1
301578894 1 0
301578893 4 0
301578889 2 0
301578888 0 0
301578887 9 1
301578885 0 0
301578884 1 0
301578883 0 1
301578881 21 3
301578870 1 0
301578869 6 8
301578863 3 7
301578862 23 2
301578860 0 0
301578858 1 0
301578855 0 0
301578853 1 0
301578849 4 16
301578848 2 5
301578847 0 0
301578846 3 0
301578845 3 8
301578843 29 2
301578838 1 1
301578836 0 0
301578832 1 0
301578829 1 0
301578827 3 26
301578823 7 0
301578818 7 10
301578817 4 0
301578810 2 0
301578806 0 0
301578803 10 1
301578799 1 0
301578796 3 0
301578795 0 0
301578794 0 0
301578793 2 0
301578792 8 4
301578786 1 0
301578785 0 0
301578780 0 0
301578776 5 1
301578775 8 1
301578772 0 0
301578771 10 0
301578767 1 0
301578761 0 0
301578760 0 0
301578758 2 0
301578757 1 0
301578756 1 0
301578754 0 0
301578753 3 17
301578749 0 0
301578741 0 0
301578740 0 0
301578737 0 0
301578735 23 1
301578733 3 0
301578732 0 2
301578731 0 0
301578729 11 0
301578726 0 0
301578725 21 0
301578722 0 3
301578719 1 2
301578718 7 0
301578717 5 1
301578716 6 13
301578713 12 2
301578709 7 1
301578707 8 23
301578706 1 0
301578704 0 0
301578699 7 0
301578698 2 5
301578697 16 6
301578694 3 5
301578687 3 7
301578686 30 5
301578678 0 3
301578677 6 0
301578672 3 0
301578668 2 9
301578666 3 1
301578661 0 0
301578657 0 0
301578656 1 12
301578654 0 1
301578653 8 11
301578651 8 0
301578650 6 3
301578649 0 0
301578640 0 2
301578627 0 0
301578626 3 8
301578624 11 1
301578620 0 0
301578618 1 0
301578614 11 27
301578612 9 0
301578608 1 0
301578596 4 4
301578594 25 0
301578593 4 10
301578590 0 0
301578589 1 0
301578568 0 0
301578567 1 0
301578557 11 4
301578555 2 3
301578551 1 1
301578547 10 15
301578546 1 2
301578544 0 0
301578536 25 0
301578525 4 0
301578524 0 0
301578522 1 0
301578520 6 0
301578517 14 5
301578515 0 0
301578511 2 0
301578500 14 0
301578493 0 1
301578490 3 25
301578489 5 9
301578478 8 0
301578475 1 0
301578473 0 0
301578472 1 1
301578469 0 1
301578467 0 0
301578466 1 0
301578464 8 10
301578461 1 0
301578458 0 0
301578455 20 3
301578454 3 7
301578452 0 0
301578451 4 0
301578444 8 22
301578441 4 1
301578440 14 0
301578425 0 1
301578421 27 0
301578413 1 0
301578412 13 5
301578410 3 1
301578408 9 0
301578399 5 0
301578393 0 1
301578386 0 0
301578379 2 1
301578376 3 23
301578373 17 1
301578371 1 9
301578363 16 3
301578362 1 0
301578359 0 0
301578347 7 2
301578346 1 0
301578345 7 0
301578343 12 2
301578340 2 5
301578335 0 0
301578331 8 0
301578326 0 2
301578325 21 1
301578322 5 34
301578317 2 0
301578315 7 3
301578312 26 0
301578307 8 0
301578293 0 0
301578288 0 1
301578283 0 1
301578281 16 1
301578275 6 0
301578274 10 5
301578265 12 17
301578263 7 0
301578261 21 0
301578259 15 1
301578257 0 0
301578253 9 0
301578247 22 0
301578246 6 13
301578244 3 0
301578243 3 0
301578237 11 1
301578235 3 0
301578234 17 3
301578229 2 1
301578227 46 4
301578226 2 3
301578222 16 1
301578217 4 2
301578216 0 2
301578214 8 20
301578209 10 0
301578207 0 1
301578206 23 7
301578205 0 0
301578204 18 0
301578198 18 28
301578196 1 0
301578193 8 6
301578186 7 6
301578185 2 0
301578184 3 1
301578183 23 12
301578173 3 19
301578172 3 0
301578169 3 16
301578165 4 21
301578164 0 2
301578163 14 0
301578160 3 7
301578158 15 11
301578154 1 1
301578153 15 2
301578152 0 1
301578151 0 1
301578150 0 0
301578149 0 1
301578148 0 1
301578147 0 1
301578145 5 3
301578143 6 0
301578141 9 0
301578140 13 4
301578139 0 0
301578138 3 0
301578137 1 1
301578136 0 0
301578134 10 29
301578131 0 0
301578129 2 0
301578128 21 4
301578127 1 0
301578125 21 13
301578124 0 2
301578121 0 2
301578120 1 0
301578118 1 1
301578117 5 6
301578113 1 15
301578111 1 1
301578110 4 2
301578102 0 0
301578096 0 3
301578094 0 0
301578093 23 2
301578091 0 2
301578090 0 0
301578089 8 4
301578087 16 5
301578084 0 2
301578081 5 0
301578067 10 3
301578061 1 4
301578060 0 6
301578059 2 19
301578055 4 2
301578053 0 0
301578050 0 2
301578048 4 4
301578042 1 5
301578041 0 3
301578040 5 2
301578038 7 5
301578036 2 0
301578033 0 1
301578029 4 11
301578024 3 1
301578018 4 20
301578016 7 1
301578015 0 4
301578012 2 3
301578011 0 0
301578010 3 0
301578008 7 29
301578006 1 2
301578005 25 10
301578003 1 3
301578001 2 19
301577997 3 0
301577996 3 18
301577993 0 3
301577990 35 8
301577983 0 0
301577981 2 1
301577979 3 1
301577978 0 12
301577975 0 2
301577971 8 2
301577969 2 7
301577965 2 0
301577964 8 18
301577960 5 4
301577953 0 20
301577952 1 1
301577947 2 0
301577945 4 1
301577943 0 0
301577930 0 1
301577929 0 1
301577928 1 11
301577926 0 1
301577921 0 0
301577917 4 17
301577910 3 0
301577908 0 2
301577907 0 20
301577905 2 15
301577901 0 0
301577897 28 12
301577887 3 15
301577878 7 1
301577870 11 18
301577868 0 0
301577866 1 0
301577863 12 2
301577862 0 2
301577861 0 2
301577857 2 17
301577855 2 28
301577851 15 27
301577850 1 3
301577849 19 3
301577845 5 18
301577842 0 1
301577841 0 1
301577839 20 0
301577838 18 1
301577837 10 9
301577835 1 1
301577832 6 2
301577827 8 14
301577826 15 0
301577824 3 17
301577822 17 4
301577821 5 2
301577818 3 11
301577814 2 0
301577811 169 1
301577809 1 2
301577808 1 0
301577803 10 15
301577802 1 0
301577800 0 3
301577799 10 4
301577795 0 0
301577792 1 0
301577789 9 2
301577788 7 10
301577787 1 0
301577780 25 0
301577779 4 2
301577777 0 0
301577776 2 2
301577775 1 1
301577771 9 3
301577767 7 19
301577766 1 4
301577765 3 4
301577764 1 2
301577763 2 5
301577762 2 7
301577760 2 16
301577759 8 13
301577757 0 3
301577756 2 1
301577753 0 6
301577751 6 20
301577744 27 3
301577743 0 4
301577735 5 24
301577730 8 20
301577729 21 2
301577728 3 14
301577726 7 12
301577724 0 1
301577723 5 4
301577722 12 25
301577721 0 13
301577720 3 13
301577718 19 3
301577717 14 14
301577716 2 0
301577715 2 3
301577714 3 2
301577709 5 0
301577707 3 7
301577706 3 0
301577705 9 5
301577700 0 8
301577699 2 0
301577697 14 12
301577695 9 6
301577694 0 4
301577691 1 0
301577689 11 19
301577685 0 4
301577684 1 0
301577679 3 1
301577678 3 0
301577677 4 1
301577671 0 2
301577669 1 7
301577668 3 0
301577666 6 18
301577665 26 0
301577663 2 14
301577662 0 2
301577661 0 35
301577660 18 6
301577658 2 58
301577656 23 2
301577655 1 21
301577654 4 8
301577653 0 2
301577649 3 13
301577646 4 16
301577645 0 1
301577644 2 24
301577643 12 0
301577639 1 1
301577638 3 18
301577634 8 18
301577628 10 12
301577627 2 13
301577623 11 33
301577622 0 2
301577620 8 10
301577613 6 8
301577605 1 1
301577604 4 0
301577601 0 3
301577600 0 0
301577597 0 2
301577592 9 5
301577589 20 0
301577575 15 22
301577570 24 5
301577567 0 2
301577566 21 8
301577564 6 4
301577558 8 14
301577552 3 1
301577551 4 0
301577548 3 0
301577544 20 7
301577538 16 2
301577535 1 1
301577527 2 18
301577526 14 2
301577522 9 0
301577520 4 6
301577518 1 0
301577517 33 0
301577515 9 5
301577513 5 1
301577512 2 3
301577508 1 4
301577507 1 5
301577505 18 1
301577504 6 3
301577498 8 13
301577491 1 0
301577488 5 20
301577487 0 2
301577481 8 4
301577480 5 18
301577466 25 0
301577464 8 11
301577461 3 3
301577459 6 14
301577458 24 0
301577455 53 1
301577454 0 0
301577452 2 24
301577451 1 14
301577445 0 7
301577443 1 3
301577441 0 1
301577440 0 0
301577437 6 17
301577435 5 17
301577431 2 0
301577430 471 12
301577429 3 0
301577428 0 0
301577424 9 9
301577419 365 2
301577417 0 0
301577415 1 0
301577414 39 1
301577411 18 2
301577410 15 0
301577405 4 4
301577404 8 7
301577403 0 0
301577401 1 0
301577397 18 0
301577392 7 2
301577391 0 0
301577386 0 0
301577385 7 27
301577378 23 7
301577376 9 0
301577375 3 1
301577372 9 2
301577371 0 0
301577369 5 0
301577366 1 1
301577365 0 2
301577364 4 23
301577362 0 0
301577357 16 2
301577350 2 3
301577347 12 15
301577343 1 1
301577341 12 0
301577338 1 3
301577336 8 0
301577335 9 35
301577329 6 0
301577328 3 4
301577327 6 3
301577325 4 1
301577321 1 3
301577319 9 0
301577317 0 0
301577314 0 0
301577313 0 0
301577311 0 0
301577307 3 12
301577304 11 2
301577294 2 6
301577291 3 13
301577288 11 0
301577286 0 0
301577284 0 0
301577282 10 0
301577281 10 0
301577280 4 25
301577279 12 1
301577278 0 3
301577276 0 1
301577275 5 1
301577269 10 0
301577267 1 2
301577263 19 2
301577260 371 20
301577259 8 11
301577257 15 10
301577255 10 1
301577254 3 0
301577252 3 1
301577243 4 12
301577240 4 0
301577239 4 13
301577237 1 5
301577230 7 4
301577229 162 5
301577227 3 24
301577225 0 2
301577223 5 3
301577221 24 1
301577220 0 0
301577217 3 0
301577216 22 2
301577215 10 1
301577213 6 4
301577212 1 1
301577211 17 3
301577210 0 1
301577206 0 1
301577205 2 4
301577204 8 2
301577200 3 26
301577196 8 6
301577195 0 1
301577191 6 5
301577183 9 2
301577181 3 1
301577180 3 1
301577179 0 1
301577176 3 11
301577173 2 3
301577172 4 14
301577171 0 2
301577168 13 3
301577159 0 5
301577157 5 1
301577151 2 3
301577148 30 3
301577147 2 2
301577146 0 1
301577142 9 1
301577140 2 1
301577139 1 5
301577138 3 1
301577137 1 1
301577135 4 1
301577134 4 8
301577132 1 1
301577131 5 11
301577130 6 1
301577128 10 1
301577127 13 2
301577126 3 0
301577122 1 0
301577121 0 0
301577120 5 12
301577119 4 0
301577116 2 16
301577110 15 2
301577109 5 1
301577108 14 4
301577106 22 2
301577105 2 0
301577104 3 15
301577102 10 1
301577100 0 1
301577096 125 1
301577095 0 1
301577094 13 3
301577093 4 15
301577092 1 1
301577090 1 0
301577089 435 24
301577087 6 14
301577086 6 0
301577085 6 14
301577083 1 0
301577080 5 0
301577079 5 11
301577074 0 0
301577072 4 19
301577067 10 12
301577066 5 19
301577064 6 1
301577063 6 12
301577062 17 0
301577061 16 3
301577060 2 0
301577058 5 24
301577057 1 1
301577055 8 1
301577053 0 4
301577052 9 15
301577051 5 0
301577050 4 20
301577049 4 19
301577047 8 0
301577046 6 16
301577044 1 6
301577043 5 4
301577042 11 14
301577038 15 1
301577032 31 1
301577031 5 13
301577029 1 5
301577028 9 0
301577027 3 0
301577026 0 1
301577024 2 2
301577022 6 17
301577019 0 3
301577017 1 2
301577015 14 14
301577009 6 14
301577007 0 0
301577001 13 1
301576999 16 4
301576993 5 1
301576992 9 0
301576991 28 4
301576989 0 0
301576986 7 14
301576983 0 1
301576981 1 0
301576979 19 1
301576968 8 0
301576965 1 0
301576963 7 0
301576962 1 0
301576956 0 0
301576953 5 0
301576945 8 22
301576944 1 3
301576938 0 1
301576937 4 13
301576935 3 14
301576931 10 12
301576930 2 0
301576925 5 7
301576922 9 0
301576919 0 0
301576916 0 0
301576915 32 1
301576903 7 17
301576902 7 16
301576900 6 20
301576899 4 8
301576888 4 0
301576886 5 0
301576884 7 8
301576883 2 0
301576882 18 11
301576875 12 1
301576874 12 2
301576873 12 1
301576870 8 1
301576868 9 8
301576867 108 17
301576862 13 20
301576859 0 1
301576856 21 5
301576849 7 11
301576848 6 3
301576846 7 19
301576845 1 3
301576836 0 0
301576831 0 0
301576830 8 0
301576828 0 0
301576824 0 0
301576822 8 1
301576819 0 0
301576811 15 25
301576810 0 1
301576808 9 1
301576805 3 6
301576803 7 6
301576800 8 3
301576798 0 0
301576793 5 34
301576792 29 5
301576791 2 1
301576790 478 15
301576789 6 19
301576788 1 0
301576785 9 4
301576784 22 0
301576782 21 2
301576779 14 6
301576778 0 0
301576776 0 4
301576775 0 0
301576774 5 11
301576772 0 0
301576771 3 4
301576769 10 15
301576767 0 3
301576764 14 13
301576762 1 3
301576760 10 0
301576759 7 0
301576758 13 15
301576757 8 3
301576754 0 0
301576753 6 12
301576752 5 18
301576750 0 0
301576749 0 0
301576746 0 0
301576745 0 0
301576744 11 16
301576743 7 12
301576742 10 13
301576741 1 1
301576740 0 2
301576739 0 0
301576738 12 0
301576737 16 1
301576736 0 0
301576734 0 17
301576731 5 9
301576729 159 5
301576727 2 6
301576725 15 0
301576724 6 0
301576723 2 8
301576721 0 0
301576717 182 11
301576716 8 0
301576715 5 2
301576714 0 1
301576713 8 13
301576712 11 13
301576708 8 10
301576707 12 9
301576703 0 1
301576701 1 0
301576699 8 14
301576696 1 0
301576691 7 0
301576690 6 13
301576689 1 0
301576688 16 0
301576687 6 3
301576686 2 0
301576684 1 0
301576682 11 19
301576681 4 4
301576680 8 23
301576678 0 0
301576677 225 14
301576674 1 0
301576667 9 29
301576666 5 11
301576665 5 4
301576661 1 2
301576659 18 16
301576656 6 1
301576654 1 0
301576653 8 18
301576652 15 16
301576650 19 22
301576648 0 1
301576647 1 0
301576645 137 5
301576639 1 2
301576637 5 9
301576635 24 16
301576634 15 2
301576633 29 13
301576629 11 3
301576627 14 16
301576626 0 0
301576625 14 3
301576620 0 0
301576618 0 0
301576616 1 0
301576615 11 3
301576612 7 0
301576611 1 0
301576609 0 0
301576607 6 0
301576605 13 25
301576604 2 4
301576603 3 37
301576601 0 2
301576595 14 13
301576593 16 2
301576590 11 8
301576588 8 9
301576587 0 0
301576585 1 8
301576583 7 19
301576578 10 15
301576574 8 3
301576570 6 1
301576567 19 12
301576565 28 0
301576564 8 3
301576561 2 0
301576560 10 10
301576559 5 0
301576558 0 0
301576554 0 0
301576553 4 3
301576546 6 9
301576545 0 0
301576543 8 16
301576542 1 0
301576541 4 1
301576540 1 0
301576539 0 0
301576534 6 3
301576533 1 30
301576532 5 6
301576526 9 22
301576525 0 0
301576524 8 0
301576523 0 0
301576522 1 0
301576521 2 0
301576520 14 8
301576519 9 1
301576518 6 9
301576517 12 3
301576516 0 0
301576515 3 2
301576513 4 0
301576511 10 5
301576510 1 0
301576508 5 2
301576503 1 2
301576500 12 5
301576498 11 0
301576494 0 0
301576493 15 1
301576492 3 4
301576491 2 1
301576481 3 3
301576480 4 0
301576473 0 9
301576468 6 3
301576463 1 0
301576462 2 3
301576458 7 0
301576457 4 0
301576452 5 14
301576448 6 12
301576447 1 2
301576445 0 0
301576443 13 6
301576436 0 0
301576431 0 0
301576430 8 3
301576428 7 3
301576427 8 2
301576425 0 0
301576424 0 0
301576421 0 0
301576419 0 0
301576413 0 0
301576412 1 0
301576409 0 0
301576401 14 14
301576400 4 2
301576394 2 0
301576392 0 0
301576380 0 0
301576378 1 0
301576377 1 0
301576371 0 0
301576369 3 6
301576368 0 0
301576367 3 0
301576364 0 0
301576363 0 2
301576359 3 3
301576355 3 0
301576352 0 0
301576349 15 44
301576343 1 0
301576341 10 1
301576331 0 0
301576309 22 5
301576306 0 0
301576304 2 2
301576291 5 5
301576289 0 0
301576268 2 5
301576267 11 0
301576266 1 0
301576265 7 1
301576254 1 13
301576253 2 0
301576244 0 4
301576242 0 0
301576240 2 1
301576229 7 4
301576224 0 0
301576213 7 0
301576210 0 0
301576207 3 22
301576206 7 4
301576203 0 1
301576192 0 0
301576188 28 4
301576183 0 0
301576182 6 1
301576175 9 3
301576174 6 2
301576166 7 9
301576165 12 4
301576162 29 4
301576158 0 0
301576157 4 0
301576150 4 1
301576149 5 0
301576146 3 0
301576145 1 2
301576142 0 0
301576140 6 0
301576139 0 2
301576136 7 0
301576132 6 0
301576130 0 0
301576129 6 1
301576122 16 3
301576121 0 0
301576116 5 3
301576113 0 0
301576101 0 2
301576092 6 0
301576088 5 6
301576084 19 6
301576077 4 0
301576072 1 0
301576070 8 1
301576067 8 1
301576065 280 11
301576062 1 0
301576061 2 2
301576058 0 0
301576037 12 0
301576035 2 0
301576033 8 0
301576030 4 0
301576028 0 0
301576024 0 0
301576022 0 1
301576020 17 7
301576010 8 0
301576009 8 1
301576007 2 1
301576006 22 22
301575995 21 2
301575994 15 24
301575990 9 3
301575985 9 21
301575983 2 2
301575979 7 21
301575976 6 1
301575974 3 1
301575969 37 0
301575965 3 0
301575964 1 1
301575960 0 0
301575957 2 3
301575956 6 0
301575953 4 8
301575952 0 0
301575947 9 1
301575946 0 0
301575942 1 0
301575932 5 4
301575924 4 1
301575920 8 1
301575915 66 0
301575911 3 1
301575910 0 0
301575909 1 30
301575908 50 0
301575906 40 7
301575902 4 2
301575901 8 0
301575898 42 3
301575895 1 0
301575893 23 51
301575880 3 2
301575879 22 4
301575870 0 5
301575869 10 0
301575868 0 1
301575859 2 0
301575858 3 0
301575855 2 0
301575854 11 2
301575849 11 1
301575847 1 1
301575843 5 1
301575839 2 0
301575835 14 0
301575834 36 0
301575831 3 2
301575828 1 0
301575826 2 0
301575817 5 1
301575814 5 1
301575813 13 14
301575811 2 20
301575810 3 0
301575806 3 1
301575803 6 1
301575802 2 2
301575801 9 12
301575800 0 2
301575797 4 27
301575787 13 15
301575783 0 2
301575782 6 18
301575780 0 23
301575774 3 4
301575770 6 9
301575766 1 1
301575764 4 4
301575761 8 5
301575758 0 0
301575757 8 11
301575750 11 13
301575749 18 0
301575748 4 18
301575747 17 0
301575746 30 0
301575742 3 11
301575740 1 0
301575737 5 1
301575736 2 0
301575729 0 1
301575727 1 0
301575725 1 0
301575720 740 30
301575711 0 0
301575710 4 8
301575706 4 10
301575704 19 0
301575698 4 1
301575689 0 3
301575688 2 0
301575684 4 17
301575683 3 0
301575680 23 7
301575679 4 0
301575678 2 0
301575673 0 0
301575670 1 0
301575669 4 1
301575666 8 2
301575659 20 1
301575658 0 0
301575651 0 1
301575650 1 6
301575645 1 2
301575643 32 3
301575635 0 0
301575628 20 0
301575624 0 1
301575621 2 0
301575620 22 2
301575619 0 0
301575617 3 16
301575613 7 0
301575612 34 0
301575603 7 1
301575602 13 1
301575601 14 2
301575599 10 0
301575598 3 0
301575597 9 0
301575594 17 4
301575592 18 1
301575590 16 0
301575589 7 1
301575588 19 7
301575582 0 0
301575576 1 0
301575575 1 3
301575573 0 1
301575572 1 0
301575562 2 0
301575561 0 1
301575556 6 1
301575550 11 3
301575548 0 0
301575547 17 3
301575544 2 31
301575541 4 31
301575540 7 41
301575538 7 1
301575536 8 4
301575535 3 0
301575534 9 2
301575533 0 2
301575531 0 5
301575530 8 2
301575526 10 3
301575521 25 2
301575518 12 3
301575516 7 4
301575515 1 1
301575514 0 0
301575510 1 1
301575509 10 1
301575508 7 22
301575506 22 0
301575504 2 0
301575502 3 1
301575500 7 2
301575496 7 1
301575494 1 1
301575490 19 1
301575489 1 0
301575488 37 0
301575486 1 5
301575483 12 1
301575479 4 3
301575476 7 2
301575474 32 0
301575472 1 1
301575470 0 0
301575466 4 0
301575462 0 0
301575457 7 2
301575453 13 2
301575452 6 4
301575449 1 1
301575443 4 0
301575438 1 1
301575429 6 2
301575428 0 2
301575419 37 0
301575415 0 1
301575412 0 0
301575405 9 1
301575401 8 0
301575400 3 6
301575397 3 1
301575388 4 3
301575387 14 1
301575380 8 1
301575367 35 10
301575364 19 4
301575363 29 1
301575360 7 5
301575357 0 0
301575350 5 2
301575347 0 0
301575341 2 2
301575338 2 1
301575327 13 46
301575322 6 2
301575318 12 4
301575316 0 9
301575314 5 0
301575312 4 1
301575311 3 9
301575310 9 4
301575309 26 1
301575303 4 1
301575298 4 7
301575296 0 0
301575291 0 0
301575290 0 1
301575284 6 1
301575283 1 0
301575278 0 0
301575275 27 0
301575274 2 3
301575271 21 0
301575269 6 3
301575263 14 1
301575260 9 0
301575258 18 0
301575257 8 38
301575252 5 2
301575247 17 16
301575246 0 0
301575242 1 0
301575240 6 1
301575239 1 0
301575232 12 5
301575230 10 2
301575228 7 24
301575227 16 2
301575226 2 0
301575224 22 2
301575221 11 1
301575220 1 1
301575213 5 5
301575209 24 8
301575204 0 0
301575203 0 1
301575198 0 0
301575197 22 9
301575196 0 0
301575193 10 18
301575188 13 7
301575184 13 3
301575182 2 0
301575181 7 9
301575178 7 8
301575177 4 4
301575173 8 10
301575171 0 0
301575168 3 18
301575166 0 0
301575163 10 7
301575161 38 2
301575158 0 0
301575149 0 0
301575148 3 0
301575147 8 2
301575145 4 11
301575144 16 4
301575143 1 0
301575139 0 0
301575134 284 8
301575133 1 13
301575131 0 0
301575128 2 0
301575127 6 1
301575124 0 0
301575123 7 0
301575122 4 6
301575117 0 0
301575116 3 3
301575115 4 20
301575113 0 1
301575111 0 0
301575108 0 0
301575104 15 2
301575100 0 0
301575099 0 0
301575096 9 1
301575091 0 0
301575088 10 1
301575085 6 2
301575083 9 0
301575082 3 4
301575078 8 2
301575076 1 2
301575072 0 1
301575070 4 0
301575069 1 0
301575068 8 1
301575066 11 18
301575065 4 4
301575060 0 0
301575054 1 0
301575051 0 0
301575049 5 4
301575045 272 6
301575043 1 0
301575041 0 2
301575039 0 0
301575037 0 1
301575035 39 0
301575034 5 0
301575033 599 17
301575031 1 1
301575030 2 6
301575029 15 2
301575028 7 12
301575021 5 2
301575019 5 8
301575017 242 3
301575014 1 0
301575012 4 2
301575005 9 20
301574998 0 2
301574995 1 5
301574992 12 2
301574989 12 5
301574983 9 16
301574979 8 2
301574978 13 2
301574976 3 5
301574973 0 1
301574971 0 0
301574964 2 0
301574957 0 1
301574954 0 0
301574952 0 0
301574947 3 1
301574946 1 2
301574943 1 1
301574942 27 9
301574937 6 12
301574936 0 0
301574932 10 13
301574931 13 3
301574929 0 0
301574926 8 17
301574925 4 0
301574924 1 0
301574921 9 4
301574915 4 3
301574913 20 0
301574910 12 0
301574907 5 2
301574906 0 0
301574904 3 7
301574902 11 0
301574896 6 4
301574895 0 0
301574893 0 0
301574888 0 0
301574887 0 6
301574877 0 0
301574875 618 59
301574868 0 2
301574864 26 0
301574861 2 0
301574860 838 67
301574858 0 0
301574857 4 0
301574848 15 4
301574846 1 16
301574845 0 2
301574842 6 0
301574841 0 0
301574840 6 0
301574838 0 0
301574829 0 0
301574823 0 0
301574816 7 0
301574812 0 1
301574806 575 18
301574802 1 1
301574794 8 4
301574793 1 9
301574789 0 0
301574787 13 13
301574785 400 9
301574783 10 19
301574778 0 2
301574774 26 0
301574771 0 0
301574764 11 14
301574761 3 23
301574758 10 3
301574757 14 0
301574752 10 0
301574750 0 2
301574747 2 1
301574746 310 6
301574745 10 3
301574743 7 1
301574732 0 0
301574731 0 0
301574729 9 0
301574723 1 0
301574722 0 1
301574720 0 0
301574713 0 0
301574711 2 2
301574703 2 26
301574702 1 0
301574701 4 16
301574695 1 0
301574694 0 0
301574693 19 4
301574691 2 24
301574683 2 22
301574681 0 0
301574676 11 16
301574672 0 1
301574670 43 0
301574664 6 0
301574652 26 2
301574649 0 0
301574647 0 0
301574645 11 16
301574644 0 0
301574643 8 2
301574640 2 2
301574628 0 0
301574623 3 6
301574622 12 13
301574621 6 2
301574619 11 0
301574611 18 0
301574609 2 2
301574604 4 1
301574603 4 1
301574602 3 4
301574600 14 2
301574596 2 0
301574594 0 0
301574592 0 0
301574591 0 0
301574588 485 2
301574586 21 4
301574585 0 0
301574584 0 0
301574583 12 0
301574581 12 0
301574578 2 0
301574575 0 0
301574574 2 3
301574571 10 2
301574566 7 0
301574560 1 0
301574557 16 1
301574556 1 0
301574555 7 2
301574553 0 0
301574551 0 0
301574549 1 2
301574547 6 2
301574540 415 11
301574539 0 0
301574537 365 8
301574532 0 0
301574523 0 0
301574521 6 16
301574520 1 11
301574518 4 14
301574517 2 12
301574515 7 3
301574514 1 0
301574513 6 12
301574512 0 0
301574511 18 1
301574510 0 0
301574508 14 4
301574507 4 2
301574497 0 0
301574496 3 1
301574495 0 0
301574491 0 0
301574486 0 0
301574481 39 0
301574479 0 1
301574470 0 0
301574467 0 2
301574463 0 2
301574460 2 0
301574456 0 0
301574454 4 2
301574452 4 12
301574447 6 2
301574441 416 28
301574438 1 0
301574437 7 15
301574435 1 0
301574434 0 0
301574428 8 4
301574426 12 0
301574425 37 1
301574424 6 6
301574418 46 2
301574417 7 0
301574415 20 1
301574414 7 10
301574410 0 0
301574408 7 6
301574405 4 1
301574404 4 5
301574403 4 1
301574402 7 10
301574400 0 0
301574382 32 0
301574380 3 7
301574379 9 0
301574376 0 1
301574375 0 0
301574373 0 0
301574372 8 14
301574368 3 3
301574367 7 2
301574359 9 3
301574356 0 1
301574354 167 5
301574349 8 1
301574348 4 2
301574346 6 2
301574344 0 1
301574339 30 0
301574337 2 0
301574332 0 0
301574330 12 0
301574328 21 0
301574324 2 18
301574323 4 12
301574322 2 10
301574320 1 5
301574312 28 0
301574311 6 1
301574308 1 1
301574306 0 1
301574304 5 3
301574302 0 1
301574299 6 14
301574297 0 2
301574294 4 0
301574293 11 2
301574292 6 0
301574289 7 0
301574285 0 0
301574280 2 2
301574274 0 1
301574271 3 7
301574267 12 0
301574260 0 0
301574254 0 0
301574253 17 0
301574248 339 8
301574244 0 0
301574241 0 1
301574238 3 5
301574237 5 9
301574233 0 0
301574231 21 1
301574225 0 7
301574218 7 4
301574217 3 10
301574216 6 6
301574215 3 0
301574212 0 1
301574211 3 0
301574209 0 0
301574207 9 6
301574206 3 9
301574205 23 6
301574204 1 8
301574200 0 1
301574199 1 2
301574198 0 1
301574195 6 1
301574185 1 3
301574184 0 2
301574178 6 0
301574177 8 0
301574176 2 9
301574174 6 14
301574170 26 1
301574169 1 0
301574167 16 2
301574163 5 13
301574161 5 14
301574159 0 1
301574148 1 11
301574143 1 3
301574137 0 3
301574136 10 2
301574134 17 1
301574131 0 2
301574127 2 3
301574126 0 1
301574125 5 4
301574123 3 2
301574119 1 0
301574116 25 1
301574110 2 1
301574107 14 1
301574105 638 14
301574104 0 3
301574097 14 2
301574094 1 2
301574091 3 28
301574088 410 12
301574087 0 2
301574079 1 1
301574075 12 1
301574070 1 11
301574065 11 6
301574061 13 1
301574058 5 3
301574055 0 0
301574054 0 0
301574052 0 0
301574049 1 0
301574048 0 0
301574043 0 1
301574042 1 0
301574040 21 1
301574039 0 0
301574038 1 1
301574037 0 1
301574033 1062 59
301574031 3 0
301574030 961 48
301574026 4 10
301574024 25 0
301574023 0 0
301574015 2 1
301574014 0 0
301574013 4 1
301574011 1 0
301574002 0 0
301574000 918 7
301573996 6 2
301573995 0 1
301573988 1 3
301573983 640 5
301573981 1 1
301573977 1 1
301573972 17 1
301573971 9 0
301573970 1 0
301573968 25 1
301573967 4 0
301573964 8 12
301573961 0 0
301573960 0 1
301573959 3 6
301573958 8 4
301573957 0 0
301573955 7 2
301573953 3 9
301573952 6 1
301573948 6 0
301573944 7 4
301573942 5 1
301573939 6 11
301573938 3 6
301573937 13 0
301573929 3 2
301573927 1 0
301573925 5 9
301573923 0 0
301573922 3 3
301573919 1 0
301573915 16 6
301573913 0 0
301573911 5 0
301573907 1 0
301573906 1 2
301573904 11 3
301573901 6 1
301573900 1 0
301573897 16 1
301573894 8 0
301573893 1 12
301573892 0 0
301573888 0 0
301573886 1 0
301573883 276 10
301573882 5 0
301573881 7 14
301573877 4 0
301573875 6 11
301573873 8 6
301573871 3 0
301573869 1 10
301573863 8 0
301573862 0 0
301573856 11 2
301573854 13 0
301573853 0 0
301573851 1 0
301573848 2 0
301573843 0 0
301573842 10 5
301573841 4 0
301573838 0 7
301573835 8 2
301573826 0 8
301573819 2 4
301573814 1 11
301573813 5 2
301573810 4 4
301573809 1 0
301573808 8 0
301573807 0 0
301573804 1763 210
301573803 19 0
301573802 3 0
301573801 4 14
301573795 4 1
301573793 4 5
301573792 0 0
301573791 31 2
301573786 7 1
301573777 0 0
301573775 3 15
301573773 25 0
301573771 20 0
301573762 7 3
301573754 5 3
301573751 5 7
301573750 1 0
301573747 16 0
301573740 0 1
301573739 10 1
301573738 0 0
301573736 3 3
301573735 6 1
301573734 754 20
301573729 12 0
301573727 10 58
301573726 0 2
301573725 5 1
301573723 6 3
301573721 0 0
301573717 17 0
301573715 5 2
301573714 1 1
301573713 10 0
301573712 0 0
301573709 7 10
301573708 3 3
301573704 1 0
301573701 9 1
301573699 6 0
301573696 0 0
301573695 1 0
301573688 5 23
301573687 3 0
301573685 1 9
301573684 0 1
301573682 15 3
301573681 2 2
301573675 6 2
301573674 0 0
301573670 0 0
301573669 0 0
301573668 0 2
301573666 6 1
301573660 498 6
301573659 0 1
301573657 2 0
301573655 3 2
301573653 0 0
301573650 5 3
301573648 1 1
301573647 5 3
301573646 7 2
301573642 7 0
301573638 0 0
301573634 3 1
301573630 0 4
301573628 2 26
301573625 3 0
301573623 7 1
301573621 1 1
301573618 3 11
301573617 0 4
301573616 0 0
301573611 3 1
301573608 2 1
301573607 5 1
301573606 1 2
301573605 2 1
301573603 4 2
301573601 10 1
301573597 3 2
301573591 3 23
301573590 3 15
301573588 2 0
301573587 4 0
301573586 572 3
301573575 9 0
301573574 1 0
301573573 7 0
301573572 5 0
301573568 1 0
301573565 3 3
301573562 10 4
301573561 3 2
301573559 2 0
301573558 21 14
301573555 0 0
301573553 5 2
301573552 5 11
301573551 1 2
301573550 21 1
301573546 489 4
301573545 5 0
301573543 0 0
301573538 0 0
301573531 0 0
301573528 5 8
301573527 1066 9
301573524 0 0
301573520 0 0
301573516 8 16
301573512 1 0
301573509 701 38
301573501 4 2
301573495 0 0
301573491 1 0
301573484 6 0
301573483 0 0
301573480 2 1
301573474 0 3
301573468 20 0
301573463 1 0
301573462 0 0
301573460 621 21
301573453 2 2
301573448 0 0
301573443 3 1
301573441 1 1
301573432 2 0
301573431 0 0
301573426 14 1
301573421 2 0
301573418 10 0
301573417 1 2
301573406 452 3
301573405 3 2
301573402 2 0
301573399 2 0
301573397 1 0
301573396 5 3
301573394 5 8
301573393 10 2
301573391 0 0
301573389 4 2
301573382 1 3
301573379 0 0
301573375 0 0
301573371 1011 10
301573370 3 0
301573369 0 0
301573368 0 1
301573364 0 0
301573361 4 1
301573360 7 0
301573359 4 0
301573354 2 0
301573353 2 1
301573352 3 0
301573345 0 0
301573337 3 0
301573333 1 0
301573329 6 7
301573326 0 0
301573322 8 2
301573318 0 1
301573317 0 1
301573315 2 8
301573312 0 0
301573307 2 0
301573305 0 0
301573304 0 2
301573303 0 0
301573298 4 1
301573297 370 5
301573295 4 0
301573293 0 0
301573285 0 2
301573276 0 2
301573275 2 2
301573268 0 0
301573267 648 5
301573266 9 2
301573265 1875 49
301573262 1 0
301573252 0 1
301573250 4 0
301573249 1 0
301573248 1 0
301573246 3 0
301573244 19 1
301573234 3 0
301573232 2 0
301573229 8 0
301573225 0 0
301573222 14 0
301573220 4 6
301573218 2 0
301573214 26 0
301573207 10 0
301573205 0 0
301573200 33 2
301573197 0 0
301573194 1 2
301573189 2 0
301573183 1 0
301573182 7 0
301573179 7 0
301573174 8 0
301573172 15 1
301573170 9 2
301573165 21 8
301573157 10 1
301573151 4 0
301573143 8 1
301573142 0 0
301573141 2 0
301573138 672 38
301573135 1 0
301573133 5 0
301573132 17 8
301573129 3 0
301573126 3 0
301573124 223 5
301573123 0 0
301573119 0 1
301573113 1 0
301573109 7 0
301573106 0 1
301573097 549 10
301573094 6 3
301573092 2 0
301573091 4 6
301573088 0 1
301573085 4 0
301573081 4 0
301573077 17 0
301573074 21 0
301573072 4 0
301573071 2 0
301573067 3 0
301573063 7 1
301573061 1 0
301573059 0 0
301573056 0 0
301573052 6 0
301573050 1 19
301573048 19 0
301573047 2 1
301573042 1 0
301573041 5 0
301573039 1660 40
301573037 0 0
301573032 2 0
301573027 11 2
301573024 2 2
301573017 4 1
301573015 23 11
301573011 0 0
301573010 4 1
301573008 4 0
301573006 9 14
301573005 2 0
301573003 6 3
301572999 6 4
301572997 0 1
301572991 7 6
301572986 3 3
301572983 26 1
301572979 825 136
301572977 4 0
301572969 9 0
301572968 9 0
301572961 5 9
301572952 4 0
301572951 31 1
301572945 5 2
301572940 4 6
301572936 0 1
301572935 20 1
301572928 4 1
301572922 8 0
301572917 0 0
301572915 2 2
301572913 0 10
301572909 7 1
301572907 12 1
301572901 3 0
301572900 6 1
301572899 0 0
301572892 4 10
301572889 11 1
301572885 7 2
301572882 4 0
301572881 17 0
301572879 0 0
301572872 0 0
301572871 0 0
301572870 13 0
301572868 0 7
301572864 3 0
301572862 3 3
301572858 1 3
301572855 2 2
301572854 1 0
301572850 0 0
301572849 6 1
301572845 10 0
301572841 0 2
301572839 1 0
301572834 9 0
301572831 5 1
301572828 1 0
301572827 0 0
301572826 6 6
301572824 9 11
301572821 0 1
301572818 1 8
301572815 4 2
301572810 4 2
301572806 3 1
301572804 4 0
301572801 0 0
301572799 3 0
301572796 432 9
301572795 2 0
301572793 6 7
301572791 7 0
301572789 8 6
301572786 4 0
301572783 0 0
301572782 2 1
301572780 16 1
301572778 3 0
301572774 3 0
301572773 4 0
301572772 2 4
301572770 6 0
301572766 4 1
301572763 4 1
301572758 0 0
301572756 2 2
301572754 0 0
301572743 0 8
301572739 2 2
301572724 1 0
301572723 3 0
301572718 2 0
301572715 1 0
301572714 16 0
301572713 2 1
301572711 2 0
301572706 0 0
301572703 6 1
301572698 0 0
301572694 2 1
301572690 6 0
301572689 481 21
301572685 13 1
301572684 20 0
301572681 2 11
301572679 9 1
301572678 0 0
301572675 5 7
301572672 6 0
301572669 1 0
301572668 2 2
301572659 0 0
301572658 9 0
301572657 5 1
301572651 2 8
301572644 5 0
301572643 1 1
301572638 8 3
301572637 0 1
301572634 4 2
301572632 4 0
301572631 4 16
301572630 271 3
301572625 2 1
301572624 1 0
301572622 0 0
301572619 1 0
301572615 1 2
301572612 455 17
301572611 17 1
301572610 0 2
301572609 1 3
301572607 0 0
301572605 14 0
301572604 0 0
301572601 0 0
301572600 5 0
301572597 9 7
301572595 10 2
301572594 6 1
301572593 14 7
301572592 4 0
301572589 0 0
301572588 0 0
301572587 663 38
301572586 15 1
301572583 0 0
301572581 5 15
301572580 0 0
301572574 1 3
301572572 10 0
301572570 5 0
301572565 3 0
301572563 5 1
301572561 2 0
301572560 3 0
301572559 0 0
301572558 28 0
301572556 1 0
301572555 0 0
301572553 11 1
301572547 6 0
301572542 3 0
301572538 3 2
301572537 0 0
301572532 5 1
301572530 5 0
301572529 0 0
301572528 0 1
301572526 0 1
301572525 10 0
301572524 0 0
301572521 2 7
301572520 5 0
301572514 2 0
301572509 0 2
301572508 3 0
301572506 0 0
301572505 2 0
301572500 15 4
301572499 0 1
301572492 1 0
301572490 1 0
301572487 3 0
301572482 6 29
301572478 1 2
301572477 4 0
301572474 0 0
301572473 3 10
301572471 0 2
301572470 17 0
301572468 10 3
301572467 7 1
301572464 0 0
301572462 1 3
301572461 4 4
301572455 1 0
301572453 0 0
301572451 1 1
301572448 1 1
301572446 10 2
301572444 5 1
301572435 0 0
301572432 1 5
301572430 12 1
301572423 2853 33
301572422 1 4
301572421 5 0
301572419 0 0
301572418 21 0
301572416 0 0
301572415 1 0
301572414 0 0
301572405 2 0
301572403 0 5
301572401 5 7
301572400 3 10
301572399 0 1
301572394 5 10
301572388 3 2
301572383 6 0
301572381 1 3
301572378 6 2
301572369 2 3
301572368 4 1
301572361 1 2
301572360 2 0
301572357 0 3
301572355 4 0
301572354 1 0
301572347 0 3
301572345 2 2
301572342 669 9
301572341 0 2
301572340 0 1
301572336 0 2
301572334 0 2
301572329 1 1
301572319 0 2
301572317 2 0
301572316 3 1
301572311 1 1
301572308 0 0
301572307 1 1
301572302 5 3
301572294 0 2
301572289 0 1
301572288 10 1
301572286 0 0
301572285 4032 76
301572284 0 2
301572283 652 18
301572274 2 0
301572268 0 2
301572267 0 2
301572265 2 1
301572263 0 0
301572252 8 0
301572251 1 0
301572248 4 3
301572247 3 0
301572246 2 0
301572245 0 0
301572243 2 0
301572242 4 4
301572241 1232 18
301572236 9 2
301572235 0 1
301572231 0 0
301572229 23 0
301572227 15 0
301572224 8 1
301572222 4 0
301572220 7 2
301572212 19 0
301572211 1 0
301572210 0 0
301572208 3 1
301572202 5 0
301572201 5 3
301572200 2 0
301572197 0 1
301572192 0 1
301572189 3 1
301572187 0 3
301572185 13 1
301572183 2 12
301572182 1 1
301572179 4 0
301572178 0 0
301572174 0 0
301572171 5 0
301572166 7 0
301572159 14 1
301572157 5 0
301572156 1 1
301572153 0 0
301572152 2 0
301572148 1 1
301572144 2 0
301572142 2 8
301572138 5 9
301572137 6 5
301572134 2 1
301572133 3 1
301572130 1 0
301572127 0 0
301572124 4 0
301572123 7 6
301572118 2 0
301572115 2 1
301572114 2 1
301572112 2 0
301572104 0 0
301572103 5 1
301572099 0 0
301572097 0 0
301572095 0 1
301572093 7 3
301572092 3 2
301572089 5 1
301572084 0 8
301572083 1 0
301572081 1 0
301572073 2 2
301572068 3 0
301572066 6 7
301572061 4 1
301572058 11 11
301572056 2 1
301572054 2 0
301572053 9 11
301572051 22 1
301572048 1 2
301572043 3 0
301572037 0 1
301572036 7 3
301572035 6 0
301572033 0 0
301572027 4 0
301572020 1 0
301572016 3 2
301572010 6833 186
301572009 261 8
301571998 5321 94
301571993 7 12
301571992 0 0
301571990 1 0
301571988 10 8
301571987 2 3
301571981 7 2
301571980 10 2
301571973 5 8
301571968 8 9
301571965 4 0
301571963 4 0
301571962 65 4
301571960 2 1
301571959 0 0
301571958 0 1
301571957 5 2
301571956 8 8
301571954 2 1
301571953 5 2
301571952 1 0
301571946 8 8
301571944 250 5
301571939 8 6
301571935 5 8
301571934 3 7
301571932 0 2
301571923 0 2
301571917 6 7
301571915 3 0
301571911 5 1
301571908 2 8
301571907 9 11
301571902 25 1
301571898 6 7
301571897 7 8
301571895 1 0
301571890 1 0
301571889 0 1
301571888 0 0
301571886 2 2
301571883 2 4
301571881 0 1
301571877 3 0
301571876 4 1
301571874 6 0
301571872 0 0
301571871 425 2
301571869 0 0
301571866 2 3
301571865 2 0
301571861 7 6
301571857 6 2
301571855 5 2
301571852 1 0
301571851 1 1
301571848 0 0
301571847 0 1
301571843 1 0
301571840 1 0
301571832 2 0
301571831 1 0
301571828 16 0
301571827 0 1
301571825 569 11
301571820 4 1
301571816 2 0
301571815 1 0
301571814 15 0
301571811 0 4
301571810 0 0
301571808 1 1
301571807 15 7
301571804 4 0
301571796 95 12
301571789 8 0
301571786 950 4
301571780 3 0
301571778 2 0
301571777 11 3
301571776 4 0
301571775 6 2
301571768 0 0
301571766 5 2
301571762 1 0
301571753 0 0
301571747 376 10
301571745 1 0
301571743 12 2
301571735 1 0
301571733 4 0
301571732 1 0
301571730 0 0
301571727 8 1
301571726 0 1
301571723 5 0
301571717 0 1
301571715 0 0
301571714 0 2
301571713 0 3
301571710 3 0
301571707 0 2
301571706 10 1
301571703 4 28
301571701 14 1
301571694 6 0
301571693 5 0
301571692 772 39
301571685 0 0
301571684 6 0
301571680 0 0
301571679 8 0
301571678 0 0
301571677 0 4
301571675 0 0
301571674 12 0
301571673 2 1
301571671 16 0
301571670 1 4
301571668 1565 33
301571666 6 5
301571663 385 14
301571662 1 0
301571647 5 6
301571641 1 0
301571634 1 3
301571628 13 0
301571626 2 1
301571623 0 1
301571621 1 0
301571613 10 6
301571610 3 1
301571608 7 1
301571605 6 0
301571604 3 1
301571603 5 1
301571600 0 1
301571598 6 2
301571597 1 16
301571593 1 6
301571591 6 2
301571588 0 1
301571584 0 0
301571583 4 0
301571580 583 16
301571579 3 0
301571578 4 1
301571575 2 0
301571572 2 0
301571569 3 0
301571567 0 1
301571566 3 4
301571562 2 1
301571560 3 1
301571557 0 0
301571554 2 1
301571553 5 0
301571550 2 1
301571548 0 1
301571547 10 2
301571546 0 1
301571544 0 0
301571539 2 2
301571537 2 0
301571534 0 0
301571531 0 0
301571529 7 0
301571520 5 0
301571519 1 0
301571518 4 1
301571517 1 0
301571516 0 0
301571509 3 5
301571504 0 0
301571501 0 0
301571496 0 0
301571495 849 22
301571493 12 0
301571492 1 1
301571491 0 0
301571487 4 2
301571484 4 0
301571482 0 3
301571480 459 3
301571478 0 1
301571476 4 7
301571471 0 0
301571469 1 1
301571468 7 0
301571467 0 0
301571461 1 0
301571459 0 1
301571450 0 1
301571449 0 1
301571446 3 2
301571436 2 0
301571434 7 2
301571433 5 0
301571430 2 0
301571429 597 8
301571428 5 2
301571425 8 1
301571417 2 0
301571415 3 7
301571411 1 0
301571410 4 0
301571403 3 4
301571400 7 0
301571398 4 3
301571397 2 1
301571394 1 0
301571392 3 1
301571390 4 0
301571387 2 5
301571386 1 2
301571385 1 0
301571380 6 1
301571379 0 1
301571373 4 0
301571372 350 4
301571367 7 0
301571364 3 7
301571363 2 0
301571360 1 1
301571358 3 1
301571344 5 0
301571340 5 3
301571337 0 0
301571335 9 2
301571331 0 0
301571326 5 0
301571324 5 3
301571320 1 1
301571314 3 1
301571313 0 0
301571307 1 0
301571306 0 0
301571305 1 3
301571302 6 2
301571301 0 0
301571299 556 8
301571298 1 3
301571293 7 1
301571291 0 1
301571290 1 6
301571286 3 1
301571284 6 0
301571283 0 1
301571276 0 1
301571273 8 3
301571265 0 0
301571263 467 15
301571257 6 0
301571255 9 0
301571254 3 1
301571253 4 5
301571248 0 1
301571245 2 2
301571243 22 0
301571242 0 0
301571239 4 1
301571237 1 1
301571236 2 0
301571234 0 0
301571233 0 0
301571230 4 3
301571229 6 3
301571225 2 4
301571219 0 1
301571218 0 1
301571216 3 0
301571214 0 1
301571212 1 0
301571210 1 0
301571209 0 0
301571206 2 1
301571205 1 0
301571203 0 0
301571202 3 2
301571201 1 1
301571192 1 1
301571191 9 0
301571188 505 27
301571187 1 1
301571182 1 0
301571178 3 1
301571175 6 8
301571173 2 0
301571171 0 0
301571168 1 2
301571167 2 1
301571164 1 2
301571163 5 2
301571162 1 1
301571156 4 1
301571154 2 1
301571144 3 5
301571143 0 1
301571128 0 1
301571125 2 1
301571123 0 0
301571120 3 0
301571119 6 3
301571116 2 1
301571114 0 0
301571113 1 1
301571112 0 1
301571110 0 1
301571108 1333 37
301571105 1448 17
301571095 10 0
301571093 5 5
301571086 1 0
301571082 835 12
301571081 3 0
301571070 2 1
301571066 0 0
301571059 1 1
301571056 2 1
301571044 0 0
301571043 6 1
301571038 7 0
301571037 1 0
301571035 8 3
301571026 0 1
301571025 5 14
301571021 1 1
301571019 0 1
301571000 0 0
301570999 2 0
301570993 11 1
301570984 6 0
301570981 5 1
301570980 1 0
301570976 1 1
301570973 4 0
301570970 9 0
301570963 0 0
301570961 0 1
301570953 1 0
301570948 5 0
301570946 1 0
301570943 2 1
301570939 3 0
301570937 0 0
301570935 2 13
301570934 4 0
301570923 3 0
301570919 6 0
301570918 1 0
301570905 0 0
301570900 2 0
301570894 0 0
301570873 2 0
301570871 5 0
301570865 4 1
301570851 3 0
301570850 8 0
301570846 435 8
301570840 5 0
301570837 4 8
301570829 1 1
301570824 1 0
301570819 5 0
301570814 1 0
301570811 2 0
301570807 545 5
301570806 2 0
301570803 0 1
301570802 5 0
301570800 0 0
301570797 0 1
301570796 0 0
301570784 1 0
301570781 3 0
301570779 0 1
301570772 1 0
301570766 3 1
301570763 0 0
301570760 1162 27
301570758 1 0
301570755 3 2
301570749 1 1
301570748 1 6
301570744 7 0
301570737 1429 12
301570734 6 0
301570727 0 2
301570722 3 1
301570720 10 2
301570718 3 6
301570708 2 1
301570705 0 1
301570701 0 0
301570691 1 0
301570690 0 0
301570687 6 0
301570680 2 1
301570678 9 1
301570671 1 4
301570670 0 0
301570663 2 1
301570662 0 0
301570655 9 0
301570650 1 4
301570644 2 0
301570643 0 1
301570638 0 0
301570637 5 1
301570636 1 2
301570635 0 0
301570631 7 1
301570627 1 2
301570623 2 1
301570617 1 1
301570616 0 0
301570614 2 3
301570610 4 0
301570608 1 0
301570604 0 1
301570600 3 1
301570598 3 2
301570593 4 0
301570587 0 3
301570584 6 1
301570578 4 1
301570571 1 1
301570570 8 2
301570568 521 18
301570566 6 0
301570563 3 1
301570562 0 0
301570558 0 1
301570557 0 0
301570554 904 10
301570551 0 0
301570547 15 1
301570546 0 0
301570545 7 2
301570535 0 1
301570533 4 1
301570531 4 5
301570530 1 1
301570524 0 0
301570523 0 0
301570522 2 6
301570521 11 0
301570519 0 1
301570518 1 1
301570516 0 0
301570515 0 0
301570512 2 3
301570508 0 0
301570505 21 0
301570504 1 1
301570503 1 0
301570500 2 0
301570496 19 0
301570484 333 10
301570476 0 0
301570473 1 0
301570471 3 1
301570459 8 0
301570458 1 3
301570456 0 6
301570455 0 1
301570450 2 0
301570449 0 0
301570448 1 0
301570447 4 0
301570435 0 3
301570426 580 10
301570419 1 0
301570415 5 0
301570411 0 0
301570410 3015 70
301570403 5 0
301570395 0 0
301570393 1 0
301570391 0 0
301570390 2 0
301570389 1 0
301570386 4 1
301570379 3 0
301570378 1 3
301570375 0 0
301570374 6 1
301570372 0 0
301570369 1 0
301570368 2 0
301570362 427 9
301570361 4 0
301570357 7 2
301570352 3 0
301570350 2 0
301570345 0 0
301570344 2 0
301570342 0 0
301570336 2 0
301570329 5 3
301570327 2 6
301570325 14 15
301570321 0 0
301570320 4 3
301570314 2 2
301570306 1 2
301570300 2 5
301570297 3 3
301570285 0 1
301570282 0 0
301570278 1 0
301570276 6 0
301570275 0 0
301570272 3 4
301570270 8 1
301570266 1 0
301570261 0 0
301570259 3 0
301570258 1 0
301570257 0 0
301570245 2 6
301570241 2 3
301570236 1 4
301570233 1 4
301570229 1 5
301570223 1413 21
301570219 0 1
301570207 3 4
301570206 7788 106
301570203 2 6
301570197 5 5
301570196 4 4
301570192 3 1
301570191 13 5
301570180 1 1
301570167 13 2
301570166 5 4
301570162 1 1
301570156 1 1
301570150 0 3
301570149 1 1
301570144 2 12
301570142 1 1
301570138 1 1
301570137 3 1
301570134 1 4
301570130 0 1
301570129 21 1
301570128 0 2
301570121 3 3
301570118 0 1
301570117 0 1
301570116 515 6
301570112 0 0
301570111 0 0
301570109 1 0
301570108 5 0
301570107 2 0
301570105 0 1
301570103 0 1
301570100 9 1
301570097 9 1
301570096 1315 11
301570093 2 0
301570092 1 0
301570091 0 0
301570089 0 2
301570087 0 0
301570084 0 0
301570075 8 2
301570073 8 3
301570072 4 1
301570070 6 1
301570066 2 0
301570065 5 1
301570060 2 0
301570057 1 0
301570052 4 0
301570049 19852 86
301570047 9 4
301570045 8 0
301570044 0 0
301570041 5 1
301570040 1 0
301570037 9 3
301570035 0 0
301570032 7 4
301570028 11 2
301570023 3 1
301570019 1 1
301570011 0 1
301570010 6 6
301570009 2 0
301570008 0 0
301570006 1606 17
301570005 2 0
301570003 2 0
301569991 2 0
301569988 0 0
301569986 1 0
301569984 0 1
301569980 0 0
301569978 0 0
301569974 2 2
301569965 1 1
301569960 0 0
301569959 0 1
301569955 0 0
301569954 0 0
301569952 4 0
301569949 4 2
301569948 10 3
301569945 3 2
301569942 0 0
301569937 4 0
301569935 2999 60
301569932 0 0
301569930 2 0
301569929 0 0
301569923 3439 51
301569921 0 0
301569920 0 0
301569916 5 1
301569914 7 0
301569913 0 0
301569910 2 2
301569908 3 1
301569905 8 0
301569903 2 1
301569900 3 3
301569898 1 0
301569897 1 3
301569896 2 2
301569894 1 0
301569893 0 0
301569892 387 5
301569891 2 0
301569886 1 0
301569885 3 0
301569882 5 3
301569881 9 1
301569876 3 1
301569871 9185 182
301569870 6 3
301569867 0 0
301569866 1231 20
301569865 2 3
301569863 820 24
301569858 1 0
301569856 0 0
301569855 0 0
301569854 2 3
301569853 1 2
301569851 0 1
301569850 0 0
301569849 0 0
301569846 3 8
301569841 2 2
301569840 1 0
301569839 1 2
301569833 2 0
301569831 5 2
301569827 3 5
301569824 1 4
301569818 2 1
301569812 2 1
301569809 3 0
301569808 0 1
301569807 958 14
301569806 6 2
301569805 0 1
301569804 2 3
301569802 0 0
301569799 1 4
301569792 1 1
301569788 1 4
301569784 5 1
301569781 1 0
301569780 12102 238
301569779 0 0
301569775 0 0
301569773 2 3
301569772 9 1
301569761 2 3
301569760 2 5
301569759 6 1
301569758 1 0
301569750 0 0
301569745 4 8
301569739 0 0
301569737 3 0
301569736 2 0
301569735 0 0
301569734 3 7
301569733 2 0
301569727 1 0
301569726 3 0
301569723 0 0
301569721 3 0
301569711 0 0
301569709 0 1
301569707 0 1
301569705 3 2
301569698 1 8
301569697 0 0
301569695 954 20
301569693 4515 512
301569691 0 0
301569690 1 0
301569688 2 2
301569683 6 0
301569677 0 0
301569676 4 0
301569670 0 0
301569660 2 0
301569658 0 0
301569649 0 0
301569642 3 4
301569640 0 0
301569637 2 7
301569636 0 0
301569635 2 0
301569634 1880 37
301569633 2 2
301569630 1 0
301569629 0 0
301569628 3 2
301569627 9 1
301569626 2 0
301569624 1 8
301569618 2 0
301569615 3 0
301569610 0 0
301569609 0 0
301569607 0 1
301569605 0 0
301569602 2 2
301569600 6 0
301569598 0 0
301569595 1 0
301569593 7 0
301569592 2 1
301569588 4 0
301569586 1 2
301569584 4 1
301569581 1 1
301569580 676 13
301569571 4 0
301569564 5494 150
301569563 6 1
301569560 2 0
301569556 4 0
301569552 1 0
301569548 8398 80
301569543 2 0
301569541 3 1
301569540 0 0
301569530 0 0
301569527 0 1
301569526 2 0
301569525 1 1
301569520 7 6
301569516 1 0
301569507 5 1
301569504 0 0
301569501 0 0
301569498 6 1
301569495 8 2
301569494 0 0
301569493 1 1
301569492 0 3
301569490 0 0
301569488 1 1
301569487 0 0
301569484 9 0
301569480 0 1
301569478 0 1
301569473 4 3
301569470 2 0
301569469 11634 266
301569466 1 0
301569465 1 3
301569462 0 0
301569461 2 0
301569452 0 0
301569450 1 6
301569445 0 1
301569443 0 0
301569442 0 0
301569440 0 0
301569438 1 1
301569436 0 1
301569430 1 1
301569429 2 0
301569427 3 0
301569424 0 0
301569414 2 1
301569411 2 1
301569410 0 1
301569409 0 0
301569406 1 2
301569401 9 0
301569398 0 0
301569397 3 0
301569393 0 2
301569392 1 0
301569391 0 0
301569388 3 2
301569387 1 0
301569384 0 0
301569383 12 29
301569382 1 1
301569380 0 1
301569379 2 0
301569377 0 1
301569376 14 1
301569372 2 3
301569363 0 1
301569359 2 0
301569358 2 0
301569356 1 0
301569353 1 0
301569348 1 0
301569344 2 0
301569338 2 0
301569336 1 0
301569331 2 0
301569329 0 1
301569327 0 3
301569319 2 2
301569314 3 1
301569306 0 2
301569305 1 0
301569304 3 1
301569296 0 2
301569294 3359 98
301569289 1 2
301569287 1068 21
301569286 0 1
301569281 1 4
301569278 0 4
301569276 0 1
301569267 1 0
301569263 0 0
301569258 2 0
301569257 1 0
301569255 0 1
301569254 1 1
301569253 1 1
301569252 0 2
301569249 0 2
301569248 6 1
301569247 1 2
301569246 7 1
301569242 0 1
301569240 0 1
301569236 2 1
301569235 0 1
301569234 0 3
301569231 0 1
301569229 0 1
301569228 0 2
301569226 1 2
301569225 0 2
301569223 1 2
301569222 1 2
301569221 2 3
301569220 1 2
301569219 2 2
301569217 3 3
301569216 2 2
301569215 0 2
301569214 1 2
301569213 2 2
301569210 1 2
301569209 0 1
301569208 2 2
301569206 0 1
301569205 0 1
301569202 5 1
301569200 0 2
301569197 2 2
301569196 0 0
301569193 7 1
301569189 0 1
301569188 1 1
301569182 0 0
301569180 1 1
301569179 1 1
301569178 2 0
301569176 0 0
301569175 0 0
301569174 3 2
301569173 4 0
301569170 0 4
301569169 0 0
301569166 0 0
301569165 2 0
301569164 0 0
301569163 0 0
301569162 0 0
301569161 1 1
301569160 0 0
301569159 0 0
301569158 1 1
301569156 4 4
301569154 1 1
301569153 1 1
301569152 12 1
301569151 0 0
301569149 2 10
301569147 0 0
301569146 7 0
301569145 1 1
301569143 1 1
301569142 1 1
301569141 1 1
301569140 0 0
301569139 0 0
301569138 1 1
301569137 0 0
301569136 0 0
301569134 1 1
301569132 1 1
301569131 0 0
301569130 1 1
301569129 2 1
301569128 0 1
301569127 0 1
301569126 1 1
301569125 3 1
301569124 2 1
301569121 1 3
301569120 1 3
301569119 1 4
301569118 3 2
