303941497 8 1
303940120 0 0
303939982 0 1
303939679 2 0
303938673 1 2
303938643 0 0
303938107 0 0
303937438 1 1
303937428 0 0
303935837 0 0
303933637 2 0
303929581 1 0
303916872 3 1
303912248 6 7
303902828 0 0
303887054 9 3
303872777 5 2
303871920 0 0
303870640 0 1
303870627 0 0
303870603 0 2
303870568 0 0
303870240 2 0
303870055 0 0
303866166 3 4
303865130 5 6
303865040 1 0
303864871 0 0
303864745 1 1
303864740 1 0
303864635 6 0
303864346 3 3
303863345 6 1
303863283 0 0
303862348 16 10
303862344 32 18
303862199 6 9
303861457 3 5
303860128 9 15
303859785 23 0
303859310 2 1
303859082 14 7
303859079 1 2
303859053 2 2
303858995 4 2
303858843 4 3
303858797 1 3
303858794 0 0
303858765 0 0
303858556 2 11
303858185 4 3
303858053 9 5
303857869 4 4
303857701 1 3
303857455 3 5
303857447 22 8
303857444 4 0
303856772 4 0
303856610 80 45
303856257 1 2
303856130 6 5
303855664 5 0
303855085 9 0
303854807 1 1
303854712 27 27
303854706 6 0
303854660 3 5
303854583 3 19
303853931 3 3
303853778 4 3
303851559 2 2
303851536 6 25
303851535 6 26
303851534 45 2
303851453 7 0
303851220 1 24
303851216 1 24
303850987 6 3
303850974 0 0
303850725 6 21
303850590 30 27
303850377 4 29
303850347 5 26
303850314 1 11
303850272 70 46
303850255 2 3
303850031 4 11
303849669 2 24
303849595 5 31
303849406 3 8
303849327 5 3
303849307 7 2
303849301 12 6
303848943 0 23
303847823 3 3
303847542 11 5
303847376 2 1
303846983 12 3
303846264 35 16
303844690 8 0
303841779 2 22
303837075 6 28
303836903 11 3
303836884 3 4
303836794 2 1
303836776 5 0
303836745 8 25
303836360 1 2
303836332 1 2
303836319 1 0
303836274 2 3
303836200 7 40
303836189 1 10
303836124 0 4
303836113 6 17
303835996 3 0
303835960 0 7
303833718 10 29
303833682 9 10
303832459 9 6
303832453 13 11
303832401 28 55
303832204 3 17
303831989 1 1
303831888 5 4
303831844 37 21
303831694 22 6
303831357 8 5
303830462 7 0
303828172 19 5
303825926 12 3
303824910 3 2
303824699 1 30
303824465 6 1
303824455 6 17
303824269 8 19
303824188 4 17
303824034 6 7
303823800 20 46
303823334 38 1
303823137 12 2
303822747 1 0
303822664 24 1
303822294 30 12
303822050 6 23
303821399 6 9
303821300 0 3
303821291 26 31
303821246 95 43
303821179 20 4
303821068 1 4
303820468 24 2
303818976 16 5
303818840 4 0
303818607 9 1
303817929 17 20
303817826 1 4
303816323 9 17
303816177 3 1
303815701 28 14
303815120 6 1
303815089 8 3
303815060 31 39
303815054 11 11
303815044 10 22
303815018 29 34
303814970 2 4
303814924 8 10
303814722 12 7
303814710 1 0
303814638 1 2
303814599 0 4
303814594 4 4
303814144 7 26
303814119 59 39
303814100 5 1
303814094 10 7
303814056 9 5
303814034 1 5
303814017 18 10
303813944 1 3
303813840 14 5
303813796 8 2
303813717 22 32
303813584 6 0
303813561 21 4
303813550 22 13
303813537 4 1
303813526 6 2
303813504 17 12
303813482 15 28
303813479 51 48
303813475 6 14
303813211 7 5
303813109 13 26
303812576 6 1
303812526 35 40
303812525 9 1
303812524 6 2
303812522 14 19
303812518 15 30
303812429 6 2
303812212 7 1
303812203 6 2
303812193 8 2
303812174 7 2
303812172 9 5
303812167 21 1
303811551 9 25
303811495 7 2
303811441 6 18
303811419 6 13
303811238 27 14
303811231 14 19
303810976 9 4
303810946 4 43
303810805 7 2
303810725 3 1
303810576 4 2
303810534 14 18
303810521 4 3
303810511 13 16
303810486 9 10
303810446 1 3
303810443 16 52
303810436 17 8
303810416 17 15
303810406 27 16
303810387 47 22
303810358 4 0
303810345 18 3
303810337 6 13
303810195 23 1
303810129 19 18
303810107 7 2
303810095 30 12
303810071 12 2
303809960 22 2
303809940 1 4
303809912 14 4
303809797 8 24
303809760 6 4
303809698 15 21
303809580 6 1
303809422 160 6
303809361 2 2
303809256 7 3
303809166 5 1
303808866 22 9
303808442 95 40
303808172 9 18
303808102 10 2
303807779 4 1
303807518 14 27
303807341 2 2
303807287 3 9
303806968 6 2
303806886 6 2
303806659 13 18
303805696 24 5
303805543 22 31
303805479 2 5
303805388 4 14
303805242 49 56
303805233 13 9
303805230 30 28
303805228 6 4
303805227 4 1
303805226 43 26
303805225 27 25
303805222 10 2
303805221 5 16
303805220 0 2
303805216 0 2
303805212 11 33
303805209 4 0
303805201 16 6
303805189 22 5
303805183 14 8
303805171 5 44
303805168 15 5
303805165 8 2
303805160 11 3
303805153 25 16
303805152 16 9
303805149 11 3
303805147 22 21
303805146 1 1
303805141 0 4
303805138 10 2
303805129 2 5
303805115 2 2
303805113 4 2
303805104 6 1
303805082 44 38
303805081 4 7
303805077 8 2
303805076 4 0
303805075 55 8
303805072 2 0
303805071 8 1
303805063 5 2
303805061 17 3
303805054 6 0
303805052 7 6
303805051 2 5
303805044 9 2
303805037 9 5
303805031 15 2
303805029 5 1
303805026 8 2
303805024 4 0
303805022 28 26
303805018 5 0
303805015 12 41
303805010 3 5
303805008 3 1
303805001 4 57
303804999 0 4
303804996 5 48
303804989 8 2
303804986 7 43
303804975 2 45
303804967 7 8
303804963 1 11
303804960 3 58
303804951 8 9
303804950 2 5
303804946 2 1
303804938 113 14
303804937 28 35
303804933 18 4
303804929 29 9
303804925 13 2
303804924 3 1
303804922 29 11
303804920 13 5
303804919 6 1
303804918 27 63
303804912 14 1
303804905 16 10
303804904 139 18
303804903 5 34
303804898 2 1
303804897 4 2
303804894 4 1
303804890 11 46
303804885 6 1
303804884 7 36
303804881 21 19
303804875 28 29
303804867 2 1
303804864 2 0
303804861 29 5
303804858 0 3
303804857 19 43
303804855 1 1
303804854 7 2
303804853 14 5
303804851 10 1
303804848 18 22
303804844 36 4
303804840 21 27
303804838 22 44
303804837 3 40
303804836 9 1
303804826 4 5
303804825 3 12
303804815 1 0
303804814 1 1
303804813 14 36
303804812 9 4
303804809 11 4
303804807 19 12
303804799 14 16
303804797 13 23
303804794 8 43
303804789 5 4
303804786 69 35
303804784 11 6
303804783 8 3
303804766 2 0
303804764 9 57
303804763 16 52
303804759 4 4
303804757 16 42
303804756 14 11
303804749 7 4
303804747 33 2
303804746 19 42
303804741 0 1
303804740 17 6
303804735 72 36
303804734 10 5
303804731 67 41
303804718 1 0
303804715 22 35
303804714 0 5
303804713 65 32
303804711 3 0
303804707 45 24
303804699 13 19
303804698 21 15
303804695 1 8
303804693 2 2
303804692 3 12
303804691 0 8
303804690 1 2
303804689 13 6
303804688 2 2
303804687 4 7
303804686 8 4
303804683 29 11
303804680 12 9
303804670 16 56
303804669 11 36
303804667 46 59
303804666 33 58
303804663 13 38
303804661 12 39
303804659 17 35
303804657 20 48
303804656 9 19
303804654 8 30
303804653 8 28
303804652 7 30
303804651 56 53
303804650 16 27
303804649 10 28
303804648 10 28
303804647 14 29
303804645 37 45
303804644 17 27
303804643 14 41
303804641 18 37
303804640 10 36
303804638 17 29
303804637 13 29
303804636 32 41
303804620 30 2
303804618 15 0
303804617 0 2
303804615 8 3
303804600 16 68
303804599 11 2
303804597 12 2
303804596 9 1
303804593 14 16
303804591 11 4
303804590 15 12
303804589 9 1
303804588 6 1
303804586 6 2
303804585 8 3
303804584 4 1
303804583 2 0
303804581 14 5
303804580 3 3
303804578 4 3
303804576 5 1
303804575 4 1
303804571 6 0
303804570 8 0
303804569 34 10
303804568 29 40
303804563 12 8
303804562 15 2
303804560 11 2
303804559 10 2
303804558 17 20
303804554 46 13
303804552 42 19
303804551 17 5
303804550 13 4
303804549 13 2
303804546 14 1
303804545 10 1
303804543 29 37
303804542 13 2
303804541 1 8
303804540 11 3
303804539 0 0
303804533 35 16
303804532 10 67
303804531 5 0
303804530 13 61
303804525 11 2
303804524 19 6
303804522 8 2
303804518 10 0
303804507 0 1
303804506 8 7
303804505 1 0
303804502 14 1
303804499 14 4
303804497 2 1
303804496 23 4
303804495 0 0
303804494 4 0
303804493 2 0
303804492 3 1
303804491 0 0
303804489 19 65
303804486 39 18
303804484 19 7
303804482 4 1
303804481 1 0
303804480 1 0
303804479 43 8
303804471 12 28
303804470 0 1
303804468 17 3
303804467 2 35
303804465 15 1
303804464 16 2
303804462 7 0
303804461 8 0
303804460 10 2
303804448 4 46
303804444 19 43
303804441 0 2
303804437 1 1
303804433 17 5
303804429 19 4
303804427 3 2
303804424 9 4
303804422 8 8
303804416 0 7
303804400 0 1
303804397 14 24
303804396 0 1
303804395 2 9
303804390 9 4
303804389 0 1
303804388 35 46
303804379 18 12
303804372 12 3
303804370 5 2
303804366 21 24
303804365 26 29
303804364 0 9
303804363 41 8
303804354 27 5
303804349 3 19
303804348 0 5
303804346 6 43
303804345 3 42
303804344 11 3
303804343 16 3
303804342 13 1
303804338 3 8
303804336 2 1
303804335 3 2
303804334 4 16
303804332 9 5
303804330 4 2
303804327 2 1
303804325 10 4
303804322 9 35
303804320 7 10
303804319 19 2
303804318 13 2
303804317 8 3
303804316 20 8
303804315 17 6
303804311 3 1
303804305 4 1
303804303 7 2
303804301 18 4
303804299 11 1
303804295 0 6
303804294 5 77
303804293 59 20
303804291 20 6
303804290 13 13
303804286 10 2
303804285 1 39
303804284 7 23
303804283 12 8
303804282 69 55
303804281 42 11
303804279 28 74
303804278 1 10
303804276 0 2
303804275 2 6
303804274 1 2
303804273 20 11
303804272 23 7
303804271 4 11
303804269 8 73
303804267 2 1
303804264 1 7
303804263 14 33
303804261 10 21
303804259 15 7
303804258 2 9
303804257 1 2
303804256 5 2
303804255 1 2
303804254 7 6
303804252 28 11
303804250 13 13
303804249 66 43
303804247 1 8
303804246 2 6
303804245 1 24
303804243 17 43
303804240 14 12
303804239 3 23
303804238 75 46
303804237 28 31
303804236 2 6
303804232 6 3
303804230 6 3
303804229 24 41
303804225 24 24
303804224 7 40
303804223 9 19
303804220 2 8
303804219 11 38
303804217 3 8
303804216 25 50
303804215 35 25
303804214 8 9
303804213 24 17
303804212 17 2
303804210 11 2
303804209 16 21
303804207 23 31
303804206 2 2
303804204 30 4
303804201 8 1
303804199 11 21
303804198 18 56
303804197 4 4
303804195 3 0
303804191 16 45
303804187 3 3
303804181 6 5
303804173 5 9
303804170 0 7
303804166 5 10
303804165 16 4
303804164 47 56
303804161 20 9
303804157 6 36
303804156 17 2
303804154 43 12
303804150 33 34
303804148 4 2
303804146 15 10
303804145 24 32
303804144 2 3
303804143 1 3
303804140 10 4
303804134 21 31
303804133 19 9
303804132 32 9
303804131 15 21
303804130 2 9
303804128 0 2
303804127 0 1
303804124 0 1
303804122 2 2
303804121 1 0
303804120 0 11
303804118 17 10
303804117 10 4
303804116 10 8
303804114 7 18
303804113 35 9
303804112 10 5
303804110 12 5
303804106 12 21
303804105 15 36
303804103 3 4
303804101 12 8
303804099 64 23
303804098 0 5
303804097 0 6
303804096 1 2
303804094 23 2
303804091 1 1
303804089 0 15
303804083 3 10
303804082 14 3
303804079 13 3
303804077 14 18
303804075 29 5
303804071 7 4
303804070 14 4
303804069 4 4
303804067 19 2
303804065 12 3
303804062 0 3
303804061 2 2
303804060 2 3
303804058 3 6
303804057 2 3
303804056 0 2
303804053 11 2
303804052 21 3
303804051 19 7
303804050 17 2
303804049 20 4
303804047 3 0
303804045 11 8
303804043 14 2
303804042 19 3
303804041 10 2
303804040 6 1
303804039 28 10
303804038 0 5
303804037 8 35
303804035 8 14
303804034 3 6
303804030 35 3
303804028 0 8
303804027 3 0
303804026 5 0
303804025 6 10
303804024 64 45
303804023 6 0
303804022 12 3
303804020 10 6
303804019 10 2
303804018 1 1
303804017 27 29
303804016 5 12
303804015 0 0
303804014 15 16
303804013 0 2
303804011 15 3
303804010 84 34
303804008 17 11
303804006 5 2
303804004 5 0
303804003 19 26
303804001 9 4
303804000 37 5
303803999 89 42
303803990 1 1
303803988 114 75
303803987 2 7
303803986 49 28
303803985 72 48
303803984 1 2
303803983 1 1
303803979 1 2
303803977 114 71
303803975 4 2
303803971 65 53
303803970 5 4
303803969 8 1
303803967 12 4
303803964 15 9
303803963 15 15
303803962 13 10
303803961 5 8
303803960 0 1
303803957 0 4
303803956 2 1
303803954 8 0
303803953 1 1
303803951 4 2
303803948 4 1
303803946 17 7
303803944 1 0
303803941 14 61
303803940 1 0
303803937 2 1
303803934 3 1
303803933 14 29
303803932 19 6
303803931 22 23
303803929 1 1
303803928 6 20
303803927 10 31
303803926 124 16
303803925 2 0
303803924 3 4
303803922 2 8
303803921 14 2
303803920 3 0
303803919 10 1
303803916 4 0
303803915 17 12
303803912 3 0
303803909 11 3
303803907 13 2
303803904 12 21
303803903 7 3
303803900 11 2
303803899 26 22
303803895 5 0
303803893 9 2
303803892 20 7
303803891 23 1
303803890 5 2
303803887 63 21
303803884 26 17
303803882 14 33
303803881 9 7
303803880 14 12
303803876 16 5
303803872 7 7
303803871 15 4
303803870 3 9
303803868 92 66
303803867 9 5
303803866 5 1
303803862 2 2
303803861 25 33
303803860 11 8
303803859 2 4
303803857 8 2
303803856 3 2
303803855 6 27
303803852 4 1
303803849 8 1
303803848 4 1
303803846 2 2
303803844 2 1
303803843 1 2
303803842 13 4
303803840 2 1
303803837 3 0
303803836 10 4
303803832 7 5
303803831 16 8
303803828 4 0
303803826 3 2
303803825 16 2
303803824 18 13
303803822 6 5
303803819 18 5
303803818 13 6
303803816 5 9
303803815 2 2
303803814 16 1
303803813 15 6
303803811 18 2
303803806 14 12
303803805 7 4
303803803 8 3
303803800 4 0
303803798 13 28
303803797 7 21
303803796 6 16
303803794 9 5
303803792 0 0
303803791 10 3
303803790 19 2
303803789 5 5
303803788 12 9
303803784 3 9
303803783 4 2
303803782 2 3
303803781 1 6
303803778 4 11
303803776 23 17
303803775 14 43
303803774 16 6
303803771 6 6
303803770 14 5
303803769 11 13
303803768 4 0
303803767 9 5
303803766 18 4
303803765 3 2
303803764 2 1
303803762 10 2
303803761 11 8
303803760 3 0
303803757 10 3
303803756 0 1
303803754 2 3
303803750 3 1
303803749 2 6
303803748 18 11
303803745 1 2
303803744 8 31
303803743 11 4
303803742 20 17
303803741 27 2
303803740 27 4
303803737 0 3
303803736 3 1
303803735 32 61
303803733 11 20
303803732 6 20
303803731 91 74
303803730 16 10
303803729 2 2
303803728 8 1
303803727 10 2
303803726 9 3
303803725 18 2
303803724 9 3
303803723 4 2
303803722 2 3
303803719 14 4
303803718 3 4
303803716 6 2
303803714 2 7
303803711 13 2
303803710 7 16
303803708 5 2
303803707 13 10
303803706 13 3
303803704 8 2
303803703 4 2
303803702 13 3
303803701 9 28
303803700 5 3
303803699 4 0
303803698 24 26
303803697 6 10
303803695 4 1
303803694 22 41
303803692 1 3
303803690 1 3
303803688 1 1
303803687 3 3
303803686 5 1
303803685 1 0
303803680 11 1
303803679 4 2
303803676 2 1
303803672 22 6
303803667 4 0
303803666 21 9
303803665 12 3
303803663 11 2
303803662 2 1
303803661 14 7
303803660 1 4
303803658 5 1
303803657 1 0
303803656 22 14
303803654 12 19
303803653 11 2
303803652 14 2
303803651 4 6
303803650 4 2
303803648 26 37
303803647 30 30
303803646 14 33
303803643 22 2
303803642 1 3
303803641 4 8
303803640 3 0
303803639 0 0
303803638 47 66
303803637 0 0
303803636 25 2
303803635 1 0
303803633 2 2
303803632 20 12
303803631 2 2
303803630 26 35
303803629 10 5
303803628 2 0
303803627 17 4
303803625 15 2
303803624 7 6
303803621 9 12
303803620 3 1
303803619 16 2
303803617 20 32
303803616 3 8
303803612 3 7
303803611 20 3
303803610 15 4
303803609 18 36
303803607 16 3
303803606 5 3
303803605 18 5
303803600 7 4
303803599 5 0
303803598 34 32
303803597 1 2
303803596 1 2
303803595 16 5
303803594 22 7
303803593 4 27
303803591 17 7
303803589 14 22
303803586 18 4
303803585 14 8
303803584 8 1
303803581 10 35
303803579 37 61
303803578 21 4
303803576 0 0
303803574 30 25
303803573 21 4
303803572 27 22
303803571 20 7
303803565 20 11
303803564 12 2
303803563 14 7
303803560 22 23
303803559 0 0
303803558 1 0
303803556 9 3
303803555 11 6
303803552 3 1
303803551 10 1
303803550 10 3
303803548 12 5
303803547 44 64
303803545 4 2
303803543 14 14
303803542 2 2
303803541 4 10
303803540 11 3
303803539 6 0
303803538 3 1
303803537 17 87
303803536 5 3
303803535 10 0
303803534 4 11
303803533 12 29
303803532 2 1
303803531 1 0
303803527 13 12
303803526 6 0
303803525 29 53
303803524 8 2
303803523 17 1
303803522 6 2
303803521 15 4
303803519 18 5
303803518 0 2
303803517 0 0
303803516 0 0
303803515 5 1
303803514 26 9
303803513 21 4
303803512 6 4
303803511 23 45
303803510 12 7
303803509 3 1
303803508 1 1
303803506 0 0
303803505 6 4
303803504 19 39
303803502 2 1
303803501 1 1
303803500 16 2
303803498 15 2
303803497 0 2
303803495 4 19
303803494 12 5
303803493 19 31
303803492 4 1
303803490 2 1
303803489 1 0
303803488 10 40
303803486 11 7
303803483 7 38
303803482 21 3
303803481 3 0
303803480 2 0
303803478 3 0
303803477 7 1
303803476 1 1
303803474 6 23
303803473 11 1
303803472 9 1
303803470 27 4
303803468 3 0
303803467 4 6
303803466 25 20
303803465 5 2
303803464 18 1
303803463 3 4
303803462 3 1
303803461 9 2
303803460 15 5
303803457 9 3
303803456 7 15
303803455 7 9
303803451 14 2
303803448 12 3
303803447 10 1
303803446 14 9
303803445 2 1
303803444 55 9
303803443 6 7
303803441 3 2
303803440 22 6
303803438 14 36
303803437 11 1
303803436 11 39
303803435 11 2
303803434 2 8
303803433 10 4
303803432 14 0
303803431 13 2
303803430 3 1
303803429 6 28
303803428 60 80
303803426 21 5
303803425 8 3
303803423 11 3
303803422 12 5
303803421 10 2
303803420 15 4
303803419 15 2
303803418 4 2
303803416 25 6
303803415 25 4
303803414 13 2
303803413 15 5
303803412 25 47
303803410 23 3
303803409 5 0
303803407 4 0
303803405 20 1
303803403 16 6
303803402 21 3
303803401 4 19
303803400 13 4
303803399 3 3
303803398 3 1
303803397 9 2
303803396 8 3
303803395 19 60
303803394 11 3
303803393 22 10
303803392 5 5
303803391 33 22
303803390 30 17
303803389 22 36
303803388 16 2
303803386 5 2
303803385 6 3
303803384 15 3
303803383 5 1
303803382 14 4
303803381 16 25
303803380 1 1
303803379 0 1
303803378 0 0
303803377 1 0
303803376 11 2
303803375 48 49
303803374 30 53
303803373 1 4
303803372 17 24
303803371 21 4
303803370 12 3
303803369 16 27
303803367 5 2
303803366 1 1
303803365 2 0
303803364 1 1
303803362 26 25
303803361 17 9
303803360 1 0
303803359 12 1
303803358 9 1
303803357 15 3
303803356 2 1
303803355 9 1
303803354 9 6
303803353 2 4
303803352 3 2
303803350 27 3
303803349 12 2
303803348 16 10
303803347 15 5
303803346 17 5
303803345 2 0
303803343 19 1
303803342 17 14
303803341 3 1
303803340 24 7
303803339 11 0
303803338 28 2
303803337 14 5
303803336 18 4
303803335 10 22
303803334 10 13
303803333 17 1
303803332 15 3
303803331 18 4
303803329 15 8
303803327 3 0
303803326 10 5
303803325 13 5
303803324 2 0
303803323 9 14
303803322 10 4
303803321 8 30
303803320 24 5
303803319 9 2
303803318 17 4
303803317 4 2
303803316 12 7
303803315 0 1
303803314 47 40
303803312 11 21
303803310 18 7
303803309 11 5
303803308 9 3
303803307 2 0
303803306 13 11
303803305 26 1
303803304 22 2
303803303 2 0
303803302 7 1
303803301 13 5
303803299 6 1
303803298 11 9
303803297 13 11
303803295 15 3
303803294 16 16
303803292 16 1
303803291 8 24
303803290 30 23
303803288 10 1
303803287 12 6
303803285 20 4
303803284 14 4
303803283 20 3
303803282 42 46
303803281 13 0
303803280 8 1
303803279 15 9
303803278 4 30
303803277 2 8
303803276 16 6
303803275 8 5
303803274 2 7
303803273 0 1
303803272 10 1
303803271 33 32
303803270 21 55
303803269 66 19
303803268 2 1
303803267 12 3
303803266 22 5
303803265 0 1
303803260 11 3
303803258 31 4
303803257 9 3
303803255 23 4
303803254 20 5
303803253 14 6
303803252 17 2
303803251 14 2
303803250 1 0
303803249 12 2
303803247 20 5
303803246 14 3
303803245 16 3
303803244 0 2
303803242 20 4
303803241 13 26
303803240 1 1
303803239 3 1
303803238 14 2
303803237 9 3
303803236 8 19
303803235 17 3
303803234 21 13
303803232 19 9
303803231 1 1
303803230 7 4
303803227 17 1
303803226 23 8
303803225 20 2
303803224 13 1
303803223 16 2
303803222 1 0
303803220 21 0
303803219 13 2
303803218 1 0
303803217 29 5
303803216 15 2
303803215 5 4
303803214 16 2
303803213 18 1
303803212 15 4
303803211 11 0
303803210 12 1
303803209 7 0
303803208 2 4
303803207 12 5
303803206 0 0
303803205 20 1
303803204 1 0
303803203 10 5
303803202 21 4
303803201 17 0
303803199 1 2
303803197 23 1
303803196 18 1
303803195 19 3
303803194 15 2
303803193 12 6
303803192 15 0
303803191 2 6
303803189 9 2
303803188 0 0
303803187 11 3
303803185 19 3
303803184 17 2
303803183 1 4
303803182 19 1
303803180 47 29
303803177 1 7
303803176 14 4
303803175 15 5
303803174 85 17
303803173 15 3
303803172 4 2
303803171 18 6
303803170 14 4
303803169 14 4
303803168 3 1
303803167 15 7
303803166 74 9
303803165 19 2
303803164 26 4
303803163 2 1
303803162 0 1
303803161 20 2
303803160 2 2
303803159 26 2
303803158 2 2
303803157 116 13
303803156 76 10
303803155 2 1
303803154 0 1
303803153 167 24
303803152 156 35
303803151 14 3
303803149 25 3
303803147 23 1
303803146 25 3
303803145 14 28
303803144 23 3
303803143 17 14
303803142 120 14
303803141 22 1
303803140 40 15
303803138 1 0
303803137 21 3
303803136 87 11
303803135 42 31
303803134 6 1
303803133 85 12
303803132 0 3
303803131 6 21
303803130 90 12
303803129 2 1
303803128 67 25
303803127 26 0
303803126 120 9
303803125 180 11
303803124 8 12
303803123 2 0
303803122 17 3
303803121 29 1
303803120 10 0
303803119 151 9
303803118 0 0
303803117 21 1
303803116 410 11
303803115 26 3
303803113 5 0
303803112 22 0
303803111 3 0
303803110 35 18
303803109 25 4
303803108 15 3
303803107 22 1
303803106 25 2
303803105 28 0
303803104 20 3
303803103 18 1
303803102 17 2
303803101 6 0
303803100 25 3
303803099 21 35
303803098 104 10
303803097 5 44
303803096 36 35
303803093 34 3
303803092 905 24
303803091 83 7
303803090 26 2
303803089 23 4
303803088 2 0
303803087 17 1
303803086 3 0
303803085 23 1
303803084 9 25
303803083 21 0
303803082 24 2
303803081 17 3
303803080 29 10
303803079 24 3
303803078 468 19
303803077 19 3
303803076 23 7
303803075 19 4
303803074 159 35
303803073 18 6
303803072 23 3
303803071 23 1
303803070 12 5
303803069 40 21
303803068 44 45
303803067 175 36
303803066 15 1
303803065 105 13
303803064 33 5
303803063 4 25
303803062 20 0
303803060 147 29
303803059 21 4
303803058 15 0
303803057 132 43
303803056 3 0
303803055 15 0
303803054 22 1
303803053 1 0
303803052 4 24
303803051 5 0
303803050 13 1
303803049 126 30
303803048 22 3
303803047 20 6
303803046 15 4
303803045 9 29
303803043 17 0
303803042 18 1
303803040 1 5
303803039 18 2
303803038 177 26
303803037 158 13
303803036 20 4
303803035 24 3
303803034 23 2
303803033 101 18
303803032 202 13
303803031 176 34
303803030 256 19
303803029 7 7
303803028 2 2
303803027 90 15
303803026 15 2
303803025 0 4
303803024 12 41
303803023 237 18
303803022 18 1
303803021 21 4
303803020 21 6
303803019 2 0
303803018 2 0
303803017 32 4
303803016 23 3
303803015 24 4
303803014 3 0
303803013 21 5
303803012 31 10
303803011 229 50
303803010 187 13
303803009 184 10
303803008 0 0
303803007 15 3
303803006 0 0
303803005 15 3
303803004 91 9
303803003 30 52
303803002 22 1
303803001 20 7
303803000 17 2
303802999 0 0
303802997 26 4
303802996 155 15
303802995 104 17
303802994 5 0
303802993 16 4
303802992 124 13
303802991 87 5
303802990 150 13
303802989 145 13
303802988 134 10
303802987 139 57
303802986 181 15
303802985 82 14
303802984 112 16
303802983 248 36
303802982 3 0
303802981 24 1
303802980 24 2
303802979 12 2
303802978 134 14
303802977 0 6
303802976 323 52
303802975 22 4
303802974 481 15
303802973 178 15
303802972 4 0
303802971 4 0
303802970 25 8
303802969 26 4
303802968 24 4
303802967 23 4
303802965 3 0
303802964 22 1
303802963 323 10
303802962 94 11
303802961 11 4
303802960 2 0
303802958 10 3
303802957 22 2
303802956 375 30
303802955 205 9
303802954 181 10
303802953 24 0
303802952 164 13
303802950 16 2
303802949 23 3
303802948 3 0
303802947 6 0
303802944 174 17
303802943 4 0
303802942 157 17
303802941 1 0
303802939 341 15
303802938 4 0
303802937 5 0
303802936 17 1
303802935 19 7
303802934 2 0
303802933 3 7
303802932 13 2
303802931 13 1
303802930 200 29
303802929 3 0
303802928 86 17
303802927 1 1
303802925 343 34
303802922 93 19
303802920 130 15
303802919 3 0
303802918 0 5
303802917 238 32
303802916 128 28
303802915 20 3
303802914 108 15
303802913 1148 48
303802912 2 14
303802911 206 30
303802910 115 12
303802908 18 1
303802907 145 19
303802904 1594 228
303802903 20 0
303802902 1 0
303802900 24 4
303802897 94 12
303802896 153 19
303802895 162 16
303802894 13 0
303802893 441 10
303802892 19 9
303802891 9 3
303802890 133 11
303802889 64 6
303802888 104 11
303802887 327 20
303802886 18 0
303802885 207 49
303802884 13 6
303802882 10 11
303802880 5 4
303802879 284 21
303802878 171 14
303802877 7 1
303802875 16 0
303802874 172 34
303802873 12 5
303802872 111 13
303802871 215 16
303802870 183 25
303802869 2 9
303802867 244 11
303802866 134 17
303802865 200 12
303802864 459 71
303802863 471 25
303802862 159 19
303802861 127 12
303802860 178 65
303802859 14 23
303802858 21 4
303802857 213 12
303802856 175 14
303802855 18 7
303802854 233 14
303802853 10 1
303802852 160 17
303802851 160 15
303802850 249 54
303802849 245 78
303802848 1 1
303802847 165 18
303802846 149 12
303802845 8 1
303802844 3 0
303802843 2 0
303802840 2 0
303802839 13 1
303802838 25 6
303802837 5 2
303802836 16 7
303802835 510 21
303802834 115 15
303802833 863 157
303802832 7 3
303802831 729 208
303802830 14 5
303802829 320 122
303802828 3 0
303802827 19 2
303802826 963 66
303802825 641 55
303802824 8 2
303802823 654 68
303802822 122 12
303802821 123 41
303802820 96 13
303802819 8 3
303802818 3 0
303802817 1064 202
303802816 9 4
303802815 342 49
303802814 12 3
303802813 571 87
303802812 18 7
303802811 11 5
303802810 11 6
303802809 97 31
303802808 17 3
303802807 113 13
303802806 8 1
303802805 172 24
303802804 13 5
303802803 12 3
303802802 108 9
303802801 539 126
303802800 6 0
303802799 5 0
303802798 6 0
303802797 158 17
303802796 12 1
303802795 631 93
303802793 2 0
303802792 7 3
303802791 7 3
303802790 1 0
303802789 7 3
303802788 598 127
303802786 817 165
303802785 9 2
303802784 1094 162
