303957670 0 0
303957658 0 0
303953840 0 0
303942415 0 0
303916647 1 0
303872065 3 0
303856219 1 0
303850578 1 0
303824811 2 0
303814423 2 0
303798674 2 0
303798662 4 0
303798376 4 0
303796938 1 0
303772464 4 0
303751692 1 0
303745032 9 0
303744664 1 0
303744586 0 2
303744585 0 2
303736240 1 0
303735197 6 0
303735194 3 0
303735188 1 0
303735180 3 0
303735166 1 0
303735163 2 0
303735162 0 1
303735160 4 0
303735147 1 0
303735138 2 0
303735133 0 0
303733197 2 0
303733196 4 0
303723755 4 0
303708998 0 0
303665755 0 0
303662500 3 0
303658585 1 0
303642376 1 0
303587648 0 0
303586731 8 0
303585383 6 0
303578870 5 0
303576927 6 0
303527409 6 0
303506475 4 0
303506472 18 1
303498120 2 0
303497591 19 1
303497087 9 0
303496903 14 0
303492033 1 0
303446979 7 0
303434895 0 0
303429905 14 0
303411705 2 8
303401947 8 0
303369190 10 0
303324115 14 0
303324047 10 0
303323563 9 0
303323334 1 0
303317183 2 0
303315891 12 0
303315846 7 0
303314248 3 0
303250274 0 0
303243317 11 1
303243293 3 0
303243243 1 0
303240859 1 0
303180812 5 1
303163017 1 0
303154790 0 4
303150511 4 0
303150499 11 0
303150489 5 0
303135234 14 1
303122116 8 1
303104953 7 13
303079820 5 0
303079148 11 0
303077849 7 0
303068029 21 0
303024093 11 0
302987735 12 1
302986168 20 0
302980931 5 14
302976375 3 2
302964536 7 22
302956065 14 0
302888943 0 26
302872908 21 0
302851742 0 0
302832536 1 0
302832533 11 19
302818804 15 0
302818705 3 0
302818364 6 0
302817859 4 0
302817445 5 1
302817024 1 0
302816516 20 0
302815592 1 0
302812494 2 0
302812297 10 0
302776215 1 0
302774690 2 0
302774673 4 1
302774515 6 0
302758863 22 4
302731449 22 0
302730911 13 0
302730615 25 0
302730328 18 0
302730172 16 0
302729821 6 17
302724733 13 0
302724568 5 0
302723336 5 0
302723324 30 0
302722072 5 1
302719138 18 0
302718687 18 0
302643874 36 0
302643582 16 0
302643254 9 0
302642516 17 0
302640059 11 0
302634547 3 0
302632999 7 0
302625760 2 27
302599403 19 0
302584212 1 0
302570356 6 0
302570350 3 0
302568886 22 0
302568860 17 1
302568851 1 0
302568837 1 1
302565985 12 0
302565154 21 0
302564422 6 1
302563454 17 1
302560350 31 0
302559706 19 0
302559501 30 0
302559420 8 0
302559384 4 0
302554097 14 1
302510001 10 0
302509862 6 0
302504590 11 0
302496253 9 1
302495909 2 0
302491470 19 0
302489795 3 1
302489747 22 0
302489679 21 0
302485290 12 0
302478398 22 0
302478389 17 0
302478388 22 0
302478375 9 0
302443504 1 0
302425719 9 0
302417619 29 2
302413101 29 1
302412425 2 0
302412396 9 0
302411872 4 0
302411869 11 0
302411808 10 0
302411666 16 1
302411664 5 0
302411167 18 0
302411104 7 0
302411023 31 0
302410857 15 0
302410596 14 0
302409509 0 1
302409493 36 1
302409276 10 2
302409033 16 0
302404201 16 0
302403711 2 8
302403157 10 0
302402921 44 0
302402353 10 0
302400989 0 0
302399704 12 0
302399696 10 0
302399669 18 0
302399643 22 0
302399435 7 0
302399012 0 0
302399004 0 0
302398920 2 0
302398613 17 1
302366319 36 0
302365859 14 2
302352765 19 0
302347632 21 0
302347546 8 0
302331251 3 0
302320536 2 0
302316409 2 0
302316397 14 1
302315645 0 4
302315428 25 0
302315426 10 0
302314317 3 0
302314202 48 0
302314182 15 0
302314177 12 0
302314174 27 0
302314126 21 0
302314120 21 0
302313899 42 0
302313834 22 1
302313718 14 0
302313699 8 0
302313694 23 0
302313618 6 0
302313127 29 0
302313116 22 0
302312712 11 1
302311589 17 0
302311545 10 1
302311488 9 0
302311485 12 0
302311237 12 0
302310011 23 0
302309228 81 1
302308910 4 0
302308228 22 0
302307458 7 0
302305296 27 0
302304049 24 0
302277069 23 4
302251136 27 0
302247919 19 0
302238444 15 1
302237722 5 2
302237715 18 0
302237488 6 0
302236420 27 0
302236365 25 0
302232545 25 0
302231820 4 0
302231735 22 1
302231706 17 0
302231683 12 0
302231154 14 0
302230954 15 1
302229562 22 0
302229215 8 0
302228396 0 0
302228340 27 0
302226661 30 1
302215501 10 0
302194740 0 0
302193800 12 0
302193791 16 1
302192075 10 4
302189124 10 0
302181662 22 0
302181447 0 0
302181427 0 0
302181411 31 0
302181288 10 0
302181068 6 0
302180377 8 0
302180073 23 0
302179691 28 0
302179265 37 0
302179225 48 0
302179195 9 0
302179180 13 0
302179135 34 0
302178584 10 1
302178369 26 0
302178361 8 0
302178326 16 0
302178244 28 1
302178239 10 0
302177630 15 0
302176326 13 0
302176240 53 0
302175659 2 0
302175477 31 1
302175366 24 0
302175350 0 0
302175301 29 0
302174987 5 0
302174676 8 0
302174658 1 1
302174454 4 0
302174144 0 0
302174076 7 0
302173967 0 0
302173620 4 0
302173574 0 0
302172993 95 1
302172842 20 0
302172675 27 1
302172668 22 0
302172665 6 0
302172660 10 0
302172643 10 0
302172631 20 0
302172628 9 0
302171514 2 0
302171488 18 0
302164468 9 1
302145035 22 0
302144275 36 0
302143915 23 0
302135885 0 0
302134955 25 0
302134233 31 2
302125635 9 20
302125154 7 0
302124910 8 0
302124908 3 4
302124515 30 2
302124510 0 0
302124121 20 31
302123721 15 1
302123719 8 54
302123714 18 0
302123499 0 0
302123404 14 0
302122553 27 2
302120607 13 1
302120606 8 0
302119332 8 0
302119208 14 2
302118986 17 1
302117547 71 3
302117054 18 2
302115772 5 0
302111140 4 1
302110925 32 2
302109594 5 1
302107096 2 22
302094171 21 0
302094167 9 0
302082050 27 2
302081772 33 1
302081121 39 0
302081111 12 0
302081030 21 0
302078650 31 0
302078581 1 0
302078580 4 10
302078396 5 1
302078033 1 1
302077864 13 1
302077861 74 1
302077860 12 1
302077854 15 0
302077738 0 1
302077416 19 0
302077151 51 3
302076736 2 28
302075234 0 1
302074904 2 7
302073996 7 2
302073903 3 2
302073844 4 12
302073738 7 63
302073465 29 1
302073432 11 4
302072993 0 1
302072821 23 1
302072511 0 0
302072418 0 0
302071582 9 0
302071348 33 0
302071319 26 0
302071313 43 0
302071265 32 0
302071177 12 7
302071089 59 0
302071077 30 0
302071065 14 0
302071061 18 0
302070362 0 2
302070210 43 0
302068238 22 0
302067926 53 0
302065116 63 0
302064971 1 1
302063996 9 0
302062501 2 3
302061674 1 0
302061352 48 1
302056021 52 0
302055250 33 1
302049764 22 0
302049561 4 0
302047139 46 6
302040842 1 0
302040720 33 1
302040589 28 0
302040337 13 3
302040136 2 0
302040129 1 0
302039469 27 0
302035893 5 0
302035806 38 0
302035803 24 0
302035785 1 0
302035700 1 0
302035544 6 60
302035472 36 6
302035327 1 1
302035214 38 0
302035131 5 0
302035047 66 4
302034939 0 1
302034888 4 0
302034879 0 0
302034740 1 0
302034727 1 0
302034708 21 0
302034533 29 3
302034404 3 0
302034401 16 0
302034399 32 0
302034375 3 0
302034371 27 0
302034197 36 0
302033955 2 17
302033543 1 0
302032188 35 0
302032179 42 0
302032178 23 0
302032172 30 0
302032171 29 0
302032167 20 0
302032166 35 0
302032165 23 2
302032162 14 0
302032160 5 1
302032158 35 0
302032155 24 0
302032148 39 0
302031990 43 0
302031764 44 0
302031761 2 0
302031754 3 0
302031345 29 0
302031312 13 0
302030943 0 0
302030930 1 0
302030805 1 0
302030786 20 0
302030722 18 2
302030637 10 4
302030627 12 3
302030620 3 0
302030615 21 0
302030443 42 0
302030358 16 0
302030275 13 1
302030222 8 0
302030221 15 2
302030198 6 1
302030141 0 0
302030052 25 0
302029963 13 1
302029920 0 1
302029813 0 0
302029687 44 0
302029671 6 0
302029619 19 0
302029616 32 0
302029542 33 0
302029511 1 60
302029462 1 1
302029456 38 0
302029339 1 0
302029308 1 0
302029293 7 32
302029217 2 0
302028805 25 0
302028741 1 74
302028730 3 43
302028655 3 17
302028641 16 0
302028514 0 0
302028466 20 1
302028421 2 0
302028415 20 0
302028404 24 0
302028401 0 0
302028107 1 0
302027963 8 78
302027771 38 0
302027737 36 4
302027655 13 5
302027617 15 0
302027611 9 0
302027600 45 0
302027574 1 2
302027298 14 8
302027092 14 0
302027033 24 2
302027014 5 47
302026925 19 2
302026911 40 0
302026831 36 0
302026780 6 45
302026638 29 4
302026601 33 4
302026600 35 0
302026423 0 0
302026384 2 0
302026284 1 0
302025985 35 4
302025810 9 0
302025772 18 1
302025760 13 0
302025521 22 0
302025432 54 0
302025338 1 0
302024186 81 1
302024116 1 0
302023945 2 0
302023094 21 0
302023000 37 0
302020562 18 0
302020357 24 0
302020339 36 0
302020162 1 3
302019825 1 0
302019553 1 0
302019157 39 4
302018389 32 0
302018383 5 21
302018372 25 12
302018353 1 21
302018309 2 32
302018302 0 20
302018277 24 18
302018248 0 0
302018151 0 7
302018147 18 10
302018115 0 0
302018090 23 5
302018063 10 16
302018030 11 54
302017818 3 15
302017777 13 2
302017769 5 0
302017765 22 0
302017760 13 0
302017746 43 0
302017740 0 0
302017738 22 1
302017661 1 0
302017642 39 0
302017634 28 1
302017604 0 1
302017560 0 1
302017348 25 8
302017335 9 1
302017204 28 6
302017133 12 1
302017090 17 0
302017087 2 58
302017078 25 0
302017067 10 3
302017056 8 45
302017028 19 1
302016995 0 2
302016925 14 29
302016915 60 1
302016870 0 2
302016766 12 1
302016661 0 1
302016649 4 0
302016646 36 0
302016582 40 0
302016508 13 0
302016490 5 6
302016481 5 0
302016477 11 2
302016461 16 0
302016455 42 2
302016400 27 14
302016366 30 2
302016319 15 1
302015929 4 4
302015881 3 21
302015858 0 29
302015706 1 20
302015686 0 0
302015338 13 1
302015123 0 0
302014770 25 4
302014759 29 6
302014700 1 0
302014565 23 18
302014461 2 5
302014246 6 7
302014238 4 6
302013759 0 1
302013692 16 7
302013662 17 6
302013282 25 0
302012829 0 1
302010579 39 21
302008990 29 0
302008987 0 0
302008984 13 0
302008975 19 1
302008904 93 0
302008867 5 2
302008816 7 3
302008646 0 1
302008607 34 0
302008553 5 48
302008496 14 0
302008375 0 0
302008292 0 0
302008161 1 1
302008100 44 2
302007958 19 4
302007923 30 0
302007882 11 25
302007863 45 16
302007698 3 52
302007670 1 0
302007648 8 2
302007438 22 2
302006934 0 0
302006627 1 0
302006297 1 0
302006293 10 0
302006222 7 0
302006179 0 0
302006050 38 0
302005700 39 0
302005081 3 23
302004919 15 2
302004836 5 12
302003537 8 52
302001469 31 0
302001185 10 8
302001144 7 36
302001093 1 0
302000774 1 0
302000733 10 9
302000673 9 12
302000652 16 136
302000646 1 94
302000644 10 0
302000641 7 173
302000559 2 40
302000502 0 0
302000448 28 0
302000371 2 41
302000366 18 5
302000358 6 7
302000171 6 30
302000164 22 5
302000141 0 0
301999841 1 23
301999812 4 70
301999730 16 2
301999725 2 7
301999648 14 10
301999619 5 4
301999613 0 0
301999492 8 28
301999480 3 0
301999462 6 0
301999428 12 5
301999402 20 0
301999154 8 28
301999079 0 1
301998604 5 5
301998335 10 1
301998331 20 0
301998326 1 9
301998033 8 26
301997970 47 0
301996767 3 13
301996727 6 28
301996025 7 0
301995369 2 17
301995204 27 0
301995099 5 45
301995085 2 203
301995047 5 181
301995011 2 62
301994910 4 74
301994889 8 86
301994834 8 1
301994785 3 12
301994626 2 16
301993444 0 19
301993021 0 2
301992525 3 34
301991556 0 1
301991498 8 21
301991385 1 37
301991333 13 1
301990199 3 31
301989813 25 0
301989570 15 0
301988726 29 0
301987456 15 0
301984467 1 28
301977125 1 29
301976838 20 31
301976834 19 32
301976823 1 0
301976794 1 0
301976789 2 1
301976778 42 2
301976724 33 8
301976723 16 2
301976721 4 34
301976711 3 15
301976673 3 1
301976664 4 8
301976649 1 2
301976643 3 7
301976632 6 7
301976602 3 0
301976591 7 11
301976581 3 1
301976577 1 0
301976573 19 1
301976515 26 3
301976480 14 3
301976479 30 1
301976478 1 2
301976477 2 0
301976471 1 2
301976470 8 1
301976463 10 1
301976452 6 1
301976449 12 0
301976447 14 0
301976437 0 0
301976434 0 0
301976424 1 0
301976415 3 7
301976371 43 1
301976368 20 7
301976358 6 1
301976338 8 27
301976330 6 35
301976325 37 2
301976323 7 3
301976306 42 1
301976249 9 2
301976245 11 7
301976238 1 1
301976232 0 0
301976231 0 2
301976223 18 7
301976218 0 2
301976216 12 2
301976201 6 17
301976151 1 29
301976148 41 3
301976126 15 3
301976124 10 14
301976119 5 27
301976111 1 1
301976106 12 1
301976093 9 15
301976075 0 1
301976074 35 1
301976064 20 0
301976045 8 2
301976019 10 1
301976016 17 0
301976013 10 3
301976010 17 3
301976006 7 0
301975998 22 2
301975991 29 1
301975987 7 38
301975982 16 1
301975977 80 2
301975972 31 1
301975957 0 0
301975952 5 6
301975945 34 1
301975923 45 2
301975894 4 10
301975891 6 2
301975889 0 0
301975868 0 1
301975830 8 125
301975828 1 0
301975825 3 11
301975823 2 9
301975820 0 0
301975810 0 2
301975804 6 31
301975802 5 1
301975798 17 3
301975789 3 7
301975788 3 7
301975763 1 4
301975762 1 0
301975757 3 8
301975746 37 1
301975745 3 3
301975739 0 1
301975729 1 0
301975721 0 0
301975702 1 36
301975678 30 0
301975645 17 2
301975617 9 0
301975577 1 0
301975539 3 15
301975524 1 0
301975471 13 3
301975436 0 0
301975409 21 0
301975357 9 0
301975340 14 1
301975261 6 4
301975157 0 1
301975149 12 14
301975144 48 1
301975143 5 0
301975140 24 0
301975139 64 0
301975137 66 1
301975130 23 0
301975118 2 41
301975091 1 0
301975076 13 1
301975075 21 7
301975074 18 1
301975053 10 6
301975034 0 19
301975030 13 1
301975022 0 16
301975014 0 25
301975007 0 0
301974998 6 0
301974993 49 0
301974945 0 0
301974933 1 5
301974893 41 1
301974823 27 0
301974788 1 3
301974767 25 1
301974696 9 3
301974689 38 1
301974679 20 0
301974666 20 0
301974659 31 1
301974657 32 1
301974641 2 3
301974621 7 0
301974611 0 0
301974610 17 0
301974599 10 0
301974549 14 2
301974491 3 15
301974479 0 0
301974475 7 1
301974473 0 1
301974469 7 24
301974465 14 35
301974358 7 0
301974325 5 5
301974313 30 0
301974310 1 0
301974286 0 0
301974142 9 21
301974141 4 7
301974060 26 4
301973998 14 28
301973960 19 0
301973954 25 1
301973933 23 0
301973918 5 1
301973872 0 0
301973857 23 1
301973839 7 0
301973831 41 0
301973827 33 1
301973789 27 0
301973783 4 27
301973782 8 1
301973715 0 0
301973713 25 0
301973712 30 1
301973680 7 0
301973664 13 7
301973661 1 0
301973660 20 0
301973640 29 0
301973608 3 2
301973598 1 8
301973496 13 0
301973373 1 0
301973362 9 3
301973271 13 4
301973269 1 0
301973259 5 2
301973258 15 1
301973257 0 1
301973168 3 0
301973165 30 1
301973156 29 2
301973126 9 17
301972897 42 3
301972714 0 2
301972287 3 1
301972247 2 0
301972219 7 4
301972216 2 25
301972214 3 0
301972210 4 19
301972209 4 4
301972189 24 1
301972187 50 1
301972185 19 2
301972175 1 0
301972170 0 0
301972169 16 4
301972168 12 0
301972164 4 28
301972162 3 9
301972160 8 2
301972158 2 1
301972157 11 37
301972156 6 42
301972155 14 38
301972149 5 8
301972148 1 0
301972147 6 26
301972145 23 1
301972144 1 0
301972143 6 0
301972142 0 0
301972138 2 0
301972137 35 3
301972135 16 4
301972134 67 2
301972133 58 4
301972132 2 0
301972129 2 0
301972128 13 2
301972124 29 11
301972120 2 1
301972119 0 0
301972118 4 1
301972117 1 0
301972115 9 3
301972114 12 6
301972113 13 4
301972110 5 20
301972109 32 0
301972107 3 0
301972106 11 5
301972105 0 3
301972103 1 0
301972101 2 2
301972099 18 6
301972098 0 2
301972097 9 2
301972094 70 1
301972093 11 7
301972090 0 4
301972088 16 0
301972087 0 3
301972086 5 32
301972083 27 0
301972079 17 2
301972076 92 2
301972075 0 2
301972074 1 2
301972071 11 7
301972068 3 57
301972067 9 0
301972066 63 0
301972061 30 0
301972056 12 30
301972055 22 1
301972052 32 0
301972051 47 7
301972049 29 2
301972048 3 0
301972046 24 2
301972045 0 3
301972044 0 2
301972040 0 0
301972039 1 0
301972037 1 0
301972036 9 0
301972034 54 1
301972033 0 2
301972031 26 1
301972030 6 0
301972029 4 4
301972026 10 47
301972024 0 5
301972023 5 11
301972022 11 12
301972021 33 1
301972020 7 35
301972018 2 0
301972016 17 4
301972015 23 1
301972014 9 7
301972012 1 59
301972009 0 3
301972008 1 56
301972007 24 1
301972006 10 5
301972003 31 1
301972002 15 1
301971999 18 1
301971998 16 1
301971997 13 0
301971996 9 0
301971995 5 3
301971994 16 0
301971993 9 4
301971989 2 22
301971988 2 0
301971987 12 3
301971984 5 3
301971983 35 0
301971979 0 1
301971978 28 2
301971977 14 0
301971976 3 0
301971974 1 2
301971973 7 3
301971972 4 34
301971971 1 3
301971970 0 5
301971968 0 3
301971966 13 1
301971964 0 2
301971963 10 1
301971960 7 2
301971959 4 8
301971957 2 19
301971955 7 0
301971954 4 27
301971951 1 30
301971950 4 0
301971948 24 1
301971947 0 3
301971945 8 1
301971944 49 0
301971943 0 0
301971941 38 0
301971939 5 31
301971937 0 0
301971935 3 37
301971933 14 0
301971930 6 0
301971929 0 0
301971928 5 0
301971927 10 2
301971925 3 1
301971924 0 0
301971918 18 1
301971917 21 1
301971912 5 0
301971907 0 0
301971905 1 1
301971903 5 27
301971902 1 31
301971901 19 1
301971891 5 0
301971890 7 7
301971889 12 16
301971882 14 1
301971879 0 0
301971878 4 4
301971876 7 25
301971875 8 39
301971874 13 1
301971873 1 0
301971872 0 1
301971871 5 1
301971870 0 0
301971869 34 51
301971867 4 26
301971866 2 1
301971862 9 6
301971861 10 27
301971860 36 4
301971858 10 25
301971855 27 9
301971854 9 2
301971853 20 0
301971852 15 0
301971846 0 0
301971845 29 7
301971844 36 1
301971843 8 17
301971842 38 0
301971840 3 2
301971839 0 1
301971838 34 1
301971837 32 5
301971836 5 1
301971834 24 0
301971833 0 0
301971832 9 1
301971830 8 17
301971829 27 0
301971828 30 2
301971827 17 0
301971825 12 0
301971824 27 0
301971821 40 0
301971820 9 1
301971819 62 0
301971818 12 5
301971817 16 1
301971816 13 0
301971815 30 0
301971813 16 0
301971810 14 0
301971809 14 1
301971808 138 1
301971807 9 3
301971806 0 0
301971804 8 2
301971803 22 0
301971802 0 0
301971801 31 0
301971799 6 2
301971798 36 2
301971797 4 22
301971795 18 5
301971794 0 0
301971793 13 0
301971792 0 1
301971791 7 1
301971790 2 27
301971786 21 1
301971782 6 1
301971780 6 0
301971779 0 0
301971778 0 0
301971777 0 1
301971775 0 0
301971772 0 2
301971771 17 1
301971769 1 0
301971766 15 1
301971765 1 2
301971763 8 1
301971761 0 0
301971760 16 1
301971757 8 0
301971756 4 12
301971752 9 11
301971751 0 1
301971748 0 0
301971747 1 0
301971745 0 1
301971742 3 0
301971738 4 2
301971736 5 20
301971735 0 0
301971734 9 0
301971731 4 6
301971730 17 1
301971729 6 0
301971728 3 2
301971727 15 1
301971726 4 1
301971725 14 0
301971724 21 0
301971723 4 2
301971722 7 0
301971721 6 1
301971720 14 0
301971719 0 0
301971718 17 0
301971717 1 0
301971715 0 1
301971714 4 1
301971713 10 1
301971710 3 1
301971709 0 0
301971708 0 0
301971707 21 0
301971706 5 40
301971705 1 32
301971704 16 0
301971702 0 0
301971701 9 1
301971699 17 1
301971698 4 0
301971697 4 1
301971695 14 0
301971692 16 2
301971691 18 0
301971689 5 2
301971688 4 2
301971685 12 1
301971684 6 1
301971681 0 1
301971680 3 0
301971675 4 23
301971674 0 1
301971673 0 1
301971672 14 0
301971671 9 68
301971670 6 3
301971668 0 0
301971665 1 7
301971663 0 0
301971661 1 6
301971660 7 7
301971657 1 11
301971656 11 0
301971653 5 13
301971651 25 0
301971650 15 1
301971649 3 1
301971648 10 1
301971647 15 0
301971644 8 0
301971642 4 0
301971641 0 2
301971640 9 0
301971638 16 0
301971637 34 0
301971635 11 1
301971634 13 39
301971633 41 10
301971632 3 1
301971631 62 0
301971627 0 0
301971626 29 0
301971624 13 0
301971623 5 0
301971621 7 0
301971620 1 0
301971619 2 0
301971617 5 0
301971614 0 1
301971613 12 0
301971607 0 0
301971606 0 0
301971597 1 0
301971593 16 14
301971592 7 1
301971590 4 14
301971589 1 2
301971587 16 1
301971581 0 3
301971577 0 1
301971573 20 12
301971572 0 1
301971570 0 2
301971569 6 53
301971568 8 2
301971567 0 1
301971566 6 7
301971564 22 1
301971558 7 31
301971557 10 11
301971555 23 1
301971554 6 35
301971551 34 0
301971550 0 0
301971547 1 1
301971545 15 0
301971542 16 1
301971540 0 0
301971539 0 0
301971534 9 7
301971530 8 0
301971528 3 2
301971526 8 7
301971522 5 62
301971519 0 0
301971518 14 12
301971517 5 9
301971516 3 0
301971514 24 0
301971512 6 3
301971511 7 2
301971510 0 0
301971509 0 0
301971508 9 41
301971507 24 1
301971504 0 0
301971503 0 0
301971500 5 3
301971497 15 1
301971495 16 1
301971494 1 39
301971490 0 3
301971489 34 0
301971488 0 0
301971487 10 0
301971486 16 0
301971482 0 0
301971481 0 0
301971480 18 1
301971478 0 0
301971476 8 5
301971475 40 25
301971471 1 0
301971470 9 7
301971469 0 1
301971465 11 2
301971463 2 1
301971462 15 0
301971461 21 1
301971459 1 0
301971458 18 1
301971457 31 1
301971456 5 9
301971453 0 0
301971451 6 53
301971450 4 12
301971447 20 0
301971446 8 8
301971443 19 0
301971440 12 0
301971438 3 6
301971434 11 0
301971432 31 0
301971431 34 19
301971429 0 1
301971428 4 1
301971427 17 0
301971425 5 2
301971423 8 32
301971419 0 0
301971415 1 0
301971414 0 1
301971413 0 0
301971412 9 1
301971410 9 4
301971409 9 0
301971408 3 13
301971407 3 31
301971406 6 2
301971405 0 43
301971403 5 47
301971402 11 0
301971401 3 1
301971400 16 2
301971399 6 0
301971398 7 2
301971396 10 0
301971395 0 0
301971394 4 2
301971392 17 0
301971390 11 1
301971389 31 0
301971388 23 0
301971387 21 0
301971385 9 0
301971384 0 0
301971382 0 0
301971380 6 7
301971379 5 0
301971378 4 0
301971377 14 1
301971376 6 48
301971375 7 0
301971374 0 0
301971373 12 1
301971372 16 2
301971370 6 1
301971369 18 0
301971368 2 11
301971365 25 13
301971364 7 4
301971362 7 7
301971361 0 0
301971360 6 58
301971358 4 19
301971356 0 0
301971355 0 0
301971353 5 6
301971351 29 4
301971350 24 5
301971349 1 0
301971348 68 0
301971347 4 9
301971345 8 0
301971342 0 0
301971337 7 44
301971335 8 5
301971333 17 2
301971332 7 0
301971330 22 2
301971329 22 0
301971328 1 0
301971327 25 0
301971324 17 1
301971323 13 9
301971321 8 25
301971319 53 0
301971318 0 0
301971315 24 0
301971312 7 1
301971311 0 0
301971310 0 1
301971309 25 0
301971308 3 18
301971307 4 22
301971306 6 8
301971304 2 34
301971296 0 1
301971295 8 6
301971294 23 0
301971293 34 9
301971292 8 4
301971291 6 1
301971287 0 0
301971286 1 0
301971284 1 1
301971283 0 0
301971282 20 3
301971281 6 3
301971276 0 0
301971275 8 4
301971274 0 0
301971270 0 0
301971269 10 1
301971268 0 0
301971264 9 2
301971259 9 2
301971258 0 0
301971257 1 0
301971256 2 2
301971254 7 0
301971253 0 0
301971252 11 1
301971251 1 0
301971250 28 1
301971249 7 14
301971245 27 0
301971244 5 3
301971243 0 1
301971242 14 2
301971240 36 13
301971238 3 1
301971237 1 0
301971236 16 1
301971235 8 0
301971233 22 0
301971231 3 0
301971230 20 0
301971229 1 0
301971228 0 0
301971227 0 3
301971225 15 0
301971223 10 5
301971220 6 1
301971219 13 2
301971218 0 0
301971216 2 33
301971215 0 0
301971214 0 0
301971212 19 0
301971210 39 1
301971209 0 2
301971208 8 37
301971207 0 0
301971205 10 154
301971204 19 16
301971203 0 3
301971202 3 6
301971201 14 0
301971200 0 7
301971199 20 3
301971198 5 10
301971197 0 0
301971196 0 0
301971195 0 0
301971192 13 6
301971191 0 1
301971189 7 1
301971188 0 0
301971187 26 0
301971185 31 5
301971184 12 5
301971183 3 6
301971182 0 10
301971181 17 6
301971178 15 0
301971177 5 3
301971175 11 1
301971174 0 1
301971173 16 0
301971172 26 0
301971171 16 0
301971170 14 1
301971169 8 0
301971168 2 0
301971167 16 0
301971166 3 0
301971164 0 0
301971161 0 0
301971160 19 1
301971159 0 1
301971158 0 0
301971157 0 1
301971156 7 5
301971155 14 0
301971152 1 1
301971151 20 28
301971147 50 10
301971143 8 30
301971142 0 0
301971141 19 1
301971138 1 0
301971135 6 1
301971133 1 1
301971131 14 31
301971129 0 0
301971128 15 1
301971127 0 0
301971126 12 0
301971124 14 8
301971123 10 37
301971121 5 5
301971120 0 0
301971119 7 3
301971118 2 0
301971117 0 1
301971116 0 1
301971115 7 17
301971114 0 1
301971113 1 26
301971111 6 34
301971110 3 0
301971107 6 21
301971106 9 18
301971102 13 22
301971101 0 0
301971100 34 11
301971097 7 23
301971094 40 2
301971092 27 0
301971091 1 0
301971090 48 7
301971087 13 1
301971086 1 6
301971084 15 0
301971083 14 0
301971080 24 0
301971079 3 11
301971078 13 0
301971077 5 1
301971075 0 0
301971073 16 0
301971071 1 45
301971070 12 39
301971069 3 27
301971067 2 0
301971066 17 9
301971065 0 2
301971064 1 40
301971062 8 3
301971060 19 0
301971056 12 4
301971054 19 0
301971051 24 1
301971050 0 0
301971049 16 0
301971046 20 0
301971043 10 2
301971042 8 1
301971041 11 0
301971040 56 7
301971039 0 7
301971038 8 0
301971037 7 0
301971036 24 1
301971035 0 0
301971033 10 2
301971032 0 0
301971031 7 4
301971030 38 3
301971029 7 25
301971027 14 38
301971026 0 2
301971024 14 0
301971022 1 0
301971021 8 1
301971020 0 0
301971018 17 0
301971017 13 94
301971016 2 66
301971015 6 22
301971013 2 13
301971010 1 0
301971009 21 1
301971008 26 0
301971007 8 0
301971005 0 1
301971001 18 0
301970998 13 0
301970997 6 0
301970996 4 2
301970995 26 0
301970994 14 1
301970993 15 3
301970992 284 4
301970991 5 0
301970990 0 0
301970989 13 0
301970986 11 0
301970985 28 1
301970984 421 20
301970983 34 0
301970982 11 0
301970981 0 0
301970980 22 0
301970979 0 14
301970977 44 0
301970976 17 2
301970975 0 0
301970974 0 0
301970973 27 1
301970972 1 0
301970971 9 33
301970970 29 1
301970966 9 1
301970965 13 1
301970963 10 0
301970962 4 1
301970959 0 0
301970958 4 56
301970956 7 2
301970955 0 1
301970954 11 0
301970953 0 2
301970952 19 3
301970951 9 93
301970950 171 3
301970947 0 2
301970944 26 0
301970942 3 0
301970941 16 9
301970940 0 0
301970938 2 47
301970935 0 0
301970932 18 0
301970931 8 0
301970930 7 0
301970929 10 0
301970928 26 0
301970927 20 1
301970924 0 0
301970923 9 1
301970922 31 0
301970921 0 0
301970920 10 0
301970917 1 0
301970916 7 0
301970915 22 0
301970914 0 2
301970907 4 1
301970906 5 0
301970905 2 1
301970904 0 0
301970903 0 0
301970902 0 0
301970898 6 5
301970896 0 9
301970895 0 0
301970894 7 1
301970892 6 1
301970891 1 0
301970890 46 13
301970889 3 4
301970888 14 0
301970887 0 0
301970886 2 5
301970884 16 0
301970883 0 0
301970882 16 1
301970880 38 0
301970879 6 1
301970878 30 0
301970876 5 3
301970875 39 0
301970874 2 0
301970873 23 0
301970872 0 0
301970871 8 0
301970870 0 0
301970868 15 1
301970867 1 0
301970864 2 0
301970863 21 0
301970861 0 0
301970860 13 0
301970859 2 3
301970858 12 0
301970857 0 0
301970856 0 0
301970855 7 1
301970854 38 0
301970853 7 0
301970852 10 0
301970851 1 0
301970850 7 0
301970849 29 0
301970848 0 0
301970847 3 2
301970846 27 1
301970845 2 4
301970844 11 0
301970843 47 1
301970842 15 0
301970841 23 0
301970840 30 0
301970839 12 0
301970838 3 35
301970837 13 0
301970836 15 1
301970835 0 0
301970834 34 2
301970833 10 0
301970832 28 1
301970831 0 1
301970830 4 0
301970828 0 0
301970827 0 0
301970826 6 59
301970825 3 0
301970824 1 1
301970823 2 5
301970822 4 2
301970821 10 1
301970820 0 4
301970819 20 1
301970817 7 46
301970816 3 13
301970815 0 0
301970814 9 0
301970813 5 0
301970812 0 0
301970810 12 0
301970809 1 1
301970807 10 0
301970805 7 59
301970804 6 0
301970801 8 5
301970800 0 0
301970799 4 5
301970798 1 5
301970796 5 0
301970795 8 37
301970794 26 0
301970793 6 0
301970792 12 2
301970789 0 0
301970788 0 0
301970787 6 0
301970786 1 1
301970785 5 0
301970784 2 1
301970783 8 10
301970782 1 5
301970781 6 6
301970780 17 0
301970778 5 7
301970777 0 0
301970775 0 0
301970773 8 0
301970771 5 5
301970770 12 1
301970769 5 17
301970767 0 0
301970766 5 2
301970765 7 4
301970764 9 5
301970763 7 5
301970762 2 5
301970761 4 3
301970760 3 14
301970759 3 1
301970758 1 4
301970757 16 3
301970756 5 4
301970755 1 3
301970754 6 2
301970752 4 10
301970751 8 0
301970750 3 3
301970749 8 6
301970748 0 1
301970746 6 0
301970745 3 3
301970743 3 2
301970742 18 1
301970741 21 1
301970740 15 0
301970739 0 17
301970738 0 0
301970737 7 16
301970736 1 16
301970735 7 0
301970734 23 6
301970733 35 0
301970732 0 3
301970731 28 2
301970730 14 2
301970729 2 8
301970728 0 0
301970727 17 0
301970726 3 3
301970725 4 9
301970724 0 0
301970723 7 1
301970722 5 0
301970720 1 16
301970719 4 2
301970718 9 1
301970717 0 0
301970716 4 1
301970715 1 0
301970714 5 1
301970713 27 1
301970712 3 25
301970711 33 6
301970710 3 3
301970709 23 0
301970707 1 0
301970706 0 4
301970705 5 1
301970704 20 1
301970702 8 1
301970701 4 45
301970700 12 1
301970699 6 23
301970698 6 0
301970697 0 0
301970696 3 10
301970694 0 0
301970693 0 0
301970692 0 1
301970691 0 0
301970690 0 0
301970689 7 0
301970688 0 0
301970686 1 3
301970685 1 1
301970684 0 0
301970682 5 94
301970680 0 0
301970677 2 0
301970676 6 4
301970675 3 4
301970674 3 1
301970673 1 0
301970672 0 1
301970671 3 5
301970670 18 1
301970669 0 13
301970666 1 0
301970665 1 0
301970664 16 0
301970663 17 0
301970662 2 1
301970661 9 0
301970660 7 0
301970659 25 0
301970658 0 0
301970657 26 43
301970656 8 0
301970655 3 2
301970654 10 1
301970653 17 13
301970652 0 0
301970651 25 1
301970650 8 9
301970649 17 0
301970647 7 0
301970646 0 0
301970645 1 0
301970644 0 0
301970643 1 25
301970642 3 10
301970641 19 0
301970640 2 24
301970638 3 0
301970637 1 0
301970635 2 0
301970634 0 0
301970632 2 2
301970629 12 1
301970628 0 0
301970626 1 1
301970625 0 0
301970624 11 0
301970623 16 1
301970622 202 7
301970621 27 0
301970620 6 1
301970619 7 2
301970618 23 1
301970617 2 0
301970616 20 0
301970615 2 1
301970613 10 2
301970612 5 0
301970611 18 0
301970610 2 31
301970609 4 18
301970607 8 6
301970606 78 5
301970604 10 0
301970602 4 0
301970601 14 1
301970599 12 1
301970597 2 0
301970595 1 0
301970594 0 0
301970592 3 13
301970590 0 0
301970589 7 5
301970588 22 0
301970587 24 2
301970586 26 2
301970584 366 2
301970583 1 0
301970581 25 2
301970579 20 0
301970577 6 23
301970576 359 11
301970572 15 1
301970571 12 1
301970570 5 0
301970568 9 52
301970567 16 2
301970565 1 4
301970564 1 0
301970563 3 1
301970561 0 18
301970559 20 2
301970558 28 2
301970557 11 1
301970555 2 0
301970553 23 1
301970552 18 1
301970551 3 0
301970550 14 3
301970549 15 1
301970548 10 1
301970546 23 2
301970545 2 7
301970543 0 1
301970542 7 1
301970541 21 0
301970540 16 2
301970538 43 1
301970536 0 0
301970535 14 2
301970532 5 1
301970531 14 1
301970529 14 2
301970528 12 1
301970527 21 0
301970526 0 2
301970524 7 1
301970522 4 0
301970521 7 0
301970520 3 2
301970519 12 0
301970517 7 0
301970516 4 1
301970514 1 8
301970512 5 6
301970510 3 0
301970509 0 2
301970508 2 1
301970504 23 1
301970503 0 0
301970499 8 0
301970497 8 6
301970495 0 5
301970492 4 5
301970490 23 3
301970488 19 0
301970481 7 0
301970479 2 0
301970478 6 2
301970476 0 1
301970475 21 2
301970474 0 1
301970473 24 2
301970472 13 3
301970470 5 1
301970469 0 0
301970466 12 19
301970463 2 0
301970462 5 1
301970461 3 0
301970460 1 0
301970459 13 23
301970458 1 0
301970456 0 0
301970455 0 0
301970450 0 1
301970448 10 1
301970446 0 0
301970444 7 2
301970443 15 27
301970442 11 0
301970440 21 6
301970439 38 0
301970437 25 0
301970436 7 0
301970435 1 0
301970434 698 11
301970433 8 0
301970432 4 4
301970430 2 0
301970427 34 24
301970426 11 0
301970425 16 0
301970424 0 0
301970423 5 0
301970421 29 1
301970420 7 2
301970419 5 11
301970418 13 3
301970417 15 7
301970416 7 8
301970413 4 4
301970412 0 0
301970410 2 16
301970409 23 1
301970406 0 0
301970405 8 0
301970404 0 0
301970401 10 1
301970399 12 2
301970398 30 0
301970397 3 3
301970396 29 0
301970395 4 1
301970394 6 1
301970391 3 13
301970390 33 1
301970386 22 0
301970385 18 0
301970384 5 0
301970383 0 11
301970379 8 0
301970378 12 0
301970377 11 1
301970376 0 0
301970375 7 1
301970373 30 0
301970370 15 1
301970369 24 0
301970368 22 1
301970365 17 0
301970363 13 0
301970362 6 0
301970361 0 0
301970360 7 1
301970358 5 2
301970357 5 1
301970356 19 0
301970354 6 4
301970351 25 2
301970350 0 0
301970348 2 1
301970346 16 1
301970345 4 0
301970343 23 0
301970342 0 0
301970341 13 0
301970340 6 42
301970339 2 34
301970338 18 3
301970337 7 1
301970335 0 0
301970332 6 0
301970329 13 1
301970328 14 2
301970327 6 2
301970326 0 0
301970324 7 2
301970323 5 4
301970322 26 9
301970320 8 0
301970317 5 3
301970315 33 2
301970314 5 2
301970312 16 0
301970309 7 4
301970307 30 0
301970305 4 4
301970304 0 0
301970303 0 0
301970302 15 0
301970301 28 0
301970300 12 1
301970296 16 0
301970295 29 0
301970293 6 1
301970290 16 2
301970288 10 0
301970287 0 0
301970286 5 14
301970284 3 0
301970283 0 1
301970282 20 0
301970280 14 0
301970279 17 2
301970278 1 12
301970277 0 0
301970276 134 11
301970275 41 2
301970274 10 2
301970273 24 0
301970272 22 1
301970271 17 3
301970270 18 4
301970269 1 0
301970268 1 6
301970267 18 0
301970266 9 0
301970265 341 6
301970264 1 0
301970263 7 2
301970262 10 1
301970261 7 0
301970259 251 1
301970258 5 0
301970257 21 13
301970256 10 7
301970255 22 0
301970254 0 11
301970253 2 0
301970252 3 3
301970250 12 0
301970248 14 0
301970246 0 8
301970244 0 11
301970243 8 1
301970242 4 3
301970241 28 2
301970240 3 2
301970238 0 6
301970236 13 0
301970235 7 0
301970234 10 0
301970230 36 10
301970228 5 3
301970226 9 1
301970225 14 0
301970223 16 0
301970222 14 0
301970221 7 0
301970220 10 2
301970219 0 0
301970218 8 0
301970217 0 0
301970216 0 0
301970215 17 1
301970214 6 51
301970213 12 0
301970212 9 0
301970211 6 49
301970210 645 8
301970208 6 0
301970207 8 3
301970206 9 2
301970205 17 0
301970204 6 11
301970202 0 0
301970201 34 10
301970200 8 4
301970199 168 5
301970197 15 0
301970196 2 0
301970195 118 0
301970194 6 2
301970193 10 0
301970191 4 2
301970190 11 18
301970189 6 0
301970188 19 0
301970187 1 0
301970186 11 0
301970185 28 1
301970183 1 0
301970182 7 0
301970181 13 0
301970180 2 1
301970179 7 0
301970176 483 6
301970175 20 0
301970174 7 3
301970173 5 2
301970172 3 0
301970171 5 0
301970170 0 0
301970169 1 0
301970168 6 0
301970167 6 1
301970165 6 5
301970163 8 8
301970162 0 1
301970160 0 1
301970158 2 0
301970157 0 4
301970156 9 0
301970155 11 2
301970154 1 0
301970153 6 0
301970151 12 0
301970149 15 1
301970148 4 32
301970147 5 0
301970145 2 4
301970144 1 0
301970143 7 3
301970142 6 3
301970139 26 0
301970137 22 3
301970136 10 0
301970134 4 2
301970133 1 0
301970131 1 3
301970130 17 6
301970128 13 0
301970126 10 47
301970125 36 0
301970121 10 3
301970120 21 0
301970119 9 3
301970118 22 0
301970117 7 1
301970116 5 4
301970115 1 0
301970114 19 22
301970112 1 3
301970111 185 3
301970109 8 2
301970107 11 0
301970106 6 0
301970105 3 1
301970104 0 5
301970102 0 1
301970101 23 0
301970098 14 0
301970097 0 1
301970096 7 43
301970095 6 5
301970094 0 1
301970093 18 0
301970092 16 0
301970090 0 1
301970089 23 3
301970088 14 8
301970087 20 12
301970086 7 0
301970085 1077 7
301970084 19 0
301970083 5 3
301970082 10 0
301970081 2 1
301970080 22 1
301970077 2 5
301970076 0 0
301970075 22 0
301970074 12 0
301970073 6 2
301970072 11 0
301970071 6 40
301970070 10 0
301970069 4 1
301970068 0 1
301970067 9 3
301970066 1 1
301970065 0 0
301970064 918 2
301970062 5 2
301970061 3 1
301970060 15 0
301970059 0 0
301970058 0 0
301970057 1 0
301970055 11 0
301970054 181 17
301970053 1 0
301970052 10 0
301970051 776 6
301970050 11 0
301970049 1 5
301970048 1 0
301970046 4 2
301970044 5 1
301970043 32 0
301970042 8 0
301970040 20 1
301970039 17 0
301970038 19 1
301970037 0 0
301970036 3 4
301970034 2 0
301970033 0 6
301970032 7 1
301970031 25 0
301970029 414 2
301970028 0 0
301970027 0 0
301970026 8 0
301970025 41 4
301970024 23 2
301970023 4 1
301970022 23 14
301970021 14 1
301970019 2 1
301970018 1 0
301970017 8 1
301970016 3 2
301970014 1 0
301970013 3 1
301970012 18 0
301970011 8 0
301970010 1 0
301970009 15 0
301970008 3 1
301970007 0 1
301970006 14 1
301970005 13 0
301970004 8 44
301970003 10 1
301970002 7 6
301970001 0 1
301970000 15 7
301969999 17 1
301969998 15 2
301969997 15 4
301969996 10 1
301969995 8 0
301969994 11 1
301969992 0 0
301969990 5 0
301969989 5 1
301969988 9 0
301969987 1 0
301969985 591 22
301969984 38 1
301969983 0 27
301969982 24 0
301969981 13 2
301969980 19 0
301969978 8 0
301969977 1 0
301969976 15 0
301969975 17 1
301969974 12 0
301969971 1 16
301969970 4 0
301969969 11 0
301969968 12 0
301969967 3 17
301969966 5 8
301969965 8 0
301969964 22 0
301969963 20 1
301969962 556 7
301969961 6 20
301969960 1 0
301969959 9 0
301969958 15 0
301969957 2 7
301969956 2 14
301969955 18 0
301969954 7 0
301969953 12 0
301969951 17 2
301969949 0 0
301969948 17 1
301969947 22 1
301969946 2 0
301969945 30 4
301969944 16 1
301969943 17 0
301969942 2 20
301969941 15 0
301969940 17 0
301969939 1 0
301969938 7 0
301969936 5 1
301969935 0 0
301969933 6 1
301969932 28 0
301969931 6 0
301969930 6 0
301969929 18 2
301969928 16 2
301969927 2 62
301969925 8 0
301969924 1684 4
301969923 13 0
301969922 24 3
301969921 12 1
301969920 12 0
301969919 1 1
301969918 12 0
301969917 1 0
301969916 2 0
301969915 3 17
301969914 2 15
301969913 5 0
301969912 0 0
301969911 10 6
301969910 18 26
301969909 13 1
301969908 8 1
301969907 0 0
301969906 24 0
301969905 20 0
301969903 2 0
301969902 0 0
301969901 20 0
301969900 2 24
301969898 0 0
301969896 11 59
301969895 8 7
301969894 17 0
301969893 13 0
301969891 19 0
301969889 4 4
301969888 6 21
301969887 25 0
301969886 1 0
301969884 16 5
301969883 22 3
301969882 6 0
301969881 7 1
301969880 0 0
301969879 0 0
301969878 0 0
301969876 0 0
301969875 4 1
301969874 17 0
301969873 7 0
301969872 3 0
301969871 2 0
301969870 0 31
301969869 1 59
301969868 15 0
301969866 15 2
301969865 4 1
301969864 229 5
301969863 25 0
301969862 0 1
301969861 1 32
301969860 2 37
301969859 2 0
301969858 23 0
301969857 2 0
301969855 16 1
301969854 3 74
301969853 3 55
301969852 35 2
301969851 1 0
301969850 12 33
301969848 7 0
301969847 2 1
301969846 26 0
301969845 164 20
301969844 5 0
301969843 2 0
301969842 1 2
301969838 22 0
301969836 6 1
301969835 0 0
301969834 1 2
301969832 9 1
301969831 1257 6
301969829 9 0
301969828 4 0
301969826 5 0
301969824 2 0
301969823 0 0
301969821 2 1
301969817 0 0
301969816 22 15
301969815 680 7
301969813 0 2
301969812 2 0
301969811 34 0
301969810 1 0
301969809 2 1
301969808 9 24
301969806 0 2
301969805 1 11
301969804 14 0
301969802 4 0
301969801 5 0
301969800 31 2
301969799 12 0
301969798 224 32
301969797 2 1
301969795 32 0
301969794 8 0
301969793 7 50
301969792 2 0
301969791 22 3
301969790 0 0
301969789 1 0
301969788 0 0
301969787 11 25
301969786 722 6
301969785 0 1
301969784 9 9
301969783 10 0
301969782 24 0
301969780 3 0
301969778 19 0
301969777 21 5
301969776 0 0
301969774 7 5
301969773 0 28
301969771 1 45
301969770 0 1
301969769 1 28
301969767 0 0
301969766 0 0
301969765 2 28
301969763 1 12
301969762 0 2
301969761 0 0
301969760 3 1
301969759 0 0
301969758 6 1
301969757 1 27
301969756 20 2
301969755 0 0
301969754 7 79
301969753 10 0
301969751 0 25
301969750 8 3
301969749 1 23
301969748 3 0
301969747 23 0
301969746 1 0
301969745 12 8
301969744 1 0
301969743 4 11
301969741 14 1
301969740 9 23
301969739 0 0
301969738 0 18
301969737 2 2
301969736 35 1
301969735 2 0
301969734 3 13
301969732 14 2
301969731 1 1
301969730 1 7
301969729 1 0
301969728 5 9
301969727 30 1
301969726 14 2
301969725 0 21
301969724 1 17
301969723 4 20
301969720 0 8
301969719 15 0
301969718 0 9
301969717 4 7
301969715 5 41
301969714 25 0
301969713 7 0
301969712 4 0
301969711 1 0
301969710 1 11
301969709 963 10
301969707 10 0
301969706 15 0
301969705 2 0
301969704 12 12
301969703 5 3
301969702 8 12
301969701 2 1
301969700 3 19
301969698 0 0
301969697 3 80
301969694 3 2
301969691 7 3
301969690 1 5
301969689 8 0
301969688 0 0
301969687 21 15
301969686 14 0
301969684 8 0
301969683 0 0
301969681 8 1
301969680 4 1
301969679 0 0
301969678 12 2
301969677 2 1
301969676 1 7
301969675 10 1
301969674 0 13
301969673 5 3
301969672 0 0
301969670 12 0
301969669 10 7
301969668 4 3
301969667 1 21
301969666 12 1
301969665 2 23
301969663 9 2
301969662 5 1
301969661 2 1
301969659 6 0
301969658 8 2
301969657 8 1
301969656 5 4
301969655 2 1
301969654 11 0
301969653 13 1
301969652 11 89
301969648 1 0
301969646 0 14
301969645 11 0
301969644 4 3
301969642 9 1
301969641 8 0
301969640 6 0
301969639 5 0
301969638 1 17
301969637 9 12
301969636 13 0
301969635 2 11
301969634 0 19
301969633 10 1
301969632 18 9
301969631 3 0
301969629 0 1
301969628 13 4
301969627 14 0
301969626 8 1
301969625 1 8
301969624 0 0
301969623 11 9
301969622 8 1
301969621 2 11
301969620 7 11
301969619 1 0
301969618 10 0
301969617 12 0
301969616 10 9
301969614 11 0
301969613 17 15
301969612 8 2
301969611 1 11
301969610 9 6
301969609 6 5
301969608 16 3
301969607 8 1
301969606 5 0
301969604 2 9
301969603 14 1
301969602 1 0
301969599 0 0
301969598 22 0
301969597 0 0
301969596 6 1
301969595 5 0
301969594 10 1
301969593 3 19
301969591 422 5
301969589 2 5
301969588 6 2
301969587 9 5
301969586 13 3
301969585 1 0
301969583 8 0
301969582 0 0
301969581 1 7
301969579 10 2
301969578 9 0
301969577 8 0
301969576 15 0
301969575 0 0
301969574 2 5
301969572 3 11
301969571 11 0
301969569 25 0
301969568 3 0
301969567 10 0
301969566 5 20
301969565 6 1
301969564 0 0
301969563 8 0
301969562 7 1
301969561 8 0
301969560 5 5
301969559 23 0
301969558 10 6
301969557 5 0
301969556 0 5
301969555 13 0
301969554 12 0
301969552 10 6
301969551 7 0
301969550 0 11
301969548 8 19
301969546 0 0
301969545 8 0
301969544 15 1
301969543 5 81
301969541 18 1
301969540 5 11
301969538 1 8
301969537 20 0
301969536 9 0
301969535 9 2
301969534 0 0
301969533 0 0
301969532 0 0
301969531 616 3
301969530 6 3
301969528 4 1
301969527 7 2
301969526 8 1
301969525 3 7
301969523 3 4
301969522 1 20
301969519 6 1
301969518 17 0
301969517 7 0
301969516 2 1
301969513 2 10
301969512 13 0
301969511 0 0
301969509 10 4
301969507 516 3
301969506 1 12
301969505 0 0
301969504 6 6
301969503 0 3
301969502 4 15
301969498 28 2
301969497 2 1
301969496 12 1
301969495 0 0
301969492 16 1
301969491 0 15
301969490 13 4
301969488 1 9
301969487 279 10
301969486 11 0
301969483 9 1
301969479 4 29
301969478 15 2
301969476 2 0
301969474 12 5
301969473 3 4
301969471 16 1
301969470 3 17
301969469 0 0
301969468 13 0
301969467 30 0
301969466 1 0
301969465 9 6
301969464 5 0
301969463 1 16
301969462 0 0
301969461 6 0
301969460 8 0
301969458 0 1
301969457 2 0
301969456 0 0
301969455 1 13
301969454 947 6
301969453 13 1
301969452 0 0
301969451 21 0
301969449 2 11
301969448 20 1
301969447 18 0
301969446 13 0
301969445 0 0
301969444 17 1
301969443 10 0
301969442 1 0
301969441 6 23
301969440 9 0
301969439 19 1
301969438 4 30
301969437 10 2
301969436 21 0
301969435 1202 4
301969434 3 26
301969433 18 1
301969432 1 1
301969430 2 13
301969429 20 0
301969428 0 18
301969427 16 0
301969426 14 0
301969425 19 2
301969424 3 5
301969423 8 0
301969422 1 18
301969421 4 1
301969420 2 0
301969419 0 17
301969418 2 21
301969417 359 1
301969416 1 16
301969415 13 0
301969414 10 0
301969412 3 18
301969411 1 0
301969410 0 0
301969409 0 0
301969408 7 0
301969407 7 6
301969406 33 5
301969405 1 0
301969403 11 0
301969400 5 4
301969398 3 1
301969397 1 9
301969396 2 3
301969395 0 0
301969393 13 2
301969392 8 5
301969391 0 1
301969390 4 2
301969389 7 2
301969388 5 21
301969387 6 1
301969386 14 17
301969384 645 3
301969383 10 1
301969382 13 3
301969381 7 0
301969380 0 0
301969379 5 9
301969378 0 0
301969377 8 0
301969376 1 17
301969375 14 1
301969374 7 7
301969373 4 5
301969371 0 0
301969370 4 1
301969369 2 2
301969368 7 1
301969367 6 13
301969366 0 0
301969365 1 2
301969364 15 0
301969363 4 3
301969362 14 0
301969360 4 3
301969359 3 3
301969358 1 16
301969357 3 0
301969355 0 0
301969354 0 0
301969353 0 1
301969351 5 0
301969350 5 1
301969348 18 1
301969347 5 4
301969346 4 10
301969345 15 1
301969344 12 1
301969342 351 17
301969341 4 2
301969340 0 0
301969339 2 1
301969337 7 6
301969336 1 8
301969335 37 4
301969334 4 1
301969333 4 4
301969332 8 1
301969331 1 10
301969330 0 1
301969329 10 1
301969328 8 0
301969327 1 0
301969325 1 0
301969323 18 1
301969322 0 0
301969321 0 1
301969320 25 0
301969319 6 1
301969318 4 0
301969317 0 0
301969315 20 0
301969314 5 0
301969313 4 19
301969312 0 0
301969311 7 1
301969308 0 3
301969307 365 55
301969306 0 0
301969305 2 10
301969304 13 0
301969303 0 0
301969302 1 9
301969301 5 9
301969300 28 10
301969299 0 9
301969298 5 2
301969297 14 0
301969296 0 0
301969295 1 6
301969294 5 2
301969293 8 0
301969292 5 0
301969291 2 1
301969289 0 0
301969288 12 0
301969286 3 2
301969285 1278 7
301969284 5 0
301969283 0 8
301969282 0 0
301969281 1 2
301969280 1 0
301969279 0 8
301969278 660 20
301969277 16 0
301969276 5 13
301969275 2 0
301969274 18 2
301969273 6 0
301969271 4 1
301969269 2 5
301969268 4 0
301969267 2 3
301969266 4 1
301969265 1 0
301969264 9 0
301969263 6 1
301969262 8 0
301969260 1000 5
301969258 1 20
301969257 0 7
301969256 2 0
301969253 0 8
301969252 7 4
301969251 12 2
301969250 11 0
301969249 10 2
301969248 1 8
301969246 5 70
301969245 10 0
301969244 0 4
301969243 1 16
301969242 3 0
301969241 0 0
301969240 7 1
301969239 7 2
301969237 3 0
301969236 8 0
301969235 7 0
301969234 0 4
301969232 7 0
301969231 4 0
301969230 1 4
301969228 0 0
301969227 0 16
301969226 0 3
301969225 18 1
301969224 1385 5
301969223 8 0
301969222 4 3
301969221 2 1
301969220 1 0
301969218 0 2
301969217 0 6
301969216 7 1
301969215 9 0
301969214 1 2
301969213 515 3
301969212 0 12
301969211 0 0
301969210 2 4
301969209 1 0
301969207 0 6
301969206 10 1
301969205 1 3
301969204 5 0
301969203 11 0
301969202 13 0
301969201 11 1
301969200 8 0
301969199 12 0
301969197 9 0
301969196 17 0
301969195 489 7
301969194 4 9
301969193 10 0
301969192 3 4
301969190 9 3
301969189 1 7
301969188 14 0
301969185 6 0
301969184 7 0
301969183 0 0
301969182 2 5
301969181 10 0
301969180 16 0
301969179 6 0
301969178 0 1
301969177 1 0
301969175 1 0
301969174 0 0
301969173 2 1
301969172 8 0
301969171 6 1
301969169 12 0
301969168 1 0
301969167 2 2
301969166 11 0
301969165 3 17
301969164 6 0
301969163 0 0
301969161 8 1
301969160 0 0
301969159 6 2
301969158 16 0
301969157 9 1
301969155 6 11
301969154 2 24
301969153 1 0
301969152 0 0
301969151 0 0
301969150 0 1
301969148 1 4
301969147 0 0
301969146 10 0
301969145 11 0
301969144 0 0
301969143 102 6
301969142 4 1
301969141 4 3
301969139 1 22
301969138 10 0
301969137 10 1
301969135 3 0
301969134 627 2
301969133 2 0
301969132 0 0
301969131 6 0
301969130 580 11
301969129 0 10
301969128 0 0
301969127 6 0
301969126 0 0
301969125 7 0
301969118 11 0
301969116 0 2
301969115 457 5
301969114 7 0
301969113 1 17
301969111 10 1
301969110 9 0
301969109 1 0
301969108 7 1
301969107 3 2
301969106 7 0
301969105 12 0
301969104 310 2
301969103 2 4
301969102 0 0
301969101 5 1
301969100 13 3
301969099 0 1
301969098 1 0
301969096 5 0
301969095 0 1
301969094 20 1
301969093 972 16
301969092 9 2
301969091 0 2
301969090 9 1
301969089 459 16
301969088 6 1
301969087 15 0
301969085 0 0
301969084 8 1
301969082 3 0
301969081 5 0
301969080 12 0
301969079 5 1
301969078 11 0
301969077 1 13
301969076 7 0
301969075 0 4
301969073 1 8
301969072 0 1
301969070 3 7
301969068 9 0
301969067 11 1
301969066 3 0
301969065 8 1
301969064 8 0
301969062 6 1
301969061 15 0
301969060 1 0
301969059 4 5
301969058 2 5
301969057 16 1
301969056 7 0
301969055 11 2
301969054 10 1
301969053 6 0
301969052 1673 12
301969051 1 2
301969050 9 0
301969049 1 0
301969048 13 0
301969047 8 0
301969045 14 0
301969044 8 1
301969043 9 3
301969042 8 0
301969041 8 1
301969040 16 1
301969039 5 0
301969038 0 3
301969037 1 1
301969036 6 5
301969035 7 0
301969034 0 0
301969033 937 4
301969032 1 0
301969031 5 7
301969030 10 1
301969029 12 0
301969028 1 0
301969027 17 1
301969026 8 1
301969025 0 0
301969024 686 3
301969023 8 1
301969022 1 0
301969021 764 16
301969020 5 0
301969018 1 0
301969016 0 0
301969015 7 0
301969014 10 0
301969013 1 0
301969012 0 0
301969010 2 0
301969009 8 1
301969008 6 0
301969007 9 0
301969006 0 0
301969005 2374 73
301969003 14 0
301969002 5 1
301969001 2 0
301968999 1 1
301968998 3 22
301968997 0 0
301968996 22 0
301968995 8 2
301968994 8 1
301968993 4 0
301968992 10 1
301968991 7 1
301968990 6 0
301968989 12 0
301968988 1043 41
301968987 6 0
301968985 10 0
301968984 5 88
301968983 17 2
301968982 3 51
301968981 11 6
301968980 8 5
301968979 799 5
301968978 9 2
301968977 12 0
301968975 5 2
301968974 5 4
301968973 0 195
301968972 0 0
301968971 12 0
301968969 17 0
301968968 3 3
301968967 0 1
301968965 12 0
301968964 7 0
301968962 6 1
301968961 3 0
301968960 0 0
301968959 4 1
301968958 0 0
301968957 3 5
301968956 7 1
301968955 706 3
301968954 8 0
301968953 10 2
301968952 12 0
301968951 0 0
301968950 8 0
301968949 8 28
301968948 10 0
301968947 6 70
301968946 0 0
301968945 5 0
301968944 6 1
301968943 7 1
301968942 9 0
301968941 644 3
301968940 5 1
301968939 7 0
301968938 12 3
301968937 1 0
301968936 2 0
301968935 18 0
301968934 2 1
301968933 3 0
301968932 3 2
301968931 0 0
301968930 16 3
301968929 2 0
301968928 9 0
301968927 0 0
301968926 3 0
301968925 3 0
301968924 4 0
301968923 3 1
301968922 6 0
301968921 0 0
301968920 0 0
301968919 6 1
301968918 17 1
301968917 1 1
301968915 4 0
301968914 8 0
301968913 10 1
301968912 1 1
301968911 0 0
301968909 2 0
301968908 1 15
301968907 7 0
301968906 3 0
301968905 50 51
301968904 7 0
301968903 7 0
301968902 2 0
301968901 2 0
301968900 2 0
301968899 7 0
301968898 0 0
301968897 1 1
301968896 5 1
301968895 11 1
301968894 1 16
301968893 1 3
301968892 1 0
301968891 7 41
301968890 13 1
301968889 5 0
301968888 6 0
301968886 6 0
301968885 10 2
301968884 8 0
301968882 27 1
301968881 5 1
301968880 2 0
301968879 10 0
301968878 7 0
301968877 4 0
301968876 2 0
301968875 5 50
301968874 4 0
301968873 8 1
301968871 5 1
301968870 13 2
301968869 2 0
301968868 2198 11
301968867 0 2
301968866 11 0
301968865 0 0
301968864 13 0
301968863 1 0
301968862 6 0
301968861 20 1
301968860 8 0
301968859 4 0
301968858 2 1
301968857 7 0
301968856 11 0
301968855 0 0
301968854 2 0
301968853 0 9
301968852 8 0
301968851 5 0
301968850 2 0
301968849 4 0
301968847 2 1
301968846 305 30
301968845 0 2
301968844 10 0
301968843 7 0
301968842 0 0
301968840 5 1
301968839 4 0
301968838 2 1
301968837 6 0
301968836 3 0
301968835 7 0
301968834 0 2
301968833 7 1
301968832 2 0
301968831 2 2
301968830 1 1
301968829 2 0
301968828 5 0
301968827 4 0
301968826 7 0
301968825 11 1
301968824 3 0
301968823 1 0
301968822 6 0
301968820 14 4
301968819 0 0
301968818 5 0
301968817 1 0
301968815 7 0
301968814 1 1
301968813 3 37
301968812 0 0
301968811 0 0
301968810 402 3
301968809 6 0
301968808 4 0
301968807 7 1
301968806 9 1
301968805 4 1
301968804 9 0
301968802 0 2
301968801 18 0
301968800 14 6
301968799 12 0
301968798 0 0
301968797 0 0
301968794 0 0
301968793 1 1
301968792 4 0
301968791 6 0
301968790 1 1
301968788 0 0
301968787 1344 7
301968786 4 2
301968784 4 3
301968783 11 0
301968782 4 0
301968780 6 1
301968779 0 0
301968777 4 0
301968776 3 32
301968775 8 0
301968774 6 0
301968773 7 0
301968772 7 0
301968770 3 0
301968769 5 0
301968768 8 0
301968767 10 1
301968766 9 0
301968765 6 0
301968764 5 0
301968763 1 0
301968762 4 0
301968761 3 0
301968760 0 0
301968759 1 0
301968758 2 1
301968757 8 0
301968755 1 0
301968754 9 0
301968753 7 2
301968752 0 0
301968751 6 0
301968750 0 2
301968749 7 1
301968748 2 0
301968747 7 0
301968746 10 0
301968745 6 0
301968744 13 0
301968743 4 0
301968742 6 0
301968741 1 0
301968740 9 0
301968739 8 1
301968738 2 0
301968737 9 0
301968735 3 1
301968734 4 0
301968732 0 1
301968731 6 0
301968730 3 2
301968729 3 0
301968728 13 0
301968726 2 1
301968725 10 0
301968724 0 2
301968723 2 0
301968722 9 0
301968721 0 0
301968720 6 0
301968719 3 0
301968718 7 0
301968715 4 1
301968714 11 5
301968713 1 0
301968712 2 0
301968711 9 1
301968710 0 1
301968709 2 0
301968708 690 16
301968707 11 0
301968706 5 0
301968705 2 0
301968704 0 0
301968703 2 3
301968702 0 0
301968701 4 24
301968700 1 0
301968699 724 12
301968697 0 4
301968696 2 3
301968694 7 0
301968693 1 1
301968692 0 0
301968691 3 0
301968690 1 0
301968689 3 1
301968688 6 0
301968687 2 5
301968686 14 2
301968685 3 4
301968684 5 0
301968683 0 0
301968682 11 0
301968681 0 2
301968680 1 1
301968678 14 0
301968677 6 8
301968676 0 0
301968675 2 0
301968674 8 0
301968673 4 0
301968672 4 1
301968670 3 0
301968668 1 0
301968667 0 1
301968666 4 0
301968665 12 0
301968664 0 0
301968663 5 0
301968662 0 0
301968660 11 2
301968659 9 0
301968658 5 0
301968657 3 1
301968656 2 51
301968655 3 0
301968654 10 0
301968653 7 0
301968652 363 36
301968651 2 0
301968650 2 0
301968649 13 0
301968648 3 1
301968647 1 2
301968646 0 0
301968645 5 0
301968644 0 0
301968643 430 25
301968642 784 3
301968641 0 0
301968639 8 0
301968638 0 2
301968637 8 0
301968636 1 0
301968635 6 0
301968634 12 2
301968632 1 1
301968631 697 9
301968630 12 0
301968629 2 2
301968628 3 2
301968627 6 5
301968626 4 0
301968625 0 0
301968623 0 0
301968622 1 0
301968621 5 0
301968620 1 1
301968619 0 8
301968618 4 0
301968617 21 0
301968616 8 1
301968615 1 3
301968613 0 0
301968612 8 0
301968611 2 1
301968610 5 2
301968609 7 64
301968608 7 0
301968607 0 2
301968605 5 0
301968604 5 0
301968602 633 19
301968601 0 7
301968600 6 1
301968599 7 2
301968598 0 0
301968596 0 3
301968595 1 0
301968594 2 0
301968593 13 0
301968592 4 5
301968591 5 4
301968590 5 207
301968589 1 1
301968588 5 4
301968586 1 0
301968585 15 48
301968583 4 0
301968582 0 0
301968580 4 0
301968579 7 4
301968578 3 7
301968577 0 2
301968576 964 7
301968575 0 0
301968574 436 6
301968573 0 2
301968572 4 0
301968571 1 0
301968570 5 4
301968569 7 238
301968568 15 1
301968567 3 1
301968566 0 0
301968565 0 0
301968564 11 1
301968563 6 0
301968561 6 0
301968560 3 8
301968558 422 4
301968557 6 3
301968556 0 82
301968555 2 8
301968554 3 0
301968553 722 7
301968552 7 12
301968551 6 4
301968550 813 5
301968549 3 0
301968546 7 1
301968545 12 1
301968544 1 1
301968543 3 1
301968542 0 0
301968541 4 0
301968540 3 174
301968539 11 0
301968538 5683 53
301968537 2 12
301968536 1384 7
301968535 12 0
301968534 0 0
301968533 9 0
301968532 6 0
301968531 3782 124
301968530 5 0
301968529 5 0
301968527 2 1
301968526 0 1
301968525 10 1
301968523 0 1
301968522 6 2
301968520 3 2
301968519 5514 25
301968518 1 10
301968517 13 4
301968516 1 1
301968515 1 3
301968514 10 1
301968513 0 1
301968512 3 3
301968511 10 1
301968510 6 1
301968509 7 2
301968508 1 1
301968506 0 0
301968505 0 0
301968504 6 1
301968503 8 1
301968502 1029 6
301968501 4 0
301968500 8 1
301968499 8 1
301968498 0 2
301968497 0 0
301968496 10 0
301968494 10 0
301968492 8 0
301968491 6 1
301968490 7 0
301968489 8 0
301968487 5 1
301968486 2 0
301968485 4 0
301968484 7 0
301968482 15 1
301968481 12 1
301968480 4934 346
301968479 7 1
301968478 0 0
301968477 6 4
301968476 16 1
301968474 4 0
301968473 7 0
301968472 7 0
301968471 2 4
301968469 7 1
301968468 16 29
301968467 8 0
301968466 1 0
301968464 2 71
301968463 8 1
301968462 0 7
301968461 10 0
301968460 0 0
301968459 0 0
301968458 8 0
301968457 4 2
301968456 0 0
301968455 0 1
301968454 3 1
301968453 2 3
301968450 5 5
301968447 2 2
301968446 0 1
301968445 1 4
301968444 0 0
301968443 7 0
301968442 8 0
301968441 2 0
301968440 1104 4
301968439 5 1
301968438 0 10
301968437 5 0
301968436 8 1
301968435 6 0
301968434 1 4
301968433 0 0
301968432 2 2
301968431 8 0
301968430 3 0
301968429 4 0
301968428 0 0
301968427 14 0
301968426 6 1
301968425 5 4
301968424 627 6
301968423 10 1
301968422 9 1
301968421 866 2
301968420 1 0
301968419 4 0
301968418 11 0
301968417 0 0
301968416 1 0
301968415 3589 14
301968414 0 0
301968413 4 0
301968412 2 0
301968411 0 0
301968410 1104 9
301968409 0 0
301968408 9 0
301968407 7 3
301968406 3 48
301968405 3 0
301968404 1 11
301968403 6 1
301968402 0 0
301968401 3 0
301968400 1 0
301968399 0 0
301968398 3 0
301968397 2 0
301968396 0 0
301968395 0 1
301968394 1 0
301968393 0 0
301968392 0 0
301968391 2 0
301968390 0 1
301968389 9 1
301968388 2 2
301968387 3 61
301968386 8 0
301968385 0 0
301968384 7 1
301968383 0 0
301968382 1 2
301968381 9 2
301968380 6 0
301968379 1 0
301968378 3 14
301968377 3 38
301968376 8 0
301968375 8 0
301968374 1 1
301968373 4 0
301968372 0 2
301968371 12 0
301968370 9 1
301968369 7 0
301968367 4 0
301968365 0 43
301968363 1 1
301968362 0 1
301968358 13 1
301968357 6 1
301968356 5 2
301968355 3 0
301968354 600 3
301968353 1 0
301968352 7 3
301968351 11 0
301968350 1 0
301968349 31 6
301968348 2 0
301968347 1630 7
301968346 3640 101
301968345 0 0
301968344 1 2
301968343 4 5
301968342 1 1
301968341 5 0
301968340 2 4
301968339 5 1
301968338 2 0
301968337 16 0
301968335 0 0
301968334 0 0
301968333 0 0
301968332 2 2
301968331 22 0
301968330 5 1
301968329 1 3
301968328 6 2
301968327 0 0
301968326 2 2
301968325 0 0
301968324 1 0
301968323 8 0
301968322 2 0
301968321 5 0
301968320 7 7
301968319 6 0
301968318 2 1
301968317 3 0
301968316 0 18
301968315 1201 22
301968313 9 0
301968312 7 0
301968311 0 0
301968310 3 0
301968309 7 0
301968308 4 1
301968307 0 0
301968306 0 0
301968305 0 0
301968304 2 3
301968303 9 8
301968299 6 0
301968298 3 2
301968297 12 0
301968296 3 0
301968295 3 0
301968294 0 0
301968293 3 1
301968292 586 49
301968291 419 2
301968290 4 1
301968289 6 0
301968288 483 20
301968287 10 0
301968286 0 0
301968285 4 0
301968284 2618 16
301968283 10 1
301968282 428 47
301968281 839 58
301968279 8 3
301968278 4 0
301968277 1 69
301968276 3 4
301968275 14 0
301968273 6 1
301968271 2 3
301968270 10 0
301968269 2 0
301968268 8 0
301968266 10 0
301968263 1 0
301968261 2 1
301968260 4 0
301968259 7 0
301968258 2 0
301968257 0 1
301968256 1 0
301968255 2 0
301968254 2 0
301968253 553 7
301968252 984 5
301968251 9 3
301968249 0 0
301968248 8 0
301968247 3 0
301968246 0 20
301968245 0 0
301968244 4 1
301968243 1 3
301968242 38 6
301968241 4 0
301968240 5 0
301968239 3201 155
301968238 0 0
301968237 469 6
301968236 6 0
301968234 16 0
301968233 0 0
301968232 2 54
301968231 0 0
301968230 2 14
301968229 7 1
301968228 1 7
301968227 7 0
301968226 5 0
301968225 1 7
301968224 1 5
301968223 10 2
301968222 1 0
301968221 7 0
301968219 3 0
301968218 8 2
301968217 0 0
301968216 906 3
301968215 1 5
301968214 3 0
301968213 0 0
301968212 0 0
301968211 11 0
301968209 2 1
301968208 0 1
301968207 1 0
301968206 1 4
301968205 6 4
301968204 0 0
301968203 3 1
301968202 0 0
301968201 976 9
301968200 0 0
301968199 7 0
301968198 1 0
301968197 2 0
301968196 1 3
301968195 0 0
301968194 3 1
301968193 11 1
301968192 4 2
301968191 0 0
301968189 11 2
301968188 10 0
301968187 1 0
301968185 1 3
301968184 10 0
301968183 10 0
301968182 7 0
301968181 2 2
301968180 0 4
301968179 2 3
301968178 10 0
301968177 3 4
301968176 4 5
301968175 880 64
301968174 7 0
301968173 430 20
301968172 1819 30
301968171 2 7
301968170 2 0
301968169 7 2
301968168 3 1
301968167 0 0
301968166 3 2
301968165 2 2
301968163 575 9
301968162 1 4
301968161 4 0
301968160 0 0
301968159 0 0
301968158 0 5
301968157 25 5
301968156 6 0
301968155 0 0
301968154 3 2
301968153 3 4
301968152 9 0
301968150 2 0
301968149 6 2
301968148 1 3
301968147 1 0
301968146 0 3
301968145 8 0
301968144 1 0
301968143 2 1
301968142 13 1
301968141 1 0
301968140 2 0
301968139 2 0
301968138 0 4
301968137 0 0
301968136 0 0
301968135 11 0
301968134 2 4
301968132 0 0
301968131 9 0
301968130 4779 115
301968129 7 0
301968128 1923 43
301968127 3 3
301968126 2 3
301968124 0 0
301968123 5 0
301968122 8 3
301968121 6 0
301968120 0 0
301968119 3 0
301968118 2760 37
301968117 3915 43
301968116 2 0
301968115 7 0
301968114 8 0
301968113 5 0
301968112 2 0
301968111 3 2
301968110 0 0
301968109 6594 170
301968108 4 1
301968107 2 3
301968106 0 0
301968105 0 4
301968104 2 0
301968103 1 3
301968102 8 0
301968100 3 2
301968099 1 5
301968098 4 1
301968097 3 1
301968096 7 0
301968095 7 0
301968094 6 0
301968093 2 0
301968092 0 0
301968091 1 0
301968090 1 1
301968089 5 2
301968088 2 0
301968087 10 1
301968086 1 0
301968085 6 0
301968084 0 1
301968083 2 5
301968082 1 0
301968081 661 30
301968080 5 0
301968079 2 1
301968078 1 1
301968077 0 0
301968076 1 3
301968075 0 0
301968074 1 3
301968073 0 3
301968072 0 2
301968071 3 1
301968069 9 0
301968068 13 0
301968067 0 1
301968066 1 3
301968065 6 0
301968064 0 0
301968062 5 1
301968061 0 0
301968060 3 1
301968059 5 0
301968058 3 0
301968057 1 0
301968056 2 0
301968055 2 0
301968054 0 2
301968052 3 1
301968051 3 0
301968050 0 0
301968049 8 0
301968048 12 0
301968047 9 0
301968046 3 1
301968045 0 4
301968044 1 0
301968043 2 0
301968042 0 0
301968041 1 0
301968040 7 0
301968039 1 3
301968038 7 0
301968037 1 4
301968036 0 3
301968035 0 0
301968034 1 9
301968033 0 1
301968032 0 0
301968031 5 0
301968030 2 2
301968029 6 0
301968028 3 0
301968027 4 0
301968026 1 3
301968025 2 4
301968024 4 0
301968023 1620 7
301968022 0 0
301968021 0 4
301968020 0 2
301968019 5 0
301968018 6 0
301968017 1 0
301968016 0 0
301968015 9 1
301968014 2 4
301968013 0 4
301968012 8 0
301968011 4 2
301968008 1 0
301968007 4 0
301968006 2 2
301968005 0 0
301968003 8 0
301968002 3 0
301968001 5 1
301968000 0 0
301967999 2 2
301967998 0 0
301967997 1 0
301967996 4 0
301967995 1 1
301967994 1 4
301967993 6 0
301967992 3 0
301967991 3 0
301967990 0 0
301967989 0 2
301967988 3 0
301967987 1 3
301967986 3 0
301967985 2 3
301967984 0 0
301967983 2 0
301967981 2 2
301967980 7 1
301967979 3 0
301967978 6 0
301967977 1 0
301967976 2 3
301967974 4 1
301967973 0 0
301967972 6 1
301967971 1 0
301967970 4 1
301967969 47 9
301967968 4 1
301967966 3 0
301967965 0 0
301967964 5 0
301967963 14 0
301967962 8 0
301967960 2 2
301967959 0 0
301967958 2 1
301967957 2 1
301967955 0 0
301967954 5 0
301967953 0 0
301967952 3 2
301967951 0 1
301967950 0 0
301967948 2 2
301967947 2 2
301967945 0 0
301967943 1 0
301967942 8 1
301967941 8 1
301967940 0 0
301967939 1182 38
301967938 0 0
301967937 5 1
301967936 6 2
301967935 8 0
301967934 0 0
301967932 0 0
301967931 0 2
301967930 0 0
301967929 0 0
301967928 2 0
301967927 0 0
301967926 1 0
301967925 3 2
301967924 2 2
301967923 2 2
301967922 3 4
301967921 6 1
301967920 1 3
301967919 1 5
301967918 7 1
301967917 5 1
301967916 0 1
301967915 0 4
301967914 8 1
301967913 0 1
301967912 2 3
301967911 0 1
301967910 1 2
301967909 0 1
301967908 3 1
301967907 0 1
301967906 5 0
301967905 0 2
301967904 6 0
301967903 2 0
301967901 2 1
301967900 1 0
301967899 0 4
301967898 5 0
301967897 2 3
301967896 2 2
301967894 1 2
301967893 2 3
301967892 3 2
301967891 2 1
301967890 7 1
301967889 3 0
301967887 7 0
301967886 1 4
301967885 0 0
301967884 3 2
301967883 3 2
301967882 7 0
301967881 3 1
301967880 3 3
301967877 4 2
